# Accelerometer Data File
# Started @Wed Jan 06 21:49:37 GMT+02:00 2021
#
#
# sensor Vendor: BOSCH
# sensor Name: BMI160 Accelerometer Non-wakeup
# sensor Resolution: 0.0023928226m/sec^2; Max Range: 78.4532; Min Delay: 2500 microseconds
# The sensor's attributes are the result hardware and the Android capabilities.
# It means that the Android may not utilize all features provided by the hardware.
#
# Some devices and Android versions save battery too much so the device may go to sleep.
# It just happens after couple of minutes from turning off the scree and it is easy to find it out.
#
# The following file provides the data from accelerometer in the m/s^2 format.
# The diff value is just a time delta between the samples
#
#
# data format:
# so we have 4 columns with values separated by the ";"
# X;Y;Z;time_from_previous_sample(ms)

# sensor speed set to:NORMAL
# units set to: m/sec^2
# gravity  filtered out
# Accuracy: HIGH
1.06;3.702;7.631;0
0.498;3.217;7.531;19
0.412;2.72;7.195;20
0.413;2.399;6.615;20
0.496;1.941;5.566;20
0.55;1.896;5.001;20
0.37;2.044;3.866;20
0.115;1.558;3.271;20
-0.552;1.4;3.481;20
-1.419;1.475;1.555;20
-2.051;1.188;0.992;20
-1.124;0.954;2.255;20
-0.794;-0.463;2.853;20
-0.964;-0.816;2.927;20
-1.52;-0.132;3.024;20
-2.596;-0.047;3.178;20
-2.765;-0.084;2.929;20
-1.399;-0.408;2.395;20
-0.499;-0.285;1.707;20
0.057;0.268;1.254;20
-0.504;-0.328;1.45;20
-0.567;0.353;0.428;20
-0.022;0.168;1.061;20
-0.513;0.072;0.891;20
-0.223;-0.008;0.829;20
-0.447;-0.506;0.475;20
-0.875;-0.167;0.52;20
-1.208;-0.027;0.541;20
-1.145;-0.026;0.506;20
-1.041;0.26;0.782;20
-1.384;0.085;1.148;20
-1.526;-0.051;1.486;19
-0.919;-0.113;1.712;20
-0.582;0.045;1.576;20
0.038;-0.076;2.215;20
0.932;-0.194;1.385;20
1.68;0.009;-1.94;20
1.89;0.581;-3.439;20
2.01;1.089;-2.706;20
2.211;0.979;-2.235;20
2.067;0.952;-2.747;20
1.641;0.5;-2.083;20
2.146;0.078;-2.029;20
4.171;-1.702;2.829;20
2.444;0.245;1.227;20
1.111;2.674;-1.852;20
1.477;-0.3;-3.969;20
2.483;-2.888;-0.885;20
2.191;-2.445;-0.159;20
1.896;-0.796;-2.072;20
0.874;-1.161;-5.497;20
-0.395;-1.956;-6.56;20
-2.816;-2.326;-5.376;20
-0.876;-4.216;-1.545;20
3.072;-5.498;-0.706;20
6.705;-7.705;-1.51;20
8.656;-8.892;-1.74;20
9.401;-8.941;0.756;20
7.786;-7.916;3.748;20
4.861;-5.345;3.394;20
4.343;-4.495;0.602;20
2.866;-3.882;0.563;20
1.628;-3.652;0.941;95
3.74;-4.074;18.485;20
2.536;0.129;-1.015;20
0.775;-0.993;-9.311;20
-0.073;-2.858;-6.084;20
0.274;-1.319;-5.829;20
0.1;-0.694;-5.391;20
-0.121;-0.269;-4.701;20
-0.374;0.076;-4.045;20
-0.821;0.321;-3.981;20
-1.586;1.27;-3.4;20
-1.682;1.054;-2.547;20
-1.958;0.604;-2.686;20
-2.012;-0.437;-3.478;20
1.51;-3.019;-4.101;20
1.103;-1.432;-3.578;20
-0.406;-1.541;-2.531;20
-1.1;-2.596;-3.862;20
-2.437;-2.819;-5.962;20
-2.141;-2.479;-6.439;20
-3.128;-1.841;0.322;20
-2.703;1.621;6.654;20
-0.428;-1.317;0.196;20
2.697;-7.493;-3.925;20
0.685;-8.699;-5.016;20
-5.723;-1.045;-0.073;20
-2.645;-1.755;3.109;20
-3.448;3.898;4.113;20
-2.754;4.379;2.074;20
-2.187;2.496;-1.504;20
-1.386;1.162;-4.872;20
-1.567;1.382;-4.825;20
-2.878;1.733;-2.592;20
-3.211;1.551;-2.074;20
-2.36;3.244;-2.336;20
-0.03;-2.109;-3.112;20
1.966;-21.806;1.15;20
2.285;-18.453;0.973;20
1.351;-2.089;-0.135;20
-1.019;4.233;1.025;20
-1.667;6.011;2.591;20
-0.767;4.907;4.307;20
-0.287;0.887;3.152;20
0.141;-0.401;1.625;20
1.177;-0.402;-1.626;20
0.363;0.668;-4.29;20
-0.925;1.582;-4.754;20
-1.477;1.391;-4.343;20
-1.262;0.97;-3.835;20
-0.394;0.418;-2.139;20
0.897;-0.423;0.491;20
0.867;-0.715;7.753;19
1.257;-1.083;8.734;21
2.916;-1.794;1.272;20
4.129;-1.714;-3.319;20
2.313;-0.117;-0.654;20
1.068;-1.365;4.311;20
1.873;-4.999;3.127;20
1.975;-4.592;-2.587;20
0.771;0.159;-1.272;20
-0.468;3.151;1.26;20
0.374;1.087;0.97;20
0.996;-3.11;1.24;20
-0.476;-6.113;0.029;20
-2.369;-4.064;-1.562;20
-2.664;-1.745;-1.074;20
-4.5;0.535;-6.479;20
-3.987;3.327;-11.738;20
-2.239;4.038;11.925;20
-1.877;2.306;14.937;20
-2.448;3.255;-2.18;20
-2.059;5.003;-7.145;20
2.087;4.576;-4.531;20
1.63;4.459;1.736;20
-2.943;4.591;-0.683;20
-4.716;4.55;2.182;20
-3.794;4.308;5.668;20
-2.918;4.874;8.695;20
-0.371;4.291;9.108;20
0.792;3.422;8.866;20
1.125;3.354;6.899;20
-1.255;0.177;2.594;20
-6.42;-8.213;-2.164;20
-6.713;-8.63;-9.321;20
-3.712;-4.38;-3.885;20
0.539;-2.935;-4.997;20
0.384;-2.357;-14.576;20
-0.531;-1.645;-8.225;20
2.341;-6.482;-4.367;20
8.073;-13.44;-6.968;20
11.782;-12.796;-4.516;20
11.414;-8.222;11.608;20
8.723;-2.687;26.222;20
2.739;3.44;7.623;20
-1.053;6.447;-0.81;20
-1.53;7.466;-1.367;19
-0.452;6.929;7.227;21
3.096;6.309;11.924;19
2.09;5.995;0.64;21
-0.132;5.857;-6.156;19
-0.67;6.91;-2.318;21
-1.526;8.991;11.239;20
-1.669;3.448;-3.501;19
3.354;-8.115;-13.117;20
7.331;-24.195;-7.966;20
-0.542;-30.494;-0.169;20
-13.708;-13.733;11.996;20
-9.056;-9.365;6.719;20
-2.346;-0.383;-21.977;20
-1.32;10.273;-6.358;20
7.654;10.543;5.244;20
1.95;9.866;-3.852;20
-7.433;9.843;-6.047;20
-8.175;12.142;-3.151;20
-5.907;14.673;-4.273;20
-4.529;14.439;-4.139;20
-4.406;11.511;1.097;20
-3.336;7.551;2.104;20
-2.627;3.98;1.85;20
3.583;-2.943;6.145;20
7.886;-7.363;9.691;20
6.47;-16.221;11.268;20
-2.42;-20.745;-7.9;20
-4.77;-10.116;-13.1;20
-0.002;3.953;-9.795;20
1.788;2.359;-15.478;20
6.452;-7.274;-15.991;20
8.169;-8.331;-1.103;20
9.118;-7.628;4.767;20
6.091;-10.821;19.046;20
-4.708;-5.918;41.859;20
-1.18;5.331;2.76;20
3.596;10.397;-4.796;20
5.957;10.435;10.703;20
6.394;7.617;-1.288;20
2.137;8.992;-9.444;20
0.507;11.465;-7.204;20
1.512;11.528;8.027;20
-0.643;7.458;10.176;20
1.568;-0.714;-13.86;20
6.68;-14.122;-8.285;20
9.095;-34.51;2.548;20
-9.421;-20.424;4.357;20
-16.712;-12.103;7.894;20
-7.344;-6.663;-7.261;20
-3.307;4.642;-9.657;20
3.381;9.102;2.109;20
4.664;10.138;-4.782;20
-4.878;9.152;-4.418;20
-10.61;9.503;-2.573;20
-9.995;11.15;-3.387;20
-8.86;14.136;-1.466;20
-6.109;14.18;2.149;20
-4.028;11.112;2.156;20
-3.888;8.647;1.66;20
-3.26;4.648;-0.006;20
4.393;-3.31;2.357;20
9.273;-9.143;10.174;20
8.343;-18.28;2.535;20
-1.252;-16.171;-11.017;20
-1.717;-5.648;-9.025;20
0.027;3.632;-8.508;20
4.013;-0.184;-9.548;20
7.234;-7.761;-13.824;20
9.543;-12.499;-4.04;20
10.626;-12.127;5.011;20
3.268;-9.584;23.249;20
-8.915;-3.186;33.689;20
-1.761;5.615;-5.493;20
4.455;10.185;-0.052;20
8.363;12.1;13.358;20
8.001;9.748;-2.767;20
3.896;8.018;-6.621;20
0.932;8.115;1.334;20
-2.394;10.016;17.174;20
-6.372;6.677;-2.146;20
-0.552;-0.675;-16.859;20
6.47;-15.902;-19.994;20
1.016;-29.694;-10.246;20
-11.779;-18.366;21.644;20
-4.202;-17.778;16.71;20
-5.664;-9.763;-6.024;20
-5.477;2.889;-26.437;20
-0.947;8.277;2.376;20
4.467;12.466;6.287;20
1.662;11.303;-8.419;20
-7.11;10.031;-3.874;20
-9.991;14.586;-3.508;20
-9.49;17.907;-5.287;20
-6.042;16.245;-3.079;20
-3.648;12.506;3.11;20
-3.26;8.86;3.266;20
-4.055;5.165;1.877;20
2.956;-2.131;3.638;20
5.877;-4.505;10.973;20
8.989;-16.553;14.66;20
2.107;-27.997;-4.781;20
-6.472;-15.137;-13.444;20
-1.479;5.322;-15.002;20
3.368;3.934;-19.204;20
6.397;-7.68;-17.896;20
10.321;-12.613;1.25;20
13.03;-12.434;9.497;20
4.963;-11.341;36.175;20
-6.956;-2.215;30.499;20
-1.319;7.205;-11.057;20
2.179;12.09;-0.069;20
6.504;13.694;17.577;20
7.858;9.99;-2.766;20
4.863;7.4;-6.458;20
2.449;6.925;1.54;20
-0.326;8.593;16.107;20
-6.136;8.053;-3.654;20
-3.284;2.996;-18.33;20
5.29;-9.844;-15.288;20
11.5;-35.871;-6.83;20
-9.367;-25.963;24.12;20
-9.702;-19.893;19.737;20
-8.215;-9.181;-13.322;20
-3.631;3.971;-28.024;20
1.951;11.691;5.914;20
5.444;16.985;-1.25;20
0.221;11.909;-9.747;20
-8.975;11.651;-4.193;20
-11.655;15.003;-5.847;20
-9.851;15.637;-3.145;20
-7.609;15.086;-1.298;20
-6.156;12.532;2.634;20
-5.407;9.453;3.61;20
-6.194;5.263;0.114;20
4.027;-5.035;1.869;20
12.004;-12.522;23.131;20
12.272;-25.014;12.817;19
-2.582;-19.496;-18.795;20
-6.157;-4.902;-16.996;20
-1.704;5.449;-17.702;20
4.554;-1.015;-18.219;20
8.372;-11.172;-6.238;20
14.716;-15.845;9.435;20
12.912;-10.102;16.188;20
-1.756;-6.748;40.708;21
-6.7;-0.606;11.779;20
-0.248;9.757;-8.381;19
3.797;13.677;10.383;20
7.942;12.747;7.109;20
7.333;9.614;-6.118;20
3.694;8.234;-3.228;20
0.742;8.941;12.839;20
-4.605;9.214;5.068;20
-6.525;6.85;-12.054;20
-0.678;1.18;-14.009;20
8.838;-14.578;-14.206;20
11.192;-39.009;-0.123;20
-9.426;-21.456;26.009;20
-8.956;-17.344;11.557;20
-7.782;-7.152;-18.478;20
-5.415;6.062;-20.813;20
2.078;12.275;5.916;20
5.02;13.654;-2.455;20
-3.201;10.26;-5.306;20
-10.944;11.855;-3.184;20
-12.133;15.456;-5.888;20
-8.207;15.775;-2.801;20
-6.166;14.704;0.247;20
-5.026;11.658;1.266;20
-4.967;8.679;-0.768;20
-4.798;3.307;-0.898;20
5.382;-5.713;8.237;20
15.941;-16.508;28.125;20
5.91;-26.059;-4.313;20
-4.198;-17.535;-17.742;20
-5.091;1.907;-10.365;20
-2.827;8.18;-18.51;20
5.065;-2.283;-17.252;20
11.414;-14.104;-8.906;20
15.115;-15.723;4.921;20
14.865;-12.038;17.455;20
-4.192;-6.686;48.864;20
-9.8;2.642;10.591;20
-2.654;10.896;-7.909;20
3.153;12.993;12.023;20
8.249;11.107;4.097;20
6.284;9.05;-8.691;20
3.683;8.369;-3.191;20
2.823;9.302;15.396;20
-3.592;9.51;4.394;20
-6.176;7.759;-12.444;20
-0.293;1.49;-13.106;20
8.387;-13.002;-12.64;20
14.915;-40.067;4.264;20
-7.648;-22.739;18.254;20
-11.132;-19.441;13.37;20
-8.762;-8.364;-20.415;20
-5.327;5.789;-21.213;20
1.403;13.467;9.812;20
4.107;15.43;-6.325;20
-3.444;10.584;-4.373;20
-9.815;10.933;-3.067;20
-11.621;14.477;-5.472;20
-8.876;16.311;-2.715;20
-6.376;15.911;-0.977;20
-5.096;12.597;1.023;20
-3.858;8.979;0.688;20
-3.983;3.185;2.281;20
5.213;-6.343;10.114;20
16.761;-20.858;36.276;20
2.987;-28.916;-10.827;20
-7.624;-12.423;-20.565;20
-5.687;3.768;-10.09;20
-4.21;7.009;-17.021;20
3.169;-1.617;-22.823;20
10.46;-13.103;-10.865;20
15.895;-16.141;0.642;20
15.61;-13.589;16.497;20
-3.099;-7.209;53.934;20
-8.385;2.046;11.894;20
-0.697;10.4;-9.036;20
3.994;14.522;13.898;20
8.038;12.992;4.723;20
6.913;10.186;-9.555;20
4.348;8.274;-3.509;20
2.809;8.503;7.89;20
-2.044;9.294;13.487;20
-5.843;7.472;-12.331;20
-0.722;2.134;-15.045;20
7.184;-11.108;-14.5;20
19.478;-42.66;-5.334;20
-7.911;-21.694;20.0;20
-13.467;-18.216;20.902;20
-9.408;-12.785;-12.868;20
-8.48;3.539;-28.605;20
-1.056;10.043;1.044;20
3.546;14.937;5.025;20
0.792;12.469;-6.435;20
-7.856;11.168;-2.605;20
-11.624;15.32;-5.212;20
-9.981;17.52;-4.988;20
-8.314;17.001;-1.421;20
-5.377;12.992;3.344;20
-3.927;8.741;1.139;20
-4.008;3.018;1.262;20
5.444;-5.893;5.775;20
12.307;-10.78;21.164;20
9.693;-20.231;0.822;20
-0.947;-20.459;-9.811;20
-5.158;-5.523;-8.372;20
-4.107;6.035;-13.251;20
2.768;-0.04;-27.483;20
8.045;-9.793;-11.441;20
12.805;-12.693;3.311;20
13.995;-10.24;10.792;20
6.93;-8.526;24.956;20
-8.069;-2.643;38.675;20
-3.92;7.417;-0.077;20
4.534;11.118;3.233;20
7.916;11.656;7.879;20
5.9;10.121;-7.415;20
4.475;8.956;-5.63;20
2.378;10.566;5.845;20
-1.899;10.514;15.1;20
-5.516;8.001;-13.048;20
-2.399;2.958;-13.273;20
3.661;-7.136;-6.082;20
19.26;-39.361;11.663;19
0.918;-30.487;7.411;20
-14.21;-20.102;9.091;20
-10.569;-9.543;-11.817;20
-5.269;7.571;-16.297;20
2.844;13.463;0.042;20
1.755;14.005;-7.014;20
-6.56;10.873;-3.719;20
-12.104;12.785;-4.464;20
-11.524;14.792;-4.748;20
-10.013;16.488;-0.356;20
-8.57;15.762;0.162;20
-7.32;12.176;1.323;20
-4.859;7.287;-0.163;20
-1.008;-0.398;-1.619;20
7.634;-6.147;6.495;20
13.573;-13.645;20.308;20
7.289;-25.334;2.379;20
-2.616;-15.695;-12.934;20
-3.605;1.388;-11.621;20
-2.477;6.21;-16.69;20
4.358;-3.909;-22.849;20
9.81;-12.789;-7.885;20
13.402;-13.008;7.61;20
14.198;-8.685;15.891;20
0.574;-4.479;38.785;20
-8.117;2.026;17.958;20
-4.072;10.335;-3.708;20
-1.2;12.686;12.403;20
4.065;10.616;-0.276;20
4.111;9.856;-6.298;20
3.683;9.532;-0.28;20
3.631;8.361;17.003;20
-4.55;8.004;-5.685;20
-4.21;6.041;-13.955;20
2.154;-1.135;-10.499;20
15.836;-23.864;-8.254;20
13.92;-37.602;5.596;20
-8.948;-18.828;21.424;20
-8.946;-17.27;5.054;20
-6.96;-2.465;-27.671;20
-4.809;10.27;-7.468;20
2.904;15.712;3.997;20
1.579;14.562;-5.375;20
-8.459;9.546;-5.898;20
-13.046;11.523;-7.149;20
-10.189;13.598;-3.849;20
-7.223;14.009;-0.237;20
-6.867;12.868;0.042;20
-5.536;9.145;1.924;20
-5.73;6.5;2.064;20
1.898;-0.703;3.373;20
7.365;-4.867;13.266;20
6.111;-9.469;10.579;20
7.757;-27.414;-2.038;20
0.15;-19.88;-12.215;20
-3.064;4.404;-14.469;20
-1.757;7.646;-21.217;20
6.16;-6.131;-20.706;20
11.94;-13.68;1.49;20
14.892;-10.389;13.61;20
11.879;-7.856;7.965;20
-6.226;-5.682;40.103;20
-7.731;4.011;15.846;20
-2.152;11.703;-3.494;20
3.29;13.61;9.73;20
7.682;10.239;0.769;20
6.272;7.751;-8.491;20
2.738;7.707;-1.748;20
2.16;9.049;16.478;20
-3.848;9.246;2.823;20
-5.979;5.816;-15.218;20
0.407;-0.887;-13.367;20
14.837;-23.953;-14.132;20
11.548;-38.685;1.33;20
-11.919;-18.742;30.824;20
-8.449;-18.245;10.339;20
-10.628;-5.522;-21.3;20
-8.237;6.831;-23.475;20
0.48;12.626;6.692;20
6.12;16.18;1.536;20
-3.54;11.763;-6.559;20
-10.665;10.643;-3.269;20
-11.316;14.483;-3.625;20
-10.211;16.817;-1.865;20
-7.969;15.258;-1.724;20
-3.919;10.164;-0.728;20
-2.938;6.455;-1.824;20
1.906;0.881;3.4;20
6.531;-3.9;9.312;20
6.137;-7.08;14.269;20
10.525;-21.545;4.292;20
2.565;-23.578;-10.87;20
-3.622;-1.924;-13.759;20
-2.953;6.841;-15.975;20
4.253;-3.237;-22.563;20
9.079;-11.253;-1.787;20
13.751;-11.147;11.527;20
10.203;-5.654;11.46;20
1.005;-6.367;23.17;20
-9.113;-1.53;25.863;20
-0.971;7.334;-0.237;20
3.48;12.402;4.354;20
5.385;13.714;6.564;20
5.041;10.525;-6.33;20
2.182;8.524;-4.223;20
1.584;8.2;6.209;20
-0.759;8.978;14.766;20
-7.03;6.887;-11.874;20
-1.388;0.699;-15.665;20
8.9;-13.854;-10.274;20
17.224;-38.242;0.687;20
-5.589;-20.305;15.831;20
-6.75;-19.87;14.315;20
-9.091;-11.101;-10.917;20
-6.619;3.132;-27.034;20
-0.576;10.677;7.794;20
4.079;15.374;-0.783;20
-2.168;12.976;-7.174;20
-9.441;9.973;-2.986;20
-13.781;13.562;-4.789;20
-11.793;15.506;-2.012;20
-8.759;14.531;-0.716;20
-6.611;11.09;-1.431;20
-5.01;7.439;-0.05;20
-3.703;3.597;1.566;19
4.316;-4.256;2.764;20
10.074;-8.107;16.108;20
9.202;-15.192;7.629;20
3.61;-22.083;-9.415;20
-4.429;-10.873;-11.015;20
-3.217;4.037;-10.784;20
1.077;2.564;-23.735;20
7.405;-8.202;-14.527;20
13.244;-11.758;6.35;20
15.96;-8.135;13.364;20
6.538;-8.402;39.016;20
-3.855;-1.458;13.757;20
-1.967;8.468;-4.328;20
1.258;12.619;14.272;20
5.573;12.234;7.345;20
5.654;9.021;-8.765;20
2.398;7.845;-5.045;20
0.278;9.124;10.555;20
-5.3;8.556;9.851;20
-6.133;4.253;-16.828;20
0.307;-2.076;-14.604;20
10.204;-19.524;-7.465;20
11.991;-37.518;11.716;20
-5.556;-24.435;22.137;20
-8.365;-17.537;-0.439;20
-8.161;0.021;-31.5;20
-3.408;11.005;1.025;20
3.713;15.247;3.838;20
0.271;13.826;-9.416;20
-8.008;9.513;-3.07;20
-13.647;12.975;-5.076;20
-14.1;16.906;-5.017;20
-12.06;17.25;-2.033;20
-8.567;13.393;0.969;20
-5.983;8.52;1.528;20
-5.32;5.437;-1.498;20
1.118;-1.488;-1.188;20
11.07;-8.831;14.002;20
17.246;-19.881;19.08;20
8.926;-22.517;-9.962;20
-4.547;-9.865;-6.633;20
-5.192;2.532;-9.229;20
-4.643;4.713;-19.23;20
3.47;-5.802;-23.956;20
10.58;-13.313;-2.629;20
14.52;-9.77;11.528;20
12.391;-8.045;7.671;20
-0.332;-7.958;38.31;20
-7.569;3.718;17.069;20
1.197;9.516;7.989;20
5.367;13.284;5.642;20
5.943;12.425;-5.535;20
5.422;9.512;-6.831;20
3.114;9.576;0.651;20
-0.232;10.024;18.148;20
-6.64;7.903;-9.263;20
-3.982;3.234;-15.561;20
1.672;-3.459;-10.051;20
19.323;-31.755;7.758;20
5.975;-30.571;11.868;20
-11.252;-21.892;14.361;20
-10.716;-14.882;-9.105;20
-7.141;5.004;-24.259;20
1.545;13.973;5.838;20
6.869;15.365;-5.454;20
-3.066;10.567;-6.254;20
-12.649;10.17;-4.57;20
-14.003;13.07;-5.615;20
-12.239;15.105;-1.486;20
-11.17;15.778;1.046;20
-8.289;12.021;0.683;20
-6.119;8.35;-1.193;20
-4.013;4.294;-1.425;20
5.858;-3.948;6.083;20
14.717;-14.119;28.013;20
13.276;-27.978;1.744;20
1.412;-19.475;-18.072;20
-6.828;0.284;-11.524;20
-7.053;8.556;-15.104;20
-0.263;1.088;-20.115;20
6.976;-9.366;-7.378;20
14.531;-14.88;2.136;20
15.62;-11.963;8.882;20
7.655;-7.267;27.897;20
-3.637;-0.454;31.679;20
-1.79;9.214;-2.357;20
0.74;13.622;6.624;20
4.208;14.381;6.941;20
5.242;11.113;-7.277;20
5.042;8.275;-4.682;20
3.373;8.613;10.515;20
-1.987;7.912;11.981;20
-7.941;6.743;-14.697;20
-2.466;1.623;-15.523;20
4.402;-8.626;-6.597;20
23.021;-39.438;6.859;20
1.214;-25.747;10.153;20
-10.066;-21.487;14.663;20
-12.769;-13.053;-13.402;20
-9.714;5.037;-27.302;20
0.02;14.08;10.235;20
6.141;15.431;-2.835;20
-4.342;9.911;-7.855;20
-12.352;11.77;-4.416;20
-13.504;16.034;-4.371;20
-13.128;17.593;-1.948;20
-11.06;15.455;-0.082;20
-8.059;10.501;2.445;20
-6.637;7.006;1.338;20
-4.007;2.127;-2.382;20
6.782;-5.736;4.59;20
15.321;-11.027;28.53;20
12.376;-22.293;-3.58;20
2.892;-21.805;-14.127;20
-5.248;-3.589;-9.219;20
-3.796;5.981;-13.271;20
0.168;2.022;-15.616;20
7.856;-8.058;-13.526;20
13.041;-12.135;-1.148;20
13.192;-8.957;13.825;20
9.104;-7.456;19.8;20
-6.397;-3.435;36.825;20
-3.737;6.898;2.617;20
1.655;12.853;3.92;20
5.551;13.333;6.941;20
5.977;10.529;-5.138;20
4.918;8.334;-6.178;20
2.296;10.361;9.254;19
-3.2;9.972;9.333;20
-7.601;6.413;-14.144;20
-1.796;1.335;-14.333;20
6.769;-10.241;-3.024;20
22.225;-36.835;6.939;20
1.071;-23.182;4.518;20
-9.002;-22.925;14.675;20
-9.747;-14.16;-11.955;20
-6.148;6.234;-20.38;20
0.401;15.972;4.53;20
2.366;15.396;-7.993;20
-6.647;8.945;-5.053;20
-13.965;10.935;-4.032;20
-14.296;13.63;-5.776;20
-11.663;14.636;-0.611;20
-10.369;14.938;0.879;20
-8.884;12.3;-0.435;20
-7.165;8.959;0.177;20
-3.161;3.818;-1.375;20
8.992;-5.047;9.929;20
18.489;-14.429;30.349;20
10.776;-21.267;-9.968;20
1.245;-20.807;-15.574;20
-6.205;-3.52;-11.975;20
-4.209;5.519;-14.693;20
1.59;0.153;-17.07;20
8.207;-9.496;-6.15;20
14.646;-14.13;4.204;20
15.68;-10.71;13.311;20
3.843;-4.527;35.061;20
-7.346;1.153;23.22;20
-5.684;9.976;-7.583;20
0.077;13.728;6.791;20
4.707;13.86;6.716;20
6.15;10.456;-4.601;20
6.018;7.118;-0.687;20
3.918;6.749;14.201;20
-4.353;8.036;3.098;20
-8.46;6.221;-12.613;20
-0.267;-0.423;-16.482;20
8.898;-13.058;-11.594;20
18.128;-34.98;6.172;20
-3.965;-18.631;14.627;20
-7.759;-25.462;17.842;20
-10.982;-14.93;-20.771;20
-8.621;6.963;-23.296;20
1.778;17.036;14.944;20
6.093;18.124;-6.177;20
-0.944;10.189;-8.045;20
-11.679;9.577;-3.03;20
-14.025;12.985;-4.316;20
-13.041;14.951;-2.785;20
-11.487;14.204;-2.991;20
-9.417;10.272;-1.427;20
-6.438;5.905;0.136;20
-3.927;1.365;-0.125;20
7.617;-6.439;12.07;20
17.976;-14.281;35.466;20
6.634;-15.128;-12.0;20
-0.238;-16.555;-20.303;20
-6.79;-5.241;-12.521;20
-3.42;5.037;-18.209;20
6.252;-2.627;-20.204;20
12.789;-11.579;-5.34;20
19.174;-14.162;12.578;20
16.22;-7.198;18.601;20
-2.364;-6.726;41.629;20
-8.71;0.556;14.568;20
-2.6;10.676;-3.668;20
0.033;13.59;9.19;20
2.524;13.835;0.072;20
4.88;10.895;-7.608;20
4.075;8.372;-3.518;20
1.801;9.313;13.464;20
-4.482;10.413;5.701;20
-7.196;6.245;-17.488;20
0.684;-1.049;-13.663;20
19.678;-25.222;-5.161;20
18.004;-38.511;4.871;20
-7.871;-16.757;14.497;20
-10.128;-19.154;6.756;20
-11.068;-5.749;-27.348;20
-8.071;7.346;-11.546;20
0.247;13.185;13.297;20
0.241;13.865;-8.315;20
-5.338;10.499;-6.634;20
-12.132;12.769;-2.163;20
-13.545;16.447;-3.857;20
-12.378;17.34;-3.072;20
-9.266;14.791;-0.754;20
-6.16;10.2;-0.437;20
-3.839;5.287;-1.492;20
3.251;-2.33;5.695;20
12.872;-7.282;19.38;20
11.026;-10.186;4.858;20
12.78;-30.362;-5.19;20
-2.806;-18.534;-9.274;20
-8.644;4.716;-12.652;20
-4.533;7.756;-20.405;20
2.791;-4.275;-18.291;20
9.65;-13.463;3.934;20
16.498;-11.299;15.668;20
14.012;-3.294;21.119;20
1.488;-1.345;21.794;20
-4.927;3.044;11.892;20
-4.24;11.094;2.851;20
1.848;11.912;9.857;20
4.257;10.624;0.226;20
2.859;8.785;-5.828;20
2.439;8.407;0.377;20
0.119;9.856;13.635;20
-8.399;8.876;-6.431;20
-6.391;4.699;-13.407;20
0.263;-0.36;-10.828;20
15.386;-19.684;5.968;20
22.902;-38.025;10.869;20
-6.347;-14.942;6.22;20
-10.703;-20.03;5.872;20
-9.374;-7.208;-14.874;20
-5.004;10.216;-12.443;20
3.09;15.459;1.236;20
2.555;12.497;-7.185;20
-8.274;8.031;-3.948;20
-13.033;9.45;-2.147;20
-12.154;11.789;-2.118;19
-10.173;13.734;0.393;21
-9.081;13.589;-0.342;19
-7.146;9.201;-1.463;20
-4.539;4.433;-1.761;20
2.964;-2.624;0.519;20
13.596;-10.584;20.191;20
13.815;-19.044;13.985;20
2.384;-17.015;-15.567;20
-6.361;-5.252;-11.487;20
-6.339;5.108;-16.44;20
-0.524;2.198;-22.838;20
6.114;-8.089;-10.009;20
14.462;-12.575;9.855;20
17.336;-9.235;11.465;20
10.92;-6.501;15.972;20
-1.175;-2.69;29.632;20
-2.336;7.487;4.137;20
-0.716;11.419;7.628;20
1.286;13.069;4.34;20
3.225;11.262;-6.111;20
2.95;9.06;-4.879;20
2.769;8.115;7.424;20
-1.372;7.698;14.478;20
-9.292;6.594;-12.495;20
-3.255;2.159;-14.842;20
3.669;-5.571;-9.938;20
27.94;-39.069;5.846;20
6.262;-28.293;13.137;20
-7.562;-21.95;13.745;20
-13.129;-13.873;-16.863;20
-12.377;5.198;-27.164;20
-3.421;14.401;9.415;20
4.449;15.048;-0.837;20
-4.556;11.944;-7.913;20
-13.709;13.248;-2.407;20
-14.6;15.411;-3.3;20
-12.592;15.778;-3.222;20
-11.348;14.36;-2.193;20
-7.631;9.183;0.386;20
-4.701;4.891;-1.945;20
-1.436;0.78;-2.055;20
7.869;-6.347;5.734;20
11.637;-7.957;20.584;20
14.837;-20.56;1.843;20
9.471;-25.513;-7.242;20
-5.681;-4.037;-4.213;20
-7.655;7.445;-17.894;20
-2.743;5.038;-19.743;20
6.706;-7.083;-13.052;20
11.496;-12.23;-0.894;20
15.094;-9.25;19.047;20
11.058;-3.295;13.464;20
-5.895;-1.941;30.876;20
-6.623;3.53;13.154;20
2.082;10.155;5.078;20
6.313;12.074;0.245;20
5.035;11.41;-6.643;20
5.034;10.98;-4.482;20
1.605;12.612;12.52;20
-3.365;9.774;4.621;20
-8.416;5.658;-12.005;20
-6.376;3.471;-8.894;20
1.311;-3.052;-5.459;20
23.353;-29.448;8.927;20
17.556;-35.067;6.603;20
-8.072;-17.311;10.158;20
-9.41;-16.775;-2.665;20
-7.257;1.147;-18.243;20
-3.489;12.627;1.289;20
2.701;14.755;-6.669;20
-5.644;12.428;-6.34;20
-14.227;10.506;-0.125;20
-14.145;10.648;-2.919;20
-11.879;11.571;-0.898;20
-11.077;13.068;1.37;20
-8.184;10.081;-0.799;20
-5.613;6.755;-3.215;20
-3.247;2.861;-2.637;20
19.97;-29.384;5.859;70
8.134;-20.478;-17.318;10
-1.203;-7.557;-5.617;10
-5.701;-2.216;6.109;10
-3.732;-0.494;-9.944;10
-3.585;5.43;-15.859;10
-5.089;7.722;-13.777;10
-2.405;4.578;-19.945;10
0.368;-0.365;-20.475;10
5.171;-6.182;-6.516;10
10.232;-9.522;5.494;10
14.486;-11.782;6.885;10
18.082;-11.969;10.226;10
18.035;-7.624;16.046;10
13.655;-3.462;16.498;10
7.982;-2.29;7.982;10
6.623;-4.312;3.881;10
-6.803;-4.609;42.394;10
-12.634;-1.533;21.416;10
-10.312;5.699;4.892;10
-6.704;7.251;8.892;10
-3.166;7.701;11.555;10
-0.293;9.822;9.354;10
0.257;11.92;6.909;10
2.939;11.666;1.131;9
5.944;9.756;-8.103;10
6.076;8.679;-11.534;10
4.878;8.274;-8.397;10
4.513;7.328;-6.897;10
3.156;6.824;-5.365;10
0.005;7.485;2.484;10
0.08;7.288;21.671;10
5.266;-28.929;2.604;101
-3.437;-27.383;11.092;20
-7.677;-23.004;-3.241;20
-8.929;-1.656;-32.0;20
-1.879;8.646;-1.237;20
1.938;12.889;1.887;20
-2.644;9.215;-11.141;20
-11.275;6.319;-4.909;20
-14.998;10.322;-7.522;20
-13.996;13.412;-4.89;20
-11.665;13.767;-2.784;20
-7.172;9.318;-3.137;20
-3.777;4.952;-2.944;20
-3.175;2.79;0.863;20
4.553;-3.93;7.064;20
12.526;-11.723;21.936;20
14.347;-25.569;2.674;20
1.126;-19.653;-12.305;20
-7.247;-3.238;-11.919;20
-9.629;9.218;-20.673;19
-0.219;0.615;-23.874;20
7.956;-10.128;-7.961;20
17.597;-15.461;3.575;20
17.172;-8.525;12.753;20
6.197;-6.698;32.156;20
-4.484;-2.527;23.378;20
-2.808;7.869;-2.694;20
-1.372;12.319;7.774;20
1.625;14.614;6.876;20
5.054;11.012;-6.509;20
5.094;7.782;-4.687;20
3.399;7.959;12.334;20
-4.057;7.273;8.711;20
-7.318;3.265;-17.321;20
1.334;-3.014;-16.912;20
12.59;-20.05;-2.921;20
10.997;-28.016;4.478;20
-3.887;-17.453;11.242;20
-2.58;-22.275;11.262;20
-8.557;-9.102;-15.704;20
-6.649;7.813;-20.705;20
1.675;12.974;10.019;20
3.249;13.377;-5.467;20
-6.112;9.377;-7.848;20
-13.159;9.705;-2.077;20
-15.049;14.346;-4.831;20
-13.867;15.891;-1.899;20
-11.129;14.078;-0.558;20
-7.114;9.257;-0.539;20
-4.527;5.714;-1.321;20
-1.58;2.042;2.212;20
8.574;-5.11;12.747;20
15.14;-14.389;25.16;20
12.822;-30.577;-6.117;20
-0.882;-19.094;-13.862;20
-8.434;4.37;-12.976;20
-6.252;9.206;-17.598;20
1.178;0.091;-22.744;20
10.924;-10.813;-5.212;20
17.423;-11.948;6.206;20
13.74;-5.288;14.787;20
5.415;-4.266;24.401;20
-5.901;-0.057;28.681;20
-5.38;9.237;5.167;20
-0.717;11.332;12.528;20
3.98;10.459;1.498;20
4.804;9.817;-9.544;20
3.229;10.018;-4.977;20
0.293;10.618;5.746;20
-4.709;9.641;8.644;20
-5.027;4.339;-15.031;20
0.64;-0.576;-12.329;20
18.481;-22.595;3.578;20
20.912;-34.248;2.528;20
-2.136;-16.445;2.351;20
-7.793;-20.4;11.218;20
-11.054;-10.169;-11.223;20
-9.118;7.342;-17.748;20
-3.045;14.171;5.534;20
-0.086;13.413;-5.425;20
-6.856;9.424;-5.04;20
-13.483;11.088;-1.94;20
-14.92;15.261;-2.719;20
-12.613;16.12;-2.643;20
-8.2;13.044;-2.967;20
-4.95;8.708;1.311;20
-4.397;5.371;2.068;20
1.263;-1.111;1.316;20
11.003;-7.099;15.821;20
10.625;-7.049;5.322;20
11.865;-18.309;-8.46;20
5.316;-21.661;0.386;20
-3.942;-2.487;-11.229;20
-5.999;8.806;-14.373;20
-1.027;1.705;-18.052;20
10.247;-9.539;-4.939;20
12.944;-8.926;4.167;20
11.714;-6.037;12.402;20
5.758;-5.819;10.386;20
-7.733;-3.127;29.667;20
-4.939;4.871;8.834;20
3.067;10.634;8.14;20
6.55;11.875;8.572;20
5.617;9.838;-7.639;20
3.173;9.6;-7.075;20
-1.545;12.532;1.097;20
-3.48;10.591;10.168;20
-6.215;4.741;-9.081;20
-3.258;1.85;-13.944;20
7.411;-10.254;-1.912;20
26.78;-37.327;4.226;20
-0.47;-21.79;7.913;20
-9.342;-20.364;14.971;20
-9.018;-13.819;-10.648;20
-7.388;6.008;-21.201;20
-0.239;13.807;4.678;20
2.254;15.405;-5.272;20
-3.787;8.464;-5.627;20
-12.564;7.497;-2.311;20
-14.149;10.289;-2.742;20
-13.474;12.393;1.169;20
-12.314;12.928;0.797;20
-9.959;10.1;-1.168;20
-6.904;6.876;-1.066;20
-1.048;2.383;0.307;20
8.552;-3.8;8.771;20
12.076;-11.514;22.095;20
10.303;-19.523;-8.335;20
3.553;-16.493;-15.353;20
-4.299;-1.047;-12.0;20
-4.152;6.52;-17.859;20
4.065;-2.317;-24.61;20
11.954;-11.19;-0.521;20
18.824;-12.677;9.926;20
14.853;-5.895;15.944;20
1.516;-6.398;27.973;20
-9.613;-2.162;20.043;20
-4.775;9.031;1.709;20
2.025;12.332;11.889;20
4.621;13.757;5.618;20
6.588;10.156;-7.544;20
5.02;8.125;-6.804;20
0.669;9.764;7.309;20
-6.766;9.708;8.274;20
-7.395;4.699;-14.226;20
-1.337;0.353;-14.592;20
9.159;-12.544;-4.533;20
20.036;-32.655;3.28;20
-2.633;-20.173;13.136;19
-4.964;-24.69;15.043;20
-8.874;-11.851;-8.034;20
-8.678;6.551;-27.913;20
-0.94;11.031;1.296;20
3.351;13.959;3.937;20
-1.685;9.666;-7.77;20
-10.96;8.902;-2.679;20
-14.061;13.544;-3.924;20
-15.497;16.656;-2.674;20
-12.285;14.71;-1.186;20
-6.617;9.695;-1.516;20
-4.31;6.052;-0.687;20
-3.683;3.649;1.707;20
4.03;-1.971;7.249;20
9.842;-7.28;19.33;20
14.53;-21.702;10.237;20
6.396;-23.658;-15.061;20
-3.304;-7.63;-12.662;20
-6.587;8.519;-15.29;20
-0.418;3.499;-24.797;20
7.658;-6.269;-10.33;20
15.236;-11.752;0.85;20
16.396;-7.914;14.882;20
8.235;-5.93;20.894;20
-4.497;-5.294;33.517;20
-5.19;5.509;2.211;20
-0.863;10.838;4.426;20
3.549;13.298;9.839;20
5.555;11.151;-2.553;20
5.068;8.264;-3.938;20
3.488;8.74;5.977;20
-3.953;10.157;8.501;20
-8.023;5.886;-11.883;20
-1.645;0.255;-14.25;20
6.851;-10.114;-8.168;20
19.895;-33.303;0.808;20
-1.762;-20.777;12.434;20
-4.988;-22.55;17.145;20
-8.396;-14.23;-7.852;20
-8.643;5.489;-26.294;20
-0.75;13.669;4.914;20
5.111;16.742;0.455;20
0.238;10.471;-9.651;20
-11.067;7.074;-3.602;20
-14.14;10.243;-3.727;20
-13.979;13.897;-2.25;20
-13.519;14.81;-1.92;20
-10.214;10.647;-0.917;20
-6.342;5.975;-0.347;20
-2.743;2.512;1.623;20
7.014;-3.188;5.469;20
8.119;-5.379;18.373;20
9.202;-14.226;11.469;20
11.24;-26.448;-12.077;20
-2.116;-9.143;-14.951;20
-6.044;7.809;-12.384;20
-1.186;4.333;-26.681;20
8.826;-8.072;-11.983;20
16.649;-11.3;3.914;20
15.296;-5.869;10.727;20
11.16;-8.497;15.256;20
-5.495;-4.743;32.344;20
-7.709;5.607;10.739;20
-2.32;9.604;7.47;20
1.686;12.537;10.356;20
6.127;9.906;-1.905;20
5.065;7.824;-7.335;20
0.926;9.323;-4.199;20
-2.509;12.086;10.501;20
-7.29;7.563;-0.421;20
-3.422;1.779;-15.903;20
5.45;-6.411;-10.499;20
26.303;-33.756;5.15;20
5.461;-21.791;1.61;20
-5.169;-19.112;12.735;20
-8.49;-17.24;4.375;20
-11.175;-0.489;-27.756;20
-8.807;10.811;-4.406;20
0.453;14.068;7.208;20
-1.904;11.939;-7.247;20
-12.14;11.184;-3.83;20
-16.357;14.643;-2.679;20
-13.565;15.317;-1.256;20
-10.803;13.525;-1.24;20
-7.556;9.486;-0.847;20
-4.39;5.577;-0.954;20
-1.631;1.607;-0.763;20
7.387;-5.814;9.481;20
12.222;-8.935;20.091;20
14.13;-21.21;-4.535;20
7.569;-22.215;-9.32;20
-5.573;-1.838;-6.019;20
-5.887;7.475;-14.403;20
-3.381;4.822;-17.813;20
8.085;-6.696;-10.373;20
13.912;-10.15;-1.054;20
13.646;-5.992;13.051;20
8.802;-5.304;8.988;20
-0.671;-4.565;30.224;20
-4.431;5.526;17.558;20
-0.051;10.607;8.328;20
3.25;12.506;3.867;20
4.046;10.8;-7.118;20
3.471;8.552;-4.992;20
1.774;9.167;3.095;20
-3.335;9.705;13.132;20
-8.766;6.234;-10.94;20
-2.414;0.941;-15.171;20
4.245;-6.338;-7.988;20
26.244;-35.952;5.435;20
2.224;-22.713;9.593;20
-8.272;-20.75;15.535;20
-9.853;-16.368;-5.029;20
-10.049;3.168;-23.043;20
-3.685;10.777;-2.961;20
4.136;13.493;5.221;20
0.654;11.359;-7.201;20
-10.597;9.279;-3.598;20
-15.738;13.775;-0.94;20
-14.66;15.88;-0.066;20
-11.549;14.729;-0.523;20
-7.762;10.003;-1.617;20
-3.946;3.96;-2.915;20
-0.977;-0.559;-1.076;20
8.334;-7.159;9.733;20
12.285;-6.505;14.529;20
7.566;-7.562;-2.045;20
7.807;-17.142;-4.242;20
-1.376;-8.567;-5.228;19
-6.48;4.23;-13.973;20
-3.943;4.838;-13.455;20
5.443;-5.802;-14.026;20
12.623;-10.754;-7.053;20
13.327;-7.505;8.277;20
12.201;-6.332;3.914;20
6.51;-7.911;22.072;20
-5.207;1.844;26.363;20
-1.67;8.561;7.757;20
2.726;11.814;9.633;20
4.829;11.566;3.099;20
4.984;7.79;-8.994;20
1.767;7.873;-5.361;20
-2.248;10.162;2.895;20
-9.649;9.905;12.686;20
-5.728;2.399;-16.08;20
2.232;-3.307;-16.852;20
18.316;-25.687;-3.419;20
8.516;-28.732;8.49;20
-6.751;-20.172;19.954;20
-3.877;-21.858;7.062;20
-10.731;-2.792;-26.665;20
-7.006;9.689;-15.877;20
2.281;12.239;10.459;20
2.462;12.683;-4.364;20
-6.853;9.606;-7.196;20
-13.66;11.981;-1.143;20
-17.455;17.347;-2.93;20
-13.67;16.173;-2.63;20
-8.097;11.238;-0.132;20
-5.206;6.902;-0.819;20
-3.69;3.542;-0.448;20
2.715;-2.315;4.386;20
11.018;-6.818;18.901;20
10.181;-11.11;9.407;20
12.664;-26.927;-1.31;20
-1.058;-12.137;-10.171;20
-9.147;6.914;-13.889;20
-6.174;6.073;-21.276;20
3.084;-4.7;-20.332;20
11.973;-10.726;-2.265;20
17.015;-10.063;5.758;20
12.012;-4.639;16.486;20
2.543;-5.831;30.869;20
0.497;0.016;11.222;20
-3.995;8.892;2.28;20
-1.133;12.134;14.628;20
4.121;11.252;4.388;20
4.427;8.829;-6.433;20
3.764;8.839;-2.062;20
-0.361;10.449;7.466;20
-6.919;9.299;-1.203;20
-5.839;3.212;-10.789;20
-0.167;-0.957;-12.258;20
11.531;-15.474;0.893;20
17.715;-31.448;4.943;20
-5.324;-18.81;13.099;20
-5.098;-21.038;10.543;20
-8.805;-6.305;-21.338;20
-4.305;8.789;-13.364;20
3.608;13.075;10.471;20
3.465;13.803;-6.928;20
-4.706;8.617;-6.524;20
-11.764;5.725;-2.155;20
-13.138;8.727;-2.694;20
-13.353;13.352;-0.195;20
-13.197;14.282;-0.881;20
-9.318;10.109;-1.37;20
-5.681;5.947;-0.673;20
-1.322;1.592;2.173;20
7.851;-3.482;10.874;20
11.328;-13.907;25.275;20
7.77;-21.547;-8.864;20
3.856;-17.441;-15.926;20
-3.915;1.295;-12.048;20
-5.539;7.622;-20.951;20
2.163;-2.289;-22.893;20
12.053;-10.283;-1.248;20
17.422;-10.222;6.473;20
14.233;-5.817;10.968;20
3.526;-7.952;35.587;20
-5.574;0.783;15.149;20
-4.014;8.438;3.508;20
-1.3;12.69;10.787;20
2.54;13.239;3.844;20
5.752;9.731;-6.985;20
3.89;8.113;-5.65;20
1.634;9.46;10.007;20
-6.945;8.704;6.655;20
-7.24;3.284;-16.649;20
2.266;-3.24;-13.788;20
19.765;-25.348;-7.039;20
14.156;-31.234;1.184;20
-5.534;-16.141;15.758;20
-4.336;-20.798;11.535;20
-10.375;-9.437;-20.702;20
-10.999;6.496;-22.103;20
-2.382;13.299;14.224;20
0.686;16.344;-0.008;20
-6.226;13.562;-8.805;20
-12.125;12.652;-3.367;20
-15.434;15.511;-4.089;20
-13.545;15.073;-3.063;20
-9.254;11.004;0.023;20
-5.985;6.31;1.317;20
-4.65;3.829;-0.41;20
0.092;-0.533;1.168;20
10.136;-6.661;15.636;20
10.838;-8.866;20.587;20
12.167;-25.453;-6.216;20
2.999;-19.273;-10.961;20
-5.796;2.408;-12.376;20
-6.142;8.284;-20.271;20
1.724;-1.584;-22.213;20
13.284;-9.107;-3.818;19
17.223;-7.567;7.703;20
14.028;-4.861;13.495;20
6.366;-8.262;18.807;20
-9.708;-1.794;27.001;20
-6.784;6.666;13.586;20
-0.278;9.602;9.28;20
1.961;12.483;0.602;20
4.067;10.653;-6.814;20
3.003;9.357;-5.02;20
0.633;10.866;2.736;20
-3.825;10.165;11.97;20
-6.711;5.087;-10.108;20
-0.258;0.014;-16.348;20
10.741;-12.972;-0.352;20
28.529;-37.261;3.653;20
0.643;-19.508;3.891;20
-8.393;-21.897;15.461;20
-11.109;-11.388;-12.072;20
-10.386;7.789;-16.892;20
-2.532;14.256;4.715;20
2.952;15.07;-2.023;20
-2.273;9.633;-6.361;20
-11.667;8.452;-2.381;20
-13.141;11.824;-1.848;20
-13.259;14.505;-0.667;20
-12.166;14.527;-2.077;20
-8.125;9.756;-1.751;20
-4.283;4.897;-0.045;20
-1.093;1.394;0.265;20
5.362;-3.956;8.806;20
10.097;-8.665;16.892;20
15.575;-22.392;2.448;20
5.247;-17.628;-10.399;20
-4.55;-1.735;-10.084;20
-6.591;6.753;-15.603;20
0.429;0.248;-23.016;20
8.441;-8.409;-13.292;20
14.67;-9.9;3.797;20
14.029;-5.495;12.925;20
10.477;-7.701;12.007;20
-2.264;-4.775;32.51;20
-7.281;7.083;12.186;20
-1.262;9.371;7.548;20
1.375;12.623;7.046;20
4.2;10.787;-3.56;20
3.558;7.878;-6.162;20
0.556;8.511;-3.601;20
-3.342;10.45;10.532;20
-9.661;7.479;1.819;20
-1.869;0.408;-18.074;20
9.689;-11.06;-12.373;20
28.755;-39.327;2.306;20
2.173;-23.58;12.154;20
-7.383;-22.763;18.75;20
-10.34;-12.044;-11.647;20
-13.719;7.399;-30.151;20
-3.971;13.663;7.347;20
3.693;16.682;2.085;20
1.719;11.931;-10.256;20
-10.406;11.182;-5.58;20
-14.393;14.569;-4.266;20
-15.343;16.558;-4.173;20
-13.153;13.673;0.145;20
-9.639;7.491;3.397;20
-7.025;3.605;3.866;20
-3.436;0.112;0.901;20
5.401;-4.402;6.045;20
10.613;-8.858;37.273;20
5.576;-18.376;6.081;20
3.99;-25.096;-30.31;20
-3.878;-2.693;-14.738;20
-3.859;6.699;-21.873;20
4.925;-1.298;-24.743;20
14.093;-7.839;-2.281;20
21.03;-9.924;6.32;20
17.105;-7.056;17.692;20
3.912;-7.715;23.602;20
-9.895;-4.428;24.338;20
-5.794;5.498;4.926;20
-1.961;10.909;7.426;20
1.011;14.71;8.917;20
5.814;12.045;-2.014;20
6.03;7.833;-5.456;20
2.316;8.298;-3.326;20
-2.177;10.827;8.863;20
-8.136;8.744;0.047;20
-3.543;2.538;-15.158;20
5.383;-5.647;-9.934;20
28.773;-35.729;0.167;20
6.46;-23.836;3.648;20
-6.34;-19.631;19.002;20
-10.827;-15.399;-5.125;20
-13.18;1.977;-23.156;20
-5.83;12.863;-1.023;20
3.048;16.268;4.8;20
2.482;12.666;-7.241;20
-8.385;8.597;-6.243;20
-12.77;10.732;-3.006;20
-12.778;13.649;-1.933;20
-13.266;14.641;-2.589;20
-10.064;10.635;-1.688;20
-5.886;5.423;-0.359;20
-4.314;2.363;1.194;20
2.537;-3.028;4.808;20
12.521;-8.886;26.954;20
11.688;-18.521;9.32;20
7.171;-24.816;-17.342;20
-3.633;-5.555;-13.047;20
-6.223;8.043;-11.36;20
-3.669;3.983;-24.378;20
9.445;-8.103;-16.708;20
15.373;-9.41;0.125;20
14.619;-5.259;11.642;20
12.217;-6.798;18.035;20
-0.019;-3.609;30.415;20
-6.836;6.455;14.093;20
-1.513;8.86;13.542;20
1.617;12.167;3.451;20
3.764;10.799;-4.984;20
3.306;7.986;-5.434;20
-0.081;8.813;-2.909;20
-4.57;10.79;8.311;20
-7.961;6.635;-1.343;20
-2.873;1.843;-14.977;20
6.393;-6.979;-5.515;20
28.6;-33.013;5.059;20
8.342;-20.407;1.586;20
-5.804;-17.751;14.262;20
-9.286;-15.39;3.175;20
-11.367;1.542;-28.942;20
-6.908;9.839;-2.533;19
0.088;13.203;7.846;20
-0.368;10.717;-7.628;20
-8.507;7.303;-3.593;20
-12.388;9.951;-2.367;20
-13.788;13.729;-1.513;20
-12.866;14.226;-2.08;20
-9.754;11.018;-2.109;20
-5.693;6.048;-0.98;20
-2.759;2.863;0.644;20
3.751;-2.618;4.434;20
9.016;-5.868;15.965;20
13.123;-15.442;7.129;20
13.677;-26.379;-8.675;20
-2.447;-7.304;-9.215;20
-5.492;6.314;-11.088;20
-6.627;7.191;-18.661;20
4.164;-4.399;-19.815;20
11.198;-8.56;-2.043;20
12.806;-5.686;7.767;20
11.536;-6.504;6.733;20
6.064;-8.828;24.558;20
-5.209;1.915;25.614;20
-0.971;8.437;8.556;20
2.337;11.808;9.447;20
4.279;11.75;0.141;20
4.075;8.751;-5.721;20
0.472;7.863;-2.587;20
-3.261;10.309;-0.337;20
-9.803;9.978;8.613;20
-5.212;2.633;-10.762;20
2.442;-2.191;-13.077;20
18.935;-23.076;-2.158;20
17.446;-32.352;5.453;20
-3.056;-21.485;18.868;20
-6.592;-19.192;8.836;20
-9.178;-2.725;-24.267;20
-6.772;11.065;-13.721;20
-0.231;16.87;8.358;20
0.762;13.212;-8.386;20
-8.211;6.624;-5.081;20
-14.153;8.708;-3.314;20
-14.637;13.402;-1.738;20
-14.139;15.235;-0.991;20
-10.615;12.17;-1.638;20
-6.308;7.167;-1.235;20
-2.899;3.079;0.434;20
2.629;-1.885;3.633;20
11.454;-8.059;18.098;20
16.916;-19.69;13.917;20
9.518;-23.945;-10.935;20
-5.41;-5.851;-9.22;20
-9.153;6.049;-11.315;20
-6.556;4.91;-23.604;20
3.831;-4.323;-20.53;20
12.865;-9.823;-1.328;20
17.164;-7.067;7.283;20
15.68;-5.752;15.042;20
6.013;-6.222;32.698;20
-4.436;3.695;12.612;20
-4.814;8.422;5.476;20
-3.558;11.586;13.759;20
1.682;11.402;3.304;20
4.756;8.64;-6.893;20
2.034;7.528;-5.436;20
-1.818;9.886;5.332;20
-7.945;9.678;7.602;20
-4.531;2.348;-13.639;20
3.219;-4.175;-14.327;20
26.054;-32.319;-5.194;20
13.195;-29.367;2.071;20
-5.425;-17.031;17.505;20
-9.104;-18.503;10.781;20
-10.977;-3.525;-21.426;20
-9.808;10.911;-16.543;20
-2.982;17.463;10.207;20
-0.211;16.387;-3.267;20
-6.043;11.145;-8.289;20
-12.152;10.499;-4.084;20
-13.83;13.549;-3.855;20
-13.928;15.9;-4.26;20
-9.403;11.245;-2.42;20
-3.329;5.403;-2.077;20
-0.769;2.558;-0.235;20
6.702;-1.86;10.611;20
15.52;-4.028;27.575;20
13.664;-5.005;6.66;20
23.51;-43.995;-8.6;20
-0.268;-16.822;-10.101;20
-14.632;18.724;-11.007;20
-5.267;-0.528;-17.181;20
0.396;-8.357;-13.214;20
-2.738;-4.411;-6.054;20
4.619;-7.773;3.441;20
6.585;-3.048;6.415;20
2.979;2.534;12.709;20
-1.917;5.034;24.158;20
-1.917;7.842;9.518;20
0.361;8.092;0.385;20
-3.717;9.441;1.321;20
-2.793;8.534;3.625;20
0.236;7.221;3.639;20
-0.235;6.68;1.296;20
-2.923;6.077;-1.189;20
-2.59;4.055;-4.401;20
-1.596;2.414;-5.489;20
1.12;-0.961;-6.281;20
11.949;-13.988;-11.739;20
22.409;-32.493;-4.352;20
0.933;-7.434;11.09;20
-3.241;-7.144;3.34;20
-8.882;-2.975;-3.758;20
-9.037;2.899;-3.891;20
-3.518;0.884;3.873;20
-1.456;3.73;-1.095;20
-2.613;2.016;-5.157;20
-4.249;5.63;1.489;19
-4.104;10.287;3.431;20
-4.556;7.632;-0.296;20
-6.187;8.398;-3.108;20
-3.667;7.066;-1.747;20
0.248;3.033;1.726;20
5.488;-0.26;8.743;20
13.125;-3.612;19.442;20
7.96;-4.309;2.376;20
4.111;-12.67;-10.684;20
-1.004;-11.015;-8.838;20
-2.264;-6.509;-4.545;20
-1.768;-5.511;-2.176;20
-1.983;-3.649;-5.16;20
3.453;0.214;-8.126;20
4.35;3.26;-6.958;20
2.067;2.587;-5.55;20
0.053;3.738;-0.295;20
-2.426;4.671;6.083;20
-4.701;6.694;6.845;20
-4.897;8.629;2.673;20
-2.78;9.458;0.517;20
-0.13;9.123;1.071;20
-0.091;7.604;1.356;20
-0.979;3.994;3.085;20
-3.181;-1.538;3.253;20
-0.423;-4.818;5.069;20
-0.861;-1.182;-14.629;20
-2.651;-0.402;-11.784;20
-3.774;-2.001;-2.232;20
-1.415;-9.469;0.325;20
1.388;-14.272;1.006;20
-1.197;-10.534;-0.806;20
-2.729;-4.157;-4.418;20
-1.458;-2.87;1.027;20
-1.963;-5.173;2.679;20
-5.815;-4.028;1.374;20
-7.513;-0.878;4.953;20
-6.498;2.438;5.98;20
-3.046;4.419;2.655;20
1.863;2.714;4.547;20
5.372;0.7;3.653;20
5.359;2.364;-6.663;20
7.177;3.212;-1.467;20
7.761;3.669;7.166;20
6.97;1.944;4.425;20
4.844;1.014;1.915;20
1.854;1.355;1.993;20
-8.246;2.795;9.624;20
-8.52;0.767;1.073;20
1.416;-0.965;-1.131;20
2.934;-0.42;0.99;20
2.235;0.046;-1.111;20
1.033;0.658;0.276;20
-2.189;3.011;3.204;20
-5.139;4.426;3.832;20
-5.22;4.188;1.161;20
-3.797;4.477;-1.036;20
-3.398;5.986;0.532;20
0.069;4.659;2.352;20
2.186;3.285;4.342;20
1.307;3.196;5.704;20
-0.185;3.564;6.349;20
-1.393;3.326;4.322;20
-0.812;2.778;1.757;20
-0.155;3.669;0.654;20
0.349;3.425;2.581;20
0.413;3.134;5.164;20
0.268;3.228;5.044;20
0.175;3.496;3.173;20
-0.083;4.026;2.412;20
-0.515;3.854;4.742;20
-1.625;4.475;0.547;20
-1.428;3.045;1.208;20
-2.708;3.76;2.148;20
-2.511;2.832;1.709;20
-2.449;2.986;1.303;20
-2.047;3.11;0.105;20
-1.499;2.907;-1.252;20
-1.095;3.045;-1.504;20
-0.225;3.066;0.925;74
0.208;2.99;-0.341;20
0.357;2.84;-1.683;20
1.029;2.761;-1.755;20
1.997;2.618;-2.228;20
2.861;2.382;-1.685;20
2.771;2.039;-0.309;20
2.495;1.549;0.962;20
2.338;1.31;0.983;20
2.284;1.268;0.222;20
2.079;1.196;-0.314;20
1.848;1.18;-0.189;20
1.901;1.13;-0.035;20
1.945;1.035;-0.324;20
2.643;0.547;0.65;20
1.865;0.958;1.312;20
0.952;0.582;0.69;20
0.314;0.425;0.744;20
-0.054;0.314;0.851;20
-0.392;0.164;1.255;20
-0.545;0.21;1.057;20
-0.784;0.336;0.792;20
-0.989;0.375;0.43;20
-1.084;0.351;0.274;20
-0.807;0.242;0.273;20
-0.423;0.265;0.472;20
-0.565;0.213;0.309;20
-0.525;0.056;0.074;20
-0.097;-0.087;0.268;20
0.04;-0.144;0.502;19
0.181;-0.175;0.373;20
0.05;-0.131;0.438;20
0.12;-0.073;-0.033;20
0.173;-0.017;-0.304;20
0.021;0.055;-0.057;20
-0.102;0.046;0.222;20
-0.036;0.105;-0.179;20
0.098;0.177;-0.542;20
0.135;0.181;-0.367;20
0.16;0.16;-0.202;20
0.022;0.112;-0.288;20
0.097;0.042;-0.022;20
0.088;0.113;0.088;20
0.028;0.147;-0.167;20
-0.052;0.228;-0.389;20
0.126;0.288;-0.963;20
0.129;0.23;-0.319;20
-0.117;0.261;0.268;20
0.063;0.167;0.603;20
0.021;0.292;-0.248;20
0.02;0.169;-0.609;20
-0.067;0.184;-1.065;20
0.121;0.025;-0.743;20
-0.135;0.094;-0.07;20
-0.372;0.124;0.38;20
-0.597;0.311;0.141;20
-0.414;0.35;-0.034;20
-0.142;0.424;-0.205;20
-0.066;0.484;-0.146;20
-0.005;0.485;0.012;20
0.033;0.419;0.059;19
0.008;0.345;0.178;20
0.057;0.28;0.469;20
0.071;0.211;0.403;20
0.003;0.138;0.207;20
-0.083;0.059;-0.035;20
-0.084;0.05;-0.007;20
-0.222;0.023;0.065;20
-0.233;-0.102;-0.1;20
-0.127;-0.104;-0.087;20
-0.061;-0.069;-0.006;20
-0.121;-0.047;-0.043;20
-0.166;-0.041;-0.014;20
-0.188;-0.052;0.008;20
-0.214;-0.041;0.084;20
-0.155;-0.026;0.115;20
-0.058;0.016;-0.064;20
-0.031;0.024;0.015;20
-0.091;0.098;-0.037;20
-0.148;0.094;-0.114;20
-0.072;0.08;-0.133;20
0.028;0.052;-0.106;20
0.042;-0.002;-0.083;20
0.028;-0.002;-0.059;20
0.013;-0.011;-0.668;20
0.183;0.007;-0.655;20
0.355;-0.1;0.516;20
-0.084;0.165;0.816;20

# Completed @Wed Jan 06 21:50:12 GMT+02:00 2021
