# Accelerometer Data File
# Started @Tue Jan 26 20:31:13 GMT+02:00 2021
#
#
# sensor Vendor: BOSCH
# sensor Name: BMI160 Accelerometer Non-wakeup
# sensor Resolution: 0.0023928226m/sec^2; Max Range: 78.4532; Min Delay: 2500 microseconds
# The sensor's attributes are the result hardware and the Android capabilities.
# It means that the Android may not utilize all features provided by the hardware.
#
# Some devices and Android versions save battery too much so the device may go to sleep.
# It just happens after couple of minutes from turning off the scree and it is easy to find it out.
#
# The following file provides the data from accelerometer in the m/s^2 format.
# The diff value is just a time delta between the samples
#
#
# data format:
# so we have 4 columns with values separated by the ";"
# X;Y;Z;time_from_previous_sample(ms)

# sensor speed set to:NORMAL
# units set to: m/sec^2
# gravity  filtered out
# Accuracy: HIGH
-1.776;4.57;8.038;0
-1.454;3.451;7.556;19
-1.306;2.762;6.656;20
-1.591;2.236;5.428;20
-1.725;1.826;4.156;20
-1.674;1.436;3.459;20
-1.936;1.262;2.219;20
-1.877;1.166;1.054;20
-1.764;0.779;-0.017;20
-1.912;0.328;-0.226;20
-1.531;-0.164;-0.603;20
-1.104;-1.545;-0.444;20
-0.432;-2.954;-0.878;20
0.613;-4.115;-2.226;20
1.46;-5.944;-2.694;20
-0.484;-6.135;-3.284;20
-1.602;-6.571;-2.967;20
-2.592;-6.948;-2.098;20
-3.776;-6.97;-1.694;20
-5.966;-6.642;-1.437;20
-10.093;-5.943;0.949;20
-16.549;-3.066;4.968;20
-19.612;-0.68;5.844;20
-15.967;-0.531;2.332;20
-13.839;-0.064;-2.587;20
-13.205;2.563;-7.665;20
-13.862;7.901;-19.369;20
-8.571;8.561;-12.229;20
-0.175;4.06;-2.645;20
4.307;1.737;0.403;20
4.836;1.36;2.76;20
4.198;0.344;4.907;19
4.578;-0.539;5.068;20
3.659;-0.024;3.49;20
2.583;0.84;2.572;20
2.569;1.432;1.238;20
3.142;2.268;1.281;20
6.545;1.793;0.532;20
8.505;0.988;1.77;20
9.425;-0.049;1.334;20
4.148;1.187;0.59;20
2.747;1.862;-0.944;20
1.622;1.573;-0.163;20
-1.037;3.161;0.839;20
-3.06;3.072;2.223;20
0.102;-0.054;3.058;20
1.708;-3.703;2.565;20
1.97;-3.977;0.867;20
0.621;-2.068;0.94;20
-0.838;-2.548;-0.396;20
-0.609;-2.667;0.275;20
0.953;-2.266;1.511;20
-1.126;-3.2;0.527;20
-0.578;-3.058;-1.138;20
-5.454;-0.655;0.591;20
-4.746;-1.098;0.645;20
-1.79;-4.977;-1.217;20
-2.716;-3.672;0.578;20
-1.539;-4.293;1.48;20
-0.916;-3.986;1.076;20
0.822;-2.55;-1.903;20
1.58;-0.759;-1.997;20
2.362;0.311;1.462;20
2.064;3.971;-2.136;20
-0.373;7.679;-2.181;19
-0.564;7.509;-3.313;20
2.861;1.998;-3.188;20
1.337;-3.691;-1.066;20
-0.195;-3.361;1.846;20
0.937;-3.681;0.981;20
1.736;-1.669;2.259;20
3.064;0.652;2.539;20
1.066;-1.881;5.055;20
1.719;-0.113;1.21;20
1.032;0.314;0.238;20
1.405;0.601;-1.09;20
1.773;0.152;-2.412;20
1.193;0.449;-0.8;20
1.48;-0.643;-1.384;20
1.348;-1.394;-0.484;20
0.793;-1.982;-1.013;20
0.006;-2.509;-0.885;20
0.02;-0.613;-1.697;20
-0.525;-1.238;-3.895;20
-0.537;-0.522;-7.068;20
-2.898;1.086;-6.272;20
-2.997;0.971;-2.705;20
-2.236;0.069;-0.102;20
-1.605;-0.094;-0.337;20
-1.064;-0.259;-0.664;20
-0.18;-1.057;-0.325;20
4.291;-2.784;1.667;20
-4.509;-2.001;-3.158;20
-1.02;-1.857;3.949;20
0.984;-3.299;3.554;20
0.482;-1.98;5.302;20
0.07;1.442;-1.235;20
0.474;1.858;1.691;19
1.51;0.516;5.483;20
-0.038;-0.563;2.802;20
-1.929;1.601;0.045;20
1.369;1.643;-5.005;20
2.611;-0.329;-7.072;20
2.285;-0.93;-0.895;20
4.609;-2.607;1.141;20
5.178;-3.536;3.448;20
5.519;-2.044;2.166;20
4.651;-0.066;2.809;20
3.032;0.307;3.374;20
1.615;0.055;1.027;20
0.639;0.065;-0.24;20
1.131;-0.647;1.788;20
2.114;-2.337;2.502;20
0.551;-2.925;-1.358;20
-1.226;-3.975;-3.132;20
-3.448;-5.556;-2.671;20
-3.284;-5.525;1.433;20
-1.815;-3.363;0.108;20
-1.096;-1.491;-2.99;20
-1.038;-3.168;-3.781;20
-1.841;-3.42;-3.422;20
-2.907;-1.741;-1.246;20
-1.743;-1.135;0.589;20
1.94;-1.501;-0.764;20
4.581;-1.708;2.211;20
6.601;0.332;5.32;20
6.042;2.276;1.445;20
4.244;-2.819;0.648;20
4.047;0.127;-8.136;20
3.038;-1.2;-4.433;19
1.241;-2.039;3.902;20
-1.287;-1.061;1.653;20
-1.564;-1.907;-0.963;20
0.211;-0.429;-0.39;20
2.658;2.961;1.748;20
4.318;3.97;3.467;20
5.772;4.64;2.673;20
5.791;5.332;1.504;20
4.994;5.351;1.461;20
3.715;3.939;0.132;20
1.227;1.921;-3.521;20
-1.991;-1.286;-10.759;20
-8.301;-7.486;-12.814;20
-11.968;-9.889;-10.739;20
-4.095;-4.551;-8.269;20
4.87;-1.228;0.432;20
5.394;-4.724;4.246;20
0.814;-7.055;5.14;20
-1.339;-4.291;6.323;20
2.067;3.996;2.933;20
3.667;9.32;0.97;20
5.888;7.073;1.609;20
6.147;4.865;2.348;20
4.721;3.754;1.793;20
3.545;2.486;2.582;20
2.37;-0.027;1.694;20
0.644;-5.991;3.052;20
-2.365;-14.62;7.407;20
-6.425;-7.395;9.087;20
-6.552;2.102;2.122;20
-4.46;4.182;-4.038;20
-2.163;1.62;-12.296;19
1.304;0.388;-12.64;20
3.762;-0.687;-0.704;20
4.587;-0.26;7.291;20
3.242;1.533;4.619;20
0.862;2.023;0.409;20
-0.394;1.729;-0.28;20
-1.894;1.142;-2.434;20
-3.48;-0.932;-3.944;20
-4.038;-1.445;0.196;20
-3.527;-0.751;3.31;20
-1.67;-1.494;0.953;20
-0.345;-2.526;-3.428;20
-1.25;-3.068;-6.356;20
-3.393;-3.05;-7.385;20
-4.287;-4.443;-5.773;20
-1.113;-3.936;3.146;20
5.513;-4.587;5.229;20
7.518;-5.63;8.994;20
5.084;-2.238;12.808;20
5.254;2.708;7.508;20
4.585;3.769;-0.447;20
1.068;2.739;-10.187;20
-3.261;3.209;-3.882;20
-7.762;3.652;2.71;20
-5.089;4.365;3.304;20
-0.437;4.276;2.088;20
2.095;4.29;2.045;20
3.491;4.849;2.325;20
4.369;5.174;2.889;20
3.855;5.364;2.227;20
2.894;5.137;1.294;20
2.035;4.446;0.065;20
0.503;2.744;-4.019;20
-0.852;-0.621;-8.969;19
-3.924;-6.412;-11.875;20
-6.333;-13.681;-17.799;20
-6.145;-6.982;-11.268;20
-0.776;1.168;-0.503;20
1.719;3.604;3.045;20
3.097;2.467;4.485;20
2.619;-0.302;3.9;20
2.998;-5.305;1.29;20
2.918;-8.915;-2.316;20
1.698;-0.411;2.232;20
0.971;6.011;8.07;20
1.609;5.705;7.069;20
2.27;3.143;3.351;20
1.964;0.05;1.933;20
-0.34;-1.617;-0.294;20
-2.039;-2.476;1.615;20
-3.301;-1.857;6.638;20
-4.703;0.226;8.023;20
-5.552;2.884;1.864;20
-2.118;1.019;-4.629;20
2.279;-0.923;-6.718;20
4.459;-1.27;-5.832;20
4.203;-0.858;-3.78;20
2.728;0.031;-1.415;20
1.343;0.764;1.775;20
-0.294;1.365;2.726;20
-1.205;0.999;2.953;20
-1.377;-0.147;1.747;20
-1.629;-0.201;-0.14;20
-1.969;0.22;-1.486;20
-2.411;-0.592;-1.754;20
-3.249;-1.414;-0.821;19
-3.888;-1.153;0.042;20
-2.202;-1.342;2.01;20
-0.582;-2.926;-2.68;20
-0.483;-3.078;-5.23;20
-2.171;-2.448;-7.244;20
-3.997;-3.044;-6.846;20
-4.601;-2.727;-1.599;20
0.533;-2.442;3.554;20
5.865;-5.817;6.084;20
7.109;-6.127;11.255;20
4.976;-0.971;11.411;20
4.474;4.501;5.535;20
3.052;3.997;-1.636;20
-0.532;2.527;-8.695;20
-4.634;1.949;-4.497;20
-7.602;2.557;3.691;20
-2.089;3.365;3.784;20
1.618;4.49;3.628;20
3.14;4.99;3.355;20
3.811;5.795;3.659;20
4.436;5.93;3.448;20
4.532;5.821;2.528;20
3.762;5.357;1.402;20
2.799;4.474;0.12;20
2.338;2.131;-2.746;20
0.747;-1.952;-9.334;20
-3.701;-11.562;-24.507;20
-8.12;-17.43;-17.378;20
-6.129;-2.592;-4.371;20
-0.359;3.545;-0.239;20
3.387;4.518;4.766;20
3.446;2.519;5.686;20
2.685;-3.236;5.516;20
3.443;-11.266;-0.671;19
1.818;-4.191;-3.029;20
0.795;6.729;6.627;20
1.768;6.524;7.414;20
3.494;3.672;4.968;20
4.692;0.914;3.872;20
2.321;0.064;1.939;20
0.128;-1.524;-0.4;20
-1.519;-3.187;0.673;20
-4.018;-1.215;6.342;20
-5.42;1.692;6.529;20
-4.718;2.397;3.709;20
-3.971;0.659;-2.296;20
-2.218;-1.403;-5.891;20
0.552;-1.854;-8.703;20
1.729;-0.366;-8.417;20
1.755;0.278;-1.723;20
1.088;0.696;4.497;20
-0.839;1.042;4.185;20
-1.683;0.881;0.719;20
-1.39;0.377;-0.883;20
-2.14;-0.546;-2.03;20
-3.514;-1.39;-2.161;20
-4.499;-0.879;-0.64;20
-2.239;-1.419;0.457;20
2.303;-1.959;-0.646;20
4.236;-3.353;-5.051;20
1.307;-3.042;-7.352;20
-2.711;-2.455;-7.498;20
-5.571;-3.74;-6.507;20
-6.395;-3.51;1.547;20
-1.326;-3.6;8.632;19
5.295;-6.159;11.582;20
6.033;-5.169;13.291;20
4.891;1.143;9.23;20
4.725;5.475;4.029;20
2.866;4.432;-5.351;20
-1.298;2.729;-11.495;20
-3.846;2.021;-3.493;20
-4.998;2.836;2.306;20
-1.875;4.497;3.876;20
0.495;5.369;4.818;20
2.805;5.76;4.539;20
3.766;6.216;4.264;20
4.135;6.23;3.181;20
3.587;5.732;1.851;20
2.12;4.739;0.756;20
1.542;3.263;-1.056;20
0.769;1.008;-5.335;20
0.282;-2.993;-11.798;20
-1.355;-11.229;-23.029;20
-3.363;-12.956;-12.334;20
-4.153;-2.128;-4.647;20
-0.455;2.742;-0.531;20
1.341;5.032;3.326;20
3.357;2.199;4.978;20
2.68;-2.226;2.955;20
4.971;-8.779;0.597;20
4.985;-7.479;1.784;20
0.866;3.835;5.488;20
-0.663;7.526;6.985;20
0.496;5.417;5.489;20
1.23;2.067;4.924;20
-0.285;-0.82;2.089;20
-1.532;-3.284;0.481;19
-2.075;-4.042;1.869;20
-4.422;-1.531;4.961;20
-5.505;2.206;4.221;20
-3.933;2.753;2.193;20
-1.504;-0.044;-4.642;20
1.737;-1.628;-11.716;20
3.662;-1.011;-7.9;20
3.176;-0.237;-3.619;20
2.087;0.124;0.754;20
0.789;1.047;4.904;20
-0.712;1.821;5.66;20
-1.04;1.768;3.161;20
-0.591;-0.017;0.115;20
-1.461;-0.502;-2.1;20
-2.405;-0.988;-2.434;20
-3.302;-1.184;-1.045;20
-3.071;-0.57;-0.031;20
-1.01;-1.136;1.683;20
1.749;-3.121;2.357;20
1.481;-4.148;-2.733;20
-1.171;-3.719;-4.284;20
-3.287;-3.644;-6.719;20
-5.143;-3.104;-7.462;20
-4.688;-0.636;-3.039;20
-0.389;0.602;-1.575;20
3.316;-1.431;2.639;20
7.099;-5.429;10.86;20
6.913;-3.827;11.915;20
4.347;2.0;8.084;20
4.04;4.952;2.312;20
1.87;3.864;-2.174;19
-3.464;2.402;-5.904;20
-8.727;1.067;-3.689;20
-6.152;1.531;1.62;20
-1.536;2.948;3.342;20
0.994;4.241;3.076;20
2.079;5.108;2.545;20
2.364;5.906;3.482;20
2.799;6.061;3.356;20
3.149;5.765;2.211;20
2.57;5.067;0.931;20
1.334;3.785;-1.124;20
0.668;1.606;-4.022;20
0.077;-1.845;-10.402;20
0.847;-9.312;-20.298;20
-1.731;-13.529;-14.063;20
-3.671;-5.703;-7.589;20
0.882;1.329;0.415;20
3.32;3.012;4.927;20
3.916;1.023;5.665;20
3.846;-5.335;3.252;20
0.611;-10.154;-8.942;20
3.836;-2.214;3.968;20
-1.095;8.973;9.782;20
-2.231;10.408;8.226;20
0.931;6.66;8.214;20
2.928;2.059;7.286;20
2.292;-1.339;2.238;20
-1.196;-5.342;-3.833;20
-0.064;-7.568;-2.068;20
-4.618;-1.716;2.807;20
-6.291;1.965;5.125;20
-4.821;2.426;5.88;20
-5.347;1.459;0.635;19
-4.169;-0.98;-8.277;20
-0.339;-1.533;-10.524;20
2.899;-1.365;-6.128;20
4.881;-1.133;-2.005;20
4.487;0.16;0.215;20
1.746;1.438;2.768;20
-0.789;0.819;1.86;20
-1.936;0.085;0.594;20
-2.919;0.557;0.383;20
-3.361;0.664;-0.214;20
-3.479;0.154;-0.268;20
-2.451;-0.666;1.415;20
-0.499;-1.663;2.314;20
2.199;-2.666;0.849;20
3.692;-4.125;-4.32;20
2.109;-4.997;-6.798;20
-2.109;-3.547;-9.959;20
-5.386;-3.016;-10.315;20
-5.451;-3.147;-1.34;20
-0.785;-2.306;10.513;20
3.187;-3.948;12.484;20
5.596;-4.337;11.295;20
5.468;0.152;9.725;20
4.652;5.341;2.176;20
3.351;3.61;-7.041;20
-1.678;1.681;-9.862;20
-7.623;1.122;-0.063;20
-6.281;2.31;3.296;20
-2.669;4.553;4.558;20
0.751;5.883;4.317;20
2.161;6.761;4.903;20
2.34;6.913;4.508;19
2.769;6.53;3.464;20
2.769;6.321;2.391;20
1.977;5.758;1.352;20
1.107;4.505;-0.791;20
0.273;1.601;-5.685;20
0.702;-3.411;-12.967;20
2.401;-14.975;-23.147;20
0.585;-16.129;-15.939;20
-1.859;-0.914;-4.149;20
2.105;3.547;2.826;20
3.823;3.006;4.551;20
3.925;-0.894;2.818;20
4.582;-10.086;-4.552;20
3.136;-6.288;4.471;20
-1.487;5.477;11.832;20
-4.826;10.229;7.571;20
-2.99;8.18;7.071;20
-0.723;4.016;6.701;20
0.218;-1.421;0.779;20
-0.405;-5.979;-1.478;20
-0.772;-6.556;1.207;20
-3.765;-2.355;3.347;20
-5.779;2.279;2.223;20
-4.033;2.744;2.178;20
-2.196;0.647;-4.11;20
0.238;-1.234;-11.861;20
2.363;-0.367;-8.699;20
3.171;-0.067;-2.202;20
3.362;-0.214;2.408;20
1.937;1.277;5.055;20
0.841;2.302;3.694;20
-0.186;2.294;2.211;19
-0.53;0.03;-0.677;20
-1.467;-1.56;-1.479;20
-2.988;-1.938;-0.992;20
-4.408;-1.608;-0.522;20
-5.414;-0.071;-3.498;20
-3.007;-0.122;1.364;20
2.089;-2.975;5.312;20
4.365;-3.65;-2.52;20
3.016;-2.992;-4.752;20
-1.482;-3.076;-9.511;20
-5.475;-3.421;-14.758;20
-4.779;-3.409;-5.537;20
-0.198;-2.754;8.691;20
3.536;-4.724;13.716;20
7.053;-6.751;12.299;20
7.558;-2.785;12.448;20
7.328;4.547;3.843;20
5.735;3.568;-7.0;20
-1.592;1.711;-12.45;20
-10.884;1.144;0.2;20
-10.763;3.75;3.96;20
-3.812;6.113;4.616;20
0.06;7.163;5.044;20
1.5;7.629;5.448;20
1.877;7.394;4.409;20
2.246;6.841;3.445;20
2.239;6.335;1.932;20
1.169;5.628;0.647;20
0.07;4.366;-1.089;20
-0.709;1.319;-5.823;20
-0.418;-5.011;-15.683;20
5.827;-19.4;-26.632;20
3.128;-13.718;-14.185;19
-2.501;0.457;-1.752;20
0.484;5.639;4.667;20
1.967;5.67;5.108;20
4.013;0.901;2.22;20
6.577;-8.49;-7.918;20
6.641;-11.45;0.787;20
1.108;0.648;11.162;20
-5.548;9.758;11.295;20
-4.502;9.095;9.827;20
-1.905;5.078;8.477;20
-1.936;-0.234;3.935;20
-2.269;-5.46;-2.732;20
-1.247;-5.163;-1.317;20
-2.953;-2.828;3.248;20
-4.99;0.081;4.623;20
-3.861;0.452;0.932;20
-1.678;0.325;0.157;20
-0.363;0.253;-5.748;20
1.336;-0.195;-11.179;20
2.816;0.575;-7.766;20
3.437;0.357;-1.53;20
2.939;0.154;3.68;20
0.687;0.862;6.692;20
-1.115;1.896;2.815;20
-0.872;2.031;1.514;20
-0.583;0.781;-0.564;20
-0.803;0.164;-0.84;20
-0.868;-0.191;-0.315;20
-0.758;-0.949;0.56;20
-1.416;-1.159;1.08;20
-2.657;-1.037;0.119;20
-3.356;-0.624;0.011;20
-1.441;-0.282;1.812;19
2.294;-1.559;0.446;20
5.144;-3.187;-3.157;20
4.311;-2.9;-6.822;20
0.045;-2.41;-8.972;20
-3.725;-3.15;-9.324;20
-5.473;-4.127;-4.862;20
-4.398;-4.057;2.785;20
-0.451;-3.679;10.404;20
2.262;-3.658;13.796;20
2.625;-1.869;15.21;20
2.831;3.963;8.52;20
3.463;3.764;-7.061;20
2.809;1.257;-14.638;20
-1.15;1.452;-3.032;20
-5.435;1.674;1.488;20
-5.225;3.112;3.563;20
-2.036;4.283;3.587;20
0.039;5.72;4.863;20
1.612;6.611;4.659;20
2.349;6.878;2.963;20
2.013;6.921;1.996;20
1.598;6.509;1.25;20
1.753;5.193;-0.197;20
1.253;3.196;-3.639;20
0.631;0.284;-7.288;20
-1.043;-6.148;-15.342;20
2.316;-17.839;-19.895;20
-0.093;-9.789;-12.025;20
1.441;-0.031;-0.925;20
4.427;1.813;4.243;20
5.189;-3.992;2.764;20
1.335;-15.999;-12.285;20
1.518;-1.112;9.279;19
-3.026;10.819;16.324;20
-4.166;12.557;9.925;20
-0.039;9.251;9.746;20
2.843;4.304;7.385;20
2.667;1.327;0.721;20
1.092;-1.756;-3.166;20
-0.507;-9.142;-2.461;20
-2.188;-10.033;1.919;20
-6.89;-1.331;5.451;20
-5.987;1.66;5.061;20
-5.5;0.897;-1.019;20
-3.589;-0.729;-14.815;20
0.512;0.188;-13.315;20
2.883;0.614;-4.004;20
4.282;-0.044;1.156;20
5.064;0.027;3.775;20
4.173;1.535;3.201;20
2.715;2.386;1.942;20
0.181;1.17;1.327;20
-1.584;0.007;0.571;20
-2.876;0.173;1.155;20
-3.71;-0.777;1.059;20
-4.408;-2.562;-0.354;20
-4.2;-2.021;-4.445;20
-0.988;-1.579;-3.809;20
1.624;-3.499;-1.778;20
1.419;-3.783;-4.83;20
-1.284;-2.857;-6.163;20
-4.296;-2.585;-6.025;20
-4.158;-3.297;-1.624;20
0.74;-3.482;8.124;20
4.227;-4.387;13.364;19
3.122;-2.971;11.983;20
3.267;0.579;11.812;20
3.834;4.24;1.172;20
2.193;2.915;-13.608;20
0.89;1.525;-7.012;20
-4.3;1.571;1.493;20
-8.675;3.151;5.181;20
-3.733;4.437;4.482;20
-0.1;5.299;4.057;20
1.309;6.154;4.697;20
2.044;6.699;4.178;20
2.521;6.61;2.868;20
2.22;6.484;2.097;20
1.679;6.397;1.855;20
1.831;4.939;-0.424;20
2.49;1.604;-4.439;20
3.221;-4.922;-15.805;20
4.287;-20.309;-30.729;20
-4.098;-10.362;-8.151;20
-1.859;1.922;1.322;20
2.009;4.762;3.252;20
2.656;3.942;2.784;20
3.553;-1.814;-3.032;20
6.826;-15.892;-5.7;20
5.33;-9.362;7.331;20
-4.11;9.022;12.527;20
-5.546;12.018;7.903;20
-2.207;8.952;8.261;20
0.572;4.276;9.248;20
1.323;0.988;3.039;20
0.49;-3.548;-2.78;20
0.659;-8.098;-2.056;19
-0.979;-7.089;0.988;20
-5.679;0.429;5.112;20
-5.498;2.482;2.739;20
-4.186;1.924;2.068;20
-3.811;-0.627;-3.916;20
-2.235;-0.994;-12.574;20
2.005;0.431;-9.694;20
4.578;-0.257;-3.659;20
5.002;-0.674;2.407;20
2.647;0.721;6.044;20
-0.649;1.363;1.779;20
-1.061;0.558;-0.069;20
-1.574;0.647;-0.374;20
-1.921;0.226;-0.693;20
-2.45;-1.675;-0.418;20
-3.952;-1.68;-0.276;20
-5.299;-0.124;-2.181;20
-2.943;-0.528;0.226;20
2.335;-2.384;3.54;20
4.343;-2.334;-3.049;20
4.138;-2.103;-5.901;20
-0.927;-2.724;-8.095;20
-5.359;-2.742;-8.477;20
-4.753;-1.655;-2.498;20
0.514;-1.569;4.697;20
4.497;-4.629;12.919;20
5.048;-5.421;13.649;20
4.593;-0.483;12.732;20
4.708;4.374;0.251;20
1.766;4.101;-8.024;20
-2.883;1.256;-9.147;20
-8.332;0.997;-0.613;19
-6.252;2.63;2.656;20
-1.657;4.323;2.784;20
0.678;5.26;4.709;20
1.799;6.015;4.486;20
2.773;6.2;4.115;20
2.978;6.036;3.242;20
2.845;5.659;2.031;20
2.304;4.933;0.888;20
1.572;3.672;-0.91;20
0.526;1.122;-4.996;20
-0.608;-2.774;-11.138;20
0.598;-11.041;-18.756;20
1.627;-12.84;-13.187;20
-2.148;-3.987;-7.289;20
-1.56;1.029;-1.912;20
0.082;3.425;0.984;20
0.109;4.143;2.572;20
-2.924;2.186;1.114;20
-3.146;-2.127;3.145;20
0.24;-8.569;4.991;20
2.28;-4.128;6.163;20
1.747;2.671;2.371;20
2.257;4.591;2.461;20
4.86;2.49;3.916;20
5.041;1.645;2.781;20
1.747;2.652;-0.083;20
-0.531;0.699;-0.405;20
-1.115;-3.045;3.43;20
-3.048;-3.146;5.666;20
-5.223;-0.295;4.522;20
-5.191;1.462;1.963;20
-3.117;1.241;1.571;20
-0.96;-0.739;-1.584;19
1.357;-1.743;-8.094;20
3.129;-0.902;-11.32;20
3.48;0.41;-5.964;20
2.765;0.876;0.634;20
1.191;1.121;7.022;20
-1.489;1.397;7.221;20
-2.127;1.617;2.314;20
-0.774;0.622;0.301;20
-0.422;-0.404;-0.594;20
-0.954;-1.397;-1.022;20
-1.515;-2.163;0.057;20
-3.033;-1.07;0.401;20
-4.498;1.176;-2.658;20
-3.086;0.852;0.091;20
1.473;-2.983;6.696;20
3.136;-3.959;-2.106;20
3.992;-3.469;-4.227;20
-0.075;-3.644;-7.492;20
-3.492;-2.553;-10.226;20
-2.892;-1.191;-8.182;20
-0.536;-0.715;-2.075;20
0.643;-0.701;7.92;20
2.578;-3.394;12.119;20
5.072;-5.144;9.613;20
5.98;-2.002;7.322;20
3.425;2.475;-0.138;20
-0.528;2.719;-1.073;20
-5.407;2.247;-2.637;20
-8.643;1.762;-3.893;20
-3.817;1.903;-1.319;20
0.195;3.428;3.73;20
1.812;5.51;5.047;20
2.603;6.743;4.451;20
2.499;7.1;4.157;19
2.111;6.695;2.84;20
1.891;6.058;1.533;20
1.422;4.988;0.131;20
0.706;2.995;-2.158;20
0.47;0.021;-8.476;20
-0.284;-6.604;-20.097;20
2.066;-17.845;-15.8;20
-0.519;-6.792;-8.452;20
0.778;0.739;-3.925;20
-1.356;3.586;-2.288;20
-0.525;4.64;10.448;20
2.022;-1.315;10.216;20
3.1;-6.758;5.853;20
0.489;-0.796;4.602;20
0.004;3.522;4.78;20
1.074;1.912;3.951;20
1.797;-0.328;1.865;20
0.413;0.639;-1.173;20
-0.995;1.896;-2.577;20
-1.678;1.071;-0.165;20
-2.016;-1.803;2.348;20
-4.298;-2.659;3.972;20
-5.251;-0.876;3.787;20
-4.554;0.734;2.267;20
-2.672;0.251;-1.807;20
0.022;-0.703;-7.209;20
2.362;-0.366;-8.704;20
3.988;-0.148;-5.153;20
4.041;-0.14;0.038;20
1.787;1.013;2.809;20
-0.092;1.358;4.843;20
-1.272;1.444;2.962;20
-0.863;1.088;0.712;20
-0.584;0.532;0.404;19
-0.932;0.229;-0.482;20
-1.487;-0.806;0.131;21
-2.029;-1.633;1.814;19
-3.077;-1.446;0.117;20
-0.959;-2.057;-0.887;20
2.002;-3.271;-2.648;20
3.434;-4.153;-7.095;20
1.588;-4.446;-12.625;20
-1.7;-4.895;-9.558;20
-3.219;-4.32;-0.528;20
-2.077;-2.631;8.128;20
1.912;-3.345;13.238;20
3.79;-3.89;12.512;20
5.368;0.283;10.599;20
4.371;3.941;-1.456;20
-0.057;2.762;-6.696;20
-7.368;1.413;-3.904;20
-10.044;2.12;-0.419;20
-3.405;3.083;2.121;20
-0.352;5.085;3.157;20
0.788;5.995;3.799;20
1.943;6.402;3.925;20
2.094;6.721;4.38;20
2.284;6.421;3.739;20
2.483;5.517;2.221;20
1.916;4.359;0.6;20
1.211;3.102;-1.007;20
1.512;0.963;-3.264;20
1.739;-2.393;-6.676;20
2.957;-9.848;-18.997;20
3.017;-15.73;-22.425;20
-3.443;-5.78;-6.47;20
-1.399;1.708;0.263;20
-0.092;5.983;2.351;19
-0.246;7.273;5.182;20
-0.114;5.223;7.84;20
1.076;0.992;10.374;20
3.791;-13.469;11.205;20
0.909;-17.139;1.79;20
-0.412;-3.355;-1.955;20
-3.421;6.067;-7.012;20
-2.097;8.469;-4.77;20
0.591;7.441;-0.318;20
2.411;4.793;3.414;20
2.952;1.201;7.542;20
2.958;-3.468;3.904;20
0.981;-5.934;-0.468;20
-4.188;-0.914;0.722;20
-4.789;0.791;0.501;20
-3.976;1.47;2.992;20
-3.44;1.741;1.454;20
-2.278;1.359;-5.741;20
0.454;0.486;-8.253;20
1.587;0.575;-2.832;20
2.909;0.094;6.129;20
1.441;1.479;5.151;20
1.393;2.266;0.478;20
1.689;1.009;0.796;20
0.448;-0.497;-1.193;20
-0.331;-1.379;-1.348;20
-1.373;-1.721;-1.208;20
-2.595;-1.962;-0.31;20
-4.261;-1.147;-1.007;20
-4.963;0.636;-3.272;20
-1.69;0.576;4.072;20
1.752;-1.198;6.432;20
3.797;-3.038;-3.067;20
5.49;-4.239;-3.998;19
2.191;-3.879;-8.174;20
-2.845;-4.73;-13.486;20
-5.972;-3.478;-8.934;20
-4.708;-1.768;0.564;20
-0.583;-1.689;11.788;20
3.715;-4.731;13.85;20
8.119;-6.196;11.191;20
8.514;0.272;4.776;20
4.163;3.663;-5.329;20
-3.437;3.371;-1.313;20
-9.895;3.149;-2.079;20
-6.732;2.033;-3.46;20
-1.995;3.354;1.198;20
0.048;5.134;4.457;20
1.752;5.998;4.624;20
2.369;6.424;4.344;20
1.928;6.324;3.606;20
1.436;5.999;2.337;20
1.383;5.331;0.876;20
1.156;4.5;-0.377;20
0.957;3.442;-1.42;20
0.176;1.333;-4.01;20
0.592;-2.5;-8.004;20
2.134;-9.696;-17.805;20
4.861;-16.868;-21.381;20
-2.484;-6.761;-8.476;20
-2.228;1.814;1.178;20
-0.41;5.651;3.225;20
-0.338;6.797;5.097;20
-0.727;5.79;7.367;20
2.139;0.738;10.406;20
4.826;-12.062;11.459;20
1.298;-17.566;1.081;20
-0.359;-4.372;-4.459;19
-4.055;6.632;-5.958;20
-1.871;8.943;-3.438;20
0.378;7.324;1.199;20
2.277;4.684;6.314;20
2.02;1.472;5.718;20
0.697;-1.725;3.019;20
1.628;-5.099;2.583;20
-2.959;-2.558;1.974;20
-4.947;0.11;1.892;20
-3.075;0.34;1.998;20
-2.439;0.863;2.452;20
-1.795;1.001;-0.524;20
-0.159;-0.321;-6.84;20
0.512;-0.001;-10.639;20
1.034;0.485;-4.78;20
1.925;0.269;4.843;20
0.663;1.119;7.439;20
0.143;1.562;0.829;20
1.125;0.482;-0.32;20
0.361;-0.093;-0.897;20
-0.484;-0.165;-0.947;20
-1.318;-1.087;-1.165;20
-2.436;-1.687;-1.49;20
-3.442;-0.738;-2.03;20
-3.546;-0.109;-2.262;20
-1.715;-0.724;0.842;20
1.376;-2.135;3.799;20
3.06;-3.585;-1.246;20
3.707;-3.128;-3.79;20
0.658;-2.781;-9.15;20
-4.366;-2.653;-15.412;20
-4.344;-2.802;-6.192;20
-2.236;-4.172;3.972;19
0.826;-5.68;15.066;20
6.388;-7.028;17.046;20
7.399;-0.942;10.246;20
2.392;4.421;-0.67;20
-4.315;3.976;0.249;20
-9.504;3.047;-9.684;20
-2.892;1.249;-4.973;20
-0.068;2.994;3.205;20
0.587;5.825;5.443;20
1.089;6.888;4.66;20
1.555;7.149;4.718;20
2.091;7.048;4.274;20
2.867;6.564;2.963;20
2.592;5.561;1.845;20
1.71;4.116;0.149;20
1.298;2.765;-1.556;20
1.162;0.262;-4.448;20
1.57;-3.739;-8.763;20
3.931;-10.188;-18.425;20
2.647;-13.338;-17.338;20
-3.246;-5.541;-5.982;20
-1.361;1.54;1.443;20
-0.493;4.933;3.727;20
3.557;1.622;9.345;20
7.892;-8.626;11.526;20
1.996;-10.61;5.059;20
0.993;-3.524;-0.252;20
-3.091;7.268;0.281;20
-3.219;8.89;-0.627;20
-2.387;7.856;0.88;20
-1.23;4.789;1.304;20
-0.575;0.869;1.154;19
-1.156;-2.531;2.782;20
-2.065;-5.66;4.553;20
-3.916;-4.409;3.519;20
-3.943;-0.133;0.609;20
-3.359;1.873;-3.502;20
-0.539;0.808;-4.638;20
1.62;0.634;-3.617;20
2.538;0.603;-1.781;20
2.12;0.795;0.144;20
1.641;0.657;2.661;20
0.86;0.797;3.558;20
0.534;1.545;2.239;20
1.237;1.909;-0.028;20
1.396;1.079;-0.481;20
0.753;-0.028;-0.138;20
-0.255;0.402;0.243;20
-1.249;0.334;-0.556;20
-2.118;-1.617;-1.447;20
-3.243;-2.788;-0.988;20
-4.415;-2.191;-0.446;20
-3.044;-1.514;-2.791;20
0.923;-3.156;-4.614;20
2.881;-4.44;-4.299;20
1.273;-4.399;-5.658;20
-2.762;-4.043;-5.92;20
-3.815;-3.939;-4.252;20
-0.677;-2.27;3.506;20
3.802;-2.843;10.24;20
5.135;-2.942;14.191;20
3.952;0.805;11.319;20
3.872;3.268;-0.304;20
1.087;3.923;-5.801;20
-4.48;1.924;-4.203;20
-9.267;0.491;-2.181;20
-4.396;0.903;0.463;20
-1.108;2.934;3.427;19
0.924;5.238;4.113;20
1.916;6.521;4.47;20
2.029;6.879;4.181;20
1.933;6.735;3.203;20
1.439;6.348;2.189;20
0.824;5.672;1.274;20
0.672;4.375;-0.674;20
0.783;2.169;-3.606;20
2.243;-1.641;-8.264;20
2.909;-10.689;-20.357;20
3.383;-19.513;-17.407;20
-0.083;-6.229;-4.498;20
1.346;1.269;0.804;20
0.618;5.48;1.037;20
2.163;3.488;8.173;20
5.552;-5.465;10.208;20
1.727;-9.107;5.097;20
0.618;-3.892;-0.017;20
-3.049;5.917;1.237;20
-3.986;7.316;1.383;20
-3.464;6.735;3.689;20
-3.165;4.578;0.506;20
-2.589;1.274;0.672;20
-2.1;-2.631;4.306;20
-2.576;-5.059;7.792;20
-2.838;-3.511;2.009;20
-1.429;-1.511;1.908;20
0.162;-1.437;-8.58;20
2.63;0.778;-14.981;20
4.001;1.827;-6.716;20
3.553;1.194;2.232;20
1.461;0.996;10.618;20
-2.095;0.891;6.557;20
-1.7;0.988;3.242;20
0.543;1.89;1.326;19
1.319;1.326;-0.748;20
1.352;0.228;-1.665;20
0.808;-0.908;-1.741;20
-0.492;-0.795;-1.715;20
-2.201;-1.403;-2.722;20
-4.077;-1.817;-2.523;20
-4.446;-1.1;0.745;20
-2.307;-0.89;1.467;20
2.009;-1.651;-2.925;20
4.385;-3.033;-4.093;20
2.376;-3.256;-4.815;20
-0.426;-2.706;-5.456;20
-3.344;-2.226;-5.916;20
-4.955;-2.912;-3.499;20
-4.265;-2.954;2.978;20
-0.741;-3.35;10.592;20
2.108;-3.777;11.766;20
1.999;-1.205;10.819;20
1.563;3.367;7.438;20
0.643;3.864;-3.732;20
-2.707;2.223;-10.247;20
-2.267;1.011;-3.926;20
-1.272;0.973;-2.098;20
-1.589;1.618;2.22;20
-1.106;2.86;4.157;20
0.342;4.232;4.159;20
1.764;5.382;3.854;20
2.433;6.264;4.186;20
2.613;6.403;3.147;20
2.447;5.726;1.613;20
2.283;4.876;0.223;20
2.073;3.551;-1.499;20
2.063;1.529;-4.122;20
2.205;-1.692;-9.473;19
1.638;-7.259;-18.238;20
-0.82;-10.523;-12.684;20
-3.413;-5.096;-8.37;20
-0.682;-0.084;-2.929;20
1.534;2.923;1.86;20
0.765;3.881;4.801;20
1.101;0.756;5.596;20
4.873;-10.548;2.932;20
4.543;-10.974;0.613;20
1.079;2.859;3.586;20
-0.71;8.318;4.886;20
0.454;6.839;4.719;20
1.747;3.678;4.801;20
0.618;1.022;2.704;20
-1.172;-2.055;1.214;20
-1.501;-4.804;2.697;20
-2.702;-4.756;3.426;20
-5.942;0.073;5.175;20
-4.978;1.882;2.029;20
-4.019;2.254;0.269;20
-2.913;0.276;-2.041;20
-0.019;-2.007;-8.032;20
3.16;-1.418;-9.863;20
4.947;-0.708;-4.352;20
3.383;0.123;2.375;20
-0.624;1.187;4.054;20
-2.565;1.28;3.326;20
-1.562;0.584;0.438;20
-1.031;0.032;-1.066;20
-0.794;0.413;-1.082;20
-0.403;-0.957;-1.298;20
-0.14;-1.889;-0.625;20
-0.965;-1.617;-0.059;20
-1.936;-1.629;1.427;20
-0.982;-3.516;-1.9;19
0.176;-3.827;-4.595;20
-0.978;-2.743;-6.161;20
-3.259;-3.359;-7.263;20
-4.447;-2.689;-3.876;20
-0.357;-2.09;-0.291;20
3.594;-3.531;6.878;20
7.643;-5.337;13.721;20
6.067;-0.887;11.108;20
5.779;2.976;8.245;20
4.515;5.091;-4.098;20
1.001;3.27;-10.386;20
-2.692;0.367;-5.964;20
-8.648;-0.924;1.639;20
-7.869;1.396;6.005;20
-2.65;4.116;4.443;20
0.705;5.503;3.456;20
1.706;6.577;3.516;20
1.723;6.758;3.064;20
1.854;6.682;2.218;20
1.418;6.395;1.174;20
0.383;5.625;-0.615;20
-0.271;4.241;-4.319;20
0.537;1.649;-9.281;20
2.692;-4.514;-14.538;20
4.924;-8.344;-11.761;20
1.797;-6.561;-8.449;20
-0.295;-3.297;-5.378;20
2.648;-2.336;1.88;20
2.35;-7.502;-2.516;20
-0.131;-7.569;-5.507;20
1.102;1.522;8.317;20
-1.859;8.892;12.208;20
-2.081;10.195;8.73;20
1.127;6.979;7.666;19
3.373;2.553;5.674;21
2.819;-0.417;2.145;20
0.955;-5.217;-2.213;19
-1.559;-12.031;-4.546;20
-5.285;-8.318;0.773;20
-7.723;-0.329;6.854;20
-7.642;3.365;-1.735;20
-6.216;3.078;-8.761;20
-2.607;2.154;-8.247;20
0.322;1.159;-1.717;20
3.406;-0.627;2.261;20
5.99;-1.646;3.504;20
5.573;0.229;0.971;20
3.849;1.515;-1.566;20
1.591;1.182;0.156;20
-0.61;0.645;1.789;20
-1.95;0.369;0.985;20
-2.379;0.796;0.458;20
-2.248;0.696;-0.031;20
-2.037;-0.626;0.327;20
-2.294;-1.272;0.732;20
-2.682;-0.669;0.584;20
-2.649;-1.042;1.017;20
-0.88;-3.354;0.461;20
1.52;-4.564;-1.844;20
1.82;-4.436;-3.604;20
-2.107;-5.062;-5.91;20
-4.227;-3.475;-4.232;20
-0.066;0.165;-2.466;20
3.548;0.308;-0.014;20
7.083;-2.273;7.481;20
8.43;-2.58;11.492;20
8.128;1.245;8.508;20
5.414;3.57;-1.445;20
0.922;2.973;-4.788;19
-5.806;1.023;1.227;20
-13.148;-0.031;-0.567;20
-9.666;0.688;-0.772;20
-1.13;2.546;2.685;20
2.577;4.2;2.752;20
2.41;5.177;2.135;20
1.673;6.079;2.535;20
0.572;6.363;3.052;20
0.031;6.01;2.471;20
-0.061;5.237;1.394;20
0.005;4.351;0.18;20
-0.217;3.18;-2.698;20
1.063;0.498;-7.182;20
4.886;-5.869;-18.237;20
5.632;-11.783;-14.821;20
-0.743;-8.159;-8.897;20
-1.232;-2.282;-1.871;20
1.933;0.742;2.208;20
3.148;-0.417;3.912;20
5.307;-7.85;2.833;20
1.524;-10.987;-8.245;20
2.857;0.015;5.042;20
-2.105;9.86;11.736;20
-3.908;11.076;9.157;20
-1.937;8.482;7.335;20
0.86;3.82;5.638;20
0.345;0.208;2.463;20
-2.395;-5.3;-1.508;20
-2.55;-8.203;-0.199;20
-4.007;-5.765;2.869;20
-5.879;0.674;2.568;20
-4.397;1.779;2.2;20
-3.145;0.874;-0.935;20
-1.579;-0.255;-4.974;19
0.506;-0.345;-7.379;20
2.34;0.413;-6.094;20
3.661;0.031;-3.017;20
4.099;-0.333;0.693;20
3.21;0.453;4.942;20
1.101;1.888;5.155;20
-0.227;1.849;1.83;20
-0.162;0.502;0.069;20
-0.412;0.136;-0.597;20
-0.88;0.434;-0.527;20
-1.266;-0.918;-0.731;20
-2.438;-1.655;-0.197;20
-4.185;-1.12;0.581;20
-5.047;-0.378;0.176;20
-3.071;-0.915;-0.793;20
1.769;-3.182;-0.039;20
4.066;-3.411;-3.081;20
2.625;-3.85;-6.229;20
-2.447;-4.026;-7.387;20
-5.698;-2.013;-5.647;20
-3.241;-0.009;-2.159;20
0.537;-0.113;2.433;20
3.258;-2.957;8.962;20
4.898;-4.326;13.175;20
4.223;-0.344;12.128;20
2.535;3.713;3.082;20
-0.06;3.323;-6.368;20
-6.019;1.918;-3.527;20
-8.107;-0.309;-4.714;20
-3.717;0.103;-1.658;20
0.177;1.507;2.363;20
1.691;3.696;4.14;20
2.751;5.295;3.346;20
2.602;6.128;3.478;20
2.584;6.579;3.14;20
2.779;6.043;2.181;19
2.82;4.65;0.39;20
2.582;3.409;-0.547;20
2.549;2.394;-1.258;20
2.265;1.08;-3.369;20
1.084;-1.176;-7.461;20
-0.463;-5.78;-15.142;20
-1.613;-10.168;-11.381;20
-4.269;-6.228;-8.108;20
-2.888;-1.657;-4.799;20
0.599;1.994;3.026;20
4.196;0.738;4.998;20
4.578;-3.783;-1.747;20
5.121;-8.727;-6.28;20
3.54;-5.09;2.823;20
-1.972;5.877;11.345;20
-3.824;9.353;9.083;20
-0.974;7.061;8.609;20
0.817;4.197;5.964;20
1.055;0.475;1.591;20
0.509;-4.815;-2.208;20
-1.469;-5.785;-0.362;20
-3.803;-3.571;5.43;20
-5.806;-0.094;7.067;20
-5.641;1.179;-0.338;20
-3.637;0.64;-5.77;20
-0.283;-0.105;-9.348;20
2.487;-0.383;-7.135;20
3.912;-0.534;-2.806;20
4.331;-0.433;-0.213;20
3.44;0.394;1.418;20
2.095;1.205;2.59;20
0.375;1.343;2.68;20
-1.035;0.698;2.391;20
-1.576;-0.124;0.925;20
-2.172;0.2;0.025;19
-2.734;0.223;-0.038;20
-3.34;-0.738;-0.204;20
-4.63;-0.488;-1.19;20
-4.758;0.716;-2.455;20
-1.433;0.073;0.125;20
3.484;-1.903;4.539;20
6.264;-4.181;-1.356;20
6.265;-3.553;-5.387;20
1.803;-3.489;-6.25;20
-3.062;-4.487;-7.799;20
-7.14;-2.824;-6.243;20
-5.643;-1.154;-0.803;20
-1.121;-2.04;6.949;20
2.825;-4.47;12.306;20
3.468;-2.532;13.26;20
3.559;2.748;9.179;20
3.805;4.464;-2.129;20
0.228;3.067;-5.846;20
-5.529;1.684;-4.866;20
-5.705;0.01;-3.153;20
-1.436;0.692;0.234;20
0.328;2.53;2.945;20
0.922;4.748;4.65;20
1.699;6.353;4.693;20
1.787;7.079;4.304;20
2.032;6.755;3.024;20
2.129;6.027;1.443;20
2.012;4.913;0.257;20
2.174;3.787;-1.847;20
1.754;1.486;-5.721;20
0.673;-2.115;-12.438;20
0.841;-7.594;-15.839;20
0.524;-9.708;-9.545;20
-2.45;-5.042;-7.595;20
-1.154;-0.53;-4.578;19
1.346;2.249;1.489;20
2.904;0.826;3.835;20
2.602;-8.106;-4.667;20
1.615;-12.494;-3.554;20
1.469;2.927;13.248;20
-3.178;11.667;11.732;20
-1.833;10.721;8.79;20
2.196;5.887;8.244;20
3.813;1.341;4.73;20
3.689;-2.44;-0.338;20
0.293;-7.953;-5.594;20
-1.495;-10.33;-4.307;20
-6.147;-3.584;2.413;20
-7.703;1.454;7.336;20
-8.344;4.097;0.01;20
-5.297;2.427;-7.525;20
-0.419;0.948;-7.394;20
3.387;-0.718;-2.661;20
6.291;-2.028;0.41;20
6.068;-0.218;1.815;20
3.919;1.897;1.852;20
1.881;1.903;1.16;20
-0.455;1.247;0.669;20
-1.556;-0.331;1.041;20
-1.905;-1.031;1.08;20
-2.255;-0.404;0.383;20
-2.566;-0.32;0.199;20
-3.281;-0.814;-0.639;20
-3.798;-0.482;-2.513;20
-2.311;-0.636;0.536;20
0.301;-2.14;3.983;20
2.563;-3.099;-2.76;20
3.836;-3.599;-4.343;20
-0.295;-3.982;-8.279;20
-3.913;-4.89;-10.088;19
-3.493;-2.583;-2.548;20
1.249;-1.962;5.853;20
5.397;-4.796;12.47;20
7.02;-4.804;11.689;20
5.828;0.687;9.278;20
4.606;4.076;0.764;20
0.524;4.025;-5.529;20
-5.432;2.608;-4.673;20
-10.374;1.197;-3.017;20
-7.349;2.292;2.781;20
-2.108;4.656;3.953;20
0.55;5.784;3.653;20
1.696;6.168;3.914;20
1.912;6.595;4.281;20
2.125;6.263;3.091;20
1.848;5.776;2.116;20
0.95;4.988;0.669;20
-0.451;3.761;-2.15;20
-0.772;0.853;-7.066;20
1.548;-4.582;-13.95;20
4.995;-11.636;-16.705;20
1.231;-10.557;-14.147;20
-2.75;-2.804;-6.982;20
-1.578;2.4;-1.493;20
-1.358;5.502;2.962;20
-0.086;5.148;8.692;20
0.802;1.895;11.038;20
3.394;-3.221;11.281;20
6.446;-13.279;-0.505;20
6.789;-9.837;-7.645;20
0.999;3.619;0.753;20
-0.233;7.121;3.918;20
0.392;4.519;5.908;20
-1.106;2.507;4.764;20
-2.922;1.002;2.901;19
-2.552;-1.887;5.627;20
-2.512;-4.046;4.097;20
-5.177;-1.459;3.903;20
-5.669;1.63;0.835;20
-3.628;2.598;-0.107;20
-0.992;0.282;-1.695;20
1.524;-2.974;-8.047;20
2.908;-2.012;-12.339;20
3.388;-0.486;-4.97;20
1.935;0.497;2.823;20
-1.504;1.448;6.579;20
-2.476;2.119;3.209;20
-0.843;1.577;1.183;20
-0.16;0.913;-0.296;20
-0.566;-0.031;-1.623;20
-1.378;-2.195;-1.288;20
-2.693;-2.157;0.678;20
-2.073;-1.388;1.172;20
1.771;-1.737;-0.886;20
4.998;-3.48;-5.519;20
2.579;-3.029;-6.355;20
-0.88;-3.278;-5.98;20
-4.453;-4.569;-6.421;20
-7.195;-2.991;-2.415;20
-2.989;-0.971;3.467;20
1.737;-1.963;8.002;20
5.529;-3.647;11.254;20
5.734;-1.21;8.609;20
4.769;3.494;6.235;20
4.107;4.607;-0.545;20
-0.508;4.329;-4.638;20
-5.368;1.982;-6.172;20
-8.308;0.191;-2.527;20
-4.111;0.721;2.283;19
-1.032;1.921;3.972;20
1.441;3.795;3.423;20
2.805;5.365;3.7;20
2.963;6.5;3.88;20
2.679;6.739;3.247;20
2.322;6.269;2.27;20
2.232;5.399;1.144;20
1.273;4.429;-1.128;20
0.49;2.101;-5.694;20
1.279;-2.239;-13.274;20
1.696;-9.815;-18.809;20
-1.037;-13.01;-11.361;20
-2.224;-5.413;-6.414;20
1.527;0.374;-0.675;20
3.527;2.58;2.466;20
2.843;2.208;4.317;20
3.261;-2.774;1.873;20
2.002;-8.281;-3.179;20
1.412;-3.208;4.321;20
-2.385;7.284;10.297;20
-3.379;9.248;8.012;20
-1.287;6.601;7.356;20
1.742;1.686;6.006;20
2.366;-4.392;0.312;20
-0.448;-6.774;-2.863;20
-1.129;-5.33;-1.67;20
-4.436;-0.344;1.306;20
-5.203;1.845;4.498;20
-4.91;2.065;4.752;20
-5.19;2.242;-0.714;20
-3.38;0.246;-6.562;20
0.137;-0.784;-6.602;20
4.027;-1.81;-4.077;20
6.083;-1.578;-2.851;20
4.296;0.496;-1.097;19
0.822;1.365;1.687;20
-1.523;0.311;2.438;20
-2.094;-0.069;1.513;20
-2.385;0.615;-0.065;20
-2.697;1.23;-0.778;20
-2.595;-0.059;-0.145;20
-2.016;-1.61;1.453;20
-1.812;-1.943;0.582;20
0.485;-2.351;0.402;20
2.977;-3.647;-3.383;20
3.101;-4.101;-6.138;20
-0.263;-3.758;-9.692;20
-3.637;-4.608;-12.542;20
-3.725;-4.484;-2.041;20
-0.104;-2.607;11.592;20
3.911;-4.344;13.465;20
4.895;-4.015;12.685;20
5.05;0.914;11.784;20
4.808;4.53;0.92;20
1.007;3.374;-10.394;20
-5.543;0.308;-10.356;20
-10.737;0.617;0.757;20
-6.502;2.874;4.565;20
-1.73;5.274;4.822;20
0.886;6.886;4.9;20
1.513;7.967;5.817;20
2.132;8.053;4.881;20
3.021;7.546;3.478;20
3.117;6.927;2.581;20
1.962;6.027;1.834;20
1.122;4.063;-0.532;20
1.422;0.459;-4.254;20
1.359;-6.913;-13.651;19
5.843;-26.63;-36.097;20
-1.909;-11.806;-12.663;20
-3.258;3.4;1.024;20
0.637;6.384;6.371;20
2.49;5.974;6.417;20
3.27;2.051;-0.15;20
5.429;-5.908;-5.561;20
6.678;-11.217;2.5;20
0.873;-1.085;8.686;20
-5.084;9.602;9.164;20
-3.321;8.447;8.3;20
-0.76;5.149;7.621;20
1.412;0.596;6.546;20
0.593;-3.992;0.577;20
-0.584;-5.124;-2.778;20
-1.314;-4.27;-0.987;20
-3.98;-1.248;0.806;20
-5.908;1.65;1.033;20
-5.037;2.299;3.161;20
-4.591;2.089;0.375;20
-2.171;-0.519;-4.98;20
0.706;-0.742;-8.494;20
3.799;-0.911;-5.706;20
4.965;-0.739;-3.298;20
3.867;0.469;-1.015;20
1.662;1.577;1.181;20
-0.914;1.324;2.959;20
-1.936;-0.08;1.207;20
-2.195;-0.732;-0.059;20
-3.07;0.257;0.075;20
-3.709;0.709;1.015;20
-4.049;0.04;0.706;20
-3.256;-1.044;0.081;20
0.801;-1.952;2.863;20
3.715;-3.51;-2.486;19
3.946;-4.38;-5.393;20
0.399;-4.122;-7.937;20
-3.841;-4.83;-11.751;20
-5.134;-4.435;-6.106;20
-1.099;-2.349;6.567;20
3.256;-3.712;14.508;20
3.584;-4.775;13.134;20
4.849;-2.744;14.339;20
5.537;3.897;3.968;20
4.475;2.755;-10.702;20
-0.39;1.608;-10.409;20
-8.292;2.174;1.461;20
-9.409;4.213;4.793;20
-2.083;5.496;4.03;20
0.843;6.638;4.395;20
1.874;6.729;4.829;20
2.144;6.725;4.923;20
3.037;6.07;3.611;20
3.172;6.107;2.2;20
2.442;6.07;1.703;20
2.16;4.626;-0.544;20
2.134;1.653;-4.768;20
1.595;-3.541;-12.999;20
0.892;-19.607;-31.45;20
-3.61;-14.328;-13.984;20
-2.759;1.168;-1.986;20
-0.08;5.932;3.342;20
2.438;5.894;6.002;20
3.838;2.611;5.819;20
3.684;-4.013;1.432;20
3.464;-12.182;-1.456;20
0.723;-3.128;6.019;20
-2.6;6.477;6.532;20
-1.097;6.829;5.227;19
1.007;3.911;5.559;20
1.826;0.865;4.322;20
-0.111;-0.77;0.765;20
-1.918;-2.237;0.281;20
-1.774;-4.757;-0.034;20
-4.146;-2.172;0.622;20
-5.637;1.722;2.234;20
-4.963;3.376;3.41;20
-4.48;2.521;0.942;20
-2.517;-0.036;-3.307;20
1.122;-0.73;-4.374;20
4.417;-1.007;-4.486;20
6.133;-0.499;-3.821;20
4.505;0.831;-0.555;20
-0.504;0.362;-0.112;20
-2.552;-0.186;0.371;20
-2.723;-0.376;-0.757;20
-2.91;-0.254;-1.586;20
-2.806;-1.526;-1.629;20
-3.531;-1.831;-1.052;20
-3.248;-1.708;0.005;20
0.001;-1.703;-1.748;20
2.596;-2.369;-6.313;20
2.624;-3.125;-8.725;20
0.427;-4.709;-11.348;20
-0.703;-7.326;-3.335;20
-2.447;-5.074;14.21;20
1.249;-3.854;14.358;20
3.224;-3.411;10.875;20
3.783;-1.268;11.175;20
3.549;2.599;3.582;20
1.385;2.451;-8.308;20
-0.582;1.188;-10.412;19
-5.376;2.469;1.723;20
-7.037;5.362;6.502;20
-3.267;6.548;3.492;20
-0.582;7.111;4.304;20
1.082;7.653;5.444;20
3.487;7.157;4.704;20
5.044;6.96;3.186;20
3.476;7.573;2.636;20
1.573;6.598;1.576;20
0.72;3.972;-1.343;20
0.553;-1.483;-3.925;20
3.225;-18.959;-35.117;20
1.591;-20.713;-23.476;20
-3.441;1.529;-0.3;20
0.453;5.522;4.554;20
2.214;4.227;7.152;20
4.608;-2.79;3.028;20
4.115;-15.98;-8.033;20
3.277;-4.927;5.05;20
-2.478;8.677;9.168;20
-3.899;11.682;5.911;20
-1.217;8.962;7.176;20
1.773;4.335;8.876;20
1.334;0.301;2.429;20
-1.419;-4.567;-2.026;20
-1.06;-9.678;-0.669;20
-4.549;-4.695;0.805;20
-6.316;2.145;3.323;20
-5.652;4.021;1.082;20
-3.825;1.496;-5.904;20
-0.76;-0.183;-10.122;20
3.306;-0.927;-5.855;20
4.943;-0.582;-2.117;19
5.185;0.19;0.874;20
3.829;1.49;2.858;20
1.49;1.382;3.595;20
-0.796;0.733;2.755;20
-2.069;0.688;0.587;20
-2.339;0.154;-0.51;20
-2.142;-2.127;-0.751;20
-2.948;-2.634;-1.747;20
-3.968;-1.493;-3.079;20
-1.658;-2.352;1.093;20
0.295;-2.718;-1.063;20
0.453;-2.669;-4.138;20
-1.935;-3.87;-6.599;20
-3.414;-3.873;-6.436;20
0.397;-1.064;-3.676;20
3.976;-1.449;1.869;20
6.059;-4.229;11.16;20
4.997;-3.749;14.128;20
4.945;-0.205;11.759;20
6.458;2.142;0.679;20
2.068;2.374;-9.156;20
-4.004;1.944;-3.939;20
-10.476;1.243;-0.361;20
-7.955;2.576;2.143;20
-2.133;4.565;1.952;20
0.14;5.869;2.649;20
0.816;6.572;3.45;20
1.43;6.903;3.676;20
2.025;6.645;2.759;20
1.868;6.2;1.657;20
1.017;5.784;1.091;20
0.478;4.733;-0.608;19
-0.201;2.218;-5.745;20
1.516;-2.723;-13.612;20
5.711;-12.053;-19.657;20
2.647;-11.624;-10.377;20
-1.923;-2.576;-5.823;20
-1.266;1.806;-0.737;20
0.747;2.114;3.298;20
1.807;-2.044;2.65;20
2.768;-10.62;-3.321;20
2.654;-4.804;5.318;20
-0.348;5.709;11.633;20
-1.123;7.734;9.182;20
0.528;5.271;7.337;20
2.301;1.784;5.516;20
1.545;-0.713;0.147;20
-1.349;-2.243;-1.192;20
-1.771;-4.813;0.577;20
-3.838;-4.579;2.527;20
-6.608;-0.653;4.709;20
-6.945;2.133;2.803;20
-5.686;2.23;-1.238;20
-3.562;0.052;-7.635;20
0.303;-1.104;-9.468;20
3.762;-1.083;-6.382;20
4.916;-0.461;-3.389;20
4.585;-0.174;2.081;20
2.101;1.35;5.092;20
-0.977;1.576;2.348;20
-2.023;1.074;0.783;20
-2.021;0.621;-0.39;20
-1.982;0.493;-0.859;20
-2.046;-0.804;-0.701;20
-2.235;-1.116;0.025;20
-2.737;-0.912;-0.822;19
-1.426;-1.157;-0.369;20
2.381;-2.318;0.322;20
3.831;-3.369;-3.64;20
2.502;-4.243;-7.372;20
-1.61;-4.545;-11.521;20
-3.857;-4.862;-7.644;20
-1.167;-3.65;6.122;20
2.176;-3.843;15.289;20
2.479;-4.109;15.071;20
4.673;-0.445;12.268;20
2.839;3.813;0.74;20
-0.155;4.095;-3.444;20
-3.678;2.148;-8.042;20
-5.264;0.881;-2.31;20
-1.351;1.752;0.475;20
-0.441;4.166;4.192;20
0.465;5.658;3.231;20
1.037;6.79;3.978;20
1.098;7.637;5.215;20
1.754;7.822;4.349;20
2.398;7.196;3.284;20
2.406;5.543;2.637;20
0.437;4.209;-0.562;20
1.214;1.04;-4.332;20
3.069;-3.372;-7.946;20
0.217;-10.976;-23.356;20
-0.686;-17.5;-22.027;20
-5.531;-1.872;-7.772;20
-1.585;2.832;3.517;20
0.738;0.837;7.114;20
1.042;-2.57;5.291;20
1.172;-8.085;2.537;20
3.526;-4.415;-0.885;19
4.622;0.489;3.747;20
3.313;3.327;5.367;20
3.564;3.81;3.302;20
3.686;4.953;2.958;20
1.808;6.833;3.704;20
1.192;1.35;11.813;20
-2.693;-2.972;7.816;20
-4.299;-3.209;-0.388;20
-4.25;-3.283;-2.144;20
-5.159;2.528;-1.859;20
-3.143;3.283;-4.64;20
-1.293;2.592;-4.605;20
-0.426;2.717;-6.77;20
3.176;2.177;-1.959;20
8.978;-3.756;8.037;20
7.503;-2.304;4.582;20
3.826;0.414;-0.797;20
0.802;-0.021;-0.744;20
-1.878;1.25;0.194;20
-1.619;-0.6;-1.963;20
-2.072;-1.312;-2.914;20
-0.724;-0.373;-2.864;20
-3.205;-2.968;-1.912;20
-2.414;-3.395;1.907;20
-0.893;-0.017;3.482;20
0.997;1.544;3.449;20
1.215;2.498;3.978;20
1.545;1.564;2.942;20
-0.217;0.633;0.632;20
-3.42;-0.057;1.016;20
-3.456;-1.85;-0.567;20
-5.11;-0.267;-1.992;20
-5.074;1.944;-4.838;20
-3.12;3.213;-3.196;20
-0.348;1.644;-2.791;19
0.383;-1.231;-2.428;20
1.463;-2.575;-0.074;20
1.106;-3.526;-0.638;20
-2.243;-2.817;0.295;20
-4.715;-1.297;1.03;20
-3.121;-1.313;-0.358;20
0.262;-4.336;0.48;20
0.435;-4.991;1.586;20
-0.971;-3.464;3.774;20
-0.435;-1.661;3.604;20
0.948;-1.711;-0.839;20
2.315;-0.266;-2.146;20
1.398;0.766;1.005;20
-2.504;2.119;1.655;20
-5.233;2.744;-0.96;20
-4.375;4.99;-0.704;20
-2.735;3.844;1.125;20
0.304;2.317;-0.415;20
-0.395;3.407;1.751;20
-2.547;2.847;1.776;20
-4.769;3.914;-1.169;20
-6.028;4.374;-0.404;20
-3.745;3.144;2.319;20
-0.668;2.327;5.394;20
-7.831;4.382;2.647;20
-11.328;6.825;-0.086;20
-9.435;6.06;3.433;20
-6.115;3.779;6.917;20
-1.852;2.028;9.209;20
-1.857;2.76;7.837;20
-3.604;4.616;5.729;20
-3.15;5.067;3.386;19
-0.011;2.981;3.439;20
2.712;0.706;3.802;20
4.552;-0.581;2.007;20
6.589;-1.405;1.283;20
6.454;-0.949;1.253;20
7.187;-2.03;-1.521;20
5.317;0.15;-2.18;20
5.098;-0.704;-4.266;20
7.222;-1.361;-3.033;20
5.131;0.719;-2.569;20
0.485;3.396;-1.952;20
-1.479;3.817;-0.514;20
-1.541;3.486;1.009;20
-2.068;4.539;2.1;20
-1.755;4.528;1.707;20
-0.741;4.188;0.492;20
0.86;3.959;-0.699;20
0.878;3.965;-0.168;20
-0.022;3.921;1.105;20
0.253;3.436;1.728;20
1.166;2.77;2.092;20
0.415;1.879;7.192;20
-0.797;3.613;1.314;20
-0.341;3.201;0.427;20
-0.202;2.99;0.361;20
0.095;2.539;0.416;20
-0.228;2.322;-0.119;20
-0.947;2.369;0.107;20
-1.141;1.959;0.341;20
-1.041;1.741;0.12;20
-0.505;1.306;-0.252;20
-0.406;1.33;-0.825;20
-0.077;1.145;-1.075;20
-0.293;0.983;-0.806;20
-0.341;0.775;-0.457;20
0.092;0.65;-0.737;19
-0.05;0.712;-0.247;20
-0.267;0.741;-0.075;20
-0.514;0.553;0.559;20
-0.772;0.553;1.216;20
-0.642;0.556;1.159;20
-0.035;0.569;-0.145;20
-0.168;0.733;-1.08;20
-0.488;0.631;-0.753;20
-0.75;0.625;-0.435;20
-0.778;0.651;-0.435;20
-0.217;0.577;-0.507;20
0.09;0.589;-0.805;20
0.0;0.59;-0.588;20
-0.126;0.658;-0.277;20
-0.218;0.639;-0.198;20
-0.342;0.578;0.011;20
-0.198;0.462;0.079;20
0.019;0.429;0.038;20
-0.137;0.515;-0.102;20
0.675;0.098;0.126;20
0.296;0.342;0.174;20
0.271;0.345;-0.044;20
0.382;0.377;0.085;20
0.172;0.245;0.444;20
0.246;0.177;0.377;20
0.249;0.239;0.031;20
0.126;0.113;-0.095;20
0.264;0.121;0.09;20
0.318;0.074;0.27;20
0.269;0.082;0.112;19
0.21;0.06;-0.016;20
0.209;0.092;-0.005;20
0.255;0.017;0.014;20
0.398;-0.002;0.044;20
0.381;0.019;-0.077;20
0.372;0.066;-0.056;20
0.383;-0.016;0.171;20
0.366;0.008;0.322;20
0.26;0.109;0.045;20
0.253;0.053;0.0;20
0.02;0.127;0.202;20
-0.014;0.145;-0.178;20
0.249;0.051;-0.824;20
0.087;0.158;0.555;20
-0.319;0.119;1.333;20
-0.294;0.23;0.667;20
0.059;0.344;-1.183;20
0.105;0.254;-1.196;20

# Completed @Tue Jan 26 20:31:50 GMT+02:00 2021
