# Accelerometer Data File
# Started @Tue Jan 26 20:31:54 GMT+02:00 2021
#
#
# sensor Vendor: BOSCH
# sensor Name: BMI160 Accelerometer Non-wakeup
# sensor Resolution: 0.0023928226m/sec^2; Max Range: 78.4532; Min Delay: 2500 microseconds
# The sensor's attributes are the result hardware and the Android capabilities.
# It means that the Android may not utilize all features provided by the hardware.
#
# Some devices and Android versions save battery too much so the device may go to sleep.
# It just happens after couple of minutes from turning off the scree and it is easy to find it out.
#
# The following file provides the data from accelerometer in the m/s^2 format.
# The diff value is just a time delta between the samples
#
#
# data format:
# so we have 4 columns with values separated by the ";"
# X;Y;Z;time_from_previous_sample(ms)

# sensor speed set to:NORMAL
# units set to: m/sec^2
# gravity  filtered out
# Accuracy: HIGH
-2.847;1.781;7.611;0
-2.026;1.112;6.297;19
-2.285;1.203;5.144;20
-2.658;0.794;3.714;20
-3.085;0.371;1.865;20
-2.097;-0.578;1.214;20
-1.421;-1.134;0.645;20
-2.839;-0.304;5.225;20
-1.91;-0.492;3.217;20
-1.026;-1.786;-1.465;20
0.516;-2.332;-4.906;20
5.095;-5.36;-12.141;20
-0.486;-3.959;-3.02;20
-7.566;-3.458;8.177;20
-8.321;-2.874;15.747;20
-3.17;-4.0;15.921;20
0.346;-5.153;0.693;20
-0.292;-4.303;-3.814;20
-7.36;-2.192;-5.571;20
-11.515;0.325;-3.918;20
-10.217;1.553;-0.323;20
-11.614;2.364;-0.64;20
-13.328;4.766;0.091;20
-12.941;6.053;-2.812;20
-7.509;5.828;-6.037;20
-2.689;4.614;-4.937;20
-2.333;4.256;-2.099;20
-0.896;2.952;-2.67;20
-0.598;1.742;-8.757;20
-0.553;-0.603;-2.336;20
5.535;-5.436;-0.45;20
8.36;-9.838;-0.91;20
4.978;-11.231;0.128;20
1.528;-4.833;1.108;20
0.397;-2.816;1.178;19
3.459;-0.241;4.003;20
2.893;0.23;4.656;20
0.095;1.12;0.043;20
-4.208;4.155;-2.401;20
-5.322;1.602;2.198;20
-0.451;-0.833;0.354;20
2.518;-2.399;1.72;20
3.987;-2.3;-0.883;20
2.089;-0.452;-2.213;20
1.793;0.579;-2.51;20
4.773;-1.075;-0.595;20
4.749;-1.682;0.563;20
4.357;-2.664;1.439;20
0.567;-0.959;-0.15;20
-0.668;-0.823;-0.326;20
-1.33;-0.781;-0.159;20
-1.051;-0.666;0.256;20
-1.665;-0.914;0.504;20
-7.233;0.937;0.586;20
-8.222;-0.017;-0.268;20
-6.312;1.374;-0.543;20
-3.709;1.267;0.277;20
3.248;0.033;-1.138;20
7.077;-0.814;1.03;20
7.226;0.495;0.934;20
4.798;2.916;-0.601;20
1.405;4.658;-0.196;20
-0.051;6.134;-0.596;20
-1.33;5.287;-2.882;20
-6.968;2.179;-4.235;20
-4.627;-3.137;-0.956;20
2.163;-0.607;-2.98;20
-1.845;-1.913;-4.155;19
-2.224;-1.879;0.307;20
-1.296;-5.542;5.573;20
-0.11;-4.746;3.963;20
3.32;-2.921;-1.318;20
8.078;-1.999;-5.722;20
5.286;-1.213;-2.869;20
-6.84;1.06;4.166;20
2.331;-0.995;2.099;20
5.524;-0.225;1.321;20
4.306;-0.712;-0.099;20
2.058;-2.224;-2.967;20
2.249;-2.369;-2.663;20
2.629;-0.436;-3.483;20
3.009;-0.833;-3.194;20
1.432;-1.228;-4.567;20
-1.856;-0.03;-7.165;20
-6.697;0.441;-9.962;20
-6.168;0.232;-5.754;20
-2.742;0.891;-0.493;20
-0.322;-0.414;0.554;20
0.807;-3.552;-0.216;20
-2.554;-5.446;-0.46;20
-1.045;-3.96;4.367;20
4.817;-2.659;5.194;20
5.931;0.036;0.053;20
3.969;1.007;2.908;20
2.604;0.957;4.92;20
0.985;1.859;5.787;20
0.653;1.392;5.078;20
0.14;0.202;4.069;20
0.334;-0.833;0.715;20
0.219;-1.092;-8.251;20
1.88;-0.938;-2.586;19
4.429;-0.32;1.711;20
4.716;0.333;2.565;20
4.427;-0.138;3.08;20
3.983;-0.995;2.396;20
2.238;-1.909;0.682;20
-0.83;-1.85;3.279;20
-1.429;-0.122;3.137;20
-0.906;2.026;2.164;20
1.509;2.174;0.38;20
2.486;2.083;0.166;20
1.331;0.432;-1.107;20
0.78;-7.688;-7.611;20
10.763;-26.919;3.203;20
2.947;-22.231;12.324;20
-4.337;3.135;3.765;20
10.354;-3.019;-18.014;20
5.02;-2.344;-26.467;20
4.087;-6.52;-12.739;20
1.531;-4.494;8.373;20
3.687;-4.138;16.601;20
4.463;-4.542;15.588;20
3.66;-2.649;11.563;20
6.527;2.208;6.103;20
8.336;3.114;-3.61;20
2.479;2.51;-21.846;20
-4.684;0.563;-2.287;20
-8.126;3.092;7.087;20
-4.856;5.481;6.61;20
-1.255;8.077;6.993;20
1.537;8.817;5.19;20
2.331;8.972;3.905;20
3.07;8.869;3.799;20
2.16;8.573;1.488;19
-0.226;7.727;-0.765;20
-1.484;6.004;-4.864;20
-1.1;1.942;-12.364;20
3.254;-10.233;-20.363;20
3.935;-16.362;-15.044;20
-0.253;-4.202;-7.362;20
1.916;2.533;-0.813;20
5.056;2.256;4.068;20
5.755;-1.81;5.418;20
4.766;-9.795;-5.398;20
3.511;-5.559;-3.593;20
-0.106;6.74;12.883;20
-5.278;11.182;10.072;20
-2.916;8.328;8.392;20
0.808;2.653;9.676;20
2.141;-1.682;4.935;20
1.179;-4.679;2.606;20
-1.091;-9.118;-2.402;20
0.577;-9.34;-4.83;20
-3.369;-2.033;-1.793;20
-6.556;2.475;3.388;20
-7.909;3.632;4.558;20
-8.151;2.633;-4.052;20
-5.034;0.434;-8.244;20
0.299;-0.853;-3.816;20
3.351;-1.124;-0.399;20
4.722;0.221;-0.04;20
5.438;1.155;-1.495;20
5.723;1.303;1.276;20
3.17;1.355;1.078;20
-0.653;0.033;-0.019;19
-4.373;-2.783;-0.322;20
-7.542;-3.917;0.325;20
-6.99;-1.776;-1.242;20
-1.606;-1.395;-0.411;20
3.177;-2.868;-3.075;20
2.077;-3.66;-6.466;20
-1.319;-2.231;-7.376;20
-4.728;-1.88;-7.136;20
-6.149;-1.946;-2.617;20
-2.313;-3.744;4.493;20
2.846;-6.182;10.008;20
6.95;-5.429;12.793;20
7.724;-1.249;10.105;20
5.153;3.596;6.478;20
6.967;4.313;1.666;20
3.129;4.951;-6.572;20
0.122;1.585;-13.089;20
-6.808;1.391;2.129;20
-9.383;3.025;5.654;20
-3.629;4.956;5.968;20
0.525;6.547;5.872;20
2.24;6.462;4.37;20
1.893;6.356;3.016;20
1.733;6.994;2.845;20
1.505;7.659;2.59;20
1.407;6.779;-0.519;20
1.87;3.469;-4.916;20
1.37;-2.804;-10.879;20
3.168;-17.976;-25.51;20
-0.767;-14.484;-17.288;20
-3.038;1.368;-4.456;20
0.22;5.116;4.804;19
2.133;3.473;8.274;20
1.653;0.618;7.083;20
3.069;-6.316;0.066;20
6.374;-8.138;-1.41;20
1.1;2.24;4.413;20
-2.588;7.315;4.681;20
-1.098;4.638;5.237;20
0.983;-0.029;5.756;20
-0.777;-1.903;2.802;20
-1.173;-2.677;0.02;20
-2.209;-2.375;2.135;20
-4.519;-0.067;4.892;20
-5.655;2.584;4.09;20
-4.738;3.59;1.98;20
-0.856;0.037;-2.654;20
2.856;-3.251;-7.406;20
4.419;-3.061;-8.521;20
3.182;-0.138;-7.057;20
1.914;0.811;-2.032;20
0.126;0.674;3.707;20
-1.387;0.759;3.755;20
-1.152;0.137;2.139;20
-2.116;0.194;1.424;20
-3.067;0.234;0.853;20
-3.794;-0.98;0.501;20
-3.627;-2.618;-2.408;20
-1.924;-1.671;-2.465;20
0.422;-2.002;-0.922;20
1.14;-3.091;-3.736;20
0.229;-2.731;-5.426;20
-2.315;-2.315;-8.382;20
-4.731;-2.823;-9.253;19
-3.462;-2.765;2.122;20
0.374;-4.013;8.646;20
4.975;-6.308;11.24;20
7.235;-4.872;9.973;20
4.823;1.109;8.664;20
5.164;3.434;3.178;20
2.13;4.657;-2.52;20
-2.638;2.418;-11.57;20
-8.192;1.274;-1.369;20
-5.883;2.74;4.404;20
-1.758;5.304;5.843;20
0.831;6.728;5.311;20
1.976;7.177;5.353;20
2.603;6.924;4.425;20
3.311;6.46;3.384;20
3.401;6.368;2.396;20
2.504;6.121;1.057;20
1.536;4.109;-2.338;20
1.595;-0.222;-6.979;20
0.961;-10.959;-23.615;20
0.836;-25.081;-25.433;20
-3.891;-4.187;-7.028;20
-0.129;4.728;2.852;20
2.531;5.137;4.825;20
2.88;3.05;6.549;20
2.136;-4.774;4.136;20
0.742;-9.299;-1.965;20
-0.078;0.93;6.782;20
-2.906;8.395;6.179;20
-0.891;6.119;6.176;20
2.682;0.8;5.189;19
3.274;-1.359;-0.625;20
0.532;-0.016;-1.528;20
-0.183;-0.52;0.074;20
-0.411;-2.029;1.777;20
-3.767;-0.03;7.045;20
-5.827;1.346;4.876;20
-5.823;1.102;0.998;20
-4.133;-1.303;-1.864;20
-1.488;-2.558;-9.996;20
2.116;-2.183;-14.31;20
3.693;-0.573;-8.059;20
3.231;0.242;1.43;20
0.819;0.725;8.021;20
-1.253;1.101;2.495;20
-1.09;0.479;1.219;20
-2.351;0.536;0.363;20
-3.605;-0.394;0.673;20
-5.479;-1.087;0.638;20
-6.154;-0.632;-2.12;20
-1.336;-1.373;0.438;20
4.198;-2.92;-1.152;20
6.756;-4.155;-7.234;20
4.404;-2.787;-10.253;20
-1.628;-2.656;-12.498;20
-5.139;-4.067;-5.748;20
-5.7;-3.874;7.359;20
-1.499;-4.913;13.538;20
3.41;-5.417;13.381;20
4.948;-2.92;11.417;20
3.501;2.106;6.371;20
1.84;3.323;-1.529;20
-3.463;3.25;-7.89;20
-7.14;2.81;-5.274;19
-2.527;2.712;1.551;20
-1.287;4.707;6.376;20
0.026;7.066;5.651;20
1.296;7.896;6.043;20
2.559;7.26;5.031;20
3.724;6.464;4.219;20
4.564;5.761;2.964;20
3.768;5.624;1.773;20
2.792;4.883;0.668;20
2.543;2.132;-2.95;20
2.749;-3.901;-11.256;20
4.581;-18.661;-36.341;20
-4.733;-15.064;-14.686;20
-5.061;1.371;-0.845;20
-1.939;6.112;3.794;20
0.653;5.567;7.021;20
2.587;1.204;6.32;20
5.928;-9.155;3.626;20
6.156;-14.059;-2.605;20
0.473;1.925;0.917;20
-2.133;9.435;6.04;20
-1.255;7.638;5.631;20
1.082;3.561;7.262;20
0.752;0.67;4.294;20
-0.579;-1.117;1.45;20
0.101;-3.383;0.007;20
-1.663;-2.618;0.953;20
-4.435;1.213;4.766;20
-4.5;2.594;3.138;20
-2.986;1.603;-0.022;20
-2.283;-1.788;-0.602;20
-1.789;-2.263;-8.367;20
0.472;-0.481;-14.599;19
2.483;0.511;-6.723;20
3.418;0.079;7.158;20
-0.146;0.868;5.016;20
-0.916;1.262;0.638;20
-1.106;0.49;-0.026;20
-2.21;0.0;-0.439;20
-3.742;-1.9;0.312;20
-5.7;-2.7;-0.476;20
-6.559;-0.983;-0.455;20
-0.819;-1.669;0.191;20
4.457;-2.897;-4.484;20
6.266;-5.075;-9.311;20
2.099;-5.898;-11.468;20
-2.765;-5.759;-9.818;20
-2.99;-3.514;4.461;20
1.079;-2.271;12.338;20
2.81;-3.478;14.228;20
3.231;-3.202;14.603;20
5.26;2.745;7.604;20
4.734;4.21;-4.887;20
1.13;1.229;-13.558;20
-6.954;-0.529;-4.275;20
-10.404;3.113;7.127;20
-2.887;5.846;4.783;20
-0.225;7.702;4.837;20
1.749;8.175;5.363;20
2.618;7.854;3.867;20
2.689;7.448;3.167;20
2.281;7.27;2.687;20
1.669;6.878;2.048;20
1.216;5.121;-0.637;20
1.394;1.714;-5.581;20
-0.131;-3.938;-13.055;19
2.408;-22.58;-30.527;20
0.061;-14.349;-15.027;20
-2.364;2.693;-2.465;20
0.828;6.169;5.292;20
1.725;4.128;8.079;20
1.586;-1.988;4.776;20
2.689;-10.772;-1.684;20
2.742;-3.307;7.83;20
-0.738;6.34;5.532;20
-0.414;6.055;6.32;20
1.649;2.34;4.343;20
2.495;-0.06;1.021;20
0.224;0.028;-1.364;20
-1.216;-0.376;-0.042;20
-1.652;-1.856;2.222;20
-3.671;-0.803;7.3;20
-5.664;1.12;5.645;20
-5.732;1.802;1.064;20
-4.327;-0.555;-1.557;20
-1.254;-2.905;-9.652;20
1.97;-1.169;-14.89;20
4.784;0.217;-6.526;20
4.84;0.563;3.802;20
1.245;1.421;6.303;20
-0.983;1.287;1.565;20
-1.485;0.338;0.194;20
-2.527;0.18;-0.409;20
-3.306;-1.944;-0.178;20
-4.499;-3.551;-1.667;20
-4.711;-2.315;-4.449;20
-0.498;-2.484;-2.455;20
2.601;-3.865;-6.485;20
2.254;-3.463;-10.299;19
-0.268;-4.599;-14.464;20
-1.723;-7.265;1.574;20
-3.188;-7.003;15.151;20
2.357;-5.925;14.579;20
2.944;-3.957;15.844;20
5.547;0.46;12.463;20
5.305;3.288;-1.512;20
0.907;1.954;-15.19;20
-3.702;0.404;-8.037;20
-7.442;2.999;4.942;20
-3.866;6.541;5.595;20
-1.877;8.656;6.159;20
0.619;9.377;6.944;20
2.431;9.296;5.52;20
2.96;9.184;4.306;20
3.569;8.994;3.464;20
2.767;8.295;2.143;20
1.411;6.892;-0.319;20
1.177;3.733;-3.763;20
1.076;-3.074;-11.028;20
3.506;-17.472;-26.985;20
1.103;-17.611;-15.67;20
-1.543;0.715;-4.818;20
1.921;4.03;0.76;20
5.871;-1.909;4.736;20
6.518;-15.254;-0.583;20
2.406;-5.025;5.93;20
-2.613;8.674;7.949;20
-4.451;10.442;7.363;20
-1.819;6.494;8.837;20
0.895;1.903;7.8;20
-0.077;-1.061;0.766;19
-1.342;-4.28;-0.734;20
-0.742;-6.049;0.617;20
-4.201;-1.414;3.711;20
-6.158;2.623;2.211;20
-3.935;2.906;1.049;20
-1.724;-1.742;-5.075;20
-0.672;-3.054;-16.033;20
1.477;0.178;-10.486;20
3.747;0.414;0.509;20
4.17;1.156;6.169;20
1.983;2.16;5.514;20
0.38;1.443;2.179;20
-1.285;-0.675;-0.807;20
-3.031;-0.547;-1.477;20
-4.415;-1.441;-1.884;20
-4.868;-3.128;-4.119;20
-2.827;-2.669;-2.168;20
0.622;-2.785;-2.731;20
0.938;-3.639;-6.31;20
-0.991;-3.727;-6.276;20
-4.293;-4.129;-5.815;20
-4.838;-4.579;-0.487;20
0.45;-3.202;9.621;20
4.968;-4.609;9.25;20
4.896;-4.638;12.17;20
4.126;-1.364;15.142;20
5.991;5.061;4.336;20
4.755;2.731;-14.154;20
2.151;1.432;-6.727;20
-7.729;1.721;1.157;20
-11.169;5.756;5.228;19
-3.446;6.701;4.057;20
0.185;7.561;4.72;20
1.756;8.017;5.366;20
2.664;7.44;3.478;20
3.093;7.535;3.724;20
2.812;7.212;2.752;20
2.029;5.777;0.46;20
1.82;3.505;-2.785;20
1.983;-0.943;-8.458;20
2.194;-10.356;-24.346;20
1.991;-17.778;-19.687;20
-2.483;-3.175;-7.847;20
0.158;3.729;1.134;20
2.089;4.259;6.425;20
3.044;-0.361;7.5;20
4.901;-11.175;1.47;20
3.444;-7.609;3.214;20
-1.261;4.317;3.75;20
-2.456;7.173;5.915;20
-0.457;3.566;6.991;20
0.456;0.763;4.435;20
-1.072;-0.003;0.941;20
-1.745;-1.004;2.688;20
-2.059;-2.15;1.709;20
-2.792;-0.393;2.853;20
-4.698;2.538;4.422;20
-2.863;1.685;-0.613;20
-0.517;-2.174;-2.742;20
0.844;-3.714;-11.571;20
0.563;-0.031;-15.72;20
1.731;0.777;-3.668;20
1.296;0.462;9.981;19
-1.327;1.66;5.862;20
-0.177;1.967;2.929;20
0.311;0.496;-0.507;20
-0.81;0.299;-1.657;20
-1.403;-1.606;-2.242;20
-2.379;-3.347;-2.484;20
-3.326;-2.355;-3.283;20
-1.302;-1.599;-0.652;20
0.22;-3.11;-4.05;20
-0.455;-3.551;-6.316;20
-3.102;-3.684;-7.576;20
-5.211;-5.487;-6.345;20
-4.594;-4.239;4.222;20
2.404;-4.266;9.97;20
7.025;-6.275;9.546;20
7.194;-4.087;12.023;20
6.082;2.152;10.838;20
6.143;5.141;0.869;20
0.294;4.845;-11.33;20
-3.467;0.775;-8.863;20
-11.641;1.532;4.67;20
-7.112;5.828;5.335;20
-1.546;7.578;5.642;20
1.83;8.018;5.264;20
2.739;8.341;5.274;20
3.384;7.694;3.456;20
3.13;7.305;3.135;20
2.608;7.287;2.733;20
2.1;5.959;1.266;20
1.629;2.878;-2.733;20
2.245;-2.436;-7.736;19
1.581;-18.925;-33.323;20
0.908;-23.689;-20.663;20
-3.597;1.692;-3.537;20
-1.063;6.785;1.996;20
-0.366;7.398;4.937;20
2.742;2.834;9.977;20
5.299;-8.086;7.304;20
4.599;-13.526;2.683;20
-0.968;-1.108;-0.077;20
-0.631;5.156;3.085;20
-0.276;3.616;5.088;20
-0.305;3.004;3.411;20
-1.207;2.645;1.687;20
-1.283;0.699;3.154;20
-1.397;-1.309;5.216;20
-1.836;-0.925;4.967;20
-2.833;1.977;4.178;20
-2.761;2.387;-0.781;20
-0.517;-0.625;-2.596;20
0.892;-2.026;-7.588;20
1.423;-1.23;-14.949;20
1.603;0.625;-7.295;20
1.831;0.267;8.882;20
-1.89;1.504;3.311;20
-0.98;1.414;1.946;20
-1.52;0.373;-0.703;20
-2.163;-0.653;-1.747;20
-3.109;-2.5;-1.148;20
-5.418;-3.616;-3.36;20
-5.616;-1.724;-4.787;19
-0.406;-2.623;-2.042;20
1.439;-4.675;-6.107;20
0.354;-4.92;-6.072;20
-2.381;-6.542;-8.276;20
-3.118;-4.912;0.537;20
2.503;-2.91;12.195;20
6.539;-4.197;10.61;20
6.035;-3.7;10.478;20
6.033;1.408;9.809;20
6.381;3.912;-0.662;20
1.663;2.511;-13.276;20
-3.809;0.427;-4.946;20
-14.102;0.771;6.61;20
-9.051;4.847;5.785;20
-0.792;6.645;6.15;20
2.633;7.638;5.981;20
2.621;7.634;4.13;20
2.347;7.854;3.996;20
3.424;8.503;4.198;20
2.54;8.509;3.263;20
1.368;7.521;1.45;20
1.835;4.749;-2.495;20
4.459;-2.363;-12.02;20
6.151;-24.786;-44.649;20
-1.028;-19.806;-11.517;20
-2.69;3.847;1.202;20
2.827;6.023;4.72;20
5.47;3.135;4.899;20
7.759;-9.657;-6.65;20
5.204;-11.17;3.676;20
-5.056;6.406;15.084;19
-7.748;11.463;9.606;20
-4.293;8.545;10.232;20
-0.564;3.612;9.325;20
1.072;0.933;1.278;20
0.102;-4.253;-1.709;20
0.488;-9.288;-0.785;20
-2.19;-5.968;1.266;20
-6.798;1.858;3.58;20
-5.697;4.238;1.185;20
-3.105;1.361;-3.59;20
-0.321;-2.272;-13.987;20
2.021;-1.383;-12.418;20
3.464;-0.364;-3.705;20
3.96;0.39;1.823;20
2.468;1.398;2.096;20
0.587;1.639;1.294;20
-1.401;0.208;0.082;20
-3.187;-0.614;0.747;20
-4.969;-0.324;1.321;20
-6.614;0.166;-0.111;20
-5.87;-0.513;-3.34;20
0.224;-1.682;2.468;20
5.908;-2.822;-0.79;20
5.453;-3.652;-5.589;20
0.837;-3.665;-5.595;20
-3.719;-3.092;-8.501;20
-6.42;-3.264;-10.422;20
-3.647;-3.151;5.139;20
0.845;-3.398;12.757;20
4.162;-4.894;10.917;20
3.592;-2.974;12.159;19
4.203;2.127;8.938;20
3.233;4.368;0.988;20
-0.971;2.823;-10.434;20
-6.078;-0.544;-9.069;20
-8.228;1.454;3.874;20
-2.959;4.634;6.101;20
0.205;7.123;6.371;20
2.166;8.257;6.9;20
3.248;8.264;5.846;20
4.68;7.556;4.592;20
5.15;7.336;3.841;20
4.08;6.843;2.275;20
3.149;4.603;-0.765;20
3.989;0.605;-5.859;20
4.654;-7.965;-17.4;20
3.097;-24.214;-37.691;20
-8.722;-6.178;-7.301;20
-3.536;4.678;2.846;20
0.385;6.921;6.698;20
3.533;1.277;7.867;20
4.536;-14.046;-1.31;20
5.144;-13.212;-4.885;20
-0.621;6.391;9.268;20
-4.029;12.482;6.73;20
-0.564;8.781;7.21;20
3.128;3.798;8.078;20
2.487;1.936;4.022;20
-0.282;-0.188;-1.87;20
0.282;-5.773;-4.972;20
-0.844;-6.053;-1.42;20
-5.915;0.35;5.79;20
-5.825;1.824;4.178;19
-5.647;1.445;3.349;20
-5.043;-1.813;-8.502;20
-1.167;-1.414;-17.05;20
2.25;0.373;-7.956;20
4.174;-0.195;1.388;20
5.031;0.745;8.808;20
2.373;2.325;2.698;20
1.899;1.805;0.802;20
-0.088;-0.311;0.35;20
-2.403;-0.821;-0.702;20
-3.909;-0.98;-0.302;20
-4.924;-0.929;-0.518;20
-3.96;-1.193;-2.207;20
-1.074;-1.876;1.458;20
0.967;-2.522;-0.463;20
0.815;-3.282;-4.082;20
-0.35;-2.999;-5.944;20
-2.753;-2.951;-9.45;20
-4.605;-2.874;-8.896;20
-1.957;-2.533;3.522;20
1.139;-2.784;9.743;20
5.302;-5.722;10.842;20
8.429;-5.629;9.386;20
7.209;0.304;8.403;20
7.453;2.206;2.386;20
1.292;4.345;-2.952;20
-6.08;1.761;-10.025;20
-12.099;0.05;-2.646;20
-5.98;2.324;3.955;20
-1.109;5.871;4.606;20
1.534;7.218;5.228;20
2.121;8.169;5.393;19
2.903;8.118;5.006;20
3.395;7.747;3.462;20
2.948;7.095;2.056;20
1.632;5.756;0.273;20
-0.203;3.687;-2.024;20
-0.937;0.55;-4.906;20
0.191;-4.579;-13.666;20
2.545;-13.838;-23.559;20
-1.552;-11.477;-12.45;20
-3.266;-0.857;-3.536;20
0.58;3.019;1.318;20
4.483;0.359;4.507;20
4.58;-4.819;3.044;20
3.089;-9.471;-3.231;20
2.765;-1.829;5.038;20
-0.059;6.723;7.501;20
-1.156;8.179;7.31;20
0.814;5.127;8.438;20
2.794;1.264;3.938;20
1.21;0.002;-1.325;20
-1.056;-2.154;-0.416;20
-1.156;-4.701;1.674;20
-4.08;-3.207;5.295;20
-6.534;-0.234;5.452;20
-6.011;1.297;1.851;20
-4.77;1.193;1.248;20
-3.229;-2.004;-1.994;20
-0.739;-3.061;-12.174;20
1.11;-0.613;-15.363;20
1.769;0.633;-5.703;20
1.165;0.409;4.502;19
-0.632;1.51;11.018;20
-0.999;2.18;0.389;20
1.175;1.632;0.6;20
1.565;0.583;-0.828;20
1.222;-0.313;0.12;20
-1.181;-0.785;-0.123;20
-3.401;-0.771;0.547;20
-3.44;-0.786;2.398;20
-0.436;-1.789;0.604;20
3.422;-3.127;-3.732;20
2.285;-5.01;-7.082;20
-0.048;-5.135;-6.909;20
-2.956;-4.006;-8.074;20
-5.121;-2.381;-7.007;20
-3.937;-1.441;0.13;20
-0.375;-2.104;10.229;20
4.129;-4.484;12.0;20
7.117;-4.334;12.02;20
7.213;1.747;6.492;20
6.838;3.6;-1.325;20
-1.212;3.222;-5.581;20
-11.073;1.49;-6.603;20
-5.893;1.063;0.996;20
-1.153;3.944;6.318;20
1.897;6.22;4.471;20
2.404;6.878;3.969;20
2.114;7.161;3.602;20
2.128;7.349;3.349;20
1.972;7.25;2.899;20
1.511;6.365;1.537;20
0.258;5.247;-0.751;20
-0.533;3.197;-4.642;19
0.13;-0.151;-9.367;20
2.136;-8.075;-17.98;20
2.361;-15.376;-15.864;20
-0.7;-7.076;-8.375;20
-0.237;2.546;-1.577;20
1.744;4.225;2.878;20
2.963;1.141;7.195;20
2.351;-2.425;7.602;20
2.525;-6.511;0.965;20
3.958;-4.556;0.721;20
1.47;2.723;3.459;20
-0.168;5.438;4.401;20
0.553;3.085;5.339;20
-0.503;0.059;4.283;20
-3.501;-1.588;0.654;20
-4.213;-2.151;1.406;20
-4.588;-3.208;5.283;20
-6.124;-1.535;5.722;20
-6.915;1.672;1.684;20
-4.831;3.293;1.14;20
-1.313;-0.001;-3.531;20
2.177;-3.125;-11.493;20
3.376;-1.55;-10.977;20
3.759;-0.261;-4.752;20
3.447;0.237;2.353;20
1.275;1.242;5.566;20
-0.233;1.762;4.267;20
-0.32;0.958;2.786;20
-1.227;0.059;-0.294;20
-2.528;0.672;-1.264;20
-2.801;-0.555;-1.318;20
-2.004;-1.951;-1.394;19
-0.255;-2.133;-0.631;20
0.974;-1.618;0.056;20
1.028;-2.294;-2.491;20
-0.409;-3.821;-4.531;20
-1.566;-3.031;-5.121;20
-3.77;-2.392;-8.161;20
-5.603;-2.033;-5.335;20
-2.308;-2.769;4.115;20
4.099;-6.622;10.309;20
8.589;-7.496;10.908;20
8.215;-1.512;9.287;20
7.587;3.825;5.166;20
6.302;4.119;0.262;20
-1.0;4.426;-4.712;20
-10.537;2.435;-3.973;20
-9.951;2.227;-1.643;20
-3.237;4.043;3.32;20
0.285;6.244;4.221;20
2.001;6.721;4.212;20
2.12;6.938;4.202;20
2.386;6.834;3.747;20
2.311;6.758;3.386;20
1.842;6.591;2.183;20
0.443;5.797;0.254;20
-1.288;3.743;-2.683;20
-0.417;-1.207;-8.437;20
3.219;-12.108;-23.97;20
6.117;-22.762;-23.635;20
-4.392;-6.659;-8.959;20
-2.529;3.625;3.411;20
1.736;4.823;6.582;19
4.868;0.752;7.95;20
4.183;-7.306;-1.13;20
0.414;-6.71;-5.53;20
0.305;3.887;10.762;20
-3.07;9.27;9.629;20
-1.726;7.653;7.91;20
1.556;2.871;8.117;20
3.372;-1.64;2.439;20
-0.153;-3.108;-3.869;20
-0.329;-4.363;-3.341;20
-1.569;-2.887;-0.143;20
-4.651;0.484;5.413;20
-4.924;1.008;5.65;20
-5.737;2.083;3.163;20
-4.903;1.058;-1.244;20
-2.158;-2.138;-7.822;20
1.244;-1.733;-11.786;20
3.881;-0.39;-8.136;20
4.731;0.043;3.099;20
2.151;1.347;3.922;20
1.093;1.682;4.9;20
-0.165;0.896;2.466;20
-1.153;0.814;0.187;20
-1.974;1.099;-0.348;20
-2.131;-0.556;-0.885;20
-1.306;-2.925;-0.214;20
-2.058;-2.599;-1.934;20
-1.628;-2.573;-0.743;20
-0.416;-4.327;-4.156;20
-1.245;-4.664;-5.224;20
-4.051;-4.562;-4.559;20
-6.146;-3.855;-3.797;20
-1.675;-1.102;1.731;20
4.928;-2.135;4.017;19
8.388;-4.663;8.495;20
8.486;-2.512;8.479;20
4.511;3.057;8.482;20
5.962;3.616;3.707;20
1.445;4.132;-7.993;20
-3.933;1.539;-7.247;20
-9.61;-0.887;-0.578;20
-9.991;0.401;4.539;20
-2.797;3.443;4.07;20
1.592;5.076;3.979;20
3.008;6.292;4.088;20
2.54;7.227;4.105;20
2.171;7.508;3.852;20
1.955;7.473;3.114;20
1.395;6.991;1.664;20
0.592;5.822;-0.723;20
1.007;3.492;-4.27;20
2.933;-1.291;-10.588;20
2.207;-14.183;-26.322;20
1.177;-21.946;-18.626;20
-3.584;-2.52;-4.86;20
0.65;3.834;5.003;20
3.477;4.217;6.147;20
3.589;1.927;3.299;20
7.011;-4.853;-3.478;20
6.445;-6.74;2.603;20
-1.243;2.733;11.276;20
-5.063;7.112;8.898;20
-4.174;5.88;8.259;20
-2.418;0.861;6.126;20
-1.835;-4.419;-0.344;19
-0.907;-3.5;-3.068;20
-2.567;-1.501;-0.698;20
-3.934;-0.208;4.823;20
-4.881;0.637;4.38;20
-4.024;1.103;2.289;20
-2.059;0.058;-1.441;20
0.366;-1.465;-7.645;20
2.327;-1.079;-10.825;20
3.634;-0.007;-7.766;20
3.934;0.232;-2.318;20
3.159;0.768;3.854;20
0.526;1.372;2.805;20
-0.861;1.28;2.675;20
-1.273;0.07;1.11;20
-2.139;0.079;0.058;20
-2.771;0.819;-0.336;20
-2.772;-0.276;0.041;20
-2.31;-2.212;1.534;20
-2.254;-1.77;-0.192;20
-0.37;-1.472;0.459;20
1.75;-2.572;0.082;20
1.869;-3.279;-2.748;20
-1.14;-4.123;-3.932;20
-3.895;-3.555;-5.933;20
-2.021;0.327;-4.148;20
2.567;1.229;-1.524;20
4.451;-0.551;6.103;20
6.138;-3.772;9.671;20
4.27;-3.767;9.111;20
4.493;-0.735;7.56;20
1.525;2.554;-1.34;20
-4.23;2.587;-1.677;19
-8.078;1.13;-5.648;20
-6.986;0.224;-3.011;20
-1.959;1.753;1.188;20
0.202;4.061;2.451;20
1.15;5.563;3.708;20
1.449;6.326;3.94;20
2.139;6.67;4.095;20
3.428;6.72;4.525;20
3.714;5.816;2.621;20
2.898;4.568;1.486;20
2.809;2.754;-0.598;20
3.286;0.128;-3.324;20
2.392;-3.596;-6.676;20
-2.195;-10.606;-18.118;20
-4.092;-15.382;-20.045;20
-7.883;-4.062;-9.293;20
-4.758;1.734;-2.911;20
-4.109;5.964;4.778;20
-3.057;7.551;7.14;20
1.351;6.069;9.897;20
3.354;0.904;9.529;20
7.469;-15.144;8.716;20
3.444;-17.971;-5.017;20
0.721;-0.184;-6.667;20
-1.122;7.975;-2.615;20
1.191;7.056;2.052;20
2.908;5.025;5.946;20
2.019;2.958;4.267;20
1.346;-0.489;4.927;20
3.928;-4.386;1.144;20
-1.37;0.421;2.485;20
-4.304;2.655;6.163;19
-5.058;1.395;2.355;20
-2.929;-0.889;2.307;20
1.608;-4.734;-6.609;20
-0.427;-1.686;-21.394;20
-0.653;1.1;-11.12;20
-0.023;0.317;5.086;20
-2.81;0.577;11.006;20
-2.489;1.715;0.581;20
-0.475;1.601;1.471;20
-0.48;0.336;-0.356;20
-1.211;-0.869;-0.768;20
-2.388;-1.074;-0.858;20
-4.507;-0.902;-2.388;20
-3.72;-0.384;3.86;20
0.728;-0.638;4.667;20
6.7;-2.897;-2.577;20
8.886;-6.422;-5.87;20
1.777;-4.874;-7.552;20
-3.594;-4.149;-7.276;20
-7.165;-1.341;-6.778;20
-4.29;0.892;-2.691;20
-0.659;0.458;3.25;20
1.93;-2.033;10.178;20
4.721;-4.316;10.406;20
4.858;-1.891;9.084;20
4.616;1.904;4.645;20
2.157;2.19;-6.081;20
-4.677;0.934;-8.497;20
-8.359;-0.092;-2.707;20
-5.544;1.317;3.02;20
-2.647;4.008;5.559;20
0.663;6.056;6.015;19
2.632;7.026;6.077;20
3.099;7.217;4.787;20
3.232;6.761;3.962;20
3.516;6.669;2.819;20
2.235;6.603;1.432;20
1.546;5.596;-0.553;20
2.557;2.22;-4.624;20
4.316;-5.576;-16.715;20
7.231;-19.554;-30.195;20
-2.115;-12.05;-11.301;20
-4.802;1.55;1.449;20
0.524;5.246;5.161;20
3.012;3.878;5.701;20
4.871;-3.373;0.336;20
6.98;-14.803;-8.467;20
4.171;-2.994;10.245;20
-4.915;9.426;10.373;20
-6.064;10.813;6.872;20
-2.787;6.846;8.112;20
0.166;2.206;6.662;20
-0.74;-1.64;-0.023;20
-2.734;-6.08;-1.614;20
-1.497;-8.493;3.559;20
-5.725;-1.485;4.798;20
-4.681;2.299;0.787;20
-2.076;2.572;0.305;20
1.525;-1.277;-8.312;20
3.874;-2.07;-14.513;20
3.587;0.043;-7.871;20
2.81;0.783;-0.093;20
1.344;1.278;4.18;20
0.327;1.661;5.692;19
-0.094;2.094;2.427;20
0.124;0.918;1.419;20
-0.928;-0.187;0.603;20
-2.09;-0.503;-1.022;20
-2.295;-1.849;-0.014;20
-2.882;-3.151;-0.268;20
-3.369;-2.215;-5.118;20
-1.973;-2.058;-2.673;20
0.281;-3.702;-0.612;20
1.437;-3.332;-4.563;20
-1.712;-2.478;-6.782;20
-3.966;-2.104;-6.617;20
-2.679;-2.65;-1.381;20
1.507;-2.883;9.091;20
4.883;-3.988;10.864;20
6.719;-3.582;7.834;20
4.474;0.731;8.0;20
3.83;3.131;3.188;20
-0.628;3.977;-2.754;20
-6.616;1.814;-9.333;20
-9.345;0.519;-3.176;20
-5.625;1.913;4.151;20
-1.911;4.67;4.026;20
0.649;5.825;4.46;20
2.009;6.205;4.591;20
2.406;6.443;4.54;20
2.992;6.157;3.17;20
2.785;6.076;2.07;20
1.949;5.655;1.135;20
1.179;4.572;-0.786;20
1.678;2.373;-3.658;20
2.749;-1.78;-9.153;19
4.11;-9.967;-22.805;20
-1.709;-15.542;-20.192;20
-7.421;-6.111;-6.665;20
-2.806;1.566;0.683;20
1.612;5.172;6.186;20
4.378;3.401;6.895;20
6.799;-2.673;0.371;20
10.114;-8.868;-2.578;20
7.219;-5.144;7.163;20
-1.139;6.495;7.96;20
-3.149;8.639;8.334;20
-2.525;6.26;8.371;20
-1.281;2.329;7.11;20
-1.405;-2.426;1.65;20
-1.896;-5.854;-2.683;20
-1.754;-5.306;0.068;20
-4.352;-2.512;3.068;20
-6.979;1.011;3.745;20
-5.871;2.066;1.846;20
-4.362;2.32;0.389;20
-1.043;-1.337;-5.301;20
1.546;-2.304;-10.779;20
3.356;-0.883;-9.174;20
4.201;-0.224;-4.105;20
3.493;0.156;0.916;20
0.918;0.81;3.347;20
-1.065;0.911;1.346;20
-1.3;0.026;0.014;20
-1.651;-0.337;-0.295;20
-2.577;0.218;-0.405;20
-3.372;0.461;-0.336;20
-3.685;0.724;-0.473;19
-3.335;0.724;-0.041;20
-0.48;-0.127;5.442;20
3.219;-2.196;3.12;20
6.807;-4.317;-2.76;20
5.642;-3.746;-4.393;20
0.447;-4.156;-7.76;20
-4.896;-4.602;-12.596;20
-6.963;-2.566;-7.135;20
-2.727;-1.494;3.311;20
1.595;-3.005;12.608;20
5.081;-3.726;11.937;20
5.266;-0.186;9.13;20
5.214;3.666;3.639;20
2.557;4.458;-0.348;20
-4.853;3.21;-1.644;20
-11.946;1.84;-6.142;20
-7.706;1.014;-3.123;20
-0.998;1.562;3.328;20
1.145;3.732;5.63;20
2.326;5.211;4.671;20
2.427;5.993;4.505;20
3.179;6.498;4.909;20
3.701;6.637;3.639;20
3.596;5.931;1.75;20
2.858;4.605;0.021;20
2.566;2.746;-2.143;20
3.089;-0.527;-5.086;20
2.4;-6.627;-14.721;20
0.759;-18.367;-26.505;20
-7.108;-10.453;-12.342;19
-3.345;1.568;-1.966;20
-0.147;5.125;4.406;20
1.2;4.048;6.533;20
0.88;0.204;7.814;20
3.677;-6.979;5.226;20
4.554;-7.604;0.826;20
1.755;1.888;2.053;20
1.053;5.585;2.712;20
2.175;3.749;4.251;20
2.062;2.259;3.028;20
-0.458;2.093;1.584;20
-0.645;0.422;3.796;20
0.025;-2.593;2.445;20
-3.039;-1.391;2.664;20
-4.481;1.01;3.506;20
-3.885;2.086;1.779;20
-2.146;1.24;-0.697;20
-1.612;-0.95;-0.383;20
-0.687;-2.255;-4.04;20
-0.124;-1.058;-9.609;20
0.378;0.358;-7.171;20
0.405;0.827;2.015;20
-0.971;0.857;7.804;20
-1.636;0.948;0.028;20
-0.064;0.523;-0.692;20
-0.288;0.135;-1.553;20
-1.102;-1.355;-1.894;20
-2.526;-1.863;-0.351;20
-4.12;-0.941;0.852;20
-3.842;-0.89;-0.814;20
0.095;-1.938;-0.839;20
3.853;-4.159;-3.727;19
3.383;-4.812;-6.155;20
-2.183;-5.284;-7.332;20
-6.078;-3.202;-2.841;20
-2.567;-0.021;0.991;20
2.112;-1.038;4.386;20
4.699;-3.453;10.495;20
2.617;-3.135;12.518;20
5.047;0.736;9.929;20
5.826;3.284;-2.535;20
2.045;1.624;-10.064;20
-4.72;1.361;-3.124;20
-10.119;1.23;1.44;20
-6.346;2.226;2.112;20
0.127;3.4;1.85;20
2.06;4.316;3.763;20
2.313;5.441;4.114;20
1.863;6.679;4.291;20
1.804;6.991;3.221;20
1.58;6.874;2.186;20
1.774;6.042;0.723;20
2.206;4.416;-1.544;20
2.71;1.738;-5.775;20
2.992;-2.347;-12.342;20
1.941;-9.245;-19.525;20
-1.228;-10.923;-10.346;20
-3.987;-3.607;-7.806;20
-1.313;1.236;-2.148;20
-0.222;3.702;2.673;20
1.012;0.89;5.11;20
1.486;-4.385;6.199;20
5.878;-10.028;2.432;20
6.346;-3.733;1.275;19
0.96;6.004;4.199;20
0.576;6.656;4.972;20
1.225;4.654;5.632;20
1.721;1.41;5.626;20
-1.353;0.042;0.804;20
-2.206;-2.816;0.33;20
-1.538;-5.115;1.936;20
-4.734;-2.492;3.528;20
-6.131;1.048;3.093;20
-4.51;2.351;2.823;20
-2.537;1.139;0.762;20
-0.392;-2.202;-6.232;20
1.112;-2.057;-13.229;20
2.293;-0.35;-8.989;20
1.862;0.243;-2.167;20
0.973;0.499;4.966;20
-0.981;1.508;5.299;20
-0.443;1.519;0.635;20
0.35;0.604;0.063;20
-0.724;0.758;-0.61;20
-1.825;0.091;-0.469;20
-2.515;-0.506;0.324;20
-2.865;-0.11;0.293;20
-2.177;-0.986;-0.042;20
0.579;-2.722;2.399;20
2.864;-4.253;-2.875;20
2.755;-3.974;-5.343;20
-1.95;-4.87;-8.964;20
-6.205;-5.885;-9.403;20
-4.91;-2.972;-0.309;20
1.412;-1.937;7.349;19
6.489;-4.653;11.3;21
8.193;-4.115;10.954;20
6.861;1.847;8.738;19
7.848;4.419;-0.223;20
2.201;4.765;-6.784;20
-5.549;1.201;-8.642;20
-14.493;-0.892;-0.728;20
-7.014;1.306;3.958;20
-1.284;4.728;4.859;20
2.096;6.059;5.058;20
2.491;6.846;4.587;20
2.101;7.027;3.742;20
1.509;6.822;3.29;20
1.46;6.541;2.836;20
0.723;5.935;0.963;20
-0.278;5.257;-0.662;20
-0.568;3.543;-3.457;20
2.168;-0.206;-6.245;20
5.626;-9.206;-17.663;20
5.427;-19.56;-20.569;20
-2.507;-7.39;-11.221;20
-0.445;2.055;1.074;20
2.481;3.077;4.019;20
2.458;0.738;5.899;20
0.605;-7.944;0.238;20
-1.19;-7.302;-5.24;20
0.581;2.983;8.763;20
-2.093;8.654;7.649;20
-1.013;7.236;8.015;20
1.61;3.696;6.872;20
2.175;0.758;4.172;19
0.547;-1.921;0.504;20
-0.174;-6.046;-2.494;20
-1.536;-5.153;-2.009;20
-4.736;0.169;1.907;20
-5.667;2.485;4.491;20
-5.777;3.301;3.757;20
-4.649;1.209;-3.424;20
-1.216;-0.867;-8.491;20
2.421;-0.636;-7.477;20
4.758;-0.346;-4.451;20
5.143;0.587;1.561;20
3.293;1.949;5.07;20
1.002;1.617;2.591;20
-0.32;0.492;1.487;20
-1.295;-0.018;0.163;20
-2.229;-0.4;0.368;20
-2.969;-1.536;2.292;20
-4.559;-2.276;0.141;20
-4.115;-1.251;1.117;20
-0.741;-2.635;0.759;20
1.935;-3.424;-3.415;20
1.782;-3.935;-6.505;20
-1.896;-6.373;-10.278;20
-4.381;-5.573;-7.907;20
-0.057;-1.355;-1.083;20
3.427;-0.924;5.274;20
5.99;-3.388;12.19;20
5.188;-4.223;11.998;20
9.086;-0.859;10.693;20
9.044;3.496;-4.754;20
3.775;1.396;-12.988;20
-5.955;-0.432;-4.505;19
-18.85;0.413;5.388;20
-10.398;4.294;3.016;20
-2.107;6.339;5.323;20
1.816;7.338;5.794;20
2.463;8.078;4.318;20
1.836;7.589;2.708;20
1.2;7.058;2.64;20
0.483;6.324;1.491;20
-0.165;5.44;-0.304;20
0.043;4.127;-2.601;20
0.821;2.5;-6.337;20
2.995;-4.279;-16.004;20
6.724;-17.449;-22.221;20
1.953;-12.887;-13.416;20
-2.108;-0.196;-3.238;20
0.099;4.331;4.34;20
2.268;4.123;5.992;20
2.591;0.386;2.597;20
5.822;-5.401;-1.121;20
9.015;-8.152;4.324;20
2.197;0.357;8.022;20
-3.443;6.241;8.327;20
-4.215;6.065;7.509;20
-4.003;3.295;5.823;20
-3.971;-1.812;1.962;20
-3.391;-3.416;0.56;20
-3.585;-3.237;1.768;20
-4.806;-2.546;5.015;20
-6.045;0.225;3.575;20
-3.792;1.934;1.467;19
-0.642;0.579;-0.694;20
2.502;-1.989;-5.982;20
4.512;-1.363;-10.71;20
5.766;0.31;-8.393;20
5.009;0.542;-2.055;20
2.844;1.027;2.641;20
-0.587;1.07;3.256;20
-2.074;0.164;0.857;20
-2.404;-0.367;0.225;20
-3.633;0.276;-0.449;20
-4.433;0.281;-0.234;20
-4.809;-1.173;0.049;20
-4.697;-1.825;-3.61;20
-1.817;-1.159;-0.008;20
2.153;-2.842;1.762;20
4.341;-3.18;-4.357;20
5.075;-4.789;-5.104;20
0.18;-4.5;-7.449;20
-4.867;-3.363;-7.256;20
-3.326;-2.722;0.94;20
0.961;-2.035;10.269;20
3.525;-4.09;12.206;20
3.061;-2.338;13.707;20
2.946;3.496;9.4;20
1.987;5.36;-3.167;20
-0.256;2.9;-10.175;20
-3.874;0.732;-6.728;20
-6.053;0.668;1.522;20
-2.853;2.995;4.665;20
-0.511;4.76;3.751;20
0.626;5.725;3.705;20
1.637;6.623;3.809;19
2.595;6.932;3.766;20
3.088;6.539;3.003;20
2.617;6.154;1.952;20
1.972;5.757;1.14;20
2.334;4.42;-1.544;20
3.014;1.562;-5.779;20
2.617;-5.338;-17.545;20
3.059;-18.628;-22.733;20
-1.817;-11.28;-9.84;20
-1.837;-0.168;-1.038;20
1.131;2.56;2.863;20
1.309;2.551;0.397;20
2.268;-3.369;-5.318;20
4.475;-9.515;-0.464;20
2.042;-0.461;14.046;20
-4.07;9.759;11.924;20
-3.856;9.92;8.026;20
-1.05;6.154;7.288;20
1.362;1.698;3.708;20
0.871;-2.765;-1.657;20
-0.276;-7.93;-3.936;20
-1.718;-6.723;-1.232;20
-6.112;0.017;8.145;20
-5.96;2.372;5.416;20
-4.566;0.929;2.024;20
-1.893;-2.29;-10.85;20
2.071;-1.593;-16.348;20
4.353;-0.191;-7.762;20
4.575;-0.063;0.452;20
2.892;1.249;5.275;20
0.934;1.529;3.275;19
0.234;1.206;0.277;20
-0.391;0.661;1.258;20
-1.11;0.194;0.747;20
-1.987;0.709;0.192;20
-2.372;0.496;0.461;20
-3.066;0.069;1.391;20
-3.641;-0.294;-0.194;20
-2.486;-0.801;-0.784;20
0.718;-2.777;1.514;20
2.641;-4.081;-2.058;20
1.69;-3.484;-5.575;20
-2.784;-4.197;-9.087;20
-5.5;-5.457;-9.748;20
-2.388;-3.779;1.491;20
2.95;-3.561;9.34;20
7.082;-6.001;12.299;20
7.135;-3.272;10.139;20
6.674;1.678;8.462;20
5.009;4.374;-0.93;20
-1.162;4.421;-3.603;20
-9.911;1.483;-9.103;20
-11.124;0.977;-0.424;20
-3.888;3.79;3.817;20
-0.827;6.48;4.664;20
1.114;6.873;5.139;20
2.185;6.906;4.799;20
2.678;6.703;4.71;20
2.592;6.094;3.383;20
2.227;5.619;1.858;20
1.18;4.976;0.312;20
0.322;3.867;-1.233;19
0.416;1.422;-3.679;20
1.889;-2.85;-8.375;20
3.339;-13.756;-24.699;20
-0.028;-17.371;-20.399;20
-4.691;-2.44;-4.951;20
-1.806;4.218;2.294;20
1.862;4.816;5.148;20
2.76;1.648;2.828;20
4.35;-3.173;-0.6;20
8.803;-11.019;2.295;20
4.116;-5.5;4.798;20
-2.549;5.292;8.196;20
-1.214;5.141;9.431;20
-3.931;7.518;2.468;20
-2.834;5.591;3.497;20
-0.248;0.534;3.179;20
0.993;-4.517;4.065;20
-1.399;-3.909;2.146;20
-3.563;-2.114;2.642;20
-5.136;2.266;2.365;20
-5.178;3.599;0.727;20
-1.949;0.638;0.165;20
0.52;-2.057;-3.603;20
2.803;-2.398;-6.618;20
3.7;-2.136;-9.787;20
1.665;0.379;-11.566;20
2.34;-1.189;-0.679;20
1.829;-1.124;4.855;20
-0.342;1.254;2.816;20
-0.135;1.389;2.057;20
-0.03;0.492;0.465;20
-2.258;1.181;0.816;19
-4.071;0.19;-0.475;20
-5.323;0.517;0.79;20
-4.895;1.413;6.705;20
-2.568;1.562;-1.393;20
2.123;-2.737;-3.277;20
7.84;-7.023;-0.414;20
11.098;-7.476;-3.792;20
6.595;-6.227;-9.257;20
-0.523;-4.229;-13.645;20
-4.124;-2.787;-11.093;20
-5.668;-3.683;2.268;20
-6.234;-5.191;24.593;20
-2.183;-2.806;8.63;20
7.038;-0.519;7.746;20
8.449;0.944;2.544;20
-1.378;5.321;5.089;20
-3.742;4.472;-3.132;20
-5.578;7.295;-3.068;20
-4.642;8.812;-1.282;20
0.772;6.568;1.517;20
3.73;5.032;4.188;20
2.357;5.945;3.564;20
2.254;5.318;2.669;20
2.688;3.886;0.259;20
2.212;3.271;-1.154;20
1.183;2.511;-2.285;20
0.521;1.058;-2.545;20
-0.163;0.062;-3.628;20
0.585;-2.034;-6.96;20
2.02;-6.455;-14.249;20
-1.326;-7.39;-21.568;20
-5.951;-1.336;-17.702;20
-0.445;-1.321;0.536;20
6.11;-0.929;8.444;19
7.415;-2.075;8.397;20
6.666;-3.773;-2.058;20
4.276;0.572;-5.972;20
-2.551;4.374;10.539;20
-5.202;3.939;22.213;20
0.66;0.375;12.548;20
0.057;-0.364;0.581;20
-4.821;-0.231;-3.532;20
-7.16;-1.358;-4.273;20
-4.654;-1.287;-4.577;20
-1.852;-0.871;-2.924;20
-0.957;-0.228;0.419;20
0.049;1.393;2.426;20
2.153;0.883;5.511;20
2.672;-0.416;4.659;20
1.518;-0.347;0.509;20
-0.156;-0.021;-3.224;20
0.139;2.017;-4.473;20
0.738;1.104;-3.352;20
0.41;0.202;0.469;20
0.727;-0.469;3.142;20
0.84;-0.253;1.341;20
1.241;-0.047;-0.287;20
0.59;-0.094;-0.584;20
-0.69;-0.518;0.701;20
-1.612;-0.968;-0.691;20
-1.626;0.334;0.133;20
0.092;-0.514;0.022;20
0.49;-0.988;0.33;20
0.706;-2.7;1.447;20
-0.453;-3.028;2.426;20
-3.751;-2.453;0.355;20
-7.239;-1.651;-3.794;19
-7.211;-2.243;-6.882;20
-4.683;-1.53;-6.035;20
3.055;-2.833;-9.682;20
7.521;-4.257;-6.552;20
-0.303;4.074;2.751;20
-0.581;1.318;5.121;20
1.426;-1.034;8.189;20
2.9;-1.151;7.012;20
1.378;-0.354;3.901;20
-1.472;1.048;1.656;20
-2.647;2.135;3.683;20
-2.899;3.42;-0.892;20
-3.672;5.004;-8.86;20
-0.442;4.388;2.912;20
2.873;3.899;3.277;20
1.787;3.363;0.791;20
2.158;3.142;-0.646;20
1.279;1.389;1.486;20
0.125;1.49;1.723;20
-0.654;1.286;-1.082;20
-2.05;1.131;-2.622;20
-4.168;0.732;-3.318;20
-6.666;-0.954;-5.274;20
-9.248;-3.118;-9.102;20
-10.146;-3.804;-11.961;20
-6.894;-3.759;-5.696;20
0.053;-2.138;1.641;20
3.417;-0.378;3.722;20
4.474;0.023;1.123;20
4.475;-0.574;1.586;20
4.85;-1.604;2.719;20
6.93;-1.286;-1.015;19
6.702;-0.207;1.788;20
5.154;0.412;4.115;20
5.085;0.728;6.98;20
2.001;1.139;10.411;20
-1.946;0.639;10.138;20
-4.704;-1.59;2.415;20
-6.675;-5.312;-0.859;20
-7.498;-2.367;0.525;20
-6.546;1.147;-12.944;20
-3.202;2.169;-4.302;20
2.81;0.014;2.698;20
5.77;1.62;5.532;20
6.462;3.974;4.984;20
4.253;1.03;5.245;20
2.109;0.894;-3.099;20
-1.373;0.243;-5.173;20
-4.69;-0.245;3.552;20
-6.34;0.809;1.918;20
-6.042;0.313;1.168;20
-3.612;-3.663;2.495;20
0.388;-6.768;2.225;20
-1.609;-4.348;-3.472;20
-4.243;-3.164;-9.299;20
-5.192;-3.207;-1.012;20
-5.646;-2.676;4.021;20
-2.4;-5.603;0.572;20
3.4;-8.725;-2.628;20
5.435;-5.241;5.239;20
3.46;-2.159;1.503;20
0.732;2.74;3.952;20
-3.059;5.237;2.548;20
-2.554;6.302;2.491;20
4.719;3.06;2.97;19
7.956;2.063;3.345;20
3.121;5.513;0.697;20
1.824;5.21;-3.912;20
-3.054;6.135;-5.04;20
-4.389;7.154;1.479;20
-2.385;7.178;5.851;20
1.431;6.755;8.023;20
1.47;5.508;6.679;20
1.515;2.705;3.391;20
-15.697;6.222;1.584;20
-14.434;3.096;4.11;20
-7.851;-0.868;-1.279;20
3.149;-4.952;0.258;20
9.677;-5.939;-0.571;20
8.028;-2.822;0.838;20
-2.114;1.537;-4.185;20
-8.708;6.527;-7.913;20
-9.274;5.633;1.68;20
-8.076;4.672;3.817;20
-4.729;3.214;5.801;20
-1.389;3.037;4.58;20
0.976;3.026;2.456;20
1.581;2.784;1.355;20
2.77;2.055;0.793;20
4.695;0.484;0.554;20
6.085;-0.136;-0.563;20
5.934;1.23;-1.422;20
3.331;2.33;2.609;20
2.66;1.272;8.784;20
1.527;3.011;2.798;20
1.541;3.138;0.272;20
1.234;2.904;0.827;20
1.307;2.269;0.837;19
0.324;2.904;0.722;20
-0.428;3.208;0.371;20
0.218;3.091;1.026;20
0.474;3.112;1.087;20
1.109;2.877;1.534;20
1.383;2.613;0.516;20
1.588;2.78;-0.075;20
1.201;2.631;-0.25;20
1.398;2.874;0.221;20
0.805;2.965;0.367;20
-0.162;2.637;0.709;20
-0.329;2.541;0.618;20
-0.611;2.521;0.092;20
-0.757;2.217;-0.484;20
-0.666;2.109;-0.516;20
-1.639;1.323;-0.785;20
-0.742;1.89;-0.296;20
-1.341;2.059;-1.759;20
-0.697;1.021;-0.36;20
-0.99;1.722;-1.082;20
-0.635;1.423;-0.736;20
-0.574;0.965;0.023;20
-1.333;0.869;-0.526;20
-2.033;1.318;0.403;20
-2.182;1.377;0.709;20
-1.802;1.29;-0.577;20
-1.281;0.976;-0.46;20
-0.86;0.698;-0.058;20
-0.535;0.519;-0.009;20
-0.479;0.406;-0.414;20
-0.659;0.388;-0.991;20
-0.701;0.292;-0.548;19
-1.032;0.216;-0.302;20
-1.358;0.21;-0.141;20
-1.314;0.167;-0.02;20
-0.997;0.26;0.025;20
-0.408;0.274;-0.219;20
0.19;0.232;-0.16;20
0.593;0.169;0.187;20
0.582;0.151;-0.147;20
0.38;0.011;-0.326;20
0.155;-0.074;-0.414;20
-0.192;-0.282;0.086;20
-0.588;-0.357;0.295;20
-0.72;-0.4;0.142;20
-0.599;-0.441;-0.102;20
-0.472;-0.462;-0.35;20
-0.385;-0.346;-0.44;20
-0.24;-0.297;-0.471;20
-0.203;-0.158;-0.508;20
-0.161;0.024;-0.383;20
-0.149;0.087;-0.388;20
-0.259;0.191;-0.194;20
-0.319;0.124;-0.062;20
0.044;0.19;-0.799;20
-0.16;-0.022;0.286;20
-0.556;-0.031;1.042;20

# Completed @Tue Jan 26 20:32:27 GMT+02:00 2021
