# Accelerometer Data File
# Started @Tue Jan 26 20:28:52 GMT+02:00 2021
#
#
# sensor Vendor: BOSCH
# sensor Name: BMI160 Accelerometer Non-wakeup
# sensor Resolution: 0.0023928226m/sec^2; Max Range: 78.4532; Min Delay: 2500 microseconds
# The sensor's attributes are the result hardware and the Android capabilities.
# It means that the Android may not utilize all features provided by the hardware.
#
# Some devices and Android versions save battery too much so the device may go to sleep.
# It just happens after couple of minutes from turning off the scree and it is easy to find it out.
#
# The following file provides the data from accelerometer in the m/s^2 format.
# The diff value is just a time delta between the samples
#
#
# data format:
# so we have 4 columns with values separated by the ";"
# X;Y;Z;time_from_previous_sample(ms)

# sensor speed set to:NORMAL
# units set to: m/sec^2
# gravity  filtered out
# Accuracy: HIGH
-4.35;4.579;7.029;0
-4.175;3.48;6.399;19
-5.225;3.67;4.673;20
-4.867;2.391;4.328;20
-4.653;1.143;3.658;20
-4.338;-0.159;4.38;20
-2.695;-1.956;3.647;20
0.198;-4.301;0.573;20
3.2;-6.442;-3.095;20
3.3;-7.6;-5.633;20
2.025;-8.365;-4.633;20
0.201;-8.514;-2.828;20
-2.898;-7.881;-0.901;20
-5.584;-6.63;1.474;20
-9.317;-3.706;3.693;20
-11.318;-1.349;5.812;20
-14.697;1.751;8.366;20
-16.853;5.153;9.222;20
-15.069;7.187;10.507;20
-13.02;8.61;8.846;20
-10.392;9.415;3.896;20
-7.602;9.364;-0.621;20
-3.252;7.63;-3.35;20
1.157;4.983;-5.776;20
2.172;4.171;-7.638;20
4.824;2.075;-11.639;20
4.711;0.593;-7.996;20
2.838;-0.293;-0.829;20
4.86;-1.864;-1.205;20
5.208;-1.914;-1.797;20
5.684;-3.965;-0.381;20
1.974;-2.87;0.291;20
0.577;-1.295;-1.671;19
0.766;-0.234;-1.46;20
1.462;0.291;-0.55;20
3.51;0.519;-1.037;20
2.429;1.147;-0.344;20
1.494;1.102;-1.479;20
1.091;0.268;-1.318;20
0.232;-1.947;-0.27;20
0.591;-1.924;0.902;20
-0.292;-0.899;1.589;20
-1.592;-1.935;2.443;20
-2.396;-2.644;1.894;20
0.0;1.704;-1.69;20
-3.829;0.342;0.704;20
-3.93;-0.521;1.386;20
-2.501;-0.79;1.477;20
-0.127;-1.826;-1.78;20
2.413;-3.557;-4.07;20
4.624;-1.024;-4.124;20
-1.504;-0.748;-0.049;20
-0.941;-5.286;1.66;20
1.337;-7.035;0.196;20
1.982;-7.003;0.3;20
1.432;-4.776;-0.239;20
0.786;-3.426;-1.126;20
-1.432;-0.844;-0.926;20
-1.032;1.295;-1.64;20
-0.587;1.002;-0.422;20
-0.967;1.72;-1.16;20
0.221;0.668;-0.78;20
1.729;-0.155;-2.767;20
3.297;-2.839;-0.819;20
4.215;-2.146;-3.023;20
1.526;-0.969;-2.304;20
0.908;0.143;-1.808;20
5.799;-1.981;-5.817;20
-3.694;4.909;2.627;20
4.485;-0.507;-1.729;19
3.706;0.681;0.551;20
2.334;0.916;-0.432;20
-0.031;1.436;-2.151;20
-2.531;1.5;-4.445;20
-2.21;0.154;-5.415;20
-3.057;0.955;-4.43;20
-2.752;2.803;-2.685;20
-1.242;1.011;-4.158;20
-0.151;-2.195;-1.777;20
-1.062;-2.883;-0.997;20
-0.779;-3.696;-1.169;20
-2.159;-2.382;1.19;20
-1.643;-1.998;5.414;20
2.269;-7.461;-0.07;20
1.291;-8.816;-0.067;20
3.163;-7.765;3.863;20
3.446;-4.658;3.222;20
3.861;-1.721;2.405;20
7.085;-0.507;1.444;20
6.453;1.29;2.013;20
1.311;1.698;4.137;20
-1.086;2.477;5.789;20
-0.407;1.578;4.557;20
-0.735;1.684;-0.312;20
-1.951;1.384;-5.096;20
0.549;0.257;-3.151;20
1.82;-0.204;0.373;20
2.516;-0.403;2.797;20
2.204;-0.019;3.623;20
2.317;-0.154;2.755;20
2.925;0.255;1.697;20
3.408;1.367;0.717;20
3.556;2.679;-0.142;20
3.364;2.481;1.129;20
2.818;2.081;0.653;20
2.361;0.071;0.554;19
1.733;-6.632;5.385;20
-5.339;-13.291;4.767;20
-5.811;-21.794;1.036;20
6.904;-12.659;-1.181;20
4.686;-0.227;0.546;20
-1.81;1.282;-2.249;20
-6.366;-0.536;-11.192;20
-5.253;-0.743;-11.671;20
-2.911;-2.038;-3.393;20
-3.759;-1.928;1.174;20
-4.847;-0.118;1.465;20
-3.413;1.469;2.151;20
-1.92;0.494;1.779;20
-0.112;-1.922;3.633;20
3.721;-5.024;9.614;20
6.717;-3.643;7.785;20
4.495;0.775;-3.677;20
0.333;3.249;-8.024;20
-0.057;3.306;-0.453;20
-0.228;3.517;3.766;20
0.404;3.646;2.744;20
1.051;3.459;1.277;20
1.754;3.51;1.048;20
3.193;3.468;0.609;20
4.901;3.719;0.953;20
5.658;4.092;0.529;20
4.536;4.53;-0.669;20
2.793;4.411;-1.186;20
1.053;3.883;-1.998;20
-1.083;3.143;-3.459;20
-3.919;1.575;-6.945;20
-6.994;-2.609;-10.216;20
-11.855;-6.872;-11.594;20
-13.217;-3.181;-8.326;20
-2.819;1.013;-2.167;20
3.206;2.921;3.604;20
5.653;2.201;5.306;19
5.773;-2.681;4.592;20
4.897;-6.008;-1.848;20
4.226;-6.862;-7.911;20
3.307;-6.793;-3.836;20
1.164;-5.844;1.212;20
-2.007;1.549;4.422;20
-2.239;5.741;6.442;20
-1.736;5.829;7.707;20
-2.885;4.965;8.664;20
-4.441;2.559;8.081;20
-5.837;0.065;5.936;20
-3.887;-1.421;5.685;20
-0.313;-1.534;4.537;20
2.179;-2.239;-0.746;20
5.857;-4.442;-10.982;20
8.613;-3.691;-10.358;20
5.867;-0.95;-6.87;20
-0.344;1.338;-5.453;20
-3.071;1.862;-0.41;20
-3.156;2.022;4.945;20
-1.085;2.198;7.359;20
1.079;2.112;5.143;20
0.501;2.017;0.636;20
-1.341;1.085;-1.609;20
-2.834;-0.17;-1.64;20
-3.702;-1.354;-0.912;20
-4.168;-0.919;-1.658;20
-3.783;1.081;-0.641;20
-2.255;1.107;1.383;20
-3.587;-0.354;-2.128;20
-3.862;-1.009;-4.685;20
-2.774;0.421;-6.969;20
-4.026;1.448;-6.129;20
-6.103;0.482;0.429;19
-6.162;-2.841;6.852;20
-1.529;-7.537;8.057;20
2.401;-8.729;9.695;20
7.46;-5.142;11.623;20
8.208;0.122;7.426;20
2.18;3.994;-8.467;20
-2.226;4.339;-9.946;20
-0.781;2.636;-0.135;20
-0.766;3.401;3.429;20
0.932;3.63;4.712;20
4.283;3.033;4.923;20
6.391;2.234;3.496;20
7.175;1.681;1.658;20
7.568;1.398;1.261;20
7.319;1.78;0.709;20
6.193;1.904;-0.25;20
4.521;1.392;-1.509;20
3.721;-0.069;-2.696;20
3.056;-2.174;-5.611;20
-1.212;-3.802;-13.024;20
-13.134;-5.473;-19.425;20
-19.483;-1.721;-7.762;20
-10.59;4.403;-1.402;20
-1.542;4.634;0.059;20
3.322;2.161;4.89;20
5.13;-1.214;4.939;20
4.045;-3.799;2.862;20
-1.53;-10.679;-6.506;20
-4.379;-6.847;-11.268;20
3.804;3.051;6.457;20
7.834;3.991;8.254;20
7.556;3.504;6.523;20
6.576;1.284;5.115;20
3.35;-1.166;4.618;20
-2.898;-2.471;4.967;20
-4.504;-2.498;9.773;20
-4.434;1.171;6.943;19
-6.687;4.553;-0.227;20
-3.557;3.609;-7.04;20
1.699;-0.137;-9.002;20
3.52;-1.425;-8.166;20
0.82;-0.547;-4.042;20
-0.544;0.305;-0.173;20
-0.534;0.87;2.8;20
-0.094;1.1;2.549;20
0.147;1.587;1.176;20
-0.792;1.247;1.334;20
-2.02;0.448;1.161;20
-2.631;1.062;-0.277;20
-2.502;1.984;-1.019;20
-2.925;1.897;0.268;20
-2.104;0.588;2.631;20
0.651;-2.319;4.167;20
0.479;-4.09;-0.899;20
-2.828;-2.976;-4.955;20
-4.73;-0.495;-4.623;20
-5.488;0.968;-5.698;20
-6.374;0.964;-4.301;20
-5.587;0.368;0.27;20
0.073;-2.293;2.897;20
2.131;-5.903;1.959;20
4.65;-9.156;4.106;20
7.276;-7.191;8.583;20
8.557;-2.211;9.752;20
6.94;2.489;3.467;20
1.05;4.811;-10.543;20
-2.73;4.009;-7.461;20
-3.588;3.261;1.506;20
-3.304;3.846;4.846;20
1.365;3.356;4.81;20
5.092;3.135;3.421;20
6.717;3.013;2.117;20
7.626;2.74;1.026;20
7.009;2.963;0.837;20
5.717;3.375;0.757;20
4.099;3.295;-0.309;19
2.147;2.628;-1.658;20
-0.357;1.01;-5.653;20
-5.499;-2.282;-12.743;20
-19.914;-7.889;-16.918;20
-18.468;-5.563;-14.284;20
-1.334;0.816;-2.692;20
5.502;3.083;3.405;20
6.845;2.759;6.197;20
5.609;-2.316;6.811;20
1.775;-8.029;6.062;20
-4.209;-13.78;-8.033;20
0.453;-5.602;-12.871;20
5.732;5.874;6.604;20
6.659;5.83;8.748;20
6.102;3.251;8.209;20
4.632;-0.466;8.171;20
-0.235;-2.281;6.513;20
-5.597;-1.265;3.152;20
-5.641;-1.032;9.62;20
-4.365;2.05;6.351;20
-5.166;4.71;-0.77;20
-2.225;4.007;-7.375;20
2.67;-0.155;-7.875;20
3.371;-2.257;-7.696;20
0.168;-0.679;-4.01;20
0.072;0.296;0.229;20
0.858;0.364;4.267;20
0.01;0.782;3.936;20
-1.016;1.44;1.053;20
-1.985;1.954;-1.447;20
-3.183;2.083;-3.027;20
-4.223;1.183;-3.425;20
-3.45;0.502;-1.274;20
-0.389;-0.75;1.93;20
-0.385;-1.205;3.295;19
-2.284;-0.461;-0.329;20
-4.1;-0.054;-3.917;20
-4.561;0.975;-5.46;21
-4.802;0.943;-6.01;20
-6.845;-0.603;-2.827;19
-5.808;-3.846;6.629;20
1.434;-8.809;6.508;20
4.512;-10.318;4.725;20
8.085;-7.483;6.942;20
9.485;-1.789;9.579;20
6.876;3.841;3.503;20
-0.749;5.879;-7.37;20
-5.01;4.51;-7.33;20
-5.968;4.155;0.692;20
-1.873;3.41;3.71;20
3.499;1.952;4.476;20
6.16;2.305;3.093;20
7.124;2.846;1.876;20
8.144;2.525;1.19;20
8.414;2.439;1.164;20
7.019;2.306;0.51;20
4.405;2.18;-1.148;20
3.413;1.005;-2.243;20
3.704;-1.109;-3.772;20
0.764;-2.963;-8.723;20
-8.657;-4.884;-16.61;20
-21.841;-4.718;-14.967;20
-16.02;1.431;-2.755;20
-6.407;5.447;-0.851;20
1.506;3.619;2.332;20
6.36;2.658;4.79;20
5.852;-0.369;6.176;20
3.078;-3.045;5.374;20
-3.426;-9.659;2.484;20
-4.037;-10.308;-6.179;20
4.439;-0.325;-5.05;20
8.752;2.197;1.533;19
9.718;2.024;3.278;20
7.91;1.631;3.873;20
4.924;0.54;3.967;20
1.062;-1.488;5.409;20
-3.52;-2.844;6.815;20
-5.229;-0.767;10.092;20
-5.871;2.715;4.567;20
-6.953;5.547;-3.435;20
-2.602;3.163;-6.538;20
0.993;-1.078;-8.478;20
1.224;-1.336;-7.175;20
-0.966;0.356;-1.761;20
-0.822;1.425;3.251;20
0.732;1.397;5.154;20
1.57;1.175;2.652;20
0.001;0.555;-0.374;20
-1.413;0.296;-1.651;20
-1.783;1.352;-2.189;20
-2.887;1.733;-0.719;20
-3.165;1.361;1.58;20
-2.112;0.615;2.839;20
-1.198;-1.08;3.004;20
-1.462;-3.033;-0.927;20
-2.585;-2.158;-4.673;20
-3.531;-0.812;-6.281;20
-4.969;-2.111;-5.544;20
-5.271;-2.535;-2.446;20
0.235;-1.943;-0.798;20
2.924;-3.67;-0.135;20
5.189;-7.446;2.73;20
7.124;-7.293;6.884;20
7.525;-2.527;8.479;20
6.078;2.473;7.533;20
1.037;5.441;0.222;20
-6.639;5.96;-7.277;20
-7.089;4.883;-4.697;20
1.843;1.122;0.989;19
5.858;1.095;2.792;20
6.064;2.959;1.571;20
6.067;3.539;1.069;20
6.195;3.352;1.117;20
6.137;2.775;0.821;20
5.2;1.791;0.084;20
2.722;1.517;-0.783;20
1.136;1.084;-2.031;20
-1.277;1.157;-2.661;20
-5.091;1.043;-2.645;20
-12.548;0.264;-2.736;20
-21.535;-2.967;-4.304;20
-16.05;-2.364;-15.613;20
-1.349;1.175;-10.31;20
5.071;0.549;1.325;20
6.825;-3.369;6.264;20
2.306;-4.466;5.712;20
-5.545;-2.893;6.187;20
-2.977;-2.035;9.181;20
2.919;-1.452;4.527;20
6.43;-2.335;-6.61;20
10.781;-1.159;-7.258;20
10.233;1.475;-0.961;20
6.886;1.288;1.072;20
2.134;-0.479;2.183;20
-2.338;-3.451;11.742;20
-4.094;-2.339;11.731;20
-4.891;3.672;7.493;20
-6.341;6.127;2.428;20
-3.443;2.54;-3.899;20
2.134;-1.921;-10.633;20
4.43;-2.4;-11.166;20
0.917;-0.07;-4.772;20
-0.777;0.944;1.779;20
-0.184;1.113;5.918;20
1.1;1.009;5.404;20
0.825;1.014;2.248;20
-0.272;1.252;0.176;20
-0.89;1.229;-0.669;20
-1.998;0.875;-1.156;19
-3.217;0.919;-1.522;20
-4.098;0.961;-0.15;20
-3.716;0.823;0.838;20
-1.779;-0.771;0.509;20
-1.209;-2.429;-0.858;20
-2.48;-0.971;-3.521;20
-5.125;1.053;-4.752;20
-6.678;1.678;-2.496;20
-4.936;1.111;1.226;20
0.63;-0.279;-0.128;20
3.095;-2.227;-0.84;20
2.685;-5.217;0.871;20
3.903;-8.391;2.771;20
5.792;-6.069;4.979;20
5.487;-1.764;6.889;20
4.889;1.049;6.12;20
0.5;3.21;-1.777;20
-2.911;3.919;-7.644;20
-4.248;3.368;-3.8;20
-1.226;1.71;1.145;20
2.568;0.385;3.226;20
4.769;1.53;2.228;20
5.682;2.657;1.099;20
5.937;2.8;0.685;20
6.325;2.128;0.475;20
5.754;1.485;-0.412;20
3.785;1.393;-0.978;20
2.324;1.374;-1.86;20
0.916;1.509;-2.674;20
-1.621;1.268;-4.509;20
-4.958;0.268;-7.327;20
-8.402;-1.456;-7.243;20
-11.133;-2.016;-6.038;20
-10.758;-0.22;-5.167;20
-5.075;1.775;-3.227;20
1.36;1.949;-0.158;20
3.963;2.538;2.06;20
3.983;0.965;3.902;20
5.92;-4.377;5.798;19
3.075;-6.47;4.259;21
0.769;-11.974;-0.228;19
0.651;-13.187;-8.844;20
1.753;3.428;-0.613;20
3.134;6.39;2.864;20
3.187;4.978;4.36;20
1.959;2.663;7.316;20
1.89;-0.742;12.345;20
-2.039;-1.95;11.08;20
-5.476;-0.708;11.031;20
-6.072;2.177;4.411;20
-5.563;3.555;-7.294;20
-1.462;0.93;-13.657;20
0.946;-0.841;-13.258;20
0.109;-1.312;-5.47;20
1.576;-0.698;0.773;20
3.654;0.231;4.752;20
2.008;0.898;3.731;20
-0.087;0.941;1.659;20
-0.86;0.886;1.253;20
-0.812;1.231;0.067;20
-1.425;1.66;-2.054;20
-2.388;0.8;-1.849;20
-3.198;-0.001;0.339;20
-3.216;-0.169;0.358;20
-3.841;-0.092;-0.524;20
-4.657;-0.479;-3.05;20
-5.378;-0.624;-5.101;20
-6.71;-0.533;-2.394;20
-5.876;-1.066;1.701;20
0.822;-4.233;0.89;20
1.965;-8.588;-0.905;20
5.773;-10.884;3.029;20
8.525;-8.513;8.122;20
9.516;-1.885;12.119;20
6.878;5.109;1.608;20
-2.444;7.274;-11.658;20
-4.901;4.99;-4.903;20
-6.761;5.119;3.13;20
-1.049;4.265;7.101;19
4.854;3.024;5.309;20
6.554;2.332;2.228;20
6.815;2.255;1.372;20
7.913;2.235;1.894;20
7.952;2.635;1.49;20
6.349;2.85;0.654;20
3.784;2.822;-0.636;20
2.388;1.756;-1.466;20
1.687;-1.283;-4.028;20
-2.331;-6.098;-11.464;20
-18.653;-9.381;-20.446;20
-21.896;-3.318;-14.057;20
-5.455;2.913;-3.444;20
1.37;-1.325;4.37;20
2.614;-6.132;6.669;20
-1.817;-7.419;5.144;20
0.407;0.094;-4.18;20
7.591;5.935;2.442;20
10.747;4.308;8.611;20
10.717;2.018;4.337;20
8.916;1.191;3.426;20
5.054;-1.118;1.791;20
-1.069;-3.637;-2.535;20
-7.466;-4.239;3.954;20
-6.3;-0.916;12.297;20
-6.26;4.059;5.197;20
-7.032;6.278;0.74;20
-4.844;5.609;-2.703;20
-2.111;1.163;-5.247;20
1.601;-2.12;-8.88;20
3.488;-1.975;-8.26;20
1.513;-0.596;-2.037;20
0.786;0.89;3.153;20
1.068;1.473;5.766;20
1.557;1.32;4.509;20
0.153;1.104;0.443;20
-0.896;1.189;-1.42;19
-1.747;1.147;-2.08;20
-3.144;0.573;-0.811;20
-3.844;0.324;2.823;20
-2.984;-0.241;5.007;20
-0.927;-1.726;-0.539;20
-1.414;-2.574;-6.632;20
-3.585;-1.576;-6.017;20
-4.175;0.105;-5.359;20
-5.15;1.042;-3.963;20
-5.364;1.646;-2.438;20
-2.209;0.778;1.216;20
-0.012;-2.222;4.044;20
1.14;-8.122;5.851;20
3.995;-11.11;9.849;20
9.023;-6.738;13.38;20
6.18;2.32;1.457;20
-1.25;5.161;-11.404;20
-3.113;4.12;-6.366;20
-2.197;3.441;0.643;20
0.252;3.274;4.085;20
4.038;2.979;3.02;20
6.444;2.65;0.727;20
6.606;2.66;0.678;20
7.348;2.574;1.132;20
7.267;2.662;0.736;20
5.531;2.851;0.053;20
3.149;2.709;-1.048;20
1.6;2.09;-2.582;20
-0.233;1.061;-4.709;20
-3.762;-0.395;-6.74;20
-10.509;-3.376;-8.027;20
-17.06;-6.125;-14.831;20
-10.192;0.204;-8.301;20
-0.859;2.716;0.786;20
5.464;-0.035;4.8;20
5.423;-4.126;4.33;20
0.696;-9.733;1.479;20
-3.057;-10.896;-9.306;19
3.317;2.332;-0.387;20
7.111;5.633;9.343;20
7.437;4.816;10.403;20
7.269;2.396;8.169;20
4.917;-0.689;4.403;20
-2.054;-1.328;-3.085;20
-6.933;-1.064;7.335;20
-6.245;-1.266;14.839;20
-8.163;2.585;1.147;20
-5.145;3.173;-6.8;20
0.025;0.472;-12.543;20
2.477;-1.002;-11.165;20
1.161;-0.884;-5.015;20
1.158;-0.36;-0.151;20
1.28;0.129;2.846;20
1.881;0.545;5.385;20
2.273;0.694;5.042;20
2.235;0.753;2.609;20
1.313;0.67;0.67;20
0.65;0.412;0.163;20
-0.213;0.198;0.478;20
-0.421;0.377;0.299;20
-1.006;0.14;-0.524;20
-1.761;-0.825;-1.159;20
-2.853;-0.341;-1.544;20
-2.972;0.995;0.533;20
-0.702;-0.433;0.825;20
-0.842;-2.063;-1.99;20
-3.048;-1.773;-1.952;20
-3.169;0.308;-2.414;20
-4.532;1.433;-4.033;20
-5.384;1.832;-3.406;20
-5.423;1.85;-1.244;20
-2.881;-0.25;1.349;20
0.107;-3.537;2.849;20
2.306;-7.287;2.739;20
4.801;-7.945;4.891;20
6.869;-4.171;7.714;20
6.98;0.538;8.028;20
4.147;3.489;2.312;20
-1.869;4.761;-6.371;20
-5.561;4.39;-7.796;19
-4.439;2.705;-0.792;20
-1.475;1.114;2.478;20
3.59;0.97;3.767;20
5.311;2.412;2.577;20
5.618;2.817;0.544;20
6.191;2.495;0.817;20
6.8;1.715;1.43;20
5.125;1.587;-0.066;20
2.828;1.389;-1.496;20
1.718;0.939;-2.633;20
0.559;0.66;-3.85;20
-1.868;0.457;-6.258;20
-4.724;0.034;-10.275;20
-6.627;-1.167;-9.961;20
-8.037;-0.309;-4.108;20
-8.71;2.225;-0.868;20
-3.62;1.439;-1.926;20
1.303;1.444;0.181;20
4.037;-0.863;4.066;20
4.309;-4.332;4.744;20
1.579;-10.018;2.4;20
-6.818;-18.647;-15.199;20
-1.656;-5.531;-10.867;20
6.89;7.107;6.514;20
8.771;6.698;12.012;20
9.183;4.037;11.397;20
8.606;0.972;10.465;20
4.025;-0.729;4.764;20
-3.433;-2.575;0.258;20
-8.626;-4.354;7.904;20
-6.965;-1.731;10.713;20
-7.275;3.672;-0.311;20
-5.583;6.052;-5.334;20
-1.081;3.355;-11.74;20
1.213;-0.657;-10.436;20
0.412;-1.045;-5.592;19
0.404;-0.227;-0.527;20
0.112;0.674;4.024;20
1.018;1.051;5.921;20
1.918;1.259;5.243;20
2.209;0.785;2.289;20
0.82;0.325;-0.173;20
-0.226;0.47;-0.752;20
-0.907;0.951;-2.092;20
-2.687;0.848;-2.457;20
-3.637;1.257;1.055;20
-2.555;0.923;2.899;20
0.707;-1.247;1.638;20
2.967;-3.094;-0.746;20
1.586;-2.553;-2.723;20
-1.249;-1.046;-2.961;20
-3.71;-0.637;-3.397;20
-5.141;-0.599;-3.187;20
-4.898;0.89;-2.571;20
-4.657;1.974;-1.491;20
-4.455;1.865;-0.264;20
-3.221;-0.739;1.8;20
-0.744;-5.995;4.535;20
3.434;-8.996;8.929;20
7.968;-4.962;11.318;20
6.365;2.023;3.202;20
2.28;3.922;-6.974;20
-0.557;3.051;-6.672;20
-1.336;2.475;-0.999;20
-1.276;2.266;3.592;20
1.553;1.857;3.951;20
4.575;1.322;0.926;20
5.98;1.716;0.268;20
7.091;2.451;1.121;20
7.143;3.282;1.417;20
6.108;3.266;0.562;20
4.061;2.803;-0.618;20
2.028;2.239;-1.673;20
0.57;1.327;-2.844;20
-1.58;0.431;-5.719;19
-6.741;-0.641;-6.783;20
-16.425;-1.69;-6.966;20
-18.536;-1.389;-8.484;20
-6.345;1.331;-6.852;20
1.936;-2.483;1.14;20
1.638;-6.411;2.894;20
-3.047;-9.744;2.425;20
0.154;-4.685;1.369;20
8.452;0.436;1.105;20
13.129;0.011;0.548;20
11.739;2.37;1.651;20
10.618;2.326;4.096;20
7.407;-0.143;4.764;20
0.915;-3.801;3.01;20
-7.205;-5.284;4.483;20
-7.192;-1.83;13.667;20
-6.958;3.629;6.48;20
-8.457;7.507;0.178;20
-6.583;7.111;-4.933;20
-1.895;0.426;-9.891;20
3.158;-2.362;-12.291;20
3.326;-1.639;-5.416;20
2.165;-0.39;2.835;20
2.365;0.228;6.508;20
2.697;0.295;4.684;20
1.854;0.549;1.136;20
0.439;0.741;-0.568;20
-0.723;0.835;-1.641;20
-2.281;1.111;-2.038;20
-3.958;1.279;0.449;20
-3.353;0.689;4.593;20
-1.052;-1.203;5.063;20
-0.67;-2.683;-1.122;20
-2.341;-2.204;-6.248;20
-4.328;-0.079;-4.046;20
-5.524;1.453;-0.428;20
-4.216;1.217;-0.233;20
-1.535;0.234;-2.872;20
1.551;-0.354;-3.725;19
2.698;-2.06;-1.918;20
2.802;-5.207;1.114;20
2.918;-6.918;2.588;20
4.15;-4.998;4.141;20
5.797;-2.167;6.206;20
6.363;0.891;7.004;20
2.454;3.523;2.871;20
-2.603;4.243;-4.351;20
-6.516;4.901;-7.286;20
-4.751;4.047;-2.858;20
-0.424;1.992;3.176;20
2.66;1.42;4.431;20
4.247;2.046;1.844;20
4.884;1.8;0.752;20
5.254;1.172;0.66;20
5.526;0.806;-0.677;20
4.334;1.038;-1.386;20
2.641;0.911;-1.526;20
1.149;0.571;-2.179;20
-0.538;0.475;-3.135;20
-2.851;0.563;-4.549;20
-5.449;-0.082;-7.37;20
-9.883;-0.706;-8.112;20
-12.859;0.252;-5.229;20
-8.411;1.346;-1.724;20
-1.761;1.324;-0.286;20
3.256;1.199;0.298;20
5.236;0.457;2.412;20
3.822;-0.876;2.946;20
2.391;-3.148;2.629;20
-1.412;-6.906;2.505;20
-3.168;-5.401;-5.201;20
4.742;0.421;-2.406;20
7.712;1.006;4.559;20
7.833;-0.455;4.359;20
6.107;-1.946;3.438;20
2.288;-2.373;2.21;20
-1.801;-1.104;0.37;20
-4.609;-0.292;5.105;20
-4.901;0.902;10.388;20
-6.453;4.165;5.549;19
-6.251;6.378;1.906;20
-2.26;3.982;-3.603;20
2.646;-1.904;-9.43;20
4.537;-3.846;-10.11;20
1.377;-1.301;-3.999;20
-1.071;0.802;1.109;20
-1.241;1.46;3.034;20
0.055;1.233;2.684;20
0.97;0.725;1.632;20
0.513;0.328;0.927;20
-0.37;0.51;1.011;20
-0.518;1.254;1.175;20
-0.744;0.753;1.302;20
-1.148;-0.252;0.542;20
-2.287;-0.263;0.609;20
-1.693;-0.937;1.849;20
-2.427;-2.842;-1.146;20
-3.079;-1.96;-4.322;20
-3.856;0.287;-5.437;20
-5.61;0.872;-3.47;20
-7.103;0.886;-1.265;20
-4.69;0.463;-0.168;20
0.404;-2.174;1.484;20
2.936;-6.825;2.325;20
5.582;-9.866;3.834;20
7.895;-8.643;8.116;20
9.447;-3.419;8.608;20
6.806;2.52;-1.996;20
0.101;4.554;-9.376;20
-3.986;4.158;-3.543;20
-5.732;4.656;1.742;20
-1.11;4.328;4.941;20
5.14;3.049;3.419;20
6.455;3.17;0.906;20
6.344;3.421;1.237;20
6.637;3.6;1.997;20
6.099;3.512;1.8;20
4.601;2.9;0.252;20
1.62;2.46;-2.295;19
-1.118;1.784;-4.414;20
-3.407;-0.22;-7.747;20
-9.421;-4.807;-8.57;20
-17.511;-7.074;-12.41;20
-11.478;-1.689;-11.782;20
-0.762;2.636;-4.291;20
5.578;0.909;3.915;20
5.753;-2.033;5.854;20
1.991;-5.088;5.453;20
-3.119;-5.576;3.986;20
-0.262;-0.758;-1.374;20
5.871;2.559;2.176;20
7.368;0.765;4.766;20
7.317;-1.62;2.36;20
4.573;-1.504;0.99;20
0.66;0.131;0.395;20
-2.104;0.573;4.423;20
-4.785;0.26;9.846;20
-6.591;2.264;7.112;20
-6.913;4.783;2.348;20
-4.053;3.787;-3.049;20
0.402;-0.33;-7.642;20
3.018;-2.6;-8.751;20
2.814;-1.473;-4.92;20
0.988;0.192;0.366;20
0.766;0.414;3.866;20
1.879;0.227;6.171;20
1.45;0.634;3.979;20
-0.593;1.25;-0.232;20
-1.894;1.054;-1.847;20
-2.355;0.817;-1.509;20
-2.506;1.203;-1.387;20
-2.908;0.915;-1.3;20
-2.845;0.353;-0.163;20
-2.226;-0.003;0.887;20
-2.632;-0.512;1.581;20
-3.637;-1.222;-0.968;20
-4.015;-0.172;-4.35;20
-5.029;0.541;-4.978;20
-6.26;-0.161;-1.542;20
-4.696;-1.243;2.981;20
1.17;-4.283;2.186;20
2.68;-8.86;0.19;19
4.953;-10.394;2.834;20
7.459;-7.252;7.884;20
9.09;-1.661;11.2;20
5.639;3.946;1.406;20
-0.421;4.985;-10.643;20
-2.843;3.464;-6.031;20
-4.384;3.632;1.075;20
-1.236;3.556;4.478;20
3.722;2.981;4.471;20
6.441;2.96;2.445;20
7.727;2.924;1.237;20
8.315;3.062;0.545;20
7.318;3.284;-0.142;20
4.913;3.073;-1.257;20
2.689;2.547;-2.172;20
0.099;1.679;-3.611;20
-3.41;0.634;-7.977;20
-10.296;-0.93;-8.389;20
-18.883;-3.541;-12.297;20
-11.101;-3.475;-11.481;20
-1.392;1.695;0.538;20
3.628;4.722;5.234;20
5.765;4.507;5.793;20
4.39;-0.627;5.184;20
2.057;-8.116;5.373;20
-2.323;-15.325;-3.227;20
0.962;-8.374;-12.698;20
4.478;3.353;3.014;20
6.113;4.008;5.495;20
5.78;2.504;4.636;20
4.571;-0.144;3.704;20
0.691;-0.834;2.519;20
-3.359;-0.705;3.82;20
-5.854;-0.469;9.339;20
-7.456;2.11;6.731;20
-7.02;5.429;4.18;20
-4.996;5.399;-1.671;20
0.051;0.48;-8.685;20
4.316;-3.066;-10.57;20
4.13;-2.642;-6.756;20
1.623;-0.955;-0.506;20
0.79;0.045;2.966;19
0.59;0.827;3.989;20
0.867;1.06;3.423;20
1.029;0.426;2.652;20
0.605;-0.208;1.775;20
-0.196;0.431;0.068;20
-1.611;1.203;-1.668;20
-3.453;0.797;-2.61;20
-5.145;0.868;-1.286;20
-3.789;0.35;2.306;20
-1.604;-0.979;-0.562;20
-2.85;-1.652;-5.131;20
-4.312;-0.595;-6.477;20
-4.85;-0.026;-4.57;20
-5.92;-0.359;-0.34;20
-5.016;-0.853;3.894;20
1.153;-5.044;2.437;20
3.288;-9.267;1.427;20
6.215;-10.412;7.057;20
9.942;-4.865;13.182;20
7.833;3.108;7.105;20
-0.647;5.906;-12.85;20
-3.547;3.87;-9.251;20
-2.104;2.494;1.417;20
-2.538;3.449;5.327;20
0.445;3.68;6.404;20
4.569;3.347;3.151;20
6.064;3.088;0.43;20
7.015;3.112;1.008;20
7.952;3.02;1.207;20
7.302;2.928;0.619;20
4.881;2.567;-0.319;20
2.408;1.766;-1.32;20
0.587;0.798;-3.709;20
-2.82;-0.344;-9.468;20
-10.256;-2.564;-12.507;20
-15.454;-5.133;-13.359;20
-8.288;-0.945;-4.188;20
-0.421;2.049;0.152;20
3.763;0.086;1.95;20
3.91;-3.905;2.698;20
1.263;-7.765;-0.155;20
-1.984;-11.568;-9.598;19
1.812;-1.219;-0.098;20
6.018;5.514;8.015;20
6.839;5.141;9.022;20
6.683;2.064;8.308;20
4.311;-1.184;6.538;20
-0.575;-1.574;1.108;20
-4.083;-0.166;1.38;20
-5.4;-0.56;13.446;20
-7.399;1.632;5.061;20
-6.037;3.795;-0.955;20
-1.736;2.21;-7.938;20
2.902;-0.767;-10.46;20
3.031;-1.281;-7.796;20
0.8;-0.505;-1.926;20
-0.071;0.222;2.738;20
0.106;0.667;4.115;20
-0.228;1.611;3.047;20
-1.266;2.107;0.739;20
-1.664;1.767;-0.66;20
-1.446;0.872;0.144;20
-1.296;0.708;0.427;20
-1.166;1.146;-0.365;20
-1.689;0.495;0.015;20
-1.996;-0.581;0.791;20
-1.776;-1.232;0.126;20
-1.649;-0.96;-1.042;20
-2.386;-0.765;-2.69;20
-4.121;-1.6;-3.922;20
-3.828;-1.543;-4.475;20
-5.443;-0.17;-3.788;20
-6.01;0.894;0.35;20
-1.902;-0.616;2.813;20
0.338;-4.576;3.578;20
2.898;-8.869;6.493;20
6.884;-8.513;12.724;20
9.359;-1.71;12.063;20
2.658;4.289;-7.105;20
-2.263;4.099;-15.249;20
0.023;1.913;-1.497;19
-2.261;2.895;4.618;20
-1.408;3.833;6.326;20
3.892;2.673;4.403;20
6.305;2.444;1.415;20
7.646;2.14;1.617;20
8.292;2.286;1.647;20
7.711;3.274;1.084;20
6.304;4.129;0.231;20
4.817;3.594;-1.133;20
3.122;1.43;-3.82;20
-1.225;-1.224;-10.628;20
-11.039;-5.515;-13.426;20
-21.098;-8.998;-15.431;20
-9.361;-0.674;-7.045;20
1.389;-0.569;-0.252;20
2.979;-9.642;4.292;20
-2.779;-12.474;3.948;20
-1.678;-0.941;-9.237;20
6.223;9.963;4.484;20
9.225;9.151;12.35;20
10.864;5.985;12.257;20
10.678;1.185;8.915;20
5.725;-1.242;1.345;20
-0.661;-4.053;-6.007;20
-6.351;-8.159;-0.168;20
-6.808;-4.987;13.231;20
-9.132;4.331;1.998;20
-9.51;7.958;-7.044;20
-5.374;5.385;-11.301;20
-1.945;2.071;-8.543;20
0.596;-0.519;-3.134;20
4.366;-2.338;2.861;20
4.725;-1.488;5.222;20
4.888;0.095;2.985;20
1.793;1.009;-0.957;20
-0.103;0.735;-1.016;20
-1.154;0.42;0.732;20
-1.46;0.905;1.157;20
-1.274;1.72;0.436;20
-2.078;1.455;0.672;20
-3.117;0.884;1.299;19
-2.679;0.295;1.588;20
-2.474;-1.266;1.109;20
-3.772;-2.43;-1.268;20
-4.773;-1.413;-3.206;20
-5.536;-0.301;-4.169;20
-6.383;-0.864;-2.917;20
-4.736;-0.764;-1.638;20
0.686;-2.105;-2.828;20
1.977;-5.564;-1.332;20
5.359;-11.437;2.098;20
7.741;-10.305;8.322;20
8.727;-2.738;10.43;20
8.261;3.77;7.455;20
3.178;5.72;-4.975;20
-5.216;5.578;-6.265;20
-8.449;5.746;0.116;20
-4.639;5.187;3.568;20
3.699;2.63;4.404;20
7.093;2.611;1.644;20
7.522;3.006;0.688;20
7.603;3.326;1.478;20
7.202;3.427;1.865;20
6.176;3.38;1.288;20
4.067;3.139;0.57;20
1.303;2.401;-1.056;20
-1.468;0.752;-4.636;20
-5.061;-2.813;-10.667;20
-16.026;-7.918;-13.562;20
-17.253;-5.828;-14.787;20
-3.774;2.113;-5.401;20
3.137;2.94;0.94;20
6.255;0.569;5.463;20
3.92;-2.727;5.347;20
-1.171;-6.0;4.278;20
-4.65;-12.699;-0.479;20
-1.572;-4.935;-14.327;20
6.177;5.453;2.966;20
7.329;4.996;7.909;20
6.932;1.693;7.835;20
5.052;-0.993;8.199;20
2.267;-1.422;7.132;19
-2.413;-0.094;3.076;20
-3.71;-0.11;10.903;21
-4.06;1.815;6.232;20
-6.302;4.843;-3.871;19
-2.213;3.279;-7.929;20
1.663;-0.676;-8.293;20
1.125;-1.734;-6.874;20
-0.022;-0.377;-3.372;20
0.049;0.608;1.645;20
0.442;1.043;4.707;20
0.696;1.246;4.136;20
0.938;1.173;2.667;20
0.118;1.068;1.315;20
-1.118;1.409;-0.143;20
-1.767;1.047;-2.143;20
-3.454;0.005;-1.897;20
-3.729;-0.272;1.461;20
-1.472;-1.234;1.93;20
0.314;-2.054;-2.435;20
-2.113;-2.229;-4.769;20
-4.177;-1.143;-4.028;20
-5.131;0.07;-6.033;20
-6.006;0.672;-5.38;20
-5.827;0.655;-0.557;20
-1.842;-0.905;3.075;20
0.58;-4.744;4.1;20
2.107;-9.175;5.654;20
5.116;-8.762;10.437;20
9.436;-3.372;11.823;20
5.54;3.509;-1.011;20
-0.92;4.739;-15.667;20
-1.192;2.918;-3.743;20
-2.679;3.737;4.185;20
-2.498;5.537;6.287;20
1.498;5.244;5.345;20
5.852;3.902;2.34;20
7.228;3.269;1.03;20
7.923;2.674;1.404;20
7.85;2.352;1.268;20
6.299;2.925;0.417;20
4.087;2.497;-0.224;19
1.854;1.215;-1.031;21
-1.365;-0.482;-3.959;20
-5.495;-3.815;-12.512;19
-17.05;-9.394;-21.481;20
-15.408;-4.427;-9.969;20
-1.691;1.905;-4.292;20
4.679;2.762;1.169;20
6.011;1.471;4.442;20
4.024;-2.674;5.419;20
0.167;-5.357;3.433;20
-2.863;-8.477;-3.446;20
0.436;-6.068;-4.008;20
4.877;3.609;3.218;20
6.233;3.897;6.253;20
5.55;1.419;5.793;20
3.347;0.381;4.872;20
0.048;0.643;4.693;20
-3.21;0.18;8.01;20
-4.561;-0.65;9.991;20
-6.562;2.372;4.169;20
-5.827;4.24;-2.516;20
-1.441;1.853;-8.616;20
3.205;-1.15;-9.975;20
3.142;-1.278;-6.422;20
0.578;-0.007;-1.921;20
-0.399;0.694;1.726;20
-0.035;1.103;3.017;20
0.373;1.234;3.577;20
0.183;1.378;1.764;20
-0.64;1.295;0.54;20
-1.379;0.969;0.636;20
-1.825;1.377;0.237;20
-2.121;1.369;-0.625;20
-1.811;0.604;0.192;20
-1.54;0.085;1.632;20
-0.215;-1.767;2.328;20
-0.533;-2.625;-1.853;20
-2.67;-1.989;-4.245;20
-3.655;-0.594;-5.297;20
-5.668;-0.226;-5.982;19
-8.581;-0.176;-2.975;20
-7.128;1.368;1.287;20
-0.267;0.265;1.37;20
2.864;-3.701;2.77;20
4.114;-9.804;5.498;20
5.861;-11.064;10.457;20
9.257;-4.861;12.366;20
4.252;3.649;-5.388;20
-0.301;3.971;-13.841;20
-0.864;2.087;-2.184;20
-3.297;3.113;3.408;20
-3.743;5.199;6.478;20
2.487;4.449;5.074;20
6.992;3.283;1.539;20
7.711;3.371;0.8;20
7.636;3.489;1.158;20
6.652;3.602;1.205;20
5.244;3.206;0.776;20
3.829;2.411;-0.424;20
2.1;1.282;-2.169;20
0.371;-0.959;-5.554;20
-4.62;-4.021;-9.832;20
-16.525;-6.649;-12.158;20
-15.999;-2.131;-12.07;20
-4.1;3.484;-6.196;20
2.074;2.462;-0.42;20
4.562;-0.473;4.961;20
2.447;-1.318;4.817;20
0.152;-3.588;4.649;20
-5.058;-10.743;3.005;20
-2.671;-9.496;-8.432;20
4.509;2.714;-3.759;20
7.98;4.447;6.05;20
8.222;3.313;6.931;20
6.693;1.557;6.175;20
5.387;-0.476;5.44;20
1.269;-1.988;3.527;20
-2.288;-3.236;10.686;20
-4.6;-0.39;11.517;20
-8.244;4.191;1.627;20
-6.213;4.342;-7.618;19
0.101;0.378;-9.241;20
3.21;-1.123;-8.968;20
2.786;-1.012;-5.88;20
2.016;-0.579;1.022;20
0.276;0.677;5.345;20
-1.26;1.659;4.931;20
-1.559;1.316;1.064;20
-1.173;1.095;-0.828;20
-0.855;1.371;-0.79;20
-1.344;1.606;-0.451;20
-2.733;1.275;0.015;20
-3.664;1.285;1.178;20
-3.864;0.463;2.036;20
-1.933;-0.607;-1.643;20
-0.145;-1.301;-3.245;20
-0.793;-1.039;-2.475;20
-2.525;-0.472;-1.79;20
-3.378;0.195;-3.688;20
-2.884;-0.054;-5.951;20
-1.431;-0.384;-5.329;20
-0.456;-1.513;-2.472;20
0.35;-4.446;0.492;20
2.932;-7.91;4.878;20
5.974;-6.582;8.288;20
6.581;-1.414;9.26;20
3.867;3.025;4.722;20
-3.137;5.965;-7.406;20
-6.454;5.288;-9.636;20
0.782;1.37;-0.131;20
4.148;0.764;3.898;20
3.984;2.291;2.195;20
3.841;2.859;0.498;20
3.794;2.623;0.459;20
3.958;2.355;0.211;20
4.29;1.794;-0.079;20
3.438;1.444;-0.548;20
1.273;1.645;-0.958;20
-1.426;1.856;-1.662;20
-4.421;2.526;-3.214;20
-7.501;2.38;-4.368;20
-8.697;-0.116;-6.468;20
-4.159;-3.32;-7.964;20
-0.674;-0.68;-3.739;19
0.195;2.259;-0.811;20
2.314;1.552;2.468;20
6.45;-4.007;5.138;20
5.306;-9.926;3.111;20
0.68;-13.724;-6.431;20
0.103;-4.736;-1.186;20
2.222;2.428;2.955;20
3.612;2.762;4.368;20
2.886;1.11;4.383;20
0.84;-0.022;3.589;20
-2.6;0.72;2.108;20
-6.426;1.029;8.205;20
-9.063;2.736;11.574;20
-8.227;5.611;6.992;20
-3.347;3.78;-0.113;20
3.248;-1.918;-10.756;20
7.736;-4.828;-12.58;20
4.37;-1.99;-7.331;20
0.107;1.012;-1.006;20
-1.007;1.37;2.312;20
-1.281;1.091;3.053;20
-0.757;1.135;1.644;20
-0.435;1.352;0.953;20
-0.751;1.77;1.553;20
-0.725;1.658;2.357;20
-0.708;1.595;2.513;20
-1.646;1.298;1.9;20
-1.862;-0.058;0.925;20
-0.736;-1.687;-1.376;20
0.065;-2.179;-2.714;20
-1.185;-2.324;-0.99;20
-3.078;-1.705;-1.371;20
-4.705;0.41;-3.136;20
-6.379;1.77;-3.948;20
-7.173;2.426;-1.129;20
-3.286;1.052;-0.233;20
0.905;-1.639;0.026;20
1.447;-5.515;2.949;20
2.185;-10.513;2.758;20
5.063;-8.967;3.851;20
7.254;-4.498;5.887;20
6.93;-0.493;7.769;20
5.123;3.429;4.528;19
0.076;5.116;-3.843;20
-4.201;5.654;-6.287;20
-4.712;5.072;-2.086;20
-0.263;2.408;2.325;20
4.261;1.73;4.082;20
6.36;2.836;2.181;20
6.801;3.173;1.519;20
7.428;2.456;1.368;20
7.298;1.448;0.143;20
5.17;1.102;-1.464;20
2.258;1.0;-3.228;20
0.212;0.177;-4.196;20
-3.258;-0.241;-6.232;20
-7.552;-1.114;-11.928;20
-8.766;-2.45;-13.192;20
-6.707;-0.936;-4.146;20
-6.332;2.277;-2.231;20
-3.956;3.163;-0.298;20
0.397;3.505;2.346;20
3.055;2.694;3.703;20
3.257;-3.801;4.336;20
0.766;-11.539;0.2;20
-3.477;-17.241;-16.261;20
2.58;-3.733;-0.893;20
6.705;5.871;9.734;20
8.306;5.717;10.554;20
8.446;3.87;8.523;20
6.494;0.554;5.749;20
0.732;-2.139;-0.09;20
-4.836;-1.59;0.573;20
-6.042;-2.639;12.933;20
-7.763;-0.017;7.254;20
-8.974;4.491;1.013;20
-5.371;4.77;-6.053;20
-0.403;1.04;-10.796;20
2.54;-1.763;-9.72;20
2.464;-1.216;-5.111;20
2.095;-0.543;-0.125;20
1.051;-0.038;4.559;20
2.073;0.279;5.604;20
1.863;1.428;2.581;20
0.795;1.627;0.633;20
-0.263;0.859;0.716;20
-0.535;0.346;0.979;20
-0.957;0.763;0.455;20
-1.723;0.64;-0.269;20
-2.769;-0.345;-0.492;19
-3.374;-0.833;-0.5;20
-3.467;-0.424;0.416;20
-2.682;-0.816;-1.63;20
-4.125;-1.273;-4.489;20
-4.562;-0.622;-6.477;20
-4.654;0.707;-6.296;20
-5.802;1.544;-2.892;20
-6.641;0.622;3.885;20
-3.049;-2.755;7.639;20
1.725;-8.123;4.701;20
5.263;-10.213;4.795;20
8.702;-6.298;7.303;20
9.568;0.146;7.624;20
4.902;4.493;-0.915;20
-1.296;5.263;-7.166;20
-5.737;5.436;-3.563;20
-6.679;5.64;1.956;20
-1.353;4.047;6.474;20
4.501;2.279;5.828;20
6.396;1.878;2.684;20
7.695;1.626;1.784;20
8.705;1.46;1.439;20
8.358;1.587;0.924;20
6.772;1.607;-0.387;20
4.776;1.517;-1.494;20
3.989;-0.016;-2.807;20
2.527;-2.047;-6.465;20
-2.301;-4.607;-13.047;20
-13.304;-6.543;-21.533;20
-18.098;-1.373;-6.04;20
-10.197;5.216;-2.373;20
-0.878;4.65;-0.703;20
2.95;3.851;5.811;20
4.558;-1.431;7.38;20
2.628;-4.461;6.688;20
-1.424;-13.295;-2.708;20
-0.031;-13.988;-17.919;20
6.541;2.24;5.06;20
7.405;4.86;6.393;20
6.631;3.774;5.176;20
4.946;1.165;5.532;20
1.108;-0.272;6.843;19
-2.985;-1.948;7.326;20
-4.023;-1.178;7.59;20
-4.296;2.188;4.962;20
-4.993;5.112;-0.356;20
-3.607;5.612;-4.574;20
0.18;1.704;-5.596;20
1.565;-1.845;-5.851;20
0.671;-1.043;-4.77;20
-0.579;0.807;-1.298;20
-0.058;1.356;3.702;20
0.416;1.297;6.528;20
0.644;1.312;3.868;20
0.223;1.083;-0.053;20
-0.797;0.708;-1.676;20
-1.564;0.183;-2.609;20
-2.958;0.125;-1.735;20
-3.233;0.307;1.141;20
-1.662;-0.594;0.611;20
0.64;-2.471;-2.587;20
-0.48;-2.339;-4.983;20
-3.672;-0.84;-4.655;20
-6.046;-0.985;-4.437;20
-5.828;0.19;-4.331;20
-6.401;1.815;-1.8;20
-6.103;0.466;2.527;20
-2.985;-3.129;6.659;20
-0.238;-7.92;6.204;20
2.747;-7.963;8.792;20
7.155;-4.577;10.247;20
7.272;1.052;6.151;20
1.877;4.399;-4.675;20
-1.702;4.616;-8.172;20
-2.071;4.136;-1.67;20
-1.742;4.29;3.369;20
0.353;3.541;5.707;20
3.641;2.368;3.732;20
5.731;1.545;0.927;20
7.655;0.692;0.278;20
9.208;0.314;0.082;20
7.892;1.113;-0.828;19
5.747;1.393;-2.257;20
4.189;0.95;-3.454;20
2.835;0.735;-5.409;20
0.686;0.837;-7.439;20
-3.299;1.462;-8.191;20
-5.316;1.966;-8.176;20
-6.376;2.348;-6.668;20
-8.215;1.905;-6.491;20
-5.627;-0.498;-4.426;20
-0.229;-0.091;-0.789;20
1.544;1.653;2.532;20
5.528;-4.974;2.0;20
7.967;-15.341;-8.792;20
0.367;-17.772;-13.054;20
-1.681;-5.072;-0.045;20
2.187;7.15;6.618;20
3.369;9.203;12.576;20
4.135;7.462;12.356;20
3.699;3.781;9.207;20
2.582;-0.369;5.907;20
-2.947;-5.719;2.589;20
-6.238;-7.49;3.384;20
-6.507;-2.249;6.412;20
-7.285;3.023;3.396;20
-4.792;4.91;-1.562;20
-1.832;4.169;-7.68;20
1.855;1.669;-10.054;20
2.569;0.115;-6.696;20
0.974;-0.768;-2.137;20
0.892;-0.983;2.861;20
-1.078;0.048;7.584;20
0.278;0.9;7.264;20
-1.186;2.186;2.583;20
-1.905;1.825;-2.579;20
0.689;1.017;-3.549;20
1.944;0.327;-1.686;20
-0.265;0.697;-0.462;20
-1.412;0.913;1.036;20
-1.394;0.077;2.646;20
-1.111;-1.002;2.95;20
-0.577;-1.639;0.568;19
-0.546;-2.223;-1.891;20
-2.713;-2.171;-2.869;20
-4.704;-0.737;-4.481;20
-6.488;0.661;-5.643;20
-7.77;-0.029;-2.222;20
-3.376;-0.015;0.428;20
0.264;-1.604;-1.594;20
3.189;-6.487;1.261;20
4.642;-10.684;7.17;20
6.8;-9.142;12.519;20
9.303;-2.8;9.16;20
4.216;3.972;-7.891;20
0.93;3.01;-11.189;20
-0.909;2.343;-0.258;20
-5.354;4.627;5.977;20
-3.663;6.563;6.749;20
2.765;4.743;2.816;20
6.011;3.152;-0.037;20
6.738;3.072;-0.054;20
6.588;3.719;0.621;20
5.753;4.582;0.654;20
4.051;4.834;-0.147;20
1.752;4.195;-0.987;20
-0.869;3.197;-3.231;20
-4.688;1.325;-8.014;20
-10.412;-3.311;-9.157;20
-13.069;-7.781;-17.77;20
-4.378;-4.617;-9.718;20
1.357;0.596;-0.066;20
2.892;2.011;2.655;20
2.498;-0.737;2.368;20
-0.489;-3.913;2.468;20
-2.927;-7.217;-2.797;20
0.966;-3.696;-2.616;20
6.286;3.031;6.568;20
7.411;2.897;7.801;20
6.99;1.494;6.32;20
5.321;-1.349;5.196;20
1.108;-2.794;2.347;20
-2.843;-2.672;-1.021;20
-4.809;-1.467;4.412;20
-6.455;0.2;8.924;19
-7.473;3.636;1.63;20
-6.14;4.931;0.189;20
-2.494;3.196;-3.808;20
1.315;0.698;-8.016;20
3.204;-0.712;-6.555;20
2.388;-1.033;-1.581;20
1.553;-0.657;2.97;20
1.225;0.13;4.724;20
1.233;0.961;3.713;20
0.78;0.904;0.775;20
-0.577;0.288;-1.11;20
-1.45;0.076;-1.607;20
-1.359;0.549;-1.732;20
-1.572;0.983;-0.91;20
-2.675;1.062;1.627;20
-2.731;1.251;4.326;20
-1.154;0.062;3.366;20
1.331;-2.729;-1.488;20
1.2;-3.784;-5.676;20
-2.814;-3.528;-3.851;20
-3.797;-1.883;-2.455;20
-4.262;0.095;-3.435;20
-4.817;1.252;-3.939;20
-4.05;1.346;-1.796;20
-1.918;-0.87;1.889;20
0.497;-5.591;5.172;20
2.85;-8.808;7.677;20
6.995;-5.363;10.997;20
7.416;0.769;8.014;20
2.326;4.001;-3.717;20
-2.065;3.799;-9.788;20
-1.413;2.865;-1.731;20
-0.806;2.624;3.063;20
0.052;2.73;4.285;20
3.057;2.666;2.037;20
4.993;2.63;0.225;20
6.018;2.779;0.682;20
6.668;2.858;1.421;20
6.615;2.962;1.407;20
5.904;2.821;0.718;20
3.872;2.262;-0.598;20
1.175;1.18;-3.236;19
-2.223;-0.077;-7.331;21
-7.55;-2.515;-8.7;20
-14.451;-6.672;-10.835;19
-11.392;-3.518;-10.694;20
-2.366;2.748;-4.179;20
2.59;1.954;0.438;20
4.236;-2.093;3.403;20
2.023;-5.392;3.398;20
-0.504;-7.827;-0.439;20
1.642;-6.454;-0.141;20
4.752;1.729;3.668;20
4.851;3.767;5.168;20
3.938;2.538;4.763;20
2.24;1.631;3.694;20
-0.022;1.578;2.381;20
-2.123;0.787;4.626;20
-3.759;-0.38;10.533;20
-5.442;1.107;6.817;20
-4.029;2.082;0.211;20
-0.519;0.302;-6.087;20
2.733;-1.76;-9.429;20
1.562;-0.912;-7.822;20
0.092;0.454;-3.32;20
0.903;0.121;0.26;20
2.319;-0.649;3.078;20
2.473;-0.142;4.543;20
0.859;0.91;2.951;20
-1.156;1.454;-0.014;20
-2.262;1.274;-1.075;20
-2.226;0.709;-1.194;20
-2.5;0.695;-1.306;20
-2.567;0.574;-0.637;20
-2.165;0.769;0.886;20
-2.37;0.688;2.431;20
-1.297;-1.24;1.872;20
-0.683;-2.97;-2.256;20
-2.307;-2.221;-4.008;20
-3.628;-0.54;-4.164;20
-4.799;0.495;-3.387;20
-5.369;1.484;-0.823;20
-4.229;1.636;0.059;20
-0.035;-0.623;1.24;20
0.984;-4.556;3.094;19
1.877;-8.649;5.081;20
4.637;-7.551;9.402;20
7.676;-1.483;10.526;20
4.426;3.823;-1.113;20
-0.394;4.137;-9.375;20
-0.519;2.311;-2.503;20
-0.814;1.881;0.865;20
-1.416;2.623;3.022;20
0.842;2.602;2.737;20
5.105;2.044;0.48;20
6.522;2.169;0.262;20
6.598;2.073;0.196;20
6.219;2.143;0.085;20
5.256;2.406;-0.328;20
3.708;2.379;-1.397;20
2.125;2.076;-2.923;20
-0.428;1.569;-4.831;20
-4.356;1.047;-8.397;20
-9.565;-0.506;-10.395;20
-11.251;-2.306;-8.08;20
-5.686;-1.071;-4.482;20
-0.842;-0.74;-3.129;20
0.768;-0.251;-0.08;20
2.219;-2.452;-0.014;20
0.269;-6.416;-3.25;20
-8.745;-10.279;-9.595;20
-3.726;0.84;3.04;20
8.021;6.61;11.28;20
10.516;4.417;12.703;20
10.675;1.841;9.757;20
9.73;-0.441;6.05;20
4.746;-3.006;-0.604;20
-1.703;-4.995;-7.577;20
-5.693;-5.706;5.179;20
-8.549;-1.699;12.212;20
-11.608;5.299;3.321;20
-9.053;6.538;-5.093;20
-3.827;3.67;-9.32;20
0.483;0.709;-8.847;20
2.806;-0.669;-3.85;20
4.097;-1.61;0.371;20
5.414;-1.85;4.806;19
4.193;-0.667;5.803;20
1.832;0.374;2.505;20
-0.544;0.686;-1.174;20
-1.491;0.763;-1.943;20
-1.738;0.868;-0.98;20
-1.188;1.007;0.342;20
-0.201;0.955;1.762;20
-0.517;0.588;2.3;20
-2.27;0.45;1.402;20
-2.563;0.662;0.145;20
-1.778;1.279;-2.085;20
-0.408;0.838;0.246;20
0.153;-0.838;2.637;20
-1.022;-2.974;2.849;20
-2.211;-2.813;-1.003;20
-3.893;-1.051;-3.503;20
-5.482;-0.389;-2.561;20
-4.051;-0.732;-2.111;20
-1.605;-0.337;-4.125;20
0.353;-0.126;-2.571;20
1.853;-3.04;0.532;20
4.494;-7.844;3.809;20
6.203;-7.956;6.05;20
7.417;-1.69;5.66;20
6.7;2.881;5.141;20
1.938;4.447;0.904;20
-4.947;4.968;-3.71;20
-7.024;5.053;-2.904;20
-4.708;3.409;0.335;20
1.128;0.906;2.352;20
4.353;1.121;1.268;20
5.056;2.185;0.16;20
5.321;2.183;0.13;20
5.507;2.12;-0.164;20
4.935;2.124;-0.973;20
3.297;1.878;-1.951;20
1.183;1.561;-3.047;20
-0.828;1.495;-3.971;20
-2.305;1.219;-5.179;20
-2.999;0.537;-6.228;20
-3.867;-0.203;-5.547;20
-5.77;0.344;-3.041;19
-7.023;2.119;-0.395;20
-3.848;1.505;-0.466;20
-0.534;-1.497;0.517;20
0.479;-6.998;0.754;20
-5.885;-13.668;-12.444;20
-5.128;-7.857;-10.57;20
7.569;1.6;6.264;20
11.042;3.77;11.47;20
11.164;3.39;9.568;20
9.846;2.174;6.933;20
6.961;-1.122;4.021;20
1.371;-4.366;1.161;20
-5.272;-5.104;0.431;20
-7.479;-3.528;9.118;20
-6.88;1.195;7.767;20
-7.156;4.709;1.891;20
-6.276;6.229;0.299;20
-3.788;4.648;-4.063;20
0.362;0.21;-9.849;20
3.204;-2.33;-9.286;20
2.592;-1.971;-3.016;20
2.859;-0.791;3.925;20
2.768;-0.404;7.232;20
2.448;0.709;4.522;20
-0.823;1.33;0.089;20
-2.473;0.868;-1.854;20
-2.157;0.603;-1.429;20
-1.666;1.173;-1.032;20
-1.105;1.499;-0.489;20
-0.864;0.941;0.902;20
-1.088;0.196;2.614;20
-1.186;-0.319;2.772;20
-1.145;-1.075;0.027;20
-1.686;-1.552;-2.738;20
-3.508;-1.297;-2.681;20
-4.279;-0.1;-2.299;20
-6.045;-0.163;-2.111;20
-6.009;0.062;1.807;20
1.491;-0.638;-1.353;20
2.586;-2.974;-3.981;20
2.559;-6.407;-0.905;20
3.985;-7.62;3.882;20
5.355;-4.453;6.683;19
5.724;0.071;6.886;20
4.46;2.711;5.723;20
1.812;1.678;3.436;20
-1.201;2.786;-1.264;20
-3.507;4.542;-1.464;20
-2.188;2.718;0.212;20
0.405;2.135;0.869;20
4.082;0.78;0.784;20
6.28;1.247;0.866;20
6.937;1.4;1.572;20
5.367;1.787;0.373;20
3.075;2.037;-1.612;20
1.951;0.994;-2.913;20
1.528;0.309;-5.033;20
1.968;-0.737;-5.929;20
-2.006;-3.65;-5.019;20
-5.653;-2.518;-6.852;20
-4.579;2.252;-4.347;20
-2.179;4.086;0.058;20
0.765;2.815;2.056;20
2.594;1.796;4.853;20
1.232;-0.504;4.9;20
-2.984;-0.607;2.825;20
-5.626;-0.209;0.31;20
-7.28;-1.339;-2.556;20
-5.301;-4.965;-3.448;20
-1.324;-8.224;-3.475;20
-7.629;12.561;-6.572;20
-0.293;3.579;-10.435;20
4.033;-6.049;-7.327;20
10.605;-8.129;6.291;20
5.572;-5.059;17.77;20
2.931;0.45;14.226;20
1.35;1.365;5.344;20
-6.03;-0.05;-0.387;20
-10.394;1.15;-10.473;20
-5.965;-0.22;-10.322;20
1.397;0.042;-8.625;20
4.733;0.367;-1.141;20
0.887;5.626;3.909;20
1.275;2.059;5.053;19
2.993;-0.766;4.255;20
2.78;-0.649;2.688;20
4.917;-4.846;4.144;20
2.002;-5.238;2.127;20
-1.716;-1.079;-0.507;20
1.078;-1.387;-3.901;20
-1.913;2.246;-2.713;20
-3.188;5.975;1.552;20
0.211;4.188;-0.49;20
-1.801;-3.976;2.084;20
-3.386;-2.727;4.675;20
-3.891;2.324;0.769;20
-1.497;-0.757;2.41;20
2.227;-1.346;1.22;20
3.343;-1.032;-4.002;20
2.395;0.184;-6.359;20
2.657;-2.224;-4.739;20
2.001;-4.203;0.015;20
3.671;-2.763;2.816;20
6.894;-1.972;3.708;20
7.607;-0.174;4.586;20
5.304;2.005;-0.982;20
3.871;1.032;-2.789;20
0.56;1.479;-0.762;20
-5.254;3.236;-0.137;20
-5.357;2.112;0.231;20
-2.475;-1.551;1.019;20
-0.874;-3.025;0.903;20
0.015;-1.292;0.332;20
0.405;-2.343;-0.264;20
-0.812;0.229;0.465;20
1.239;2.762;-0.775;20
4.048;-0.612;-2.326;20
1.139;1.05;-0.154;20
1.194;-1.628;-3.758;20
-1.504;0.157;-1.697;20
-2.569;2.519;0.857;20
-0.936;0.815;-0.572;20
-1.275;2.949;3.858;20
3.398;0.211;4.093;20
1.785;-0.914;1.181;20
-1.75;-0.118;-0.271;20
-4.768;0.524;-2.442;20
-11.439;3.299;-3.31;19
-17.53;6.518;-3.289;20
-16.158;5.482;0.018;20
-12.966;4.618;5.119;20
-9.605;3.677;8.612;20
-3.344;0.065;8.641;20
1.61;-1.101;5.764;20
5.624;-1.66;2.928;20
8.618;-1.768;1.662;20
9.08;-0.557;-0.367;20
8.124;0.199;-0.679;20
8.859;0.629;-0.453;20
7.574;2.176;1.07;20
4.557;3.692;0.078;20
2.551;4.667;-0.751;20
2.583;4.953;-0.057;20
3.038;4.742;2.067;20
3.998;4.142;2.461;20
3.461;4.051;0.946;20
1.788;5.315;0.02;20
0.431;5.392;0.694;20
0.159;5.167;1.197;20
-0.117;4.633;2.314;20
-2.556;5.46;10.47;20
0.386;4.838;4.738;20
0.774;4.761;4.228;20
2.17;4.519;1.59;20
2.5;4.108;0.56;20
1.673;3.705;0.588;20
0.417;3.496;0.93;20
-0.167;3.158;1.51;20
0.259;2.587;1.236;20
0.321;2.273;1.237;20
0.017;2.14;1.364;20
-0.179;2.121;0.919;20
-0.033;1.808;0.628;20
0.211;1.645;0.36;20
0.466;1.577;0.119;20
0.395;1.413;-0.021;20
-0.029;1.382;0.381;20
-0.185;1.229;0.55;20
0.184;1.078;-0.272;20
-0.034;0.962;-0.254;20
-0.473;0.912;0.242;20
-0.502;0.837;0.446;20
-0.262;0.76;-0.901;19
-0.275;0.602;0.386;20
-0.513;0.593;0.71;20
-0.407;0.597;0.178;20
-0.181;0.526;-1.179;20
-0.03;0.393;-1.082;20
-0.831;0.522;-0.163;20
-1.087;0.55;0.346;20
-0.685;0.45;0.097;20
-0.103;0.39;-0.149;20
0.054;0.289;0.016;20
-0.197;0.356;0.359;20
-0.244;0.225;0.633;20
-0.045;0.197;0.542;20
0.279;0.05;0.495;20
0.44;0.055;0.173;20
0.326;0.106;-0.144;20
0.319;0.134;-0.321;20
0.329;0.051;-0.371;20
0.129;-0.05;-0.13;20
0.118;-0.045;-0.047;20
0.157;-0.16;0.105;20
0.163;-0.09;0.216;20
0.166;-0.025;0.197;20
0.143;0.062;0.1;20
0.21;0.043;0.101;20
0.147;0.103;0.014;20
0.026;0.075;0.12;20
0.033;0.067;0.122;20
-0.011;0.074;0.014;20
0.012;0.03;-0.011;20
0.092;0.006;-0.024;20
-0.023;0.028;0.066;20
-0.046;0.034;0.05;20
-0.078;0.093;0.095;20
-0.105;0.11;-0.007;20
0.002;0.0;-0.258;20
0.117;0.207;-0.272;20
-0.078;0.131;-0.029;20
-0.01;0.113;-0.952;20
0.092;0.063;-0.267;20

# Completed @Tue Jan 26 20:29:29 GMT+02:00 2021
