# Accelerometer Data File
# Started @Tue Jan 26 20:28:05 GMT+02:00 2021
#
#
# sensor Vendor: BOSCH
# sensor Name: BMI160 Accelerometer Non-wakeup
# sensor Resolution: 0.0023928226m/sec^2; Max Range: 78.4532; Min Delay: 2500 microseconds
# The sensor's attributes are the result hardware and the Android capabilities.
# It means that the Android may not utilize all features provided by the hardware.
#
# Some devices and Android versions save battery too much so the device may go to sleep.
# It just happens after couple of minutes from turning off the scree and it is easy to find it out.
#
# The following file provides the data from accelerometer in the m/s^2 format.
# The diff value is just a time delta between the samples
#
#
# data format:
# so we have 4 columns with values separated by the ";"
# X;Y;Z;time_from_previous_sample(ms)

# sensor speed set to:NORMAL
# units set to: m/sec^2
# gravity  filtered out
# Accuracy: HIGH
-3.916;3.822;6.949;0
-3.809;3.306;6.053;19
-3.815;2.911;5.463;20
-3.389;2.356;5.033;20
-2.965;1.898;4.743;20
-3.289;1.948;3.76;20
-3.052;1.366;2.929;20
-2.27;0.539;2.736;20
-2.079;-0.056;2.324;20
-1.385;-0.666;1.81;20
-0.348;-1.706;1.166;20
0.259;-2.098;-1.008;20
1.981;-3.079;-3.253;20
3.212;-3.97;-2.643;20
3.983;-4.542;-5.384;20
5.126;-6.587;-6.908;20
2.206;-6.883;-7.102;20
0.254;-7.493;-4.8;20
-1.725;-8.39;-0.645;20
-4.221;-8.83;5.978;20
-6.679;-8.973;11.496;20
-12.044;-7.234;10.583;20
-18.672;-3.943;9.215;20
-20.408;-1.951;9.825;20
-19.467;-0.427;7.042;20
-20.73;2.188;2.472;20
-19.911;5.735;-2.583;20
-14.744;6.086;-7.402;20
-10.027;7.992;-23.22;20
-3.837;4.063;-8.368;20
1.138;1.443;-6.208;20
4.598;0.522;-3.809;20
6.182;0.363;0.406;20
8.368;0.022;2.84;20
11.88;-0.545;-1.742;20
10.872;-1.371;1.621;20
7.245;-0.374;1.423;20
3.074;1.46;1.357;20
3.525;0.256;0.719;20
3.919;0.206;-0.673;20
2.1;0.437;1.222;20
2.374;0.699;-0.003;20
2.642;0.304;-0.647;19
2.273;0.213;-0.351;20
3.475;-0.31;-0.301;20
4.346;0.026;-0.32;20
4.473;0.595;-0.107;20
2.476;1.214;0.662;20
1.995;1.308;-0.158;20
0.939;-0.012;-0.556;20
-0.107;-1.89;-1.541;20
-2.946;-2.41;0.04;20
-4.114;-1.25;1.479;20
-3.732;-0.118;0.067;20
-2.353;0.807;-1.335;20
-1.257;1.724;-0.065;20
-0.535;0.077;2.037;20
0.632;-1.475;1.604;20
0.728;-3.722;-0.997;20
0.1;-2.788;0.08;20
-0.026;-1.955;1.613;20
-2.137;-1.036;1.2;20
-2.025;0.943;0.159;20
0.434;1.973;-0.298;20
0.593;2.424;-0.185;20
1.458;1.809;-1.064;20
2.214;0.534;-2.441;20
3.287;-0.951;-0.551;20
2.934;-0.665;-0.269;20
1.603;0.391;0.532;20
1.504;1.089;0.485;20
0.4;1.192;1.146;20
-0.373;-0.394;-2.72;20
0.668;1.807;-1.875;20
1.247;-0.34;-1.303;20
1.121;0.516;-2.941;20
-0.22;1.641;-2.779;20
-1.193;1.075;-4.501;20
-2.263;2.47;-4.594;20
-3.186;3.01;-1.619;20
-2.815;1.182;-0.534;20
-0.1;-0.052;2.828;20
-0.919;-2.171;-3.03;20
-2.608;-3.085;-3.444;20
-9.599;-1.406;3.77;20
-2.147;-0.3;6.777;20
5.477;-0.745;3.602;20
3.807;-2.502;-1.296;19
3.083;0.512;0.116;20
2.527;1.996;1.207;20
1.512;3.084;1.12;20
0.682;2.82;1.332;20
-0.423;1.347;0.581;20
-1.272;2.978;-0.488;20
3.07;-2.032;0.867;20
3.073;-1.244;0.519;20
0.58;0.362;0.286;20
1.909;-2.659;2.42;20
1.399;-2.33;0.822;20
1.568;-1.58;-0.926;20
2.382;0.503;-3.925;20
2.262;0.824;-3.786;20
3.601;-0.471;1.503;20
3.507;-2.647;2.958;20
4.057;-3.564;0.576;20
-0.167;-3.522;0.087;20
-4.224;-3.925;1.542;20
-10.111;-1.432;-0.409;20
-5.939;-1.854;-2.121;20
-2.511;-3.159;-2.995;20
-3.411;-3.597;-2.393;20
0.496;-5.158;2.134;20
1.034;-4.179;1.472;20
0.594;-2.194;-1.175;20
-1.192;-0.308;-0.933;20
2.289;1.45;-0.817;95
2.026;3.286;0.978;20
8.604;-5.018;2.941;20
7.053;-5.174;2.71;20
3.552;-6.399;-6.238;20
-0.601;-8.833;-8.749;20
-0.666;-6.212;2.286;20
2.601;0.792;3.978;20
4.844;4.197;-0.696;20
5.653;2.442;-1.674;20
6.394;1.81;0.088;20
6.445;2.774;1.39;20
4.795;3.719;1.783;20
3.063;3.873;-0.201;20
2.108;3.268;-0.983;20
0.397;2.488;-2.419;20
-2.121;0.284;-5.081;20
-8.39;-1.953;-10.164;20
-16.755;-4.526;-5.991;20
-10.83;-4.287;-4.182;20
2.026;-1.299;-4.193;20
8.379;-0.333;1.699;20
8.427;-3.38;2.385;20
7.705;-5.504;-2.824;20
3.733;-7.912;-0.248;20
-1.229;-2.675;9.575;20
0.255;2.751;2.559;20
1.955;3.942;2.029;20
4.456;3.209;10.446;20
4.761;2.778;10.533;20
3.536;2.944;2.895;20
3.252;2.59;-3.156;20
2.888;0.636;-2.418;20
2.726;-1.68;-0.242;20
2.811;-3.247;0.667;20
2.741;-3.427;1.484;20
2.791;-4.104;0.819;20
2.669;-3.049;0.228;20
2.027;-1.338;0.436;20
1.156;-0.105;-0.127;20
-0.315;1.425;-0.049;20
-0.542;1.918;0.022;20
1.303;-0.45;0.175;20
2.677;-4.374;-0.452;20
1.56;-4.894;-3.186;20
-3.28;-1.615;-4.863;20
-3.54;0.891;-3.607;20
4.039;-1.016;-0.981;20
6.818;-2.883;-3.871;20
5.131;-2.853;-5.795;20
1.192;-3.577;-2.71;20
-1.658;-4.549;3.732;20
-0.17;-2.516;8.501;20
-0.666;-1.644;9.35;20
-1.557;-1.294;8.527;20
0.077;-0.125;4.003;20
2.697;1.266;-2.328;20
3.171;1.791;-4.572;20
2.591;1.385;-2.741;20
-1.28;3.732;0.184;20
-2.791;4.364;1.23;20
-1.971;3.925;3.571;20
-1.886;7.245;3.372;20
1.275;7.163;4.796;20
1.891;7.874;2.697;20
1.385;8.158;1.69;20
0.736;6.976;1.549;20
0.955;4.68;-1.283;20
1.23;1.492;-5.108;20
1.401;-5.193;-9.097;20
-1.608;-18.537;-30.311;20
-4.252;-16.487;-19.737;20
0.644;-0.348;3.582;20
7.269;0.07;5.628;20
6.796;-4.214;4.09;20
4.905;-4.142;3.336;20
2.675;0.359;4.15;20
-5.278;9.281;6.585;20
-6.569;10.854;8.039;20
-2.939;7.25;7.914;20
-1.074;3.095;7.077;20
-2.497;-0.646;1.389;20
-3.25;-7.495;0.793;20
-1.463;-12.377;3.077;20
-2.615;-4.018;0.447;20
-2.213;3.118;-9.755;20
0.15;2.696;-11.934;20
2.981;0.956;-4.965;20
3.377;0.707;1.283;20
1.461;1.005;5.777;20
0.013;0.849;4.345;20
0.225;1.009;0.798;20
0.802;1.066;-0.081;20
0.706;0.817;0.159;19
-0.573;1.121;-0.162;20
-2.07;1.076;-1.269;20
-2.35;-1.913;-2.643;20
-1.501;-4.906;-3.37;20
-1.62;-3.512;-2.725;20
-1.641;-2.271;-0.475;20
-0.996;-4.111;-0.643;20
-0.95;-3.668;-2.696;20
-2.906;-2.421;-3.785;20
-4.411;-1.812;-2.479;20
-1.613;-1.336;0.105;20
4.284;-2.856;4.18;20
5.796;-3.517;8.3;20
3.539;-0.933;10.816;20
2.195;3.404;6.184;20
0.695;3.639;-2.896;20
-1.023;1.331;-6.776;20
-1.981;0.783;-2.403;20
-3.603;0.563;0.693;20
-4.195;1.789;4.319;20
-1.585;3.615;1.744;20
-0.004;5.071;2.04;20
0.44;6.095;3.177;20
0.7;7.16;3.626;20
1.374;6.647;2.623;20
1.256;5.596;1.581;20
1.057;4.97;0.407;20
1.182;4.037;-1.968;20
1.124;1.54;-6.525;20
1.585;-3.449;-13.681;20
2.166;-11.141;-16.058;20
0.311;-12.03;-11.444;20
-0.836;-2.843;-5.02;20
1.435;2.224;-0.488;20
2.509;3.136;2.755;20
2.168;2.007;4.566;20
4.452;-4.035;0.272;20
6.686;-10.257;-0.99;20
1.997;-2.27;5.391;20
-3.809;7.749;10.151;20
-3.696;7.761;8.564;20
-1.612;4.182;7.143;20
-1.056;-0.217;4.4;20
-2.833;-4.449;1.075;20
-3.086;-5.531;2.615;20
-3.222;-3.969;2.674;20
-4.629;-0.569;0.143;20
-4.752;1.915;-3.628;20
-2.14;1.76;-7.407;20
1.257;0.424;-6.7;20
3.223;-0.23;-2.766;20
3.61;-0.069;0.332;20
2.511;0.351;2.254;20
0.857;0.575;2.136;20
-0.382;0.873;1.023;20
-1.395;1.07;1.426;20
-2.026;0.327;0.759;20
-2.189;0.027;-0.254;20
-2.229;0.708;-0.614;20
-1.694;0.447;-1.693;20
-0.795;-1.554;-2.026;20
-0.097;-2.218;-0.122;20
-0.523;-1.039;0.26;20
0.565;-1.297;0.369;20
2.805;-2.976;-1.797;20
3.219;-4.505;-4.502;20
-0.306;-3.767;-6.82;20
-3.654;-2.759;-6.452;20
-3.929;-2.188;-1.098;20
0.122;-1.865;6.966;20
3.223;-2.91;9.531;20
3.362;-2.382;10.848;20
3.877;1.038;7.961;20
2.448;3.778;-0.328;20
-0.036;1.619;-6.36;20
-3.566;1.431;-3.454;20
-4.561;1.67;0.332;20
-2.55;2.326;2.724;20
-0.508;3.924;2.087;20
0.094;5.301;2.549;20
0.813;5.987;3.178;20
1.245;6.38;3.298;20
1.778;5.884;2.368;20
1.391;5.067;1.172;20
0.797;4.591;0.374;20
0.702;3.405;-1.362;20
0.248;0.991;-4.209;20
0.266;-3.146;-10.802;20
-1.803;-12.975;-22.778;20
-0.873;-16.414;-14.485;20
0.453;-1.886;-1.284;20
2.976;3.739;2.461;20
4.258;2.699;2.943;20
4.984;-5.618;-0.556;20
4.035;-13.557;-5.976;20
-0.74;1.05;8.681;20
-6.498;11.714;14.406;20
-5.35;11.293;8.858;20
-0.626;8.04;6.625;20
1.499;3.773;5.646;20
0.655;-2.284;1.375;20
-2.206;-8.769;-3.179;20
-3.303;-8.597;-0.207;20
-3.796;-2.74;2.251;20
-2.183;1.459;-1.871;20
0.949;1.136;-7.003;20
3.077;0.695;-5.912;20
3.474;0.757;-1.91;20
3.045;1.231;1.365;19
1.949;1.668;3.1;20
1.088;0.969;4.148;20
0.203;0.501;3.086;20
-0.517;0.807;2.318;20
-1.004;1.052;1.535;20
-0.608;0.511;-0.064;20
-0.341;-0.033;-0.526;20
-0.425;-0.338;-0.109;20
-0.1;-0.412;0.341;20
-0.002;-0.041;-0.072;20
-0.249;0.152;-1.906;20
0.18;-1.05;-3.263;20
0.408;-1.973;-2.48;20
-0.676;-1.293;-1.156;20
-0.975;-2.054;-1.226;20
-0.758;-2.774;-2.08;20
-0.911;-2.951;-1.863;20
-1.387;-3.063;-2.364;20
-2.501;-1.981;-3.044;20
-3.176;-0.556;-1.867;20
-1.51;0.007;-0.071;20
1.35;-1.206;3.971;20
6.654;-4.406;8.444;20
8.433;-2.794;7.627;20
6.794;0.893;2.27;20
0.326;0.922;-3.589;20
-8.737;0.366;3.008;20
-7.598;2.08;3.115;20
-1.705;3.804;-0.305;20
0.996;4.577;0.376;20
0.784;4.557;1.19;20
0.688;4.163;1.232;20
1.269;4.318;1.07;20
1.709;4.503;0.774;20
1.37;4.309;0.099;20
1.019;3.495;-0.662;20
1.335;1.985;-2.168;20
2.329;0.666;-3.809;20
3.136;-0.247;-4.862;20
2.404;-1.165;-4.801;20
0.337;-1.809;-3.967;20
-0.959;-2.228;-5.159;20
0.046;-2.544;-7.92;20
1.494;-3.035;-10.28;20
1.741;-2.307;-4.587;20
-0.986;0.4;-0.2;20
-2.188;2.973;0.958;20
-1.251;4.683;2.004;20
-0.57;5.691;3.522;20
0.364;4.702;5.634;20
3.324;0.644;6.845;20
5.292;-4.921;6.51;20
4.0;-11.093;3.004;20
1.808;-13.354;-1.482;20
1.586;-6.038;-0.693;20
-0.514;3.752;-6.141;20
-1.901;5.295;-4.953;20
-2.584;4.309;0.372;20
-4.462;3.468;3.194;20
-5.747;1.562;10.008;20
-5.107;-1.182;8.805;20
-4.655;-1.592;4.887;20
-4.105;-1.288;1.828;20
-3.035;-0.642;-0.139;20
-0.237;-1.05;-0.069;20
0.963;-0.66;-0.642;20
1.22;0.33;-1.677;20
1.135;0.907;-2.186;20
1.284;0.794;-1.929;20
1.27;0.424;-1.253;20
0.953;0.239;-0.02;20
-0.195;0.002;1.616;20
-1.48;-0.698;2.202;20
-2.481;-0.357;3.344;20
-3.337;0.288;1.404;20
-2.149;0.585;0.134;20
0.699;0.188;-1.246;20
2.503;-0.192;-2.527;20
1.705;0.04;-0.735;20
-0.233;0.1;1.474;20
-0.916;-0.252;1.342;20
-0.982;-0.724;0.089;20
-1.171;-0.9;0.123;20
-1.079;-0.683;0.331;20
0.017;-0.634;-0.383;20
1.167;-0.982;-1.632;20
0.533;-1.712;-2.331;20
-0.734;-3.007;-2.039;20
-1.617;-3.193;-2.525;20
-2.406;-2.66;-2.827;20
-3.078;-2.345;-2.686;20
-2.722;-0.965;-2.474;20
-0.68;0.741;-2.589;20
1.293;1.143;-0.577;20
3.427;-0.393;4.73;20
5.439;-2.738;10.399;20
5.322;-1.684;8.837;20
3.099;0.799;0.61;20
-2.632;2.17;1.459;20
-5.428;2.341;2.022;20
-4.577;1.068;-4.211;20
-2.086;-0.961;-5.278;20
-0.528;-0.665;-1.348;20
0.138;1.285;1.787;20
0.722;3.067;1.835;20
1.536;4.601;1.472;20
2.4;5.223;0.428;20
2.602;5.124;-0.705;20
2.096;3.833;-1.113;20
1.836;2.38;-1.56;20
2.528;1.168;-2.258;20
3.142;0.262;-3.56;19
2.92;0.182;-4.321;20
1.421;0.659;-3.902;20
-0.682;0.994;-4.014;20
-3.171;1.037;-4.449;20
-5.13;0.703;-4.297;20
-5.59;-0.738;-4.654;20
-4.578;-2.223;-3.762;20
-1.005;-1.968;-1.883;20
2.105;-0.797;-1.078;20
3.461;0.625;0.648;20
3.107;0.776;2.963;20
2.52;-0.506;4.284;20
4.943;-6.36;6.233;20
4.781;-10.558;3.359;20
5.06;-11.382;-3.564;20
1.139;-2.278;-5.993;20
-2.318;8.511;0.163;20
-1.239;8.19;5.53;20
-1.348;6.565;6.178;20
-1.802;4.337;8.246;20
-3.407;0.676;11.731;20
-3.577;-4.945;6.292;20
-4.446;-6.942;0.596;20
-5.314;-2.54;-1.287;20
-3.01;1.16;-0.949;20
-0.377;0.887;-2.788;20
2.614;-0.462;-9.272;20
3.902;0.211;-11.005;20
2.492;0.858;-3.568;20
0.751;0.255;3.74;20
-0.321;0.708;9.336;20
-1.537;2.15;6.07;20
-0.489;1.791;1.071;20
1.083;0.417;-0.352;20
1.126;-0.382;-2.46;20
0.832;-0.521;-3.225;20
-0.061;-0.346;-2.021;20
-1.061;-0.031;0.416;20
-2.13;0.092;1.437;20
-2.797;-0.039;1.873;20
-2.586;-0.469;1.828;20
-0.87;-1.056;0.822;20
1.885;-1.842;-0.788;20
4.012;-3.327;-1.863;20
3.124;-3.669;-3.379;20
-0.044;-2.866;-4.594;20
-2.338;-2.994;-4.682;20
-3.739;-2.237;-4.996;20
-4.434;-0.752;-4.423;20
-3.331;-0.3;-1.767;20
-0.764;-1.145;3.915;20
3.416;-3.48;10.295;20
6.541;-3.306;10.305;20
5.471;0.932;7.485;20
2.046;3.208;2.142;20
-2.763;3.04;0.255;20
-5.326;1.309;-5.356;20
-2.571;-0.793;-5.999;20
0.605;-0.432;0.242;20
1.085;2.31;3.055;20
1.009;4.64;2.525;20
1.158;5.879;2.466;20
1.616;6.79;2.125;20
1.79;7.042;1.682;20
1.881;6.219;0.354;20
1.057;4.89;-0.845;20
-0.1;3.819;-1.981;20
-0.704;2.383;-2.955;20
-0.647;-0.196;-6.032;20
0.273;-3.305;-11.321;20
2.018;-6.6;-13.09;20
-0.154;-9.047;-10.593;20
-3.129;-6.713;-4.694;20
-1.175;0.121;-0.708;20
-0.243;5.025;1.485;20
-0.078;5.954;5.564;20
0.558;3.83;9.413;20
3.995;-2.119;11.735;20
5.892;-14.996;10.45;20
2.066;-18.528;0.339;20
0.038;-0.823;-5.789;20
-2.349;10.454;-5.645;20
0.049;9.004;-3.341;20
1.254;5.857;0.705;20
-0.246;3.292;8.132;20
-0.463;-2.506;8.317;20
-3.131;-5.998;5.127;20
-7.867;-2.792;4.183;20
-7.878;1.669;-3.605;20
-3.354;2.058;-8.07;20
2.541;0.255;-4.736;20
5.762;-0.022;-1.074;20
6.113;0.734;2.985;20
3.026;1.165;2.882;20
-0.119;0.675;1.016;20
-0.698;1.14;2.501;20
-0.781;1.468;2.369;20
-0.379;0.487;0.158;20
-0.46;-0.501;-0.972;20
-0.634;-0.395;-1.299;20
-1.105;-0.314;-2.504;20
-1.639;-1.637;-2.961;20
-2.816;-2.35;-1.729;20
-4.253;-1.065;2.184;20
-2.521;-0.618;4.546;20
1.563;-2.632;-0.12;20
3.054;-3.781;-3.409;20
0.392;-3.065;-5.086;20
-2.393;-2.931;-7.764;20
-3.76;-2.657;-7.414;19
-2.452;-0.914;-2.096;20
1.539;0.31;2.983;20
4.149;-1.6;7.214;20
5.289;-4.542;9.854;20
5.456;-2.074;10.386;20
3.343;2.744;6.17;20
0.0;2.353;-5.931;20
-4.543;0.47;-6.403;20
-6.384;-0.598;-4.046;20
-2.814;0.265;-0.66;20
-0.385;3.031;3.827;20
0.575;5.821;4.485;20
1.438;6.675;3.478;20
1.225;6.975;2.641;20
1.094;6.981;2.174;20
0.741;6.257;1.248;20
0.611;4.917;0.107;20
0.571;3.686;-1.491;20
0.551;2.688;-2.927;20
0.744;0.753;-4.786;20
1.708;-2.92;-9.585;20
2.29;-8.106;-15.053;20
-0.765;-11.635;-14.721;20
-2.71;-7.663;-6.013;20
0.386;0.681;-0.125;20
0.393;4.718;2.499;20
-1.103;5.347;6.593;20
2.333;0.99;9.138;20
5.346;-8.115;8.983;20
3.139;-12.536;4.762;20
1.318;-7.219;-2.358;20
-1.579;5.394;-3.006;20
-1.065;9.134;-0.545;20
0.7;6.738;4.504;20
0.253;4.667;6.6;20
-1.27;2.087;5.224;20
-0.255;-3.327;3.544;20
-1.365;-6.289;1.564;20
-5.51;-2.516;3.552;20
-5.647;0.537;-3.99;20
-2.672;1.387;-10.265;20
2.044;1.194;-5.567;20
4.778;0.661;0.102;20
5.365;0.72;3.867;20
2.86;0.947;4.187;20
-0.568;0.743;1.567;20
-1.746;0.925;2.129;20
-1.145;1.149;1.465;20
-0.67;0.297;-0.082;20
-0.935;-0.564;-1.205;20
-0.693;-0.628;-1.445;20
-0.813;-0.445;-2.171;20
-1.603;-1.394;-3.558;20
-3.085;-1.953;-3.217;20
-4.974;-0.923;0.706;20
-4.867;-0.126;5.415;20
0.252;-2.261;0.842;20
5.134;-4.214;-3.398;20
4.058;-3.778;-7.066;20
-1.049;-3.887;-10.466;20
-3.93;-4.257;-7.975;20
-3.921;-3.32;-0.143;20
-0.467;-1.212;7.127;20
3.101;-2.097;10.043;20
5.939;-2.972;10.77;20
5.616;1.269;8.257;20
2.008;4.266;-0.614;20
-2.546;3.221;-5.921;20
-6.526;1.409;-4.061;20
-6.315;0.35;-2.982;20
-2.075;0.599;1.2;20
0.277;2.749;3.68;20
0.866;5.012;4.463;20
1.536;5.776;4.045;20
1.691;6.332;3.369;20
1.7;6.277;2.933;20
2.007;5.453;1.777;20
2.274;4.334;0.763;20
2.191;3.299;-0.459;20
1.722;2.381;-1.623;20
1.963;0.265;-4.47;20
2.535;-3.452;-11.03;20
1.451;-9.434;-18.697;20
-3.801;-11.537;-14.639;20
-3.8;-4.733;-4.332;20
0.962;2.341;1.152;20
2.364;4.438;5.599;20
2.203;1.81;5.444;20
4.469;-6.002;0.655;20
7.495;-14.243;-3.388;20
3.1;-2.462;4.207;20
-1.967;10.04;10.332;20
-1.648;9.717;9.182;20
0.159;5.647;9.281;20
-0.686;2.696;7.558;20
-1.493;-2.07;6.455;20
-1.736;-9.325;2.067;20
-2.974;-8.819;-2.231;20
-6.085;-0.734;-2.368;20
-6.259;5.207;-0.042;20
-5.03;4.895;-1.877;20
-2.315;1.323;-8.776;20
1.911;-0.928;-7.363;20
5.292;-2.441;-2.207;20
5.754;-1.697;-1.15;20
3.334;0.378;0.898;20
-2.007;1.517;3.391;20
-4.329;1.622;2.204;20
-2.861;1.218;-0.343;19
-0.837;0.559;-1.094;20
-0.148;-0.27;-1.2;20
-1.137;-0.829;0.385;20
-2.22;-1.119;2.147;20
-2.531;-1.274;1.283;20
-0.238;-1.367;0.215;20
2.495;-3.06;-3.18;20
1.402;-3.52;-6.014;20
-1.54;-2.68;-7.161;20
-4.057;-2.688;-6.887;20
-6.096;-2.698;-3.984;20
-3.79;-1.975;0.799;20
2.642;-2.832;4.666;20
6.453;-5.877;9.191;20
6.635;-5.076;14.028;20
4.292;1.521;11.424;20
2.091;4.711;-2.746;20
-0.127;1.969;-12.418;20
-1.332;-0.122;-6.41;20
-2.965;1.155;1.83;20
-6.26;4.577;6.086;20
-1.626;6.051;3.477;20
0.767;6.653;3.381;20
1.348;7.323;4.091;20
1.605;7.377;3.966;20
2.215;6.346;2.392;20
2.079;5.334;1.664;20
1.49;4.71;0.644;20
1.408;3.681;-0.946;20
1.98;0.872;-4.17;20
2.843;-4.485;-11.964;20
2.664;-12.842;-23.624;20
-2.98;-12.849;-14.125;20
-3.047;-3.358;-2.642;20
0.394;3.628;0.952;20
1.43;6.615;6.296;20
2.275;3.582;7.973;20
3.727;-2.961;4.727;20
3.714;-10.303;-1.861;20
4.224;-9.676;-6.237;20
0.87;0.82;0.345;20
-2.241;8.318;8.216;20
-1.982;7.564;8.774;20
-2.457;5.764;8.571;20
-1.788;2.225;7.988;20
-0.115;-5.132;3.796;20
-2.271;-7.474;-0.944;20
-3.348;-4.21;-1.751;20
-4.279;2.52;-2.313;20
-3.422;5.36;-0.53;20
-0.589;2.077;-4.124;20
1.536;-0.219;-6.735;20
3.429;-0.79;-3.051;20
3.851;-0.605;0.273;20
2.334;0.483;1.061;20
0.641;1.2;2.738;20
-0.591;0.776;4.529;20
-1.025;0.004;2.132;20
-1.106;0.424;0.5;20
-1.375;1.054;0.163;20
-0.966;-1.042;-1.361;20
-1.089;-3.441;-4.295;20
-3.39;-1.829;-2.507;20
-3.353;-1.101;4.408;20
-1.049;-2.103;2.26;20
1.262;-2.421;-1.917;20
-0.016;-2.722;-5.019;20
-2.783;-3.577;-6.096;20
-3.587;-3.774;-5.359;20
-0.055;-1.02;-2.764;20
3.818;0.148;-2.543;20
5.059;-1.711;3.317;20
5.728;-4.076;11.008;20
4.897;-1.993;10.957;20
4.219;2.899;7.94;20
3.774;3.088;-3.635;20
-0.048;1.74;-7.234;20
-4.152;0.378;-4.197;20
-7.626;0.124;-0.08;20
-5.122;1.957;4.121;20
-1.093;4.711;3.767;20
0.846;5.943;2.931;20
0.733;6.114;2.176;20
0.537;6.218;1.491;20
0.36;5.838;1.419;20
0.285;4.78;0.643;20
0.27;3.75;-0.532;20
-0.274;3.097;-2.077;20
-0.854;1.847;-4.678;20
-0.325;-1.709;-10.814;20
2.725;-8.618;-16.509;20
2.675;-11.212;-12.506;20
-2.162;-6.167;-7.07;20
-2.099;-0.594;-2.806;20
0.186;3.548;1.292;20
0.816;4.965;5.498;20
-0.142;1.929;5.781;20
0.643;-3.541;4.15;20
4.321;-9.997;1.625;20
6.004;-6.736;-0.676;20
3.123;3.69;1.566;20
0.529;7.693;5.633;20
0.211;5.939;7.437;20
-0.908;3.812;7.599;20
-1.671;-0.093;5.806;20
-2.177;-5.226;3.225;20
-3.408;-6.95;3.465;20
-4.953;-4.114;1.189;20
-5.926;1.068;-3.758;19
-4.24;3.893;-3.212;20
-1.022;2.372;-5.116;20
1.892;0.084;-6.45;20
3.764;-0.419;-3.457;20
4.517;-0.472;0.107;20
3.865;0.523;2.662;20
2.021;1.538;4.592;20
-0.163;1.865;4.491;20
-1.109;1.45;3.255;20
-0.955;0.05;0.189;20
-0.756;-0.834;-0.976;20
-1.217;-1.0;-1.989;20
-1.938;-2.03;-3.251;20
-3.204;-1.877;-3.262;20
-4.414;-0.449;-0.603;20
-3.155;0.347;5.292;20
0.93;-1.375;3.778;20
4.321;-3.134;-2.608;20
2.483;-3.394;-5.251;20
-2.783;-4.376;-6.438;20
-5.659;-4.775;-5.934;20
-3.485;-1.553;-1.785;20
1.47;0.501;-1.913;20
3.837;-0.583;2.108;20
4.809;-3.489;10.224;20
4.332;-3.516;12.284;20
4.481;1.242;9.109;20
3.455;3.217;-3.309;20
-0.714;1.423;-7.84;20
-6.052;0.606;-2.712;20
-8.907;1.086;0.437;20
-3.767;2.086;2.254;20
0.975;3.768;2.466;20
2.087;4.948;3.245;20
1.96;5.58;2.955;20
1.538;6.152;2.459;20
1.069;5.992;2.509;20
1.111;5.067;0.992;20
1.151;4.14;0.143;20
1.4;3.355;-0.906;20
1.801;1.931;-3.186;20
1.614;-0.961;-7.54;20
1.14;-5.084;-14.014;20
0.328;-9.607;-14.064;20
-2.641;-9.33;-9.331;20
-2.333;-3.462;-5.634;20
0.935;1.969;-0.586;20
2.309;3.874;3.585;20
1.13;3.168;5.232;20
0.618;-0.498;1.414;20
4.184;-7.828;-1.771;20
3.96;-8.535;2.459;20
-0.73;2.174;5.682;20
-1.963;8.006;6.879;20
-0.717;6.859;7.634;20
-0.447;4.786;7.334;20
-0.439;0.891;3.873;20
-1.458;-4.993;-1.765;20
-2.97;-5.791;0.252;20
-4.906;-3.246;2.561;20
-6.03;0.215;1.997;20
-3.903;2.101;-1.602;20
-0.266;1.499;-4.501;20
2.944;0.189;-4.62;20
4.676;-0.299;-2.895;20
5.181;-1.127;-2.226;20
4.949;-0.154;-0.74;20
2.995;1.706;1.955;20
1.335;1.882;2.339;20
0.149;0.661;0.982;20
-1.063;-0.137;1.561;20
-2.179;0.109;2.841;20
-2.826;0.193;1.763;20
-2.407;0.796;0.231;20
-1.274;0.947;0.85;20
-0.388;-0.919;1.535;20
-0.864;-2.211;-1.102;20
-2.369;-0.599;0.025;20
-2.783;-0.826;1.993;20
-0.015;-2.701;-0.637;20
3.584;-4.252;-5.297;20
2.381;-4.554;-6.902;20
-1.582;-3.344;-6.216;20
-4.213;-2.511;-4.548;20
-4.452;-0.365;-2.166;20
-1.527;0.731;0.706;20
1.757;-1.546;4.624;20
4.509;-4.115;9.838;20
6.018;-3.246;10.303;20
4.174;2.39;6.222;20
2.42;2.927;-2.624;20
-1.109;1.556;-5.38;20
-4.174;0.56;-5.5;20
-5.123;0.937;0.605;20
-2.377;2.365;4.43;20
-0.68;3.983;3.122;20
0.702;4.626;2.667;20
1.281;5.09;2.754;20
1.323;5.465;2.671;20
1.372;5.384;1.927;20
1.319;5.264;0.954;20
1.161;4.837;-0.29;20
0.476;3.708;-1.802;20
-0.302;1.708;-4.731;20
-0.269;-1.767;-10.245;20
1.505;-6.95;-16.031;20
0.693;-9.67;-13.056;20
-3.75;-6.586;-7.46;19
-1.821;-1.727;-2.786;20
1.618;3.17;0.663;20
1.616;5.684;4.641;20
1.756;2.686;7.161;20
3.756;-2.853;6.009;20
7.377;-10.752;0.766;20
5.495;-7.682;-2.923;20
0.916;3.317;3.744;20
-1.214;7.2;7.349;20
-1.406;5.277;6.487;20
-2.056;3.072;6.88;20
-3.692;-0.873;6.483;20
-5.088;-4.852;6.47;20
-3.95;-5.686;2.303;20
-4.95;-3.492;-0.842;20
-5.125;1.42;-3.463;20
-2.42;3.316;-3.186;20
0.572;1.132;-6.526;20
2.373;-0.065;-8.592;20
3.869;-0.228;-3.908;20
4.123;-0.294;2.016;20
1.863;0.476;3.917;20
-0.188;1.407;5.392;20
-1.596;1.736;4.251;20
-1.05;1.043;0.48;20
-0.531;-0.272;-1.259;20
-1.136;-0.408;-1.923;20
-1.645;-1.239;-3.267;20
-1.782;-2.803;-4.139;20
-2.247;-2.188;-3.027;20
-1.589;-0.73;-0.439;20
1.646;-1.125;1.499;20
3.721;-3.368;-3.179;20
2.329;-3.185;-5.507;20
-1.244;-1.851;-6.73;20
-4.123;-1.86;-6.982;20
-4.812;-3.732;-2.125;20
-2.837;-5.075;9.002;20
1.141;-5.35;12.746;20
3.724;-3.925;14.084;20
4.341;1.126;11.356;20
3.51;3.393;-3.214;20
1.958;1.413;-9.839;20
-0.875;1.552;-4.224;20
-3.015;2.447;1.578;20
-3.377;3.703;4.564;20
-1.477;5.449;2.344;20
0.248;6.442;3.198;20
0.982;7.134;3.948;20
1.567;7.337;4.04;20
2.226;6.722;2.627;20
2.063;6.116;1.758;20
1.551;5.692;0.778;20
0.602;4.148;-1.983;20
0.273;0.601;-7.536;20
0.607;-5.635;-16.413;20
1.823;-16.976;-20.494;20
-1.614;-12.946;-12.261;20
-1.351;-0.193;-2.111;20
1.157;4.987;1.419;20
1.336;6.543;4.606;20
1.638;3.991;6.698;20
4.217;-4.099;2.108;20
6.968;-14.842;-3.054;20
3.822;-8.011;0.142;20
-2.52;7.35;5.921;20
-3.262;10.505;7.066;20
-1.288;7.63;7.043;20
-0.556;4.396;7.382;20
-1.613;-0.615;5.975;20
-3.655;-7.185;1.745;20
-3.242;-7.995;2.312;20
-4.265;-4.404;1.085;20
-5.494;1.676;-3.035;20
-3.377;4.278;-2.505;20
-0.073;1.768;-4.792;20
2.219;0.028;-5.876;20
3.915;-0.131;-3.074;20
4.735;0.084;0.376;20
3.831;0.569;1.479;20
1.9;1.07;2.441;20
-0.866;1.371;3.879;20
-2.303;0.867;1.828;20
-1.676;-0.098;-1.042;20
-1.601;-0.332;-1.796;20
-1.939;-0.417;-2.746;20
-2.127;-1.617;-2.568;20
-2.151;-2.521;-0.218;20
-2.572;-1.566;0.333;20
-0.299;-0.933;1.447;20
2.675;-2.708;-2.375;20
3.087;-4.044;-5.285;20
0.648;-3.572;-5.651;20
-3.226;-2.693;-6.345;20
-4.259;-2.413;-3.591;20
-0.804;-2.689;4.901;20
2.822;-3.554;9.303;20
3.478;-3.333;10.319;20
3.382;0.548;11.096;20
2.854;3.893;2.881;20
1.499;1.505;-7.725;20
-2.815;0.945;-3.912;20
-6.533;1.668;0.561;20
-5.608;2.01;2.465;20
-1.535;3.482;2.712;19
0.398;5.102;1.841;20
0.844;5.741;2.972;20
1.195;6.391;3.578;20
1.89;6.47;3.082;20
2.441;5.918;2.345;20
2.539;5.343;1.587;20
2.449;4.093;-0.298;20
2.211;1.592;-3.728;20
1.892;-2.597;-11.069;20
2.854;-9.528;-21.658;20
-0.701;-11.901;-15.388;20
-5.619;-4.588;-4.367;20
-1.373;1.225;-1.175;20
1.611;4.416;0.966;20
1.245;5.348;4.948;20
0.513;1.989;6.129;20
2.801;-6.098;3.892;20
6.347;-14.336;-0.387;20
4.182;-5.609;-3.005;20
0.269;7.266;4.593;20
0.173;8.827;8.456;20
0.807;6.463;7.944;20
0.42;3.221;6.984;20
-0.85;-2.007;6.462;20
-4.176;-6.858;3.626;20
-3.728;-7.914;1.077;20
-5.03;-2.774;-2.242;20
-5.926;3.229;-2.481;20
-4.456;4.79;-1.082;20
-2.443;2.446;-4.348;20
0.012;0.397;-5.515;20
2.531;-0.481;-1.469;20
3.488;-0.642;0.337;20
4.102;-0.127;2.084;20
3.267;1.228;1.046;20
0.763;1.043;0.047;20
-1.257;-0.434;-1.848;20
-2.058;-0.815;-1.93;20
-2.717;-0.576;-2.056;20
-3.368;-1.014;-2.78;20
-3.893;-1.198;-0.49;20
-3.717;-0.933;1.886;20
-0.802;-0.678;2.64;20
4.1;-1.057;0.629;20
6.944;-2.721;-4.066;20
5.488;-3.324;-6.261;20
0.116;-2.151;-8.457;20
-3.837;-2.005;-7.596;20
-5.584;-3.111;-2.365;20
-5.601;-4.186;5.121;20
-2.119;-4.737;9.388;20
0.845;-3.817;12.789;20
2.239;-0.9;14.117;20
2.535;2.955;1.195;20
1.563;2.123;-8.445;20
-0.852;1.768;-4.448;20
-2.084;2.182;-1.662;20
-2.447;2.753;1.681;20
-1.38;3.946;2.785;20
-0.436;5.127;3.345;20
0.84;5.865;4.666;20
2.44;6.481;4.333;20
2.851;6.465;3.525;20
2.633;5.71;1.859;20
2.389;4.9;0.964;20
2.186;4.072;-0.278;20
2.104;2.438;-3.025;20
1.55;-0.526;-8.015;20
1.466;-5.081;-15.234;20
1.102;-11.84;-17.789;20
-3.815;-10.361;-10.662;20
-2.142;-2.43;-2.804;20
2.426;2.256;1.738;20
4.143;2.879;3.5;20
3.716;0.317;1.981;20
4.597;-6.714;-5.992;20
4.931;-8.88;-1.851;20
-1.421;2.239;10.738;20
-5.216;10.356;12.327;20
-2.672;8.687;9.033;20
-0.538;5.296;7.977;20
0.49;1.89;4.752;20
0.934;-2.886;0.342;20
-0.232;-9.845;-2.432;20
-2.257;-7.591;0.684;20
-5.058;-0.989;1.31;20
-5.447;2.155;-0.734;20
-4.848;3.121;-4.307;20
-2.884;2.203;-6.474;20
0.426;0.611;-3.806;20
2.787;-0.844;-0.364;20
4.377;-1.402;1.243;20
3.67;0.221;0.517;20
2.348;1.742;0.107;20
0.994;1.79;1.772;20
-1.116;1.141;2.112;20
-1.981;0.389;1.508;20
-1.39;-0.192;-0.181;20
-0.878;-0.061;-0.874;20
-0.956;0.349;-0.491;20
-1.462;-0.476;0.505;20
-1.973;-1.325;1.352;20
-1.481;-0.8;0.878;20
0.956;-0.3;1.987;20
3.7;-1.322;-0.304;20
4.576;-3.874;-3.542;20
0.789;-3.993;-4.063;20
-2.171;-2.742;-4.813;20
-4.026;-2.681;-7.179;19
-4.962;-2.307;-5.45;20
-3.968;-1.801;-0.647;20
-0.643;-2.552;4.121;20
1.393;-3.825;8.187;20
2.198;-3.322;12.126;20
2.741;0.959;10.911;20
2.439;3.705;1.162;20
0.604;1.786;-8.146;20
-2.676;0.683;-6.2;20
-3.232;0.347;-1.964;20
-2.342;0.795;1.743;20
-0.486;2.555;4.083;20
0.894;4.339;3.774;20
1.794;5.175;3.564;20
2.017;5.959;2.79;20
1.831;6.547;2.633;20
1.635;6.272;1.549;20
1.644;5.524;0.587;20
1.609;4.797;-0.126;20
1.993;3.836;-1.995;20
1.511;1.555;-6.049;20
0.608;-1.857;-12.085;20
-0.021;-5.903;-14.705;20
-1.768;-8.836;-10.764;20
-4.204;-6.788;-7.73;20
-1.25;-1.133;-3.337;20
3.505;2.237;1.042;20
7.199;-0.385;5.317;20
7.999;-6.293;0.37;20
9.01;-11.717;-6.335;20
0.427;-1.292;4.767;20
-8.288;10.607;14.531;20
-6.094;9.652;10.357;20
-2.949;6.369;8.127;20
-1.083;2.692;6.379;20
0.195;-0.846;1.726;20
-0.157;-8.014;-2.563;20
-1.101;-10.442;-2.997;20
-3.634;-4.021;-0.662;20
-4.903;2.251;-0.365;20
-4.08;3.673;-4.431;20
-2.288;2.978;-4.178;20
0.385;1.212;0.034;20
2.707;-0.349;1.673;20
4.275;-1.101;0.531;20
3.876;-0.467;-1.112;20
1.53;0.957;-0.281;20
-0.224;1.044;1.795;20
-2.085;0.644;1.427;20
-2.338;0.483;1.209;20
-0.843;0.432;1.418;20
0.426;0.294;0.828;20
1.03;0.927;1.97;20
1.25;1.66;1.561;20
1.44;0.963;0.538;20
0.572;-1.245;-0.306;20
-1.078;-1.752;-0.327;20
-1.996;-1.288;0.973;20
-0.818;-2.136;1.526;20
1.423;-3.929;0.716;20
0.598;-4.159;-1.502;20
-2.971;-3.623;-2.49;20
-5.462;-3.241;-2.784;20
-4.079;-1.737;-3.163;20
0.767;0.488;-4.699;20
2.406;1.556;-5.378;20
2.008;0.762;-3.441;20
2.823;-2.004;2.452;20
2.864;-3.602;7.784;20
1.049;-1.862;9.657;20
0.442;0.736;8.607;20
-1.257;2.588;1.794;20
-3.874;3.142;0.11;20
-3.025;1.135;-1.28;20
-0.914;0.114;-4.595;20
1.406;0.281;-3.109;20
1.75;1.618;0.594;20
0.946;3.67;3.007;20
0.827;5.015;1.842;20
0.723;5.691;1.731;20
0.726;6.221;1.86;20
1.113;5.905;1.202;20
1.344;4.618;-0.457;20
0.826;3.624;-1.524;20
0.211;2.69;-3.348;20
-0.411;0.737;-7.153;20
-1.98;-2.406;-11.901;20
-3.244;-5.794;-11.663;20
-1.781;-7.247;-7.716;20
-0.797;-5.513;-5.705;20
0.091;-1.625;-3.353;20
0.737;2.34;0.409;20
1.627;3.236;4.404;20
1.296;1.17;5.494;20
2.102;-2.969;3.908;20
5.979;-9.698;-0.345;20
6.97;-7.504;-0.675;20
4.081;2.24;4.328;20
0.311;7.624;6.306;20
-0.43;6.844;6.803;20
-0.497;4.396;5.885;20
-0.85;-0.135;4.064;20
-3.109;-4.707;1.402;20
-3.626;-6.142;1.699;20
-5.49;-4.016;2.347;20
-7.229;0.547;1.463;19
-5.743;3.589;0.424;20
-2.228;2.208;-2.189;20
1.64;-0.677;-3.999;20
4.535;-1.461;-3.252;20
6.011;-0.396;-1.894;20
6.126;0.736;-1.008;20
4.334;0.707;-0.133;20
-0.072;0.156;1.614;20
-3.413;-0.286;1.625;20
-3.136;-0.895;0.846;20
-2.812;-0.849;-1.191;20
-2.58;-0.1;-1.923;20
-2.369;0.614;-2.186;20
-2.342;0.009;-0.714;20
-2.388;-0.743;1.814;20
-2.054;-0.488;1.932;20
0.641;-0.633;2.153;20
3.746;-2.577;-0.662;20
4.238;-4.134;-3.327;20
0.477;-3.212;-4.361;20
-3.158;-2.958;-5.15;20
-5.17;-2.56;-5.572;20
-4.985;-0.961;-2.6;20
-1.453;-0.11;0.804;20
2.276;-2.482;4.589;20
3.909;-4.918;9.63;20
4.292;-2.815;13.281;20
3.106;3.573;9.764;20
1.838;3.936;-4.742;20
-1.231;1.334;-8.228;20
-4.068;0.242;-3.264;20
-4.476;0.358;-0.747;20
-2.401;1.742;2.942;20
-0.123;3.797;3.077;20
1.115;5.097;3.209;20
1.62;5.73;3.003;20
1.632;6.224;2.799;20
1.73;6.324;2.748;20
2.204;5.036;0.927;20
2.188;3.849;-0.005;20
2.217;3.119;-1.109;20
2.366;1.956;-2.6;20
1.985;-0.524;-6.503;20
1.364;-4.458;-13.081;20
-0.914;-8.708;-15.802;20
-4.855;-8.441;-10.781;20
-4.186;-3.207;-6.407;20
-1.383;1.64;-1.551;20
-0.011;4.632;4.344;20
0.7;3.266;6.915;20
-0.117;-1.135;5.085;20
3.619;-10.095;2.11;20
6.733;-11.727;-4.111;20
5.255;0.742;-0.131;20
2.395;8.407;5.997;20
2.666;7.877;9.537;20
2.632;5.403;8.214;20
1.08;3.203;5.94;20
0.532;-0.825;5.257;20
-1.202;-7.798;-0.019;20
-2.625;-9.101;-4.07;20
-5.771;-1.768;0.564;20
-7.02;3.327;3.683;20
-6.95;4.693;-0.03;20
-5.231;2.273;-6.967;20
-1.099;-0.64;-8.019;20
1.841;-1.654;-3.306;20
2.976;-1.514;0.997;20
3.188;-0.151;2.967;20
1.802;1.952;2.403;20
0.58;2.231;2.617;20
-0.467;1.236;2.142;20
-0.502;0.524;0.945;20
0.466;-0.172;0.137;20
1.236;-0.465;-0.312;20
0.947;-0.335;-0.645;20
-1.079;-0.659;-1.494;20
-3.349;-1.024;-0.664;20
-4.353;-0.989;0.269;20
-1.585;-1.34;0.638;20
2.587;-2.224;-0.444;20
3.061;-3.64;-2.511;20
-1.303;-3.884;-3.881;20
-4.502;-2.333;-4.012;20
-5.612;-1.891;-5.864;20
-4.441;-1.15;-3.542;20
0.696;-0.733;0.632;20
4.69;-3.712;4.363;20
5.79;-6.515;6.66;20
4.823;-3.869;9.032;20
3.179;0.715;11.003;20
2.322;4.472;7.869;20
1.801;3.389;-6.626;20
-0.823;0.655;-10.756;20
-2.205;0.085;-2.624;20
-2.499;2.284;3.394;20
-1.816;4.623;3.565;20
-0.071;5.217;2.646;20
0.748;5.868;2.569;20
1.516;6.795;2.663;20
1.461;7.118;2.725;20
1.117;6.029;1.031;20
0.578;4.074;-0.453;20
-0.58;2.949;-1.425;20
-1.165;1.947;-2.764;20
-0.505;-0.651;-7.409;19
0.372;-4.891;-15.788;20
0.145;-8.733;-15.544;20
-2.128;-6.413;-7.83;20
-3.129;-2.568;-4.084;20
-0.149;0.674;-0.74;20
2.873;2.963;3.309;20
4.278;1.265;4.39;20
6.038;-5.475;-0.101;20
7.789;-13.601;-7.19;20
5.559;-5.887;2.218;20
-2.516;8.587;11.659;20
-5.865;11.417;11.058;20
-2.959;7.908;9.12;20
-1.567;4.461;8.018;20
-0.723;0.233;4.133;20
-0.668;-7.725;-0.949;20
-1.552;-9.425;-0.58;20
-3.235;-4.718;0.831;20
-5.253;1.677;-0.088;20
-3.797;3.493;-0.478;20
-1.414;2.005;-4.686;20
1.234;0.037;-8.005;20
3.109;-0.115;-4.773;20
4.031;-0.071;-0.762;20
4.01;-0.055;1.366;20
2.395;0.521;1.533;20
0.118;1.038;3.338;20
-1.753;1.193;2.046;20
-1.11;0.008;-0.07;20
-0.68;-0.886;-0.502;20
-0.59;-0.673;-0.821;20
-1.213;0.241;-1.784;20
-2.094;0.161;-1.858;20
-2.313;-0.646;0.539;20
-2.722;-0.057;2.173;20
-2.168;1.045;3.855;20
0.536;0.458;3.704;20
4.178;-2.565;-0.487;20
5.053;-4.932;-3.502;20
0.135;-4.24;-5.739;20
-3.702;-4.469;-6.707;20
-5.805;-4.225;-7.265;20
-5.727;-1.629;-3.955;20
-2.375;0.091;0.516;20
0.071;-0.115;4.806;20
2.115;-3.353;8.487;20
4.098;-3.701;10.374;20
3.604;1.463;9.668;20
2.62;3.857;-0.139;20
-0.948;1.778;-7.485;20
-5.018;1.271;-1.573;20
-5.034;1.01;-0.707;20
-2.221;0.997;0.736;20
0.943;1.969;3.31;20
1.719;3.488;3.443;20
1.929;4.75;2.385;20
1.62;5.536;2.181;20
1.475;5.985;2.474;20
1.556;5.703;1.84;20
2.04;4.844;0.518;20
2.522;3.974;-0.561;20
3.201;2.942;-1.206;20
3.758;1.234;-2.806;20
3.96;-0.911;-6.83;20
3.103;-4.459;-12.544;20
0.897;-8.81;-14.25;20
-0.422;-9.343;-10.382;20
0.113;-2.978;-1.479;20
1.207;2.853;2.896;20
1.237;6.011;4.1;20
0.534;5.567;4.921;20
1.627;1.418;5.919;20
2.07;-7.338;3.688;20
0.846;-15.107;0.12;20
2.027;-5.837;-0.046;20
0.481;4.663;-3.045;20
-1.425;5.982;-2.773;20
-2.552;5.526;2.508;20
-4.371;5.047;8.725;20
-5.456;3.669;9.594;20
-4.093;0.618;5.866;20
-2.106;-3.087;3.557;20
-1.263;-5.186;0.974;20
-1.411;-3.367;-2.304;20
-0.118;-1.549;-6.446;20
1.236;0.23;-11.273;20
1.884;2.454;-7.002;20
2.806;2.277;0.001;20
3.295;1.096;5.682;20
1.051;0.383;9.889;20
-2.837;0.427;5.153;20
-2.452;0.794;0.035;20
-1.196;1.492;-0.248;20
-0.737;0.091;-1.278;20
-0.711;-1.502;-2.454;20
-0.752;-1.365;-2.493;20
-0.593;-0.752;-1.992;20
-0.579;-0.605;-1.739;20
-1.258;-0.892;-2.067;20
-1.962;-0.766;-0.558;20
-1.395;-0.038;2.726;20
0.503;-0.112;2.803;20
3.641;-2.33;-0.434;20
5.038;-4.695;-3.526;20
2.43;-5.528;-6.704;19
-2.329;-4.992;-7.81;20
-5.215;-3.227;-5.119;20
-3.12;-0.809;0.34;20
-0.1;0.073;4.98;20
3.874;-2.898;9.63;20
6.785;-3.24;11.446;20
5.065;0.496;5.466;20
-0.619;1.973;-6.61;20
-3.565;-0.241;-7.87;20
-8.376;0.871;3.905;20
-8.355;3.405;4.774;20
-2.609;4.973;1.0;20
1.534;6.114;2.148;20
1.295;6.955;3.16;20
0.818;6.902;2.068;20
0.993;6.27;1.294;20
1.215;5.501;0.748;20
1.242;4.849;0.042;20
1.202;3.386;-1.007;20
1.241;1.518;-2.183;20
2.048;-0.605;-2.935;20
3.506;-3.64;-5.079;20
5.524;-7.095;-10.198;20
6.308;-7.972;-15.439;20
2.75;-3.729;-9.445;20
1.485;-0.989;1.047;20
1.968;1.258;3.473;20
1.608;2.808;3.169;20
2.098;0.916;3.988;20
3.061;-4.174;4.79;20
1.813;-6.682;2.759;20
2.058;-3.627;1.976;20
-0.365;3.765;0.629;20
-3.14;5.07;0.271;20
-5.769;3.974;2.844;20
-7.376;2.613;5.371;20
-7.643;1.242;5.371;20
-6.902;-0.35;4.4;20
-5.162;-1.809;3.986;20
-3.242;-2.973;1.701;20
-0.178;-3.728;-1.312;20
1.855;-3.245;-2.735;20
3.107;-1.7;-6.78;20
4.554;0.702;-9.819;20
4.441;2.264;-6.075;20
2.824;2.454;-0.606;20
1.104;1.493;2.804;20
-1.235;0.466;8.998;20
-3.664;-0.024;9.749;20
-3.8;0.734;1.839;20
-2.088;1.521;-1.048;20
-1.137;0.14;-0.865;20
0.082;-1.844;-0.949;20
0.936;-1.672;-1.238;20
1.148;-1.033;-3.106;20
-0.55;-1.749;-8.33;20
-2.453;-1.716;-9.847;20
-1.834;-0.941;-2.877;20
-0.258;-0.995;5.423;20
1.405;-1.321;7.143;20
2.744;-2.118;-0.547;20
3.088;-3.516;-3.843;20
-0.124;-2.6;-8.381;20
-3.229;-1.542;-8.836;20
-3.147;-2.985;-1.209;20
-1.321;-4.838;8.395;20
2.363;-4.307;14.073;20
4.278;-1.425;12.247;20
2.417;1.763;2.502;20
-0.605;2.005;-3.796;20
-3.932;1.55;-1.246;20
-5.901;2.497;0.51;20
-3.183;3.812;0.869;20
-0.021;4.83;0.657;20
0.217;5.418;1.479;20
0.829;5.765;2.59;20
0.979;6.145;2.54;20
1.211;5.997;2.222;20
1.851;5.498;1.355;20
2.073;4.336;0.868;20
2.81;2.395;0.179;20
3.087;0.524;-1.336;20
3.203;-1.071;-2.354;20
3.163;-2.685;-5.488;20
3.099;-5.736;-13.962;20
2.811;-6.286;-18.251;20
1.872;-4.2;-9.624;20
-0.505;-2.7;-0.341;20
-2.021;-0.026;1.386;20
-2.1;3.162;1.679;20
-1.264;3.752;3.606;20
-0.413;2.676;5.617;20
1.96;-2.246;6.821;20
3.682;-8.622;5.833;20
4.44;-7.808;4.959;20
1.051;-0.656;0.233;20
-1.063;3.304;-4.304;20
0.082;2.993;-4.029;20
-2.519;5.178;3.059;20
-3.697;6.143;9.82;20
-2.917;4.334;11.337;20
-3.471;0.76;5.305;20
-5.73;-4.328;1.064;20
-5.59;-6.284;-2.107;19
-2.263;-2.857;-5.605;20
0.336;0.774;-3.52;21
1.704;0.949;-1.251;20
0.595;1.876;1.001;19
-0.578;0.379;2.214;20
-0.632;-1.115;-0.458;20
0.653;-0.076;-1.533;20
1.456;0.189;0.646;20
1.265;0.204;-0.073;20
1.432;0.311;-0.881;20
1.588;0.123;-0.763;20
1.337;-0.216;0.125;20
0.565;-0.596;-0.087;20
-0.81;-0.499;-0.516;20
-2.18;-0.398;-0.13;20
-2.757;-0.614;0.199;20
-1.537;-0.945;-0.193;20
0.81;-1.993;-1.053;20
0.874;-1.947;-2.414;20
1.122;-3.184;-3.645;20
2.407;-4.066;-5.46;20
3.65;-3.992;-6.231;20
2.985;-2.398;-4.483;20
0.086;-0.742;3.351;20
-6.059;2.167;18.237;20
-7.426;0.05;10.749;20
0.626;-0.434;0.38;20
10.658;-1.59;3.276;20
6.196;3.214;2.619;20
-0.526;5.909;1.967;20
0.13;2.843;-0.9;20
0.817;1.513;-1.442;20
-0.219;2.543;-2.563;20
-0.352;4.177;-2.19;20
1.502;3.068;2.57;20
1.871;1.122;-4.156;20
1.078;3.123;-2.923;20
0.606;1.834;-1.684;20
0.187;0.682;-2.596;20
1.15;1.192;-1.881;20
2.852;1.504;-2.038;20
2.246;1.36;-3.313;20
0.365;0.142;-4.217;20
-0.705;0.591;-4.39;20
-3.256;0.01;-1.724;20
-4.914;-1.889;1.183;20
-3.616;-1.28;1.153;20
-0.161;-1.646;-3.528;20
0.18;-0.761;-5.973;20
-1.422;-0.286;-5.173;20
-0.139;-1.417;1.145;20
1.038;-1.752;3.507;20
0.706;-1.49;1.352;20
-1.613;-0.942;-1.139;20
-3.799;-1.553;-0.721;20
-6.252;0.44;0.303;20
-2.384;-3.059;-1.694;20
1.277;-6.931;-4.582;20
2.566;-8.655;-6.209;20
1.554;-5.23;-1.368;20
-2.591;-1.866;4.905;20
-0.922;-1.024;4.768;20
3.111;1.383;-2.07;20
5.272;3.547;-1.289;20
2.882;6.773;3.651;20
1.4;8.189;6.808;20
-0.695;6.389;7.272;20
-3.268;4.314;5.558;20
-6.762;3.493;-0.725;20
-7.36;1.479;-0.877;20
-6.242;0.557;-0.321;20
-4.296;-1.949;1.734;20
-4.246;-2.64;-0.303;20
-5.818;-2.201;1.667;20
-3.979;-1.419;1.845;20
-3.204;-0.794;2.799;20
-3.179;-0.048;2.066;20
-0.164;-0.375;3.112;20
0.951;0.151;3.195;20
0.313;-0.346;1.642;20
-2.415;1.539;-0.332;20
-2.359;1.556;-0.766;20
-3.255;2.019;-0.705;20
-6.31;3.031;-1.122;20
-6.274;3.07;0.333;20
-8.501;3.119;1.02;20
-9.382;2.941;1.927;20
-5.882;3.194;4.83;20
-4.817;4.328;3.668;20
-4.569;5.469;2.117;20
-2.398;5.715;2.214;20
-1.214;6.006;3.476;20
-1.31;5.681;4.105;20
-0.526;4.408;3.884;20
0.725;2.917;4.159;20
0.943;1.397;4.744;20
2.142;-0.057;5.123;20
4.08;-0.252;3.578;20
5.293;0.173;-1.201;20
4.496;0.818;-2.777;20
3.411;0.643;-0.542;20
2.518;0.219;0.971;20
1.324;0.033;-0.1;20
0.616;0.993;-0.976;20
-0.044;3.097;-3.797;20
-0.917;4.834;-7.531;20
-0.041;2.483;-8.002;20
0.376;0.911;-3.873;19
-2.207;-0.677;-1.229;20
-7.507;-1.106;4.184;21
-8.927;0.444;4.363;20
-4.178;1.189;-0.363;20
0.827;1.68;-1.991;20
4.127;2.204;-4.023;19
5.87;3.109;-9.336;20
4.479;2.641;-7.471;20
-0.217;1.93;-3.572;20
-7.045;2.089;2.771;20
-2.318;1.181;-3.488;20
-0.902;1.007;-6.677;20
-0.29;1.896;-6.705;20
0.697;1.182;-3.607;20
2.007;1.694;-3.697;20
3.898;1.83;-6.962;20
3.323;1.796;-7.249;20
5.185;1.5;-7.257;20
5.936;0.802;-6.046;20
3.948;0.664;-4.683;20
2.479;0.494;-4.281;20
2.865;0.613;-5.278;20
3.258;0.288;-3.679;20
3.247;0.218;-4.044;20
2.542;0.399;-5.575;20
1.419;0.48;-3.373;20
1.724;0.568;-0.806;20
1.866;0.315;0.384;20
1.513;0.081;3.234;20
-1.274;-0.651;1.878;20
-2.498;0.321;-3.052;20
-3.324;-0.077;-5.482;20
-5.083;0.193;-2.067;20
-5.844;-0.239;3.837;20
-5.178;-1.306;5.818;20
-3.636;-0.501;3.602;20
-2.468;0.603;2.895;20
-0.833;0.715;4.623;20
-0.219;-0.442;9.876;20
-0.542;0.347;9.99;20
-1.087;0.008;6.96;20
-0.375;-0.667;4.238;20
-0.988;0.898;2.477;20
-1.858;1.407;3.967;20
-2.146;0.842;5.049;20
-0.36;1.245;3.02;20
2.45;1.293;6.247;20
-0.144;0.413;7.246;20
-1.835;-0.735;6.735;20
-1.873;-0.729;2.461;20
0.859;0.441;5.466;20
4.863;3.029;9.375;20
5.532;3.22;5.364;20
4.651;0.69;3.053;20
3.306;0.022;3.955;20
0.693;0.532;7.518;20
-2.506;0.326;4.931;20
-1.535;0.647;1.924;20
2.3;0.153;1.341;20
3.712;-0.864;0.457;20
2.576;0.009;-0.286;20
1.387;0.659;-0.693;20
1.586;0.248;1.21;20
0.173;-0.824;2.941;20
-1.603;-0.357;3.625;20
-0.571;0.154;2.702;20
0.522;0.382;1.082;20
2.717;0.903;1.077;65
1.097;0.568;-0.887;20
-1.432;0.186;-1.25;20
0.871;0.452;1.257;20
1.134;0.388;0.694;20
0.741;0.413;0.502;20
0.642;-0.055;0.44;20
0.731;-0.364;1.471;20
0.277;-0.037;0.757;19
0.561;0.038;0.018;20
0.864;0.44;0.011;20
0.809;0.65;-0.309;20
0.483;0.217;-0.575;20
1.014;-0.448;0.593;20
0.084;0.122;1.199;20
-0.076;-0.15;0.876;20
0.026;-0.049;0.78;20
0.077;0.185;0.37;20
0.694;-0.449;0.61;20
-0.107;0.226;1.276;20
-0.043;-0.005;0.49;20
0.22;0.123;0.293;20
0.512;0.099;0.018;20
0.377;0.179;-0.185;20
0.123;0.186;-0.318;20
0.498;-0.173;-0.246;20
0.379;0.347;0.165;20
0.157;0.202;-0.035;20
0.332;0.363;-0.496;20
0.261;0.283;-0.24;20
0.135;0.238;-0.121;20
0.437;-0.198;0.364;20
0.21;0.011;0.281;20
0.187;0.243;-0.559;20
0.602;0.701;-0.021;20
1.001;0.627;0.557;20
0.465;0.808;0.106;20
0.55;1.0;-0.449;20
1.068;1.136;-0.525;20
0.908;0.742;-0.466;20
0.623;0.485;0.611;20
0.674;0.34;0.726;20
0.582;0.457;0.547;20
0.32;0.113;0.804;20
-0.057;-0.403;0.986;20
-0.035;-0.385;0.704;20
-0.357;-0.318;-0.307;20
-0.158;-0.175;-0.686;20
0.175;-0.212;-1.075;20
0.222;-0.195;-0.723;20
-0.478;0.24;0.054;20
-1.255;0.542;0.527;20
-0.166;-0.101;-0.57;20
0.734;-0.303;-0.731;20
-0.198;0.225;0.286;20
-0.755;0.662;0.477;20
-0.654;0.842;0.049;20
0.026;0.764;-1.061;20
-1.028;1.389;-1.342;20
-1.315;1.343;-0.555;20
-0.198;0.543;-0.351;20
0.102;0.395;-0.849;20
0.244;0.486;-0.688;20
-0.103;0.428;-0.663;20
-0.274;0.405;-0.602;20
0.419;0.147;-0.128;20
0.177;-0.136;0.388;20
-0.605;-0.234;0.48;20
-0.5;0.111;0.481;20
-0.317;0.072;0.206;20
-0.932;-0.118;-0.148;20
-1.548;0.136;-0.294;20
-0.661;0.24;-0.346;20
0.162;-0.223;0.328;20
0.606;-0.889;0.775;20
0.685;-0.751;0.485;20
0.561;-0.502;-0.258;20
0.605;-0.141;-1.287;20
0.748;0.285;-1.209;20
0.869;0.238;-0.183;20
0.807;-0.201;0.944;20
0.16;-1.175;2.193;20
-0.258;-1.335;1.646;20
-0.01;-0.735;0.971;20
-0.052;-0.209;0.153;20
0.27;0.26;-0.047;20
0.418;0.326;-0.733;20
0.895;0.65;-1.33;20
1.0;0.782;-1.696;20
0.922;1.101;-1.237;20
0.93;0.956;-0.369;20
0.819;1.03;-0.18;20
0.591;0.816;0.101;20
0.709;0.385;0.74;20
0.377;0.303;1.268;20
0.098;0.281;1.18;20
0.0;0.267;1.137;20
-0.008;0.122;1.178;20
0.204;-0.094;1.296;20
0.03;0.049;0.95;20
0.077;0.097;0.381;20
0.407;-0.109;0.102;20
0.421;0.006;0.255;20
0.859;-0.224;0.222;20
1.569;-0.418;0.261;20
2.165;-0.986;-0.068;20
1.695;-1.224;0.203;20
0.915;-1.771;2.17;20
0.501;-2.036;3.828;20
-0.264;-1.21;3.244;20
0.229;-0.597;1.309;20
1.246;-0.274;-0.865;20
2.178;-0.334;-2.536;20
2.659;-0.558;-2.853;20
2.648;-0.862;-2.374;20
2.08;-0.973;-1.134;20
1.13;-1.062;0.243;20
0.125;-0.964;1.363;20
-0.595;-0.702;1.511;20
-0.944;-0.213;0.53;20
-0.914;0.236;-0.786;20
-0.664;0.566;-1.367;19
-0.365;0.596;-1.315;20
-0.158;0.49;-0.795;20
-0.224;0.493;-0.353;20
-0.415;0.543;-0.262;20
-0.524;0.514;-0.7;20
-0.726;0.24;-0.831;20
-1.016;0.314;0.245;20
-0.832;-0.152;0.952;20
-0.552;-0.39;1.574;20
-0.46;-0.359;2.092;20
-0.081;-0.311;1.397;20
0.157;-0.057;0.014;20
0.323;0.091;-1.232;20
0.138;0.27;-1.817;20
-0.191;0.472;-1.478;20
-0.512;0.535;-1.105;20
-0.48;0.318;-0.52;20
-0.523;0.208;0.192;20
-0.492;-0.041;0.983;20
-0.472;-0.179;1.559;20
-0.612;0.078;1.649;20
-0.354;0.205;0.704;20
0.018;0.188;-0.447;20
0.069;0.272;-1.088;20
-0.074;0.294;-1.032;20
-0.164;0.174;-0.572;20
-0.072;-0.145;0.046;20
-0.025;-0.419;0.527;20
-0.147;-0.607;0.921;20
-0.244;-0.59;1.059;20
-0.381;-0.252;0.423;20
-0.295;-0.054;-0.316;20
-0.2;0.109;-0.847;20
-0.259;0.266;-0.992;20
-0.417;0.37;-0.804;20
-0.382;0.327;-0.452;20
-0.356;0.325;-0.054;20
-0.125;0.171;0.248;20
0.088;-0.054;0.402;20
0.203;-0.147;0.473;20
0.179;-0.14;0.477;20
0.249;-0.166;0.245;20
0.265;-0.141;-0.016;20
0.164;-0.117;-0.042;20
0.091;-0.071;-0.082;20
0.005;0.024;-0.229;20
-0.054;0.117;-0.216;20
-0.133;0.182;-0.177;20
-0.062;0.154;-0.273;20
-0.008;0.15;-0.217;20
0.049;0.114;-0.073;20
0.203;-0.024;0.006;20
0.118;-0.005;-0.045;20
0.136;-0.013;-0.067;20
0.118;-0.001;0.097;20
0.164;-0.048;0.072;20
0.076;0.043;-0.021;20
-0.091;0.079;-0.058;20
-0.055;0.024;-0.069;20
-0.13;0.06;-0.081;20
-0.256;0.157;0.091;20
-0.415;-0.083;-0.37;20
-0.717;0.085;0.648;20
-0.638;0.173;0.846;20
-0.3;0.104;0.237;20
-0.236;0.038;0.046;20
-0.337;0.066;0.097;20
-0.532;0.158;0.292;20
-0.213;0.103;0.27;20
0.383;-0.012;-0.064;20
0.613;0.035;-0.776;20
0.549;0.077;-0.878;20
0.33;0.108;-0.587;20
-0.066;0.188;-0.498;20
-0.062;0.228;-0.67;20
-0.005;0.206;-0.783;20
-0.154;0.158;-0.539;20
-0.077;0.02;-0.006;20
-0.287;0.097;0.205;20
0.086;-0.146;0.581;20
-0.065;0.024;0.365;20
-0.278;0.166;-0.148;20
0.188;-0.206;-0.025;20
-0.388;0.055;0.366;20
-0.363;0.056;1.102;20
-0.221;0.051;0.761;20
0.004;-0.125;0.167;20
-0.152;0.0;0.011;20
-0.153;0.086;-0.018;20
-0.049;0.059;-0.184;20
0.074;0.032;-0.272;20
0.048;0.149;-0.402;20
0.08;0.141;-0.544;20
0.11;0.137;-0.645;20
0.156;0.026;-0.534;20
0.099;-0.136;-0.033;20
-0.136;0.114;-0.015;20
0.158;-0.046;0.062;20
0.073;-0.01;0.166;20
0.187;-0.11;0.246;20
-0.027;-0.095;0.286;20
-0.139;-0.041;0.0;20
-0.145;-0.039;0.124;20
-0.004;-0.069;0.192;20
0.051;-0.092;0.107;20
0.06;-0.097;0.001;20
0.027;-0.061;-0.071;20
0.071;-0.066;-0.158;20
0.044;-0.094;-0.002;20
-0.007;-0.052;0.067;20
0.131;-0.14;-0.075;20
0.088;-0.171;0.307;19
0.017;-0.118;0.38;20
0.092;-0.17;0.226;20
-0.064;-0.088;0.416;20
0.015;-0.109;0.229;20
0.153;-0.149;-0.187;20
0.167;-0.152;-0.453;20
0.141;-0.149;-0.322;20
0.049;-0.128;-0.08;20
0.159;-0.169;0.083;20
0.093;-0.104;-0.049;20
0.03;0.006;0.01;20
0.033;0.071;0.088;20
0.121;0.033;0.138;20
0.238;-0.039;0.166;20
0.17;0.029;0.106;20
0.135;0.07;0.088;20
0.118;0.087;0.015;20
0.155;-0.007;0.088;20
0.104;0.012;0.141;20
0.086;-0.02;0.185;20
0.022;-0.011;0.171;20
0.053;-0.035;0.109;20
0.108;-0.035;0.055;20
0.053;-0.027;0.105;20
0.108;-0.058;0.102;20
0.126;-0.038;0.025;20
0.145;-0.11;0.146;20
0.097;-0.069;0.149;20
0.131;-0.097;0.056;20
0.127;-0.142;0.019;20
0.095;-0.159;0.111;20
0.107;-0.164;0.099;20
0.129;-0.131;-0.05;20
0.11;-0.113;-0.007;20
0.321;-0.308;0.182;20
0.518;-0.432;0.055;20
0.686;-0.587;0.323;20
0.596;-0.558;0.511;20
0.511;-0.432;-0.026;20
0.342;-0.171;-0.218;20
0.239;0.136;-0.622;20
-0.364;0.677;-0.606;20
-0.719;0.991;-0.547;20
-0.907;1.209;-0.665;20
-0.827;1.123;-0.782;20
-0.678;0.925;-0.652;20
-0.309;0.509;-0.512;20
0.004;-0.081;0.14;19
-0.037;-0.337;0.678;20
-0.132;-0.238;0.479;20
-0.224;-0.066;0.252;20
-0.372;0.131;-0.045;20
-0.757;0.583;-0.803;20
-1.376;1.159;-1.093;20
-1.724;1.32;-0.928;20
-1.7;1.227;-1.048;20
-1.56;0.995;-0.745;20
-1.448;0.816;-0.647;20
-1.098;0.414;-0.179;20
-0.942;0.288;0.071;20
-0.464;0.132;-0.029;20
-0.183;0.05;-0.189;20
-0.339;0.156;-0.243;20
-0.266;0.111;-0.312;20
-0.294;0.177;-0.416;20
-0.262;0.149;-0.406;20
-0.207;0.016;-0.316;20
-0.324;0.077;-0.275;20
-0.426;0.065;-0.329;20
-0.988;0.476;-1.689;20
-0.457;0.266;0.069;20
-0.725;0.183;0.257;20
-0.521;0.144;0.695;20
-0.393;0.152;-0.246;20
-0.243;0.163;-0.532;20
-0.585;0.205;-0.005;20
-0.568;0.141;0.107;20
-0.246;0.037;0.0;20
0.076;-0.106;0.078;20
0.316;-0.245;0.036;20
0.524;-0.387;-0.194;20
0.489;-0.4;-0.226;20
0.251;-0.27;0.088;20
0.134;-0.237;0.481;20
0.238;-0.253;0.456;19
0.349;-0.19;0.238;20
0.353;-0.153;0.2;20
0.315;-0.146;0.339;20
0.166;-0.11;0.395;20
0.244;-0.145;0.209;20
0.386;-0.235;0.026;20
0.262;-0.222;0.121;20
0.197;-0.209;0.318;20
0.209;-0.192;0.235;20
0.11;-0.049;0.248;20
0.164;-0.06;0.248;20
0.214;-0.057;0.21;20
0.289;-0.079;0.114;20
0.283;-0.128;0.136;20
0.219;-0.184;0.248;20
0.121;-0.056;0.03;20
0.1;-0.059;-0.027;20
0.048;-0.062;0.265;20
0.052;-0.027;0.056;20
0.047;0.015;-0.157;20
0.015;0.045;-0.158;20
0.046;-0.04;-0.06;20
-0.148;0.069;-0.093;20
-0.166;0.097;-0.152;20

# Completed @Tue Jan 26 20:28:46 GMT+02:00 2021
