# Accelerometer Data File
# Started @Tue Jan 26 20:33:13 GMT+02:00 2021
#
#
# sensor Vendor: BOSCH
# sensor Name: BMI160 Accelerometer Non-wakeup
# sensor Resolution: 0.0023928226m/sec^2; Max Range: 78.4532; Min Delay: 2500 microseconds
# The sensor's attributes are the result hardware and the Android capabilities.
# It means that the Android may not utilize all features provided by the hardware.
#
# Some devices and Android versions save battery too much so the device may go to sleep.
# It just happens after couple of minutes from turning off the scree and it is easy to find it out.
#
# The following file provides the data from accelerometer in the m/s^2 format.
# The diff value is just a time delta between the samples
#
#
# data format:
# so we have 4 columns with values separated by the ";"
# X;Y;Z;time_from_previous_sample(ms)

# sensor speed set to:NORMAL
# units set to: m/sec^2
# gravity  filtered out
# Accuracy: HIGH
-1.996;3.747;6.928;0
-2.033;3.541;5.795;19
-1.693;3.12;4.956;20
-0.907;2.511;4.784;20
-0.848;2.027;3.847;20
-0.738;1.121;3.335;20
-0.494;-0.107;2.753;20
-0.007;-1.313;2.03;20
0.357;-1.825;1.151;20
-0.778;-1.207;-1.714;20
-2.734;-0.039;-3.114;20
-1.54;-1.112;-2.793;20
0.083;-3.227;0.164;20
1.09;-4.789;2.855;20
0.521;-5.793;3.048;20
0.274;-7.817;0.693;20
0.343;-10.534;0.392;20
-2.006;-12.117;3.953;20
-8.079;-10.986;7.713;20
-17.295;-6.376;7.595;20
-21.253;-2.709;8.993;20
-17.218;-0.754;4.488;20
-15.248;1.218;0.477;20
-15.674;3.926;-5.217;20
-13.843;7.306;-7.039;20
-9.974;8.524;-10.093;20
-4.442;7.829;-12.47;20
-1.055;7.756;-10.139;20
1.551;7.805;-12.365;20
6.238;5.23;-6.6;19
8.627;3.117;-0.093;21
7.145;1.985;3.375;19
5.721;1.364;1.774;20
4.754;0.322;1.191;20
3.123;-0.979;0.531;20
2.223;-1.718;-0.298;20
0.144;-1.116;-1.662;20
-0.871;-0.482;0.001;20
-1.574;0.165;2.243;20
-0.781;-1.082;4.131;20
-1.085;-0.909;3.828;20
-0.632;1.806;-1.791;20
1.717;0.716;-1.324;20
3.926;-0.269;0.266;20
-0.04;1.306;-0.349;20
-0.695;1.536;-1.976;20
2.95;-0.763;-1.213;20
5.167;-4.059;3.094;20
3.11;-6.045;2.995;20
0.908;-8.069;0.914;20
-2.684;-6.259;-4.306;20
-2.639;-4.86;-1.317;20
-1.523;-6.668;-4.635;20
-4.872;-4.159;-6.132;20
-4.119;-2.505;-4.789;20
-5.056;-1.059;-1.674;20
-5.148;1.851;-1.355;20
-1.514;1.494;-1.609;20
5.869;-1.325;12.591;20
12.547;-5.079;7.944;20
7.351;-2.37;2.401;19
3.69;0.259;-0.555;20
2.088;1.619;-2.507;20
1.897;1.088;-3.594;20
2.574;-1.305;-2.123;20
2.248;-1.901;-1.719;20
2.059;-2.025;-0.813;20
0.594;0.139;4.496;20
3.502;-1.898;-3.076;20
3.171;-3.661;-1.352;20
1.345;-1.277;-1.245;20
2.581;0.488;-1.659;20
3.47;-0.634;-3.512;20
1.831;0.393;-2.471;20
0.129;0.71;-2.545;20
-2.372;1.191;-2.334;20
-2.521;0.922;-3.451;20
-2.994;-0.13;-3.84;20
-1.57;-1.759;-0.311;20
-0.106;-3.209;3.747;20
-0.036;-2.491;4.285;20
-0.261;0.054;-0.783;20
2.013;0.196;-0.307;20
2.478;1.211;-0.594;20
2.902;1.159;-0.343;20
3.627;1.048;0.376;20
2.373;0.894;3.451;20
1.178;-0.184;6.319;20
1.684;-1.237;5.245;20
2.406;-0.286;2.508;20
2.721;0.712;0.931;20
3.258;1.643;-1.403;20
2.705;2.774;-2.763;19
2.902;2.663;0.074;20
4.424;-6.352;2.144;20
9.876;-28.556;1.452;20
-0.974;-15.719;4.169;20
-2.243;-4.745;4.212;20
3.015;2.456;2.838;20
3.121;5.035;2.304;20
2.343;3.762;1.518;20
0.224;0.231;-1.76;20
-0.649;-2.56;-5.212;20
0.508;-3.47;-6.549;20
-0.39;-1.539;-9.115;20
-2.61;-0.423;-10.941;20
-2.873;-1.125;-9.089;20
-2.454;-2.434;-4.043;20
-2.735;-4.426;-0.517;20
-4.104;-4.58;6.013;20
1.443;-4.452;10.48;20
5.793;-3.923;9.236;20
6.573;-2.134;7.81;20
5.209;1.381;5.222;20
4.638;3.837;2.514;20
2.315;4.415;0.407;20
-1.383;2.725;-6.401;20
-4.73;0.869;-8.402;20
-5.712;0.597;-2.805;20
-6.141;1.75;4.271;20
-1.333;2.955;6.459;20
2.921;4.456;4.245;20
4.6;5.868;2.335;20
4.779;6.074;2.694;19
3.629;5.927;3.327;20
2.174;5.522;2.377;20
1.586;4.416;0.749;20
1.447;2.782;-0.588;20
2.542;-0.328;-4.083;20
2.478;-7.183;-16.76;20
-1.157;-16.655;-27.452;20
-2.992;-7.041;-8.865;20
-0.794;1.359;-1.614;20
0.48;2.416;3.12;20
1.162;2.808;4.917;20
1.975;1.533;2.423;20
3.911;-3.367;-3.891;20
3.544;-6.481;-2.907;20
1.703;-1.243;3.953;20
-1.777;6.991;8.243;20
-1.657;7.342;9.3;20
0.052;4.859;7.913;20
1.017;1.055;5.306;20
-1.83;-3.57;0.243;20
-4.248;-4.369;-2.667;20
-3.43;-2.063;-1.23;20
-2.473;-0.331;2.912;20
-2.793;0.843;4.904;20
-4.592;0.839;3.817;20
-4.847;1.119;1.087;20
-3.222;0.346;-0.859;20
-0.947;-0.536;-3.596;20
1.655;-1.013;-6.396;20
3.733;-0.732;-6.74;19
4.586;-0.776;-5.024;20
3.547;-0.87;-2.224;20
0.672;-0.59;1.068;20
-2.321;0.718;3.039;20
-3.034;1.239;3.987;20
-1.995;1.32;2.911;20
-1.648;1.981;1.342;20
-0.683;1.882;0.687;20
0.935;0.264;0.724;20
1.956;-1.141;1.331;20
0.641;-0.389;0.865;20
-1.625;0.488;0.674;20
-2.577;0.592;1.773;20
-2.339;0.0;1.88;20
-0.101;-1.825;-0.487;20
1.209;-3.372;-3.888;20
-0.309;-3.93;-4.795;20
-2.065;-2.874;-5.425;20
-3.663;-1.582;-7.573;20
-5.29;-0.964;-8.097;20
-5.558;-1.211;-3.497;20
-3.791;-1.699;3.842;20
0.042;-4.535;8.33;20
3.706;-5.729;9.923;20
6.807;-4.044;9.359;20
5.983;1.776;5.472;20
3.493;4.998;3.281;20
0.42;4.743;2.308;20
-5.093;4.676;-4.737;20
-9.205;4.819;-8.242;19
-3.692;2.519;-1.79;20
1.646;0.742;4.834;20
4.606;1.476;6.252;20
5.385;3.219;4.931;20
5.795;4.298;3.875;20
5.793;4.786;2.687;20
5.616;4.42;1.134;20
4.84;2.911;-0.828;20
3.476;1.898;-3.0;20
1.874;0.658;-5.639;20
-0.665;-1.556;-11.051;20
-2.926;-7.496;-19.692;20
-5.675;-11.237;-12.525;20
-9.844;-4.202;-5.959;20
-4.929;0.92;-2.613;20
3.734;-1.073;3.583;20
5.592;-1.897;4.869;20
5.069;-4.34;3.349;20
1.788;-4.839;-6.922;20
-0.032;3.628;-0.427;20
0.877;7.703;9.856;20
3.123;5.709;10.971;20
4.744;3.214;8.019;20
4.921;-0.253;5.554;20
0.163;-1.779;-1.226;20
-1.661;-3.199;-1.336;20
-2.618;-2.001;1.651;20
-2.847;-0.323;4.723;20
-3.527;0.638;8.727;19
-5.841;1.532;5.719;20
-6.79;0.891;-1.774;20
-4.593;0.073;-6.786;20
-0.474;-1.111;-5.669;20
1.891;-1.191;-5.775;20
1.651;0.13;-7.966;20
0.177;1.209;-3.244;20
-0.638;0.663;2.765;20
-0.644;0.362;5.704;20
-0.375;0.784;4.005;20
-0.712;1.856;0.378;20
-1.527;1.029;-0.198;20
-2.698;-1.466;0.658;20
-3.348;-1.779;0.649;20
-2.778;-1.304;-1.38;20
0.485;-2.222;-2.753;20
0.958;-4.157;-5.606;20
-1.666;-3.202;-6.174;20
-4.567;-3.371;-6.927;20
-6.648;-1.938;-2.59;20
-2.158;-0.168;1.088;20
2.021;-2.283;0.162;20
4.592;-6.475;6.132;20
5.494;-7.537;15.164;20
6.044;-2.19;15.198;20
4.086;4.992;5.644;20
3.831;3.749;-11.649;20
-0.078;1.775;-11.105;20
-3.52;1.541;0.591;19
-4.462;2.625;4.363;20
-1.479;4.274;4.857;20
2.103;5.311;4.393;20
4.969;6.025;3.39;20
5.203;6.841;2.653;20
4.371;6.891;1.718;20
1.749;6.713;-0.125;20
0.503;6.122;-1.463;20
-0.27;5.325;-5.462;20
-1.58;2.824;-12.619;20
-0.754;-3.838;-16.771;20
0.502;-10.078;-8.928;20
-1.237;-7.183;-6.874;20
0.493;-2.234;-4.27;20
4.745;-2.373;0.9;20
4.836;-3.625;-1.813;20
5.531;-10.209;-14.664;20
3.758;-7.242;2.219;20
-1.4;7.393;15.17;20
-3.385;11.362;15.044;20
-1.026;8.628;10.989;20
0.327;3.715;9.881;20
0.334;-0.271;4.876;20
-3.359;-4.671;-1.387;20
-5.206;-11.238;-2.387;20
-4.372;-8.286;-0.55;20
-3.253;-0.914;2.212;20
-5.607;4.698;4.778;19
-6.152;4.077;0.387;20
-3.573;1.511;-7.553;20
0.683;0.194;-8.73;20
4.567;-1.383;-5.248;20
5.574;-1.361;-2.802;20
4.973;0.108;-0.547;20
4.353;0.497;0.16;20
2.778;0.289;0.793;20
0.684;-0.271;1.998;20
-1.335;-0.886;3.113;20
-2.722;-0.213;3.708;20
-4.323;0.919;3.359;20
-6.276;1.334;-0.282;20
-6.335;0.708;-4.721;20
-2.127;-1.108;-3.274;20
2.392;-3.073;-0.378;20
2.483;-4.654;-1.112;20
1.037;-3.01;-3.024;20
-1.866;-1.949;-5.579;20
-6.404;-0.8;-5.09;20
-8.314;-0.814;-1.951;20
-3.872;-2.028;3.878;20
0.799;-4.457;6.691;20
3.298;-5.465;13.323;20
3.828;-2.124;15.3;20
4.249;3.649;9.897;20
3.414;4.671;-2.597;20
1.412;3.092;-14.873;20
1.293;1.856;-6.476;19
0.009;1.155;0.598;20
-2.422;2.476;5.948;20
-2.023;4.737;5.602;20
0.901;5.457;4.561;20
3.942;5.132;3.898;20
5.005;5.009;2.784;20
4.487;5.198;2.595;20
3.893;5.275;2.298;20
3.537;4.615;-0.1;20
2.653;2.306;-3.579;20
1.582;-1.66;-11.281;20
-2.27;-8.963;-23.315;20
-7.844;-14.745;-15.321;20
-5.544;-3.845;-7.55;20
1.987;1.236;-0.458;20
4.699;1.477;1.736;20
4.048;-0.952;3.447;20
1.123;-10.562;-4.242;20
-1.117;-7.392;-4.29;20
0.58;7.593;9.6;20
1.237;10.658;18.837;20
3.255;8.177;13.067;20
4.505;3.877;4.173;20
4.509;-0.229;-1.449;20
2.625;-4.544;-5.201;20
-1.404;-6.541;-4.799;20
-5.927;-3.818;1.913;20
-6.145;-1.06;11.211;20
-8.603;2.446;10.121;19
-9.382;1.42;-0.118;20
-6.361;0.819;-9.254;20
-0.878;-0.03;-11.386;20
4.046;-1.395;-7.926;20
5.04;-1.112;-5.867;20
4.797;-0.931;-4.157;20
3.822;-0.549;0.021;20
1.977;0.743;4.928;20
-0.478;1.084;5.031;20
-2.022;0.507;2.967;20
-2.662;1.242;2.251;20
-2.514;2.007;1.436;20
-2.921;1.023;0.606;20
-2.71;0.241;0.099;20
-2.659;0.302;-1.121;20
-2.313;-1.257;0.782;20
0.702;-4.324;2.738;20
3.289;-4.088;-0.167;20
3.302;-2.991;-5.32;20
-1.873;-3.031;-12.233;20
-6.005;-1.915;-9.441;20
-3.268;-0.535;-0.546;20
0.824;-2.008;2.597;20
5.687;-5.763;8.036;20
8.697;-5.869;12.023;20
6.042;-0.114;8.533;20
3.446;5.022;1.22;20
2.464;4.486;3.516;20
-1.247;4.376;3.695;19
-6.955;3.385;-5.739;20
-8.472;3.748;-8.143;20
-2.616;2.633;1.055;20
1.784;2.594;6.227;20
4.09;4.303;4.427;20
4.678;5.213;2.735;20
4.38;5.141;2.19;20
3.085;5.145;1.738;20
2.02;4.498;1.376;20
0.589;3.625;-0.186;20
-1.404;1.966;-3.851;20
-3.038;-1.769;-11.699;20
-3.274;-12.188;-26.613;20
-4.181;-12.286;-12.693;20
-3.529;-1.962;-3.18;20
3.27;0.754;1.705;20
7.25;-0.261;5.056;20
8.374;-6.211;2.63;20
5.147;-14.282;-12.862;20
1.604;-1.32;3.318;20
-0.031;10.714;14.658;20
-0.271;11.238;18.875;20
0.157;9.109;12.507;20
2.329;2.946;5.47;20
1.001;-2.162;-0.602;20
-2.815;-7.092;-3.636;20
-3.826;-6.427;-2.462;20
-4.311;-2.533;3.76;20
-3.792;0.029;7.37;19
-6.787;2.572;4.071;20
-7.79;2.606;-0.565;20
-5.149;1.057;-5.601;20
-1.573;-0.932;-9.013;20
1.817;-1.628;-8.498;20
3.302;-0.72;-8.233;20
2.598;0.436;-5.94;20
1.506;0.642;-1.412;20
1.058;0.928;4.107;20
1.524;0.567;7.894;20
0.687;1.102;5.403;20
-0.544;1.956;1.502;20
-0.835;1.764;0.616;20
-1.731;0.252;1.525;20
-2.689;-0.847;2.705;20
-3.694;-0.049;2.624;20
-1.072;-1.073;3.042;20
1.834;-3.494;-2.496;20
2.687;-5.15;-7.538;20
0.519;-3.261;-9.673;20
-3.992;-2.554;-11.524;20
-7.619;-2.037;-6.344;20
-7.3;-0.091;-0.4;20
-2.668;-0.381;2.438;20
0.562;-3.201;4.947;20
4.723;-6.521;10.808;20
5.988;-5.116;14.506;20
5.16;1.385;12.166;20
3.694;5.848;2.087;19
2.274;4.062;-6.29;20
-3.294;3.215;-8.538;20
-6.799;2.947;-5.361;20
-5.283;2.927;1.191;20
0.345;2.953;7.185;20
4.545;3.79;6.189;20
5.95;5.125;3.495;20
6.065;5.642;2.849;20
5.041;6.021;2.862;20
3.941;5.776;2.22;20
3.411;4.581;0.915;20
2.717;2.509;-1.58;20
2.026;-1.214;-5.34;20
0.417;-7.601;-14.892;20
-6.963;-18.192;-28.77;20
-8.87;-7.315;-11.967;20
-2.953;3.414;-0.541;20
1.824;4.665;4.026;20
4.101;2.767;7.236;20
2.971;-0.599;8.432;20
3.429;-10.198;3.698;20
2.502;-10.969;-1.03;20
1.675;4.351;2.256;20
1.843;6.504;6.116;20
1.587;4.812;6.306;20
-0.398;4.158;0.492;20
-1.628;2.405;1.504;20
-1.816;-1.044;6.405;20
-1.472;-3.764;8.608;19
-4.029;0.246;6.777;20
-4.375;2.018;3.354;20
-2.682;-0.318;-0.918;20
-1.149;-1.613;-8.565;20
1.737;-1.895;-14.53;20
3.547;-0.461;-11.779;20
1.423;0.018;-3.794;20
-1.091;0.069;1.891;20
-1.202;0.843;7.008;20
-1.316;1.792;6.242;20
-0.506;1.99;1.836;20
-0.806;1.355;-0.675;20
-1.223;-0.886;-0.102;20
-1.963;-2.719;1.212;20
-3.106;-1.696;-1.407;20
-2.457;-0.452;-5.579;20
-0.247;-2.088;-5.823;20
-0.304;-3.236;-6.614;20
-1.232;-2.457;-5.951;20
-3.765;-1.806;-5.781;20
-4.988;-3.426;-3.534;20
-3.105;-4.596;5.667;20
1.604;-6.144;10.141;20
4.444;-6.196;12.955;20
5.045;-1.068;12.245;20
4.838;4.257;6.406;20
3.446;4.564;-1.807;20
-1.196;4.036;-7.258;20
-5.879;4.396;-5.235;19
-6.158;4.495;-0.169;20
-3.002;3.782;4.824;20
0.903;4.066;6.269;20
3.716;4.404;3.495;20
5.379;4.492;3.141;20
6.14;4.549;3.154;20
5.517;5.189;2.284;20
4.469;5.13;1.798;20
3.459;3.912;0.745;20
2.184;2.122;-1.157;20
1.339;-2.015;-5.419;20
-1.719;-12.854;-34.662;20
-6.645;-18.28;-22.354;20
-8.354;-1.316;-1.583;20
-1.265;4.771;3.197;20
4.301;1.854;6.976;20
6.294;-3.928;7.156;20
2.073;-6.58;3.676;20
0.007;-6.861;-7.382;20
-0.282;5.955;0.171;20
1.329;8.604;8.25;20
2.954;6.415;10.46;20
3.934;2.942;8.788;20
2.204;0.411;1.573;20
-0.35;-1.599;-3.132;20
-1.879;-2.692;-1.837;20
-2.572;-2.397;2.079;20
-3.294;-0.769;5.114;20
-4.489;0.796;6.027;20
-6.055;1.398;3.677;19
-6.237;0.393;-2.536;20
-4.718;-0.196;-9.357;20
-0.531;0.172;-11.397;20
2.935;0.0;-7.378;20
2.964;0.302;-3.075;20
3.221;0.494;1.736;20
3.85;0.859;5.866;20
3.169;1.193;5.823;20
1.496;1.135;2.855;20
-0.542;1.28;0.326;20
-1.779;0.232;0.709;20
-3.08;-1.326;1.8;20
-4.155;-1.513;2.232;20
-5.118;-0.745;0.023;20
-2.559;-2.231;-3.745;20
0.582;-4.186;-9.426;20
0.685;-5.4;-12.92;20
-2.812;-5.424;-10.02;20
-3.963;-4.617;-3.635;20
-2.071;-3.06;5.638;20
2.625;-4.246;7.653;20
5.459;-5.462;11.677;20
5.702;-2.753;13.616;20
5.234;3.441;10.361;20
3.883;6.02;0.402;20
0.263;3.309;-7.817;20
-7.823;3.13;-7.549;20
-10.09;3.619;-2.696;20
-3.43;3.242;5.758;19
1.957;4.526;6.153;20
3.966;5.969;3.742;20
4.47;6.037;3.567;20
4.478;5.816;2.949;20
4.064;5.657;2.615;20
3.104;5.225;1.837;20
1.565;4.414;0.355;20
0.516;2.92;-1.872;20
1.07;-0.492;-3.856;20
0.673;-8.415;-15.06;20
-4.333;-24.162;-35.767;20
-4.195;-6.271;-10.152;20
0.582;3.927;3.162;20
4.927;3.435;6.521;20
5.898;-1.076;5.305;20
5.189;-11.905;-9.241;20
0.918;-7.921;-2.876;20
-0.819;7.846;13.283;20
-3.733;11.231;13.022;20
-1.972;9.406;11.014;20
1.562;5.342;8.343;20
1.817;1.094;3.842;20
-1.81;-3.157;-2.196;20
-3.483;-5.417;-3.274;20
-2.751;-4.855;1.378;20
-2.234;-1.237;5.659;20
-5.111;2.133;5.251;20
-5.066;1.489;1.293;20
-3.32;-0.23;-4.831;20
0.223;-0.921;-10.167;19
3.323;-0.297;-9.214;20
3.442;0.69;-5.5;20
2.819;0.265;-2.436;20
2.839;0.058;1.607;20
2.754;0.656;5.952;20
0.645;1.336;5.75;20
-0.907;0.76;1.989;20
-2.034;0.514;0.737;20
-2.755;0.422;0.755;20
-3.386;-0.391;-0.151;20
-3.747;-0.049;-1.62;20
-3.01;-0.198;-3.682;20
-1.419;-1.178;-1.523;20
0.064;-3.409;0.658;20
0.846;-3.389;-0.006;20
-0.74;-2.664;-2.228;20
-3.825;-2.59;-5.057;20
-4.915;-1.241;-6.414;20
-1.535;0.009;-5.351;20
1.911;-2.015;-0.35;20
4.264;-6.538;7.566;20
4.794;-7.267;15.32;20
5.497;-1.191;15.499;20
2.765;6.022;3.804;20
1.585;4.444;-7.424;20
-2.431;1.997;-6.263;19
-7.204;2.685;-2.038;20
-5.746;2.862;0.822;20
-0.732;3.327;3.886;20
2.759;4.728;4.034;20
4.066;5.585;3.478;20
4.199;5.759;3.226;20
3.6;5.636;2.83;20
3.083;5.26;1.826;20
2.321;4.563;0.539;20
1.901;3.156;-1.711;20
1.243;0.314;-6.642;20
0.072;-4.22;-14.79;20
-1.833;-11.704;-19.997;20
-2.553;-9.725;-10.042;20
-3.426;-1.243;-7.02;20
-0.98;2.844;-1.407;20
0.981;3.827;4.197;20
1.382;1.602;5.113;20
-0.087;-2.472;5.031;20
-0.244;-10.039;3.451;20
2.366;-7.601;-2.236;20
3.64;3.332;2.501;20
4.691;5.14;5.77;20
4.91;4.652;5.961;20
4.429;3.307;3.548;20
2.399;2.308;1.7;20
-0.688;-0.38;1.059;20
-2.737;-3.586;2.758;19
-3.909;-3.566;4.065;20
-4.211;-0.89;6.112;20
-5.453;2.128;5.575;20
-7.189;3.203;2.798;20
-5.08;-0.575;-3.317;20
-1.134;-2.051;-7.553;20
2.597;-2.189;-11.279;20
3.599;-0.714;-11.363;20
1.574;1.069;-4.657;20
-0.135;1.11;2.394;20
0.344;1.016;7.489;20
0.347;1.182;6.191;20
-0.349;1.398;1.395;20
-0.875;0.793;-0.455;20
-1.869;-0.487;0.708;20
-2.746;-0.813;2.556;20
-4.429;0.24;1.019;20
-1.91;-0.76;0.89;20
1.965;-3.671;-0.657;20
2.588;-4.282;-5.167;20
0.383;-3.568;-6.608;20
-4.184;-4.822;-9.127;20
-7.13;-3.01;-6.912;20
-3.2;-0.419;-1.713;20
1.561;-0.729;1.823;20
4.247;-4.602;8.755;20
5.984;-6.451;14.069;20
6.256;-1.921;13.966;20
3.297;5.756;4.395;19
1.925;4.411;-7.315;20
-3.224;2.312;-5.177;20
-8.828;2.919;-3.563;20
-7.137;2.728;-0.057;20
-0.628;2.972;4.366;20
3.55;4.461;5.039;20
4.932;5.895;4.484;20
5.088;6.414;3.058;20
4.342;6.368;2.914;20
3.596;6.003;2.369;20
2.803;5.055;1.394;20
2.124;3.464;-0.456;20
0.965;0.881;-4.521;20
-0.534;-3.237;-14.883;20
-3.374;-13.121;-25.055;20
-3.517;-14.255;-11.249;20
-2.577;-1.85;-5.896;20
0.932;3.729;2.093;20
3.819;3.537;5.291;20
3.683;1.299;5.411;20
3.277;-3.985;0.74;20
2.156;-10.102;-8.32;20
3.615;-6.211;2.298;20
0.75;5.556;6.917;20
0.814;7.453;9.267;20
0.655;5.367;8.306;20
-0.587;1.878;7.705;20
-2.84;-0.955;1.876;19
-3.297;-2.72;1.126;20
-2.939;-2.998;4.517;20
-2.135;-1.753;8.777;20
-6.74;3.563;4.968;20
-5.18;1.911;1.115;20
-1.312;-1.52;-5.82;20
3.336;-2.495;-11.547;20
5.705;-2.113;-11.19;20
1.779;0.057;-8.666;20
-1.28;0.859;-6.001;20
-2.336;0.951;0.588;20
-1.963;1.286;5.601;20
-0.466;1.933;6.998;20
0.084;2.228;4.846;20
0.194;1.593;3.027;20
0.498;0.513;3.061;20
0.543;0.139;1.929;20
-0.646;0.031;1.518;20
-1.964;-0.683;5.302;20
-3.026;-1.97;1.097;20
-1.748;-2.634;-10.114;20
-0.393;-2.889;-13.009;20
-3.515;-3.356;-6.744;20
-4.533;-1.825;-4.112;20
-6.179;-0.451;-3.732;20
-6.46;-1.047;-2.475;20
-3.187;-3.263;3.098;20
3.744;-7.017;6.726;20
7.282;-10.664;5.15;20
9.364;-8.566;8.16;19
7.82;-0.705;6.961;20
4.443;4.205;4.983;20
3.755;4.234;1.334;20
0.352;5.503;1.54;20
-2.984;4.963;-1.594;20
-8.489;5.325;-6.079;20
-7.574;5.748;-3.437;20
-1.102;4.145;4.941;20
3.012;4.843;7.518;20
5.721;5.702;5.614;20
7.112;5.886;3.86;20
6.448;5.922;2.423;20
3.156;5.637;1.452;20
1.023;3.869;0.05;20
0.057;1.347;-0.642;20
-0.199;-2.702;-3.818;20
-3.183;-12.475;-26.617;20
-5.178;-17.199;-27.463;20
-5.567;-1.902;-3.974;20
-2.165;4.534;2.387;20
-0.041;5.636;4.284;20
2.028;4.016;5.705;20
1.111;-0.054;4.947;20
0.225;-10.105;7.691;20
-0.936;-15.692;-2.261;20
1.013;1.184;-3.8;20
3.414;7.226;2.76;20
6.183;5.615;4.427;20
5.64;4.661;4.699;20
3.535;4.095;2.042;19
1.269;1.775;1.664;20
0.467;-3.042;2.897;20
-1.16;-4.267;3.483;20
-3.746;0.406;4.915;20
-3.608;2.346;4.989;20
-3.538;2.103;4.474;20
-4.902;-0.266;2.54;20
-3.784;-2.107;-7.649;20
0.94;-1.275;-16.816;20
4.203;0.015;-9.441;20
1.548;0.569;-1.268;20
-0.983;0.89;4.948;20
-0.66;0.888;7.428;20
-0.07;0.922;4.123;20
-0.11;1.14;0.124;20
-0.637;0.39;-0.846;20
-1.562;-1.548;0.542;20
-2.68;-2.559;1.458;20
-4.66;-1.069;-0.52;20
-4.257;-1.186;-2.477;20
-2.191;-2.548;-5.651;20
-0.417;-2.993;-9.856;20
-1.403;-4.264;-9.588;20
-2.771;-6.002;-7.611;20
-1.684;-4.077;1.528;20
1.071;-2.525;6.663;20
3.669;-5.301;10.08;20
5.779;-5.896;14.267;20
6.626;0.108;12.684;19
3.022;6.097;0.717;20
1.095;3.085;-8.365;20
-5.759;2.818;-5.54;20
-9.837;3.693;-0.228;20
-6.334;4.218;3.674;20
1.336;4.476;5.063;20
3.659;5.646;4.025;20
4.226;6.047;3.695;20
4.019;5.899;3.628;20
3.637;5.909;3.287;20
3.086;5.758;2.302;20
2.56;4.98;1.162;20
2.279;3.062;-1.203;20
2.466;-0.515;-5.034;20
2.097;-5.4;-13.228;20
0.114;-12.948;-27.391;20
-3.61;-9.922;-9.43;20
-3.968;-0.463;-1.473;20
-0.63;3.599;1.601;20
1.012;4.465;3.054;20
1.599;3.685;5.32;20
3.682;-1.276;9.903;20
2.73;-14.528;8.532;20
-1.251;-17.288;-0.029;20
-0.628;-0.753;-3.269;20
-1.071;8.132;-3.848;20
0.088;9.6;-2.171;20
0.783;8.805;-0.72;19
1.712;5.634;0.399;20
1.983;-0.492;3.896;20
-0.563;-5.302;7.104;20
-3.706;-4.938;6.543;20
-4.383;0.243;3.393;20
-3.374;3.063;0.445;20
-3.056;3.047;0.563;20
-2.365;1.063;1.49;20
-0.386;-0.511;-0.122;20
1.74;-1.111;-3.071;20
2.812;-0.236;-5.765;20
2.661;1.005;-4.604;20
1.02;1.72;-1.398;20
-0.708;1.163;1.879;20
-0.847;0.282;3.071;20
-0.166;0.077;1.292;20
-0.462;-0.042;-0.581;20
-1.538;-0.07;-1.239;20
-2.824;-0.367;-0.301;20
-3.856;-0.362;0.498;20
-4.771;0.597;0.698;20
-0.69;-0.235;2.222;20
4.254;-2.504;1.184;20
4.75;-4.37;-2.536;20
1.175;-3.851;-3.594;20
-1.848;-3.498;-5.036;20
-5.233;-3.201;-8.271;20
-6.668;-1.282;-7.139;20
-2.167;0.028;-1.663;19
1.551;-1.619;2.378;20
4.612;-6.398;9.253;20
7.367;-7.944;14.959;20
6.185;-0.214;11.812;20
2.838;5.992;-0.742;20
1.057;2.752;-6.685;20
-4.555;1.911;-5.294;20
-8.058;2.136;-2.196;20
-6.145;2.159;1.862;20
-0.696;3.116;3.476;20
2.689;4.44;3.656;20
4.332;5.378;3.04;20
4.352;5.893;2.243;20
3.277;6.018;1.738;20
2.005;5.727;1.012;20
1.275;4.997;-0.137;20
0.915;4.044;-0.916;20
0.226;2.858;-2.443;20
-0.248;0.66;-4.962;20
0.841;-4.446;-15.456;20
3.035;-10.737;-16.801;20
-0.075;-8.921;-8.532;20
-2.97;-3.237;-3.988;20
-0.685;-0.194;0.015;20
-0.05;2.16;1.421;20
1.33;2.036;4.059;20
3.977;-2.496;8.173;20
1.765;-9.24;5.758;20
0.034;-8.152;-0.264;19
1.263;0.186;-0.021;20
-0.359;7.426;0.634;20
-0.297;7.707;0.586;20
0.422;6.113;1.782;20
1.466;2.607;6.397;20
0.109;-0.335;4.435;20
-1.424;-2.089;0.897;20
-2.132;-2.924;2.279;20
-2.514;-2.523;5.874;20
-4.779;-0.343;4.712;20
-4.316;0.029;1.471;20
-2.584;-0.353;-1.237;20
0.006;-0.713;-3.522;20
1.835;-0.375;-7.583;20
2.668;0.472;-8.939;20
1.894;0.751;-4.448;20
0.198;0.778;0.058;20
0.003;0.898;3.773;20
1.076;0.853;6.836;20
1.146;0.884;5.239;20
0.546;1.631;1.67;20
0.258;0.869;-0.327;20
-0.17;-0.438;0.66;20
-1.511;-1.61;0.956;20
-2.935;-1.309;0.438;20
-4.096;0.153;-0.21;20
-3.651;0.446;-2.198;20
0.136;-1.545;-3.291;20
2.749;-3.914;-3.846;20
2.111;-4.252;-4.456;19
-0.526;-3.633;-6.302;20
-4.372;-3.458;-6.873;20
-6.971;-2.404;-5.472;20
-5.72;-1.007;0.549;20
-0.851;-1.717;6.157;20
1.955;-4.534;8.889;20
6.737;-7.05;13.085;20
6.446;-0.919;10.023;20
3.038;5.312;-0.493;20
1.06;3.376;-4.622;20
-4.121;2.666;-3.845;20
-6.888;2.187;-3.577;20
-5.391;1.804;0.68;20
-0.949;1.941;3.273;20
2.612;3.248;4.517;20
4.803;4.709;3.024;20
4.798;5.456;2.604;20
3.55;5.957;2.331;20
2.625;5.834;1.285;20
2.317;5.149;0.377;20
2.62;3.796;-1.017;20
2.74;2.078;-2.739;20
1.956;-0.218;-5.716;20
0.928;-2.604;-9.585;20
0.1;-4.778;-13.275;20
-0.012;-5.364;-8.998;20
-2.105;-3.79;-6.251;20
-1.929;-1.548;-3.058;20
-0.578;0.69;-0.412;20
1.021;1.335;2.724;19
2.639;0.818;4.797;20
2.445;0.618;5.114;20
2.787;-2.12;5.593;20
0.889;-7.446;3.859;20
-0.917;-10.328;-3.511;20
-0.259;-3.357;-9.408;20
-1.008;5.237;-1.486;20
-0.828;6.567;0.921;20
-0.896;5.785;2.504;20
-0.09;3.646;3.255;20
1.493;-0.26;6.871;20
0.006;-1.816;5.115;20
-1.973;-1.592;0.897;20
-3.274;-0.647;1.804;20
-3.084;-0.012;3.057;20
-2.755;0.226;4.952;20
-3.284;0.822;3.082;20
-2.307;0.738;1.445;20
-1.223;0.148;0.034;20
-0.394;-0.049;-1.587;20
0.972;-0.311;-3.274;20
2.419;-0.379;-4.693;20
3.141;0.079;-4.342;20
2.585;0.473;-1.739;20
1.483;0.215;1.171;20
0.39;-0.388;3.86;20
-0.945;-0.185;4.775;20
-1.213;0.524;2.945;20
-1.071;1.302;1.361;20
-0.758;-0.01;0.428;19
-1.171;-0.769;-2.293;20
-2.201;-0.085;-5.206;21
-2.834;0.927;-3.824;19
-2.307;0.763;-0.105;20
-0.913;-0.185;2.903;20
0.589;-1.675;4.134;20
-0.189;-3.485;2.367;20
-2.727;-4.977;0.844;20
-2.778;-3.466;1.478;20
-0.928;-1.751;-4.337;20
-0.284;-0.801;-10.405;20
0.663;-0.129;-10.07;20
1.801;-0.21;-3.975;20
2.268;-1.999;3.215;20
2.919;-4.464;9.403;20
3.814;-5.109;12.622;20
2.372;-0.401;5.958;20
-0.629;4.847;2.667;20
-1.035;4.047;1.42;20
-3.385;2.955;-2.77;20
-4.621;1.945;-6.362;20
-2.328;0.449;-3.102;20
1.551;0.36;1.043;20
2.982;1.996;2.407;20
3.24;3.951;2.259;20
3.037;5.267;1.963;20
2.642;5.785;1.829;20
1.938;5.501;0.653;20
1.337;4.59;-0.208;20
0.8;3.453;-0.798;20
0.401;2.225;-2.793;19
-0.51;0.533;-5.929;20
-0.694;-2.705;-11.105;20
0.351;-6.466;-11.39;20
-0.848;-6.528;-7.613;20
-3.132;-3.611;-6.219;20
-2.534;-0.014;-2.719;20
-1.043;3.002;1.069;20
0.581;2.843;4.745;20
1.229;1.114;6.182;20
1.47;-2.066;8.935;20
1.269;-10.188;9.133;20
-0.03;-11.821;2.151;20
-0.087;-3.918;-0.938;20
-0.807;4.669;-3.49;20
0.252;6.746;-3.737;20
2.458;5.626;-2.145;20
3.729;3.416;0.6;20
3.309;0.355;0.364;20
0.454;-1.846;2.551;20
-1.683;-3.388;4.765;20
-4.082;-1.246;4.695;20
-5.71;1.656;4.274;20
-4.492;2.117;2.362;20
-1.822;0.813;1.079;20
-0.541;0.403;0.964;20
0.154;0.315;0.182;20
1.357;-0.449;-1.023;20
2.304;-0.36;-1.939;20
2.733;0.44;-1.36;19
2.157;0.744;-0.777;20
0.065;0.745;-0.269;20
-1.476;0.455;0.881;20
-1.865;0.68;0.794;20
-0.712;0.702;0.203;20
0.163;-0.411;-0.668;20
-0.287;-0.785;-1.161;20
-1.705;-0.599;-1.059;20
-3.1;-0.388;-0.303;20
-3.753;-0.15;0.669;20
-2.303;-0.37;0.73;20
1.607;-2.458;0.017;20
3.159;-4.75;-1.52;20
0.59;-3.906;-3.094;20
-2.42;-3.978;-4.346;20
-5.347;-2.814;-4.35;20
-3.593;0.026;-4.163;20
-0.5;1.137;-5.002;20
1.665;-0.783;-0.9;20
4.007;-4.814;7.953;20
6.191;-6.321;12.855;20
4.398;-0.64;9.646;20
2.205;3.36;-0.075;20
-2.284;4.034;3.252;20
-5.014;3.516;0.167;20
-6.675;3.235;-4.244;20
-4.054;1.581;-4.203;20
0.84;0.911;0.156;20
3.734;1.756;3.114;19
4.915;3.714;3.273;20
5.069;5.287;2.421;20
4.733;6.034;2.218;20
3.892;5.762;1.347;20
3.075;4.832;0.368;20
2.36;3.697;-0.356;20
1.784;2.366;-1.877;20
0.899;0.358;-4.669;20
-0.419;-1.973;-11.478;20
-1.309;-6.266;-17.157;20
-4.557;-9.379;-6.854;20
-5.234;-6.029;-3.363;20
-2.03;-0.266;-1.677;20
-0.077;1.304;2.956;20
1.987;-0.956;6.739;20
2.525;-6.445;7.033;20
2.422;-10.245;2.756;20
1.364;-1.217;-0.032;20
-0.149;5.496;-0.616;20
0.374;6.971;-0.364;20
0.947;6.453;0.694;20
1.688;3.901;2.403;20
1.999;0.732;3.799;20
-0.016;-1.243;3.332;20
-1.277;-3.158;3.12;20
-2.287;-2.325;4.683;20
-4.016;0.755;4.901;20
-4.047;0.685;3.793;20
-2.793;-0.633;1.434;20
-0.747;-0.751;-4.003;20
1.302;-0.028;-9.488;19
3.407;0.205;-7.905;20
2.376;0.517;-1.676;20
1.026;0.698;2.399;20
0.742;0.889;5.442;20
0.355;1.415;5.112;20
0.0;1.446;2.264;20
-0.62;0.084;0.347;20
-1.406;-0.183;-0.9;20
-2.293;-0.482;-2.01;20
-3.091;-1.288;-1.843;20
-4.217;-1.082;-1.992;20
-3.879;-0.445;-2.529;20
-0.129;-2.15;-1.683;20
1.356;-4.632;-2.106;20
-0.032;-4.353;-2.818;20
-2.317;-3.073;-4.993;20
-4.871;-2.836;-6.678;20
-3.73;-1.507;-4.12;20
0.452;-1.398;1.359;20
2.976;-4.052;7.366;20
6.048;-7.573;13.295;20
5.985;-2.765;13.765;20
3.492;4.716;3.134;20
0.75;4.147;-5.184;20
-4.157;2.284;-6.718;20
-8.105;2.327;-2.588;20
-5.919;2.737;1.091;20
-0.275;3.583;3.886;20
3.434;5.176;4.642;20
4.798;6.258;3.955;20
4.594;6.381;3.218;19
3.375;6.131;2.598;20
2.539;5.411;1.675;20
2.194;4.413;0.291;20
1.899;3.226;-1.619;20
0.908;1.522;-4.109;20
0.531;-0.82;-6.389;20
0.839;-5.239;-13.916;20
-0.526;-12.197;-18.852;20
-4.041;-9.857;-8.196;20
-1.305;-1.684;-2.69;20
0.92;2.139;1.062;20
2.532;2.784;4.624;20
4.423;-0.099;7.296;20
4.071;-5.041;7.964;20
0.071;-8.933;1.903;20
0.551;-3.847;-1.476;20
-0.118;4.827;-0.206;20
-0.437;6.784;0.05;20
-1.348;6.721;-0.093;20
-1.4;3.925;2.553;20
-1.935;0.197;7.135;20
-2.845;-2.209;5.318;20
-1.889;-3.532;7.32;20
-3.645;-0.896;3.184;20
-4.763;1.089;1.098;20
-1.544;-0.628;-2.264;20
2.59;-0.697;-5.612;20
5.048;-0.093;-7.486;20
3.65;0.261;-6.993;20
-0.467;0.649;-3.536;19
-1.877;0.664;1.296;20
-1.234;0.925;5.119;20
-0.034;1.364;6.659;20
0.451;1.805;3.813;20
0.791;0.689;0.151;20
-0.075;-0.376;-0.449;20
-1.011;-0.043;0.039;20
-1.986;-0.336;-0.49;20
-2.783;-0.932;-1.836;20
-3.449;-0.172;-3.61;20
-2.466;-0.199;-2.091;20
-0.11;-1.672;1.115;20
1.691;-2.913;0.026;20
0.458;-4.154;-3.019;20
-1.431;-3.71;-4.392;20
-3.843;-1.959;-5.99;20
-5.837;-0.764;-7.34;20
-4.151;0.388;-2.629;20
-0.86;-1.315;3.686;20
1.463;-5.089;7.938;20
3.361;-7.1;11.877;20
3.847;-2.544;12.49;20
2.055;2.946;5.701;20
-0.404;3.432;-2.019;20
-3.559;3.229;-5.366;20
-5.11;2.287;-4.873;20
-4.076;1.981;-0.887;20
0.648;1.936;3.321;20
3.183;3.719;4.31;20
4.607;5.104;4.236;20
5.014;6.224;4.745;19
4.811;6.249;3.54;20
4.558;5.502;1.473;20
4.469;4.173;-0.211;20
3.553;2.884;-1.881;20
3.124;1.018;-3.662;20
2.975;-1.511;-6.126;20
1.18;-3.4;-9.369;20
-1.78;-4.017;-12.217;20
-5.204;-4.206;-8.092;20
-7.344;-3.222;-3.492;20
-6.646;-0.129;-2.822;20
-1.93;2.669;0.951;20
1.544;1.453;3.406;20
2.852;-1.622;6.462;20
4.379;-21.221;8.309;20
0.3;-19.858;1.56;20
-0.088;2.864;-2.314;20
-0.188;10.409;-3.472;20
1.356;11.302;-2.656;20
3.686;9.402;-0.106;20
6.987;5.078;2.204;20
6.789;-0.287;1.335;20
3.001;-6.058;-0.171;20
-1.238;-5.8;3.854;20
-5.768;0.034;6.732;20
-5.813;2.36;7.727;20
-5.344;2.554;7.339;20
-6.954;2.156;3.51;20
-5.507;-0.049;-2.138;20
-1.073;-1.193;-5.888;20
2.331;-1.031;-7.714;20
3.089;0.818;-5.836;20
1.646;1.636;-1.385;19
0.745;0.649;2.24;20
1.034;0.145;2.089;20
0.357;0.46;-0.352;20
-1.357;0.784;-1.228;20
-2.553;0.578;-1.453;20
-2.325;-0.032;-0.55;20
-0.987;-1.087;0.09;20
0.854;-2.262;0.606;20
1.484;-2.713;0.162;20
-0.305;-3.472;-1.48;20
-2.936;-4.763;-2.944;20
-5.129;-4.368;-4.065;20
-4.631;-1.642;-4.043;20
-0.457;0.372;-6.864;20
3.888;-1.044;-5.619;20
5.837;-4.526;5.256;20
6.715;-7.006;13.99;20
5.167;-1.645;12.814;20
3.495;2.839;-0.404;20
0.916;2.034;-1.987;20
-3.587;2.137;2.588;20
-6.522;2.844;-0.532;20
-5.702;2.826;-2.234;20
-0.593;2.753;0.424;20
2.684;3.98;1.139;20
3.293;5.237;1.407;20
2.864;5.865;1.878;20
2.13;6.156;1.665;20
1.953;6.001;0.89;20
1.483;5.406;-0.066;20
0.879;4.239;-1.541;19
0.454;2.506;-4.248;20
-0.111;1.161;-10.569;20
0.592;-2.096;-15.978;20
2.206;-6.682;-9.882;20
0.718;-5.609;-4.451;20
-0.099;-1.534;-2.624;20
0.607;1.514;-2.85;20
1.261;3.477;1.723;20
1.139;4.707;8.851;20
1.424;1.506;10.015;20
3.952;-6.47;9.609;20
1.189;-15.351;-5.692;20
-0.707;-13.519;-13.684;20
-1.802;2.727;2.579;20
-1.933;7.154;3.478;20
-1.008;5.02;3.082;20
-1.58;1.844;3.609;20
-3.301;0.361;3.428;20
-4.57;-0.531;3.373;20
-4.351;-2.611;5.412;20
-4.153;-1.613;3.975;20
-5.669;2.184;3.295;20
-1.73;1.489;2.385;20
1.337;-0.515;-0.007;20
3.42;-1.22;-4.255;20
5.524;-0.794;-6.076;20
5.668;-0.404;-3.785;20
2.938;-0.027;-1.441;20
-0.336;0.386;-1.371;20
-2.224;0.864;1.238;20
-2.839;0.958;2.962;20
-2.148;0.624;2.991;19
-1.192;-0.285;1.767;20
-1.317;-0.217;0.545;20
-2.069;0.45;0.452;20
-2.826;0.24;0.839;20
-3.424;-0.335;-0.077;20
-1.123;-0.713;-1.576;20
2.352;-1.824;-0.582;20
2.058;-4.105;-2.421;20
-0.326;-3.891;-3.548;20
-2.237;-2.191;-4.6;20
-4.791;-1.783;-6.316;20
-7.159;-1.233;-5.081;20
-4.235;-0.128;1.021;20
0.325;-2.601;4.868;20
4.175;-6.451;7.874;20
7.554;-7.043;11.391;20
5.122;0.172;8.423;20
3.094;5.346;4.842;20
1.835;4.536;0.443;20
-2.326;3.572;-4.682;20
-5.989;2.53;-6.412;20
-5.875;1.705;-1.741;20
-2.177;1.726;2.25;20
1.786;2.579;3.959;20
4.287;3.42;4.234;20
4.881;4.512;3.724;20
4.631;5.363;3.286;20
4.028;5.814;2.097;20
3.893;5.178;0.461;20
3.095;3.76;-1.784;20
2.838;1.677;-4.19;19
2.31;-1.146;-8.412;20
0.968;-3.709;-15.021;20
-1.328;-5.075;-14.041;20
-4.853;-4.401;-5.445;20
-4.54;-2.821;-1.343;20
0.509;-2.44;2.57;20
3.163;-4.298;0.746;20
6.295;-11.104;-10.656;20
5.685;-7.829;-1.635;20
1.915;5.653;7.038;20
-0.956;10.031;9.828;20
-0.261;8.738;9.866;20
1.058;6.024;8.907;20
1.01;1.341;5.69;20
-3.05;-4.379;0.487;20
-5.21;-6.196;-1.603;20
-4.091;-4.386;1.788;20
-4.267;0.097;4.421;20
-6.027;3.09;5.173;20
-3.593;0.867;0.727;20
-1.674;-0.532;-3.637;20
1.868;-1.696;-7.222;20
4.426;-1.266;-7.245;20
3.776;0.705;-4.317;20
2.539;1.301;-1.874;20
2.061;-0.052;-1.419;20
1.307;-1.266;-0.159;20
0.124;-0.501;1.581;20
-0.557;0.116;2.331;20
-1.552;0.076;2.402;19
-3.376;1.096;1.933;20
-4.088;1.839;-0.078;20
-4.538;1.856;-2.055;20
-2.454;0.776;0.202;20
0.29;-0.094;2.205;20
0.028;-0.92;1.956;20
0.706;-2.754;2.267;20
1.108;-3.806;0.281;20
0.672;-3.464;-3.269;20
-1.404;-4.515;-8.856;20
-4.299;-3.503;-12.893;20
-2.413;-1.397;-6.358;20
0.786;-2.131;1.651;20
4.706;-5.124;7.795;20
8.809;-7.454;11.429;20
7.136;-2.135;6.504;20
5.117;3.672;1.027;20
1.664;4.117;4.725;20
-2.419;4.716;6.689;20
-7.882;4.456;-2.439;20
-9.765;3.494;-9.777;20
-1.1;1.649;-0.495;20
3.82;2.219;3.846;20
4.558;4.243;3.554;20
4.002;5.666;2.892;20
3.059;6.467;2.604;20
2.16;6.612;1.724;20
1.452;5.84;0.801;20
0.258;4.468;-0.837;20
-1.048;2.617;-2.95;19
-1.664;1.47;-4.226;20
-0.867;0.221;-7.04;20
1.695;-4.332;-13.493;20
1.86;-10.87;-14.975;20
-2.158;-8.67;-8.989;20
-1.323;-0.061;-3.146;20
2.034;0.407;4.66;20
3.059;-1.845;4.551;20
4.49;-9.49;-1.492;20
1.281;-13.979;-10.331;20
2.172;0.902;5.789;20
-1.09;10.204;10.418;20
-1.413;9.863;11.964;20
0.364;7.212;9.914;20
2.096;2.85;7.377;20
-0.159;-2.058;2.14;20
-4.846;-4.767;-1.067;20
-5.446;-4.228;0.931;20
-3.248;-2.746;5.972;20
-3.593;0.645;6.762;20
-6.555;2.274;3.941;20
-4.987;-0.252;-1.146;20
-2.571;-1.678;-6.958;20
1.13;-1.583;-11.265;20
3.88;-0.643;-11.831;20
3.858;-0.279;-5.925;20
2.546;-1.015;-0.305;20
0.833;-0.257;3.186;20
-1.194;1.523;5.828;20
-0.983;1.429;7.16;20
-1.139;1.878;3.159;19
-0.938;2.149;-0.249;20
-0.444;1.018;0.378;20
-0.828;0.055;1.194;20
-2.005;0.077;1.219;20
-2.247;0.226;1.059;20
-0.587;-0.677;-0.564;20
2.997;-2.02;-3.919;20
4.933;-3.68;-5.4;20
2.345;-3.888;-4.92;20
-1.186;-3.304;-5.547;20
-4.29;-2.821;-5.187;20
-7.594;-1.858;-4.089;20
-7.798;-0.741;0.573;20
-3.666;-1.122;4.741;20
-0.984;-2.97;8.016;20
2.658;-4.104;12.47;20
4.706;-0.424;10.94;20
4.105;4.311;3.168;20
2.287;4.088;-3.704;20
-1.72;3.63;-3.034;20
-4.091;2.687;-3.798;20
-4.352;1.54;-1.858;20
-2.323;1.527;1.138;20
1.307;2.063;3.377;20
3.985;3.045;3.477;20
4.899;4.085;2.516;20
5.037;4.996;3.167;20
4.69;5.338;3.219;20
4.416;4.619;2.003;20
3.999;3.157;-0.265;20
3.505;1.816;-1.727;19
2.957;0.04;-3.84;20
1.718;-2.683;-9.385;20
-2.46;-7.383;-20.364;20
-6.167;-10.775;-14.333;20
-6.445;-3.069;-4.418;20
-3.48;2.127;-1.196;20
-0.158;3.742;1.097;20
1.703;2.28;5.151;20
1.908;-3.392;5.741;20
0.918;-10.217;1.417;20
1.37;-2.866;-0.033;20
1.199;6.457;3.214;20
4.189;4.215;7.737;20
5.163;1.289;6.061;20
3.811;0.504;0.369;20
1.468;0.773;-0.953;20
-1.467;0.463;-0.183;20
-2.713;-1.27;4.281;20
-2.575;-2.265;6.68;20
-3.684;0.007;8.139;20
-4.575;1.369;4.441;20
-4.126;1.055;-0.629;20
-2.692;-0.372;-5.663;20
1.28;-2.863;-10.321;20
5.207;-2.786;-10.859;20
3.594;-0.876;-5.799;20
-0.791;0.63;-1.371;20
-3.479;2.006;2.096;20
-2.191;1.901;6.871;20
-0.086;2.111;6.987;20
0.556;1.985;1.794;19
0.501;0.853;-0.301;20
-0.852;-0.299;0.806;20
-1.96;-1.255;1.736;20
-2.636;-1.626;0.589;20
-1.722;-1.84;-3.249;20
-0.049;-3.129;-4.682;20
-0.819;-4.172;-4.146;20
-2.008;-3.146;-4.328;20
-2.395;-2.82;-4.856;20
-2.269;-0.723;-4.552;20
0.173;1.15;-1.928;20
1.852;0.166;2.172;20
0.919;-3.579;8.291;20
1.522;-5.367;14.878;20
1.144;-2.326;12.652;20
-1.069;2.458;-4.205;20
-3.008;3.174;-6.48;20
-3.288;2.267;0.091;20
-3.087;1.726;1.428;20
-2.441;2.47;0.351;20
1.585;2.957;0.606;20
3.776;3.46;2.662;20
4.756;4.207;3.479;20
4.752;4.975;3.544;20
4.076;5.055;3.369;20
3.525;4.857;2.21;20
3.366;4.134;0.299;20
3.445;3.117;-1.0;20
3.433;1.816;-2.358;20
3.747;-0.346;-4.138;20
2.559;-2.818;-8.638;19
-0.491;-6.368;-16.795;20
-5.702;-10.136;-17.646;20
-9.279;-6.49;-5.063;20
-4.382;0.117;-0.828;20
0.502;4.018;1.403;20
1.435;5.673;4.504;20
2.957;3.121;8.996;20
5.196;-5.682;10.949;20
0.681;-13.113;4.245;20
-0.906;-9.326;-1.157;20
-0.945;1.908;-1.223;20
-0.911;8.082;-1.73;20
0.234;9.087;-1.123;20
1.29;7.564;0.419;20
3.091;3.169;2.235;20
3.76;-3.183;3.578;20
1.057;-6.521;2.548;20
-0.543;-3.65;1.392;20
-1.915;0.99;0.149;20
-2.482;1.51;3.113;20
-3.687;0.862;5.657;20
-4.391;0.966;5.483;20
-4.858;1.266;1.651;20
-4.019;0.515;-2.907;20
-1.093;-0.241;-5.148;20
1.872;-0.59;-6.263;20
3.443;0.052;-7.049;20
2.846;1.131;-4.374;20
1.912;0.693;-0.878;20
1.362;0.153;1.937;20
0.909;-0.154;2.935;20
-0.707;0.223;1.239;19
-2.951;-0.201;0.505;20
-4.024;-0.726;2.411;20
-5.517;0.575;2.411;20
-5.551;1.725;3.489;20
-1.559;-0.448;3.203;20
2.355;-2.375;-0.467;20
4.8;-5.071;-4.571;20
2.679;-6.19;-5.92;20
-3.144;-5.084;-7.994;20
-6.134;-2.561;-6.292;20
-4.823;1.169;-5.21;20
-0.771;1.909;-6.017;20
1.742;0.069;2.305;20
4.011;-3.366;9.61;20
5.607;-7.254;15.026;20
6.378;-5.001;13.027;20
3.493;2.573;1.218;20
-0.492;2.155;-8.688;20
-5.643;1.756;-10.396;20
-3.949;-0.509;2.134;20
0.246;1.535;6.391;20
2.946;5.364;4.283;20
3.619;7.398;4.252;20
3.521;8.031;3.333;20
2.768;8.034;2.636;20
2.127;7.132;1.31;20
1.347;5.948;0.145;20
-0.107;4.937;-1.466;20
-0.305;3.421;-2.461;20
0.324;0.953;-5.112;19
1.238;-3.907;-13.442;20
-0.832;-12.271;-17.324;20
-4.306;-13.176;-9.627;20
-3.807;-3.768;-6.965;20
-0.107;2.3;1.256;20
1.637;4.035;4.566;20
2.113;3.998;5.508;20
2.135;1.411;6.254;20
2.826;-8.292;5.843;20
1.118;-18.016;1.888;20
2.254;-3.767;-2.541;20
1.965;5.586;-1.951;20
0.029;8.279;-0.741;20
-1.258;8.19;-1.789;20
-2.922;5.763;4.733;20
-3.513;0.74;18.141;20
-3.312;-5.096;21.686;20
-4.503;-3.86;4.192;20
-2.367;-0.284;-3.601;20
-0.588;0.247;-3.98;20
3.068;-2.834;-6.941;20
5.683;-2.195;-15.673;20
2.491;1.386;-10.459;20
-1.961;1.241;-3.195;20
-3.538;0.794;4.271;20
-0.757;1.072;12.105;20
0.88;2.541;8.431;20
1.289;2.856;-0.775;20
0.321;0.322;-0.6;20
-0.517;-1.369;0.707;20
-1.522;-1.052;-0.928;20
-2.376;-0.177;-6.404;19
-2.697;0.721;-7.182;20
-2.545;-0.363;-1.1;20
-0.323;-1.391;4.4;20
1.042;-1.708;2.97;20
-1.195;-3.809;-0.655;20
-3.483;-5.624;-2.784;20
-7.039;-3.297;-4.841;20
-8.247;1.33;-7.051;20
-2.469;1.924;-7.488;20
1.953;-2.604;-1.818;20
4.501;-6.758;5.834;20
6.357;-8.331;13.654;20
4.105;-1.99;14.195;20
1.818;4.425;6.634;20
-0.592;3.723;-1.54;20
-4.088;3.53;-5.082;20
-5.128;2.39;-6.135;20
-4.879;1.632;-1.527;20
0.014;2.066;2.614;20
3.739;2.925;4.558;20
5.364;4.074;3.935;20
5.363;5.673;4.323;20
4.684;6.349;3.409;20
4.084;6.248;2.262;20
4.27;5.398;0.664;20
4.439;3.992;-1.128;20
3.76;2.106;-3.691;20
3.06;-0.281;-8.465;20
0.791;-3.203;-15.384;20
-3.171;-6.078;-14.817;20
-5.149;-6.218;-5.732;19
-5.83;-2.988;-3.149;20
-0.861;-1.334;-0.562;20
5.001;-4.085;-0.697;20
6.357;-15.346;-17.696;20
0.461;-12.585;-7.897;20
-0.099;6.209;14.779;20
-4.234;14.299;15.62;20
-0.274;12.631;14.373;20
2.719;9.493;10.369;20
4.419;4.495;5.19;20
5.759;-0.746;2.0;20
5.206;-5.744;-0.319;20
-2.409;-11.916;-7.11;20
-6.22;-9.672;-4.547;20
-5.815;-1.882;4.052;20
-5.545;0.804;9.454;20
-9.85;2.255;0.549;20
-7.997;1.93;-11.279;20
-4.062;3.542;-12.962;20
-0.968;3.388;-3.075;20
1.658;0.346;1.066;20
3.557;-1.499;3.418;20
5.614;-1.936;4.999;20
7.103;0.266;2.683;20
7.926;1.516;1.31;20
2.956;0.774;2.244;20
-0.435;-0.132;1.06;20
-2.425;0.044;0.38;20
-4.126;0.195;-0.957;20
-4.934;0.019;-2.304;19
-5.222;-0.561;-2.839;20
-4.047;-1.763;-3.05;20
-0.876;-1.979;-1.31;20
1.144;-2.547;-2.185;20
1.176;-2.856;-4.324;20
-0.679;-3.53;-6.34;20
-2.615;-3.534;-9.586;20
-3.275;-3.696;-1.446;20
-2.236;-4.063;7.406;20
2.701;-6.631;10.294;20
5.344;-7.464;13.553;20
6.436;-1.996;13.086;20
3.436;4.647;3.947;20
-0.408;4.91;-1.652;20
-5.67;5.246;-2.863;20
-8.142;5.875;-6.005;20
-3.326;4.439;-0.292;20
2.813;3.071;4.974;20
3.441;5.73;4.506;20
3.823;7.353;3.759;20
4.883;6.667;3.879;20
5.373;5.997;3.752;20
4.957;5.127;3.482;20
2.677;4.398;2.473;20
2.167;2.45;-1.143;20
3.197;-0.686;-4.417;20
3.105;-4.202;-14.204;20
-3.045;-16.941;-37.024;20
-4.774;-11.904;-6.194;19
-4.36;2.771;-2.307;20
-2.788;7.687;7.696;20
0.891;-0.952;5.344;20
0.429;1.796;4.19;20
0.61;-2.425;5.082;20
3.688;-11.551;3.875;20
10.461;-20.98;1.254;20
4.832;-1.287;0.257;20
-0.931;6.844;-3.041;20
-4.763;11.307;-3.224;20
-5.698;12.955;4.978;20
-5.282;12.472;11.058;20
-0.734;7.683;10.363;20
2.501;3.682;4.338;20
0.919;-3.423;-8.067;20
8.26;-18.611;-5.247;20
3.748;-7.446;2.073;20
-0.223;0.432;-2.553;20
-1.896;4.054;-6.168;20
-5.325;3.973;1.554;20
-1.511;-1.711;-5.308;20
-1.381;-0.82;0.913;20
0.149;0.252;2.09;20
2.589;-0.407;3.95;20
0.265;1.787;5.301;20
-5.069;0.149;4.017;20
-8.081;-1.693;0.954;20
-6.149;-5.012;-5.523;20
-0.64;-6.667;-21.912;19
-0.034;-5.267;-7.696;20
-0.474;-2.718;6.005;20
-0.099;-1.485;2.914;20
-1.867;1.494;4.881;20
1.022;-4.643;0.657;20
1.997;1.05;2.545;20
1.523;0.92;4.48;20
1.282;1.283;2.564;20
2.029;-0.66;2.065;20
-2.111;1.075;4.493;20
-3.508;3.372;3.004;20
-3.511;5.789;3.214;20
-0.335;4.971;2.944;20
2.551;2.398;2.836;20
2.036;1.427;2.114;20
-3.253;2.621;0.817;20
-7.803;3.773;-3.607;20
-8.977;3.667;-2.576;20
-7.913;2.585;0.556;20
-8.674;3.427;0.195;20
-8.537;4.732;0.358;20
-7.185;5.241;2.651;20
-6.239;6.303;5.242;20
-4.859;6.874;6.743;20
-2.538;6.4;8.29;20
0.773;3.501;8.822;20
4.717;1.141;7.281;20
6.368;-1.738;6.708;20
7.748;-3.773;5.258;19
8.226;-5.243;1.783;20
7.577;-4.281;-1.628;20
5.04;-2.243;-3.235;20
2.942;-0.954;-2.171;20
1.45;-0.491;0.336;20
1.668;-0.175;1.217;20
1.044;0.981;-0.281;20
-0.742;2.397;-1.764;20
-0.062;3.347;-1.469;20
1.679;3.099;-0.723;20
2.604;1.8;-0.493;20
-0.151;3.352;3.176;20
-1.693;3.1;3.187;20
-0.985;5.093;1.836;20
-0.527;5.698;-1.287;20
-1.782;6.214;-1.174;20
-0.636;5.708;0.024;20
-0.234;5.204;0.808;20
-0.154;4.766;1.572;20
-0.895;4.946;1.378;20
-0.892;4.889;0.933;20
0.297;4.125;0.29;20
1.213;3.777;-0.101;20
0.992;3.481;-0.275;20
0.883;3.032;-0.345;20
0.724;2.661;-0.132;20
0.4;2.412;0.399;20
-0.118;2.266;0.817;20
-0.191;2.057;0.675;20
-0.018;1.905;0.302;19
0.27;1.791;-0.317;20
0.242;1.849;-0.505;20
-0.065;1.987;-0.544;20
0.028;1.822;-0.405;20
0.299;1.571;-0.04;20
0.302;1.23;0.493;20
0.071;1.061;0.846;20
-0.073;0.91;0.974;20
-0.115;0.833;0.794;20
-0.217;0.672;0.324;20
0.132;0.462;-0.125;20
0.513;0.313;-0.511;20
0.354;0.401;-0.457;20
0.448;0.517;-0.696;20
0.301;0.507;-1.771;20
-0.099;0.376;0.503;20
-0.092;0.25;1.321;20
-0.013;0.119;1.478;20
0.123;0.182;0.346;20
0.217;0.122;-0.562;20
-0.237;0.101;-0.222;20
-0.188;-0.085;0.733;20
-0.043;-0.057;0.817;20
-0.003;-0.062;0.288;20
0.191;0.016;0.018;20
0.402;0.036;-0.314;20
0.442;0.106;-0.533;20
0.356;0.143;-0.484;20
0.371;0.1;-0.432;20
0.272;0.166;-0.51;19
0.088;0.228;-0.399;20
-0.068;0.271;-0.41;20
0.031;0.256;-0.457;20
-0.07;0.282;-0.414;20
-0.029;0.232;0.056;20
-0.066;0.277;0.175;20
-0.15;0.409;-0.098;20
-0.451;0.503;-0.046;20
-0.536;0.454;0.224;20
-0.373;0.447;0.268;20
-0.221;0.337;0.018;20
-0.12;0.34;-0.274;20
-0.099;0.259;-0.32;20
-0.306;0.322;-0.609;20
-0.297;0.295;-0.983;20
-0.292;0.109;-0.237;20
-0.199;-0.026;0.264;20
-0.551;0.18;-0.052;20
-0.212;0.159;-0.872;20
-0.298;0.22;-0.511;20
-0.731;0.227;0.149;20
-0.74;0.289;-0.175;20
-0.271;0.178;-0.345;20
-0.061;0.134;-0.33;20
-0.184;0.129;-0.288;20
-0.279;0.121;-0.239;20
-0.319;0.09;-0.05;20
-0.238;0.006;0.005;19
-0.132;0.019;-0.091;20
-0.059;-0.016;-0.172;20
-0.044;-0.026;-0.153;20
-0.083;-0.046;-0.095;20
-0.214;-0.022;0.065;20
-0.319;0.005;0.165;20
-0.205;0.002;0.041;20
-0.181;0.022;-0.102;20
-0.258;0.05;-0.015;20
-0.273;0.045;-0.079;20
-0.173;0.023;-0.213;20
-0.114;0.0;-0.2;20
-0.175;0.014;-0.247;20
-0.135;-0.017;-0.235;20
-0.122;-0.043;-0.098;20
-0.15;-0.028;-0.055;20
-0.146;-0.01;-0.024;20
-0.14;0.019;0.0;20
-0.182;0.057;-0.007;20
-0.122;0.044;-0.087;20

# Completed @Tue Jan 26 20:33:49 GMT+02:00 2021
