# Accelerometer Data File
# Started @Tue Jan 26 20:29:39 GMT+02:00 2021
#
#
# sensor Vendor: BOSCH
# sensor Name: BMI160 Accelerometer Non-wakeup
# sensor Resolution: 0.0023928226m/sec^2; Max Range: 78.4532; Min Delay: 2500 microseconds
# The sensor's attributes are the result hardware and the Android capabilities.
# It means that the Android may not utilize all features provided by the hardware.
#
# Some devices and Android versions save battery too much so the device may go to sleep.
# It just happens after couple of minutes from turning off the scree and it is easy to find it out.
#
# The following file provides the data from accelerometer in the m/s^2 format.
# The diff value is just a time delta between the samples
#
#
# data format:
# so we have 4 columns with values separated by the ";"
# X;Y;Z;time_from_previous_sample(ms)

# sensor speed set to:NORMAL
# units set to: m/sec^2
# gravity  filtered out
# Accuracy: HIGH
-3.787;3.528;6.358;0
-3.566;3.122;5.892;19
-2.726;2.417;6.021;20
-1.751;1.811;6.227;20
-1.132;1.248;6.23;20
-1.095;0.958;5.768;20
-1.316;0.515;4.965;20
-1.631;0.129;4.015;20
-1.89;-0.123;3.681;20
-1.842;-0.822;2.922;20
-1.975;-1.665;2.004;20
-2.618;-2.411;0.742;20
-2.992;-3.607;-0.989;20
-2.209;-4.209;-3.339;20
-1.611;-4.526;-5.75;20
-0.179;-5.473;-6.599;20
0.719;-6.535;-6.477;20
0.053;-7.032;-5.551;20
-1.669;-6.936;-4.582;20
-3.131;-6.546;-3.402;20
-5.095;-6.039;-1.717;20
-8.229;-5.079;0.566;20
-11.583;-2.244;2.847;20
-18.81;1.944;6.676;20
-23.217;7.297;9.532;20
-16.51;7.546;4.415;20
-10.908;7.545;-1.929;20
-8.255;7.959;-6.979;20
-5.434;7.518;-8.532;20
-1.979;5.702;-7.725;20
0.596;4.31;-8.5;20
7.075;1.468;-13.397;20
8.228;-0.312;-9.712;20
8.497;-2.531;-3.442;20
9.758;-4.566;-0.337;20
6.004;-3.284;0.8;20
0.733;-2.293;-2.131;20
-0.747;-1.33;-0.858;20
-1.83;-1.781;0.463;20
-2.161;-2.671;-1.031;19
1.984;-1.601;-0.696;20
1.945;-2.361;3.371;20
1.728;-1.54;5.15;20
1.071;-0.203;3.052;20
1.468;2.778;-2.003;20
0.747;-0.417;3.318;20
2.21;0.592;6.816;20
3.309;-0.103;5.25;20
1.133;0.455;3.962;20
-1.064;0.898;3.199;20
3.013;-2.62;-0.374;20
3.262;-5.219;-1.219;20
3.089;-6.944;-2.731;20
5.206;-8.689;-3.719;20
6.597;-9.279;1.82;20
3.569;-8.843;1.243;20
-3.428;-3.221;4.558;20
-5.961;2.195;6.665;20
-8.138;3.088;7.353;20
-4.975;3.605;-3.38;20
1.452;0.407;-4.768;20
6.65;-1.182;-1.398;20
6.072;0.123;0.69;20
5.952;0.24;1.825;20
5.251;0.128;2.274;20
4.466;-2.04;1.316;20
2.316;-2.307;-2.343;20
-1.451;-2.745;-3.14;20
-2.97;-3.377;-2.693;20
0.474;-5.569;-2.038;20
3.026;-5.459;-0.531;20
2.388;-3.743;0.053;20
1.096;-3.344;0.109;20
-0.133;-2.597;0.25;20
-0.218;-2.459;1.309;20
1.861;-2.018;0.983;20
4.721;1.519;-3.975;20
3.114;5.989;-5.365;20
2.676;5.129;-2.671;20
0.804;1.816;2.387;19
0.496;-9.142;8.735;20
7.485;-17.515;6.435;20
3.415;-8.545;2.386;20
-0.452;1.177;-4.437;20
3.643;2.077;-3.443;20
5.396;1.953;-1.808;20
3.542;2.577;0.405;20
2.183;2.621;1.34;20
1.672;2.159;1.644;20
1.998;2.857;2.619;20
2.565;4.177;1.998;20
3.299;5.161;1.538;20
3.583;5.352;0.906;20
3.739;4.258;0.716;20
4.341;1.979;-0.134;20
3.004;1.063;-2.366;20
1.494;-0.764;-5.367;20
-0.213;-3.726;-10.829;20
-3.41;-7.011;-16.42;20
-6.56;-7.588;-10.543;20
-4.73;-3.166;-2.552;20
0.411;2.049;-0.788;20
2.764;3.647;3.656;20
3.758;1.427;5.767;20
1.905;-1.171;3.832;20
2.858;-3.495;4.21;20
2.715;-4.115;3.676;20
4.053;-1.243;2.893;20
2.026;2.448;-0.114;20
1.532;2.325;2.598;20
-0.219;1.125;5.424;20
-0.848;-1.598;6.405;20
-1.504;-4.433;5.208;20
-2.251;-1.016;4.954;20
-1.438;1.963;0.875;20
-0.802;1.69;-5.436;20
1.877;0.572;-8.444;20
3.511;-0.252;-6.693;20
2.472;-0.551;-1.85;19
1.468;-0.034;2.122;20
0.728;1.133;4.008;20
0.176;1.601;4.188;20
-0.138;1.383;2.039;20
-0.184;0.628;0.327;20
-1.027;0.949;-0.398;20
-1.904;0.297;-1.693;20
-2.485;-2.952;-3.389;20
-4.283;-3.738;-5.169;20
-5.698;-0.779;-0.794;20
-3.59;-0.914;0.369;20
-0.516;-3.171;-4.087;20
0.385;-2.326;-5.989;20
-2.073;-1.267;-6.401;20
-3.28;-2.642;-4.164;20
-3.824;-6.338;2.064;20
-0.232;-5.823;9.769;20
6.014;-4.197;7.64;20
7.279;-2.121;6.674;20
5.218;0.877;4.903;20
4.049;2.162;4.304;20
0.759;3.401;0.83;20
-3.124;2.675;-4.881;20
-5.426;1.597;-4.525;20
-5.398;1.317;-0.438;20
-2.055;1.597;5.241;20
0.586;4.335;6.444;20
3.043;5.53;3.748;20
4.009;6.176;3.308;20
4.066;6.771;3.147;20
3.246;7.091;2.823;20
2.633;6.416;2.599;20
2.714;5.194;0.948;20
2.756;2.956;-2.164;20
2.37;-1.259;-8.303;20
0.27;-9.602;-27.05;20
-7.286;-15.944;-18.973;20
-6.903;-4.14;-1.171;20
-0.852;2.594;0.287;20
2.352;3.847;4.042;20
3.6;1.049;6.117;19
5.11;-6.734;3.035;20
6.017;-11.201;-5.178;20
-0.204;0.184;1.249;20
-2.187;8.166;9.063;20
-0.778;6.112;7.901;20
0.719;1.819;8.449;20
0.278;-1.224;5.778;20
-0.288;-3.191;2.03;20
-0.645;-2.998;0.349;20
-1.943;0.008;1.045;20
-3.34;2.61;1.498;20
-3.757;3.741;0.595;20
-2.948;1.807;-2.725;20
-1.007;-0.838;-5.543;20
0.546;-1.396;-5.328;20
0.878;-0.055;-3.648;20
1.19;0.934;-0.332;20
0.347;0.683;2.32;20
-0.833;0.043;1.571;20
-1.735;-0.207;-1.029;20
-2.479;0.174;-2.583;20
-2.773;-0.825;-2.89;20
-3.381;-2.194;-1.478;20
-3.411;-1.624;0.078;20
-1.802;-1.177;-0.435;20
-0.005;-1.427;-3.526;20
-0.173;-2.977;-7.376;20
-1.329;-5.014;-9.552;20
-1.999;-7.302;-7.572;20
-0.634;-5.739;4.789;20
4.748;-5.266;10.841;20
7.411;-5.51;10.186;20
6.647;-1.988;9.149;20
5.711;2.54;6.04;20
4.233;4.431;2.425;20
-2.453;3.057;-9.67;20
-9.95;1.586;-6.34;20
-8.921;1.669;2.547;20
-3.724;4.658;6.945;20
0.151;7.041;5.739;20
2.338;7.523;4.8;20
3.124;7.416;4.51;19
4.539;7.08;3.7;20
4.266;7.216;2.871;20
2.647;6.566;1.959;20
0.732;4.93;0.004;20
-0.413;2.631;-3.051;20
0.55;-2.058;-8.395;20
2.131;-11.689;-23.318;20
0.732;-17.083;-22.498;20
-3.307;-3.104;-4.537;20
0.721;2.217;1.57;20
3.863;1.262;3.832;20
3.812;-2.65;5.254;20
3.143;-12.685;-7.223;20
4.614;-7.267;-1.446;20
-0.915;7.941;10.972;20
-3.9;12.124;9.337;20
-0.972;8.804;9.601;20
1.018;3.974;9.914;20
0.109;0.294;5.254;20
-2.632;-6.462;0.695;20
-1.024;-10.139;1.465;20
-4.195;-3.899;1.634;20
-6.058;2.895;0.905;20
-5.149;4.325;-0.378;20
-2.986;1.87;-8.202;20
0.705;-0.746;-10.486;20
3.195;-0.96;-6.1;20
3.823;-0.362;-1.514;20
3.215;0.664;-0.427;20
2.462;1.165;1.302;20
0.999;1.441;4.168;20
-1.27;1.395;2.045;20
-2.191;0.414;0.76;20
-3.069;0.386;0.152;20
-3.513;-0.714;-0.253;20
-3.441;-1.402;-1.198;20
-2.5;-1.218;-2.689;20
0.062;-1.415;1.147;20
1.53;-2.779;-0.271;20
0.462;-3.145;-3.419;20
-1.911;-3.234;-4.304;19
-4.438;-3.583;-6.386;20
-5.188;-2.833;-5.212;20
-0.408;-1.546;0.108;20
4.176;-2.949;4.821;20
7.093;-5.018;10.316;20
6.292;-2.116;9.887;20
4.603;3.011;7.973;20
3.937;4.668;1.113;20
0.821;4.044;-2.654;20
-4.086;1.964;-6.823;20
-7.606;0.349;-3.422;20
-5.412;1.134;2.539;20
-0.693;2.918;4.593;20
1.934;4.825;4.198;20
2.841;5.778;3.539;20
2.788;6.471;3.722;20
2.627;6.448;3.194;20
2.28;6.086;2.307;20
1.867;5.58;1.235;20
1.328;4.593;-0.864;20
0.144;2.275;-4.545;20
0.141;-1.832;-10.519;20
-0.02;-12.373;-21.5;20
-1.165;-16.957;-15.822;20
-2.411;-2.869;-6.029;20
0.756;2.339;1.638;20
3.045;2.314;4.644;20
3.528;-1.579;3.65;20
4.559;-10.717;-3.159;20
2.769;-4.934;5.587;20
-1.091;6.529;10.588;20
-2.449;9.65;7.803;20
-0.171;6.734;8.585;20
1.316;2.024;6.126;20
0.089;-2.134;-0.497;20
-1.074;-3.037;-0.965;20
-1.768;-3.988;1.519;20
-5.055;-1.661;5.48;20
-5.595;1.211;4.314;20
-3.93;1.273;0.331;19
-2.017;-0.502;-6.021;20
1.177;-1.531;-10.642;20
2.937;0.003;-7.658;20
3.285;0.775;-2.736;20
2.925;0.953;2.582;20
1.019;0.732;5.267;20
-0.951;1.172;3.811;20
-1.685;0.853;1.343;20
-1.824;-0.101;-0.347;20
-2.683;-0.043;-1.884;20
-3.167;-0.909;-3.309;20
-2.556;-1.995;-4.469;20
-0.166;-1.954;-3.587;20
0.765;-2.542;-0.683;20
-0.043;-3.379;0.429;20
-1.656;-3.158;-2.058;20
-2.482;-2.954;-2.92;20
-4.14;-2.762;-5.76;20
-4.663;-1.696;-2.958;20
0.169;-1.668;0.736;20
4.345;-4.031;5.519;20
6.865;-4.74;10.959;20
5.18;-0.286;10.173;20
3.434;3.784;7.333;20
2.249;4.098;-0.905;20
-1.948;3.566;-3.522;20
-4.662;0.335;-9.202;20
-3.482;-0.93;-2.96;20
-1.096;0.863;3.668;20
-0.132;3.747;4.696;20
1.15;5.53;4.087;20
1.795;6.387;4.067;20
1.754;7.073;3.699;20
2.184;6.775;2.687;20
2.182;6.246;1.623;20
1.728;5.805;0.684;20
1.495;4.687;-1.652;20
0.442;2.642;-4.889;20
0.262;-0.669;-9.333;20
1.222;-6.688;-15.026;20
0.563;-12.799;-12.479;20
-3.351;-9.497;-9.625;20
-0.747;-2.337;-3.258;19
3.485;-1.204;2.188;20
4.779;-3.443;1.62;20
5.845;-9.566;-7.439;20
4.02;-2.957;3.996;20
-2.641;9.021;14.998;20
-5.075;11.073;11.589;20
-2.533;8.271;9.601;20
-0.418;4.105;7.568;20
-0.858;-0.853;-0.704;20
-1.575;-7.008;-2.09;20
-1.087;-8.625;0.123;20
-5.528;-2.405;2.725;20
-5.614;2.313;4.359;20
-3.492;1.067;-2.999;20
-0.821;0.121;-11.312;20
2.556;0.044;-9.387;20
4.275;-0.207;-2.556;20
4.701;-0.026;2.328;20
2.658;0.74;4.043;20
0.537;0.779;3.851;20
-0.734;1.194;2.497;20
-1.364;1.245;1.165;20
-1.557;0.787;-0.132;20
-1.676;0.123;-1.303;20
-1.921;0.189;-1.508;20
-1.58;-0.216;-0.934;20
-1.255;-1.305;-0.571;20
-1.313;-0.943;0.488;20
-0.455;-0.496;1.265;20
1.823;-1.858;0.391;20
2.849;-4.416;-2.597;20
1.043;-3.625;-2.996;20
-2.126;-3.283;-5.103;20
-4.75;-3.386;-6.297;20
-5.365;-2.088;-3.743;20
-0.918;-0.864;1.085;20
2.979;-2.356;5.96;20
5.687;-5.161;10.049;20
3.927;-1.89;11.135;20
3.309;3.389;8.514;20
2.263;4.352;-3.159;20
-0.454;2.573;-7.718;19
-5.776;1.453;-3.101;20
-6.611;0.75;-0.459;20
-3.202;2.135;2.994;20
0.193;4.054;2.587;20
1.461;5.096;3.121;20
1.903;5.781;3.521;20
2.168;6.219;3.362;20
2.224;6.175;2.567;20
2.058;5.365;1.336;20
1.627;4.452;-0.289;20
1.261;3.264;-2.417;20
0.924;0.924;-5.54;20
0.455;-2.612;-11.67;20
0.677;-9.064;-16.65;20
-0.858;-11.499;-10.488;20
-3.021;-5.047;-8.258;20
-0.61;0.676;-2.253;20
2.011;3.279;3.363;20
2.104;2.379;5.442;20
1.195;-0.807;4.663;20
1.857;-8.128;-1.468;20
3.903;-7.793;-1.928;20
2.27;1.89;5.559;20
-0.947;8.394;7.68;20
0.002;7.075;7.192;20
1.177;3.991;7.028;20
0.862;0.09;3.124;20
-0.284;-4.175;0.0;20
-0.861;-5.738;0.477;20
-4.056;-3.016;1.984;20
-6.131;1.241;3.032;20
-5.682;2.999;3.373;20
-3.745;1.127;-3.554;20
-1.285;0.001;-8.506;20
2.657;-0.709;-6.01;20
4.745;-1.235;-2.775;20
4.292;-0.806;-0.563;20
1.348;0.8;-0.661;20
-0.092;1.561;2.439;20
-1.285;1.55;4.767;20
-1.454;0.958;2.823;20
-1.216;0.555;1.204;19
-1.555;0.435;0.499;20
-1.775;-1.12;0.39;20
-2.444;-2.623;0.431;20
-3.066;-1.857;0.141;20
-0.307;-2.209;-0.185;20
3.437;-4.572;-4.529;20
3.12;-4.67;-6.843;20
-0.772;-3.693;-7.496;20
-4.226;-3.997;-6.797;20
-5.283;-2.444;-3.205;20
-0.468;-0.837;1.871;20
3.67;-2.049;7.692;20
5.523;-3.855;12.369;20
4.984;-1.119;10.708;20
4.091;3.41;6.596;20
2.767;3.668;-4.008;20
-2.125;2.701;-7.121;20
-6.845;1.333;-4.499;20
-5.916;1.589;0.974;20
-2.159;3.199;4.06;20
-0.228;5.552;4.374;20
1.365;6.335;3.874;20
2.027;6.737;3.917;20
2.138;6.559;2.816;20
1.726;6.057;2.143;20
1.072;5.461;1.146;20
0.462;4.315;-1.652;20
-0.11;2.125;-6.047;20
1.566;-4.585;-16.731;20
4.062;-15.1;-19.15;20
-0.476;-10.368;-10.804;20
-0.611;-1.862;-2.436;20
3.169;1.257;2.281;20
2.725;1.476;2.68;20
2.346;-4.167;-1.092;20
4.461;-7.73;4.731;20
1.972;1.827;9.412;20
-1.88;8.966;10.119;20
-0.855;7.263;9.171;20
0.764;3.459;8.132;20
0.637;-0.18;2.988;20
-1.627;-5.149;-0.832;19
-0.761;-7.612;-0.037;20
-3.842;-3.824;1.775;20
-7.181;1.61;4.321;20
-6.512;2.618;1.713;20
-4.799;1.13;-5.656;20
-0.945;-0.498;-11.751;20
2.846;-0.823;-8.054;20
3.643;-0.591;-2.92;20
2.613;0.325;-0.667;20
1.615;1.045;0.869;20
1.353;1.226;4.237;20
-0.294;1.58;4.182;20
-1.426;1.495;1.617;20
-1.868;0.688;0.402;20
-2.521;-0.323;-0.307;20
-2.946;-2.994;-0.273;20
-3.938;-3.379;-1.696;20
-2.919;-1.689;-4.529;20
1.996;-3.004;-3.323;20
4.363;-4.798;-5.842;20
1.313;-3.137;-7.094;20
-2.994;-2.545;-6.492;20
-5.153;-2.814;-5.786;20
-2.647;-2.649;4.173;20
2.812;-4.009;10.941;20
5.354;-4.815;12.549;20
3.751;-2.007;13.553;20
3.831;3.52;8.104;20
2.306;5.169;-2.678;20
-1.144;2.404;-13.285;20
-3.051;0.789;-5.644;20
-4.791;1.97;3.297;20
-4.475;3.69;5.155;20
-1.64;4.835;4.068;20
0.7;5.932;4.555;20
2.173;6.611;4.205;20
2.809;6.828;3.515;20
3.159;6.998;2.771;20
2.39;6.796;1.963;20
1.213;5.46;-0.605;20
0.295;2.838;-5.485;20
0.942;-2.284;-13.185;20
2.889;-12.131;-19.489;19
-0.458;-11.805;-11.776;20
-2.175;-2.321;-4.158;20
2.48;1.602;2.551;20
4.987;0.741;4.961;20
5.0;-3.37;1.172;20
6.506;-12.273;-12.096;20
5.1;-6.573;2.001;20
-2.37;7.758;13.457;20
-6.684;12.086;10.65;20
-3.906;8.947;8.949;20
-1.28;4.61;7.818;20
-0.874;1.159;3.507;20
-2.141;-6.74;-0.528;20
0.017;-11.829;1.76;20
-4.071;-5.786;2.589;20
-6.857;2.974;-0.05;20
-4.831;4.206;-0.863;20
-1.439;1.001;-11.09;20
1.796;-0.314;-13.345;20
3.978;-0.639;-4.58;20
4.615;-1.037;1.339;20
3.383;0.285;3.588;20
1.958;1.572;3.419;20
0.882;2.51;4.05;20
-0.26;1.75;3.465;20
-0.862;-0.251;1.221;20
-1.778;-0.334;-0.187;20
-2.334;-0.047;-1.159;20
-2.804;-1.684;-2.45;20
-4.176;-1.786;-1.15;20
-3.204;-1.049;3.656;20
0.921;-1.985;1.036;20
3.942;-3.903;-3.784;20
1.154;-4.573;-5.802;20
-2.528;-3.376;-6.543;20
-4.648;-2.486;-7.231;20
-4.317;-0.892;-4.619;20
-0.232;-1.329;-0.726;20
2.673;-3.394;6.099;20
5.401;-5.877;12.703;19
5.618;-3.026;11.793;20
4.623;2.737;8.854;20
4.16;4.443;-0.994;20
0.409;4.229;-4.756;20
-3.947;1.791;-9.17;20
-6.587;1.129;-0.678;20
-4.628;2.544;4.778;20
-2.213;4.999;4.324;20
0.193;5.88;3.82;20
0.778;6.106;4.053;20
1.334;6.119;3.616;20
2.195;6.184;2.512;20
2.077;6.079;1.442;20
1.194;5.685;-0.232;20
-0.525;4.673;-2.331;20
-0.447;2.351;-5.444;20
1.6;-3.245;-13.18;20
4.699;-14.688;-20.183;20
0.225;-15.581;-15.035;20
-1.377;-3.679;-4.362;20
3.995;0.542;3.694;20
3.936;1.639;4.197;20
4.144;-1.791;1.238;20
3.91;-6.434;-5.834;20
2.833;-1.511;8.614;20
-4.268;8.178;14.264;20
-5.822;9.367;9.145;20
-3.417;6.171;7.737;20
-1.518;2.641;5.657;20
-1.381;-4.077;1.783;20
-0.491;-9.872;-1.566;20
-1.101;-7.41;2.234;20
-5.511;0.559;0.451;20
-4.25;3.846;-1.55;20
-2.586;3.85;-0.499;20
-0.064;1.144;-5.879;20
2.505;-0.305;-6.853;20
4.717;-0.412;-2.795;20
5.288;-0.171;-0.261;20
3.909;-0.012;-0.223;20
0.407;0.108;-1.086;19
-2.01;-0.224;-0.265;20
-2.941;-0.559;0.852;20
-3.597;-0.088;0.83;20
-3.829;1.129;0.603;20
-3.189;0.953;0.399;20
-2.322;-0.341;1.403;20
-2.006;-1.475;1.407;20
-0.11;-2.268;2.168;20
2.317;-4.317;-3.033;20
2.396;-3.699;-5.098;20
-0.381;-3.364;-8.323;20
-4.188;-3.799;-10.328;20
-4.132;-2.72;-4.437;20
1.248;-2.274;4.354;20
5.209;-4.771;8.928;20
7.375;-5.347;11.806;20
6.796;-0.596;11.772;20
5.813;4.286;5.322;20
4.859;4.163;-4.743;20
-1.803;2.494;-8.927;20
-9.006;0.414;-4.514;20
-11.117;1.972;3.282;20
-4.183;4.818;5.353;20
0.408;6.598;3.765;20
1.323;7.064;4.026;20
1.41;7.363;4.087;20
1.907;6.873;2.832;20
1.948;6.091;2.43;20
1.261;5.206;1.065;20
-0.064;4.306;-1.308;20
-1.048;2.538;-5.504;20
0.891;-3.001;-13.393;20
7.432;-16.67;-21.784;20
3.622;-14.733;-15.227;20
-2.085;-1.488;-5.352;20
-1.828;4.118;2.592;20
0.765;4.585;5.271;20
1.979;0.994;5.687;20
4.495;-5.541;3.17;20
7.095;-8.84;2.396;19
3.796;-0.701;5.598;20
-1.771;7.097;7.369;20
-2.236;6.837;7.494;20
-1.713;3.61;6.215;20
-2.962;-1.726;2.995;20
-3.68;-3.557;0.097;20
-3.669;-3.929;2.566;20
-5.518;-3.21;4.705;20
-7.776;0.513;0.93;20
-5.597;2.895;-0.753;20
-1.562;1.113;-5.909;20
2.768;-1.103;-9.2;20
4.983;-0.732;-6.926;20
5.49;-0.211;-2.868;20
4.213;0.417;0.686;20
1.856;0.822;1.342;20
0.015;1.291;4.392;20
-1.924;1.853;3.169;20
-1.907;1.133;0.836;20
-1.963;-0.215;0.074;20
-2.902;-0.479;-0.554;20
-3.32;-0.882;-0.508;20
-3.283;-1.503;-1.206;20
-1.724;-1.689;-2.729;20
1.552;-2.27;0.252;20
2.875;-4.289;-2.444;20
1.583;-3.665;-4.832;20
-2.055;-3.356;-7.553;20
-5.537;-3.528;-7.854;20
-5.759;-2.678;-1.971;20
-0.652;-2.053;6.093;20
3.691;-3.988;10.476;20
6.075;-5.189;10.728;20
5.518;-1.29;11.963;20
4.131;4.328;4.441;20
2.378;3.779;-4.547;20
-1.691;1.99;-10.119;20
-6.525;0.712;-4.211;20
-7.39;2.843;5.963;20
-2.628;5.518;5.098;20
0.7;6.347;4.633;20
1.753;6.61;4.573;20
2.266;6.561;4.45;19
3.031;6.085;3.355;20
3.219;5.975;1.979;20
2.41;5.64;0.82;20
1.708;4.43;-1.011;20
1.87;1.398;-4.148;20
1.968;-3.275;-10.817;20
3.038;-15.345;-27.021;20
-4.219;-14.285;-16.303;20
-4.274;-0.947;-3.651;20
0.139;3.738;2.118;20
2.082;3.92;7.216;20
1.742;-0.124;5.934;20
2.412;-9.272;0.027;20
5.263;-9.992;-4.151;20
1.3;3.607;4.741;20
-1.044;9.797;8.751;20
0.381;7.854;9.809;20
2.045;4.126;9.186;20
2.405;0.79;5.145;20
0.435;-3.23;-0.312;20
1.326;-7.63;-3.456;20
-1.906;-4.12;-2.4;20
-5.976;1.506;1.716;20
-6.181;2.822;5.407;20
-6.761;3.3;2.905;20
-5.95;0.37;-4.199;20
-2.219;-1.059;-9.703;20
3.031;-2.033;-7.618;20
5.025;-1.504;-4.816;20
4.136;0.634;-0.579;20
2.049;1.48;5.195;20
-0.642;1.585;3.137;20
-1.462;1.258;1.031;20
-1.863;0.785;0.111;20
-2.451;-0.493;-0.169;20
-3.679;-1.844;0.137;20
-4.63;-1.675;0.383;20
-1.873;-1.667;0.162;20
2.783;-2.397;-2.547;19
4.63;-3.099;-7.309;20
3.464;-2.87;-10.88;20
-0.78;-3.527;-12.421;20
-2.377;-6.516;-6.661;20
-2.833;-5.979;9.209;20
1.094;-5.349;15.289;20
3.965;-4.156;13.561;20
4.385;-0.581;12.424;20
4.616;4.395;4.053;20
3.519;3.773;-4.688;20
-1.361;2.526;-11.84;20
-5.51;1.672;-3.802;20
-5.763;2.971;5.29;20
-3.702;5.434;5.233;20
-1.707;6.677;4.525;20
0.066;6.919;4.531;20
1.405;7.018;3.975;20
2.985;6.725;3.09;20
3.47;6.502;2.052;20
1.788;6.434;1.088;20
0.015;5.539;-1.542;20
-0.108;2.682;-6.558;20
0.734;-4.572;-17.067;20
5.266;-21.654;-23.487;20
-0.058;-12.884;-12.397;20
0.727;0.691;-0.056;20
3.938;3.233;4.264;20
2.892;3.012;2.746;20
4.474;-4.674;-6.98;20
5.758;-12.94;-5.904;20
1.337;-0.689;14.96;20
-7.797;11.603;16.396;20
-6.454;11.29;8.89;20
-3.213;7.555;9.246;20
-0.738;3.333;6.114;20
0.089;-0.668;0.924;20
-0.023;-10.453;-2.234;20
-0.157;-12.89;-1.532;20
-5.635;-2.305;-0.004;19
-6.203;4.922;3.462;20
-4.563;3.884;-2.799;20
-1.589;1.049;-11.867;20
2.044;-0.115;-9.442;20
4.498;-1.157;-2.041;20
4.537;-0.942;2.508;20
3.522;0.725;1.838;20
2.66;1.565;-0.17;20
1.799;1.637;1.221;20
-0.023;1.221;3.636;20
-1.797;0.376;3.006;20
-2.75;0.218;0.605;20
-3.215;-0.151;-0.235;20
-3.402;-1.685;-0.245;20
-3.181;-2.487;-1.901;20
-1.071;-2.529;-1.083;20
0.712;-3.583;-2.487;20
0.574;-3.052;-4.491;20
-1.151;-2.466;-6.524;20
-2.878;-2.061;-9.159;20
-3.208;-2.705;-9.296;20
-0.884;-4.193;5.226;20
2.979;-6.488;12.303;20
6.915;-6.663;11.866;20
7.553;-2.058;11.871;20
5.647;3.58;7.23;20
4.741;4.118;-1.462;20
-0.971;3.448;-7.965;20
-7.759;1.669;-7.67;20
-9.908;2.544;2.706;20
-4.551;5.287;5.22;20
-0.636;7.892;4.574;20
1.113;8.162;5.129;20
1.406;7.625;4.668;20
2.533;6.42;3.605;20
3.173;5.741;2.673;20
2.329;5.56;1.401;20
-0.129;4.673;-1.165;20
-0.96;1.279;-6.727;19
0.398;-7.894;-19.557;20
8.061;-22.855;-25.718;20
0.344;-8.943;-10.309;20
-0.006;1.993;1.608;20
3.542;3.048;5.305;20
6.655;-2.118;6.436;20
4.526;-12.919;-6.726;20
-0.131;-5.967;-5.175;20
-3.836;9.955;18.617;20
-6.939;13.573;10.716;20
-3.6;11.72;7.822;20
0.274;6.562;7.379;20
2.198;1.828;3.558;20
1.225;-2.423;0.151;20
-1.101;-12.037;-3.72;20
-1.771;-12.032;-1.936;20
-5.158;-0.781;2.791;20
-5.595;4.271;2.667;20
-5.04;3.243;-6.027;20
-2.371;1.324;-10.31;20
0.657;0.413;-4.878;20
3.399;-1.097;0.789;20
4.379;-1.207;3.629;20
3.129;1.073;1.45;20
3.139;1.844;-0.701;20
2.243;1.81;0.107;20
0.438;0.757;0.542;20
-1.041;-0.145;1.41;20
-2.187;-0.286;1.341;20
-3.049;-0.725;0.441;20
-3.599;-1.837;-0.686;20
-4.161;-2.052;-1.316;20
-2.432;-1.964;0.958;20
-0.109;-3.416;-2.94;20
0.922;-4.226;-6.121;20
-1.097;-3.828;-9.885;20
-3.246;-3.993;-9.225;20
-3.314;-3.606;-2.607;19
-0.068;-2.644;7.98;20
3.547;-4.114;10.351;20
5.505;-5.06;12.492;20
4.4;-0.801;13.599;20
4.105;4.719;5.213;20
3.062;3.892;-9.403;20
0.44;1.558;-9.988;20
-5.415;0.753;-1.187;20
-8.546;3.776;7.231;20
-3.567;5.994;3.974;20
-0.011;6.478;4.218;20
1.179;6.835;4.862;20
1.754;6.758;4.5;20
2.943;6.406;3.037;20
3.002;6.536;2.225;20
1.64;6.432;1.416;20
1.052;4.59;-1.035;20
1.424;0.636;-5.299;20
0.429;-8.196;-18.614;20
4.033;-27.784;-33.714;20
-3.956;-6.882;-7.676;20
-0.534;5.032;2.801;20
1.611;7.339;4.463;20
0.882;7.002;6.871;20
-0.975;2.728;5.321;20
0.681;-11.561;2.401;20
2.13;-12.955;2.379;20
-0.576;2.507;0.644;20
0.0;8.645;4.517;20
2.247;5.587;4.664;20
3.349;2.639;4.867;20
2.178;0.639;3.013;20
-0.557;-0.584;1.884;20
0.052;-4.309;-0.047;20
-2.997;-2.427;1.233;20
-5.405;1.748;5.015;20
-5.369;3.212;1.639;20
-3.409;1.555;-1.473;20
-0.343;-0.561;-4.461;19
2.543;-1.602;-6.305;20
3.807;-0.811;-5.876;20
4.143;0.366;-2.125;20
2.461;0.802;4.047;20
-0.058;1.174;5.808;20
-1.238;0.675;2.234;20
-1.977;0.048;0.121;20
-2.392;-0.254;-1.016;20
-2.592;-2.146;-1.515;20
-4.144;-2.553;-3.02;20
-4.638;-0.822;-2.259;20
-0.918;-1.901;3.473;20
1.608;-3.272;0.577;20
1.797;-2.956;-3.362;20
-0.583;-2.714;-5.703;20
-2.666;-2.999;-10.141;20
-1.648;-2.394;-10.0;20
1.534;-1.416;-0.792;20
3.699;-2.142;8.355;20
5.005;-4.169;12.917;20
5.901;-2.297;9.05;20
5.508;1.773;6.663;20
4.616;3.107;0.935;20
1.021;2.737;-3.006;20
-4.152;1.038;-5.594;20
-9.713;0.263;-4.905;20
-8.214;1.44;3.145;20
-2.884;3.835;4.611;20
0.868;6.161;4.018;20
1.789;7.248;4.362;20
1.962;7.249;3.511;20
2.097;6.695;2.339;20
1.551;5.895;1.947;20
0.517;5.208;0.131;20
-0.645;4.065;-2.424;20
-1.337;1.972;-6.208;19
0.954;-3.755;-12.898;20
5.412;-15.779;-20.091;20
2.286;-12.707;-14.12;20
-0.301;-0.742;-3.398;20
2.676;3.036;4.346;20
5.015;1.416;6.812;20
5.591;-3.596;3.787;20
5.537;-9.704;-6.88;20
2.808;-2.358;4.05;20
-4.557;8.911;13.759;20
-6.31;9.643;9.097;20
-3.253;5.999;8.338;20
-0.602;1.589;7.2;20
-0.967;-4.617;0.286;20
-0.711;-7.532;-2.289;20
-1.703;-6.308;1.681;20
-5.741;-0.282;1.001;20
-5.278;2.591;1.056;20
-4.751;3.447;-0.005;20
-2.281;1.259;-6.292;20
0.474;-0.332;-9.2;20
3.422;-0.982;-4.746;20
4.118;-0.671;-0.102;20
3.279;0.107;2.366;20
2.152;1.415;3.215;20
1.505;1.746;3.131;20
0.063;0.924;2.662;20
-1.11;-0.407;0.42;20
-2.231;-0.16;-0.911;20
-3.149;-0.753;-1.895;20
-3.593;-2.943;-1.947;20
-4.565;-2.652;-2.85;20
-2.441;-1.471;-1.297;20
1.55;-2.514;-2.357;20
2.617;-3.63;-6.721;20
0.791;-3.092;-7.872;19
-2.775;-2.633;-9.303;20
-3.708;-3.655;-6.591;20
-2.177;-4.622;8.686;20
1.819;-6.031;13.167;20
5.052;-4.651;12.29;20
5.382;-0.715;9.877;20
4.197;2.941;5.501;20
2.424;3.831;-1.105;20
-1.95;3.35;-8.55;20
-5.996;2.705;-4.266;20
-5.074;2.971;2.99;20
-3.316;4.83;5.84;20
-0.482;6.874;4.519;20
1.747;7.395;5.163;20
2.755;7.11;4.353;20
3.455;6.574;3.011;20
3.188;6.512;2.46;20
2.076;6.77;1.874;20
0.644;5.2;-1.09;20
0.606;0.6;-7.784;20
1.757;-11.515;-27.618;20
4.64;-25.113;-24.028;20
-2.851;-3.947;-4.522;20
-0.158;4.639;1.583;20
1.211;7.048;3.994;20
2.469;4.899;6.615;20
4.232;-2.751;4.005;20
6.655;-15.038;-0.507;20
0.89;-4.906;5.793;20
-4.044;8.176;7.052;20
-2.388;7.512;7.518;20
0.331;3.379;8.115;20
0.812;0.926;6.095;20
-0.668;-1.358;2.548;20
-0.794;-3.636;-0.511;20
-1.974;-3.779;-0.71;20
-4.707;-0.406;0.275;19
-4.971;1.925;1.497;20
-5.39;3.414;-0.367;20
-3.947;0.703;-5.257;20
-1.169;-1.351;-8.284;20
1.916;-1.057;-5.352;20
3.083;-0.317;-2.115;20
3.5;0.433;1.128;20
1.858;1.424;2.413;20
-0.031;1.483;3.12;20
-1.445;0.669;0.438;20
-2.142;0.289;-1.196;20
-2.787;-1.587;-1.562;20
-4.241;-3.029;-1.794;20
-4.18;-1.692;-2.217;20
-0.106;-1.319;-0.095;20
3.069;-1.499;-2.423;20
3.086;-2.605;-6.303;20
0.496;-3.061;-7.713;20
-2.303;-4.295;-8.774;20
-3.415;-6.544;-6.836;20
-3.333;-5.191;8.077;20
2.465;-5.194;14.71;20
5.572;-4.491;11.554;20
4.83;-1.893;11.774;20
5.093;2.899;5.348;20
1.397;4.465;-1.97;20
-3.702;1.46;-14.578;20
-7.791;0.34;-3.737;20
-6.514;2.172;7.716;20
-2.773;5.627;6.147;20
0.323;7.325;6.419;20
2.231;8.311;6.02;20
3.173;8.353;4.837;20
4.458;8.044;3.481;20
3.779;8.528;3.329;20
2.622;7.215;2.756;19
2.471;4.256;-0.191;20
2.771;-0.721;-6.147;20
5.885;-11.777;-28.119;20
0.971;-22.007;-29.335;20
-5.897;-2.934;-1.978;20
-1.619;4.355;1.286;20
-0.717;6.871;4.51;20
2.83;3.055;7.923;20
5.327;-4.926;7.672;20
6.064;-13.402;-3.024;20
1.753;-3.12;-2.644;20
-1.529;7.684;4.659;20
-0.299;7.073;7.268;20
1.242;3.507;8.363;20
0.499;0.75;5.005;20
-1.662;-2.045;2.33;20
-2.342;-4.102;1.587;20
-3.149;-4.402;0.183;20
-6.055;-0.752;0.951;20
-6.367;2.145;2.049;20
-6.809;4.035;0.546;20
-4.789;1.536;-3.869;20
-1.498;-1.333;-6.348;20
2.409;-1.904;-7.568;20
4.319;0.163;-5.763;20
5.65;0.745;-0.052;20
3.52;1.263;3.028;20
-0.451;1.706;1.574;20
-2.471;1.13;0.053;20
-3.713;-1.067;-0.706;20
-5.213;-3.491;-0.546;20
-5.71;-2.36;-1.866;20
-1.969;-1.969;-3.291;20
2.764;-1.93;-5.668;20
2.521;-1.927;-9.078;20
-0.741;-3.522;-8.185;20
-1.919;-4.747;-4.906;20
-3.312;-5.47;1.092;19
-2.766;-5.483;12.937;20
2.644;-5.987;11.119;20
3.953;-5.555;11.988;20
3.739;-1.549;11.072;20
2.92;3.908;5.102;20
-1.267;3.972;-8.787;20
-1.027;0.382;-7.904;20
-2.371;2.002;1.922;20
-4.728;4.928;7.062;20
-2.415;6.134;3.514;20
-0.761;6.77;4.611;20
1.573;7.374;4.855;20
4.328;7.629;6.212;20
6.589;7.765;4.629;20
5.499;8.025;3.792;20
3.513;6.327;3.128;20
3.087;3.92;0.155;20
3.476;0.299;-3.143;20
3.152;-6.91;-8.13;20
4.219;-26.83;-53.99;20
-7.321;-8.427;-7.165;20
-6.072;4.046;5.634;20
-0.74;6.747;2.735;20
-0.599;6.991;3.662;20
-0.039;3.906;4.017;20
1.302;-4.338;2.06;20
5.837;-14.523;-1.966;20
4.504;-7.534;-3.394;20
-1.053;7.793;6.159;20
-0.24;8.732;6.471;20
0.685;6.703;6.323;20
0.928;3.406;6.013;20
-0.918;0.218;4.152;20
-0.707;-4.541;1.584;20
-1.14;-6.08;-1.498;20
-5.281;0.277;2.137;20
-5.053;3.575;2.492;19
-3.462;2.371;-3.568;20
-0.834;0.027;-9.251;20
2.43;-1.441;-6.211;20
3.233;-1.263;-2.85;20
2.697;-0.223;-0.716;20
1.4;0.634;-0.53;20
0.731;0.708;2.298;20
-0.392;0.986;4.689;20
-1.432;1.331;5.15;20
-1.789;1.471;2.797;20
-1.588;0.689;-1.047;20
-0.898;-2.227;-2.475;20
-1.749;-3.146;-2.302;20
-2.996;-2.152;-2.585;20
-1.738;-2.207;-0.929;20
-0.267;-3.746;-1.661;20
-0.55;-3.394;-4.51;20
-1.437;-2.48;-7.626;20
-3.336;-2.44;-9.424;20
-3.747;-3.067;-6.489;20
0.217;-3.458;4.478;20
4.279;-5.148;11.436;20
6.809;-6.841;12.574;20
6.275;-2.215;10.528;20
4.584;3.606;6.399;20
2.825;5.148;-1.055;20
-1.641;3.339;-8.69;20
-5.566;0.833;-8.305;20
-8.584;1.344;2.819;20
-4.363;4.537;6.078;20
-0.828;7.233;4.344;20
1.407;7.85;4.302;20
2.147;7.824;4.819;20
2.929;6.889;3.49;20
3.012;6.15;2.161;20
1.947;5.804;0.912;20
-0.33;5.062;-1.608;20
-0.988;2.702;-5.772;19
0.752;-2.217;-12.599;20
4.666;-16.209;-23.071;20
1.978;-13.157;-13.647;20
0.208;-0.784;-2.658;20
4.598;1.549;3.324;20
7.487;-1.197;4.488;20
8.376;-6.96;-5.438;20
7.294;-8.228;-2.373;20
-1.701;3.835;13.517;20
-9.893;11.245;14.918;20
-6.66;9.22;9.124;20
-3.193;4.819;8.554;20
-1.65;0.104;4.926;20
-2.238;-6.816;-3.0;20
-0.099;-10.813;-1.489;20
-3.71;-6.216;1.512;20
-7.277;1.636;2.361;20
-6.111;4.416;1.41;20
-3.947;2.563;-4.769;20
-0.482;0.263;-10.845;20
3.626;-0.366;-7.383;20
5.634;-1.352;-2.494;20
5.447;-1.102;-0.419;20
3.756;0.82;-1.162;20
1.538;1.473;0.992;20
-1.398;1.1;2.811;20
-2.442;0.689;1.991;20
-2.823;0.296;1.074;20
-3.586;0.419;0.065;20
-4.231;-0.482;0.778;20
-4.52;-1.439;1.02;20
-1.971;-1.723;0.239;20
3.084;-3.284;-0.627;20
5.256;-5.006;-5.271;20
0.836;-3.744;-6.57;20
-3.564;-4.136;-4.661;20
-7.541;-3.224;-3.378;20
-4.236;-0.004;0.892;20
2.473;-0.532;1.019;20
5.154;-4.172;5.474;19
6.586;-4.615;10.252;21
1.496;1.177;11.682;20
3.108;4.536;9.216;19
1.687;6.012;-1.986;20
-1.177;3.007;-10.931;20
-1.474;-0.192;-5.694;20
-2.979;0.069;0.809;20
-3.495;2.745;5.573;20
-0.453;4.188;2.076;20
1.019;4.654;2.758;20
1.674;6.058;3.461;20
2.015;6.805;3.804;20
2.366;6.425;2.353;20
1.838;5.957;1.224;20
1.43;5.191;-0.136;20
1.713;3.636;-2.651;20
1.467;0.816;-6.767;20
0.454;-2.425;-13.598;20
-1.079;-6.315;-14.69;20
-4.067;-8.534;-8.098;20
-3.955;-6.582;-7.515;20
1.063;-1.018;-2.311;20
4.982;0.659;3.092;20
5.575;-0.97;5.136;20
7.37;-7.971;-0.856;20
7.288;-9.423;-7.084;20
3.925;-0.05;7.737;20
-4.014;10.269;12.087;20
-4.143;9.706;9.326;20
-2.788;6.074;9.231;20
-2.664;2.163;6.033;20
-2.881;-4.064;-0.788;20
-1.553;-7.85;0.892;20
-2.261;-7.039;3.235;20
-6.49;-0.128;0.459;20
-4.316;3.064;1.213;20
-2.968;2.619;-2.463;20
0.023;-0.377;-10.225;19
3.208;-1.424;-10.073;20
5.003;-1.452;-4.511;20
4.418;-0.484;0.19;20
1.753;1.382;2.465;20
-0.121;1.834;5.678;20
-1.36;2.023;4.948;20
-0.803;1.602;2.018;20
-0.261;0.204;0.386;20
-1.249;0.2;-0.787;20
-2.533;-0.59;-1.591;20
-2.981;-2.551;-1.677;20
-3.102;-2.674;-2.549;20
-1.561;-2.121;-0.678;20
0.817;-3.694;-1.595;20
0.06;-3.686;-5.081;20
-2.568;-2.98;-5.789;20
-4.948;-3.59;-6.104;20
-5.644;-2.311;-2.002;20
1.022;-1.136;2.916;20
4.728;-4.312;5.141;20
8.217;-7.663;9.609;20
6.102;-3.214;11.361;20
3.87;3.26;11.29;20
3.194;5.355;-0.593;20
-0.598;4.433;-8.709;20
-2.869;1.408;-7.646;20
-5.969;1.055;-0.346;20
-6.637;3.813;5.917;20
-2.215;6.057;3.936;20
0.502;6.259;4.111;20
1.135;6.667;4.002;20
1.925;6.232;4.078;20
2.532;5.802;3.17;20
2.612;5.49;1.98;20
1.408;5.018;0.905;20
0.939;3.411;-0.781;20
1.257;0.162;-4.277;19
2.266;-7.261;-19.462;20
2.056;-17.703;-25.669;20
-3.643;-8.637;-9.792;20
-1.489;0.887;-1.777;20
1.112;4.418;3.19;20
2.398;4.753;6.502;20
1.195;1.023;7.352;20
1.235;-6.989;6.417;20
1.577;-9.946;-2.343;20
3.34;-1.97;1.04;20
1.281;6.74;5.18;20
2.704;5.619;5.611;20
3.093;3.581;5.673;20
1.574;2.15;3.271;20
-1.089;0.561;0.999;20
-1.055;-3.184;1.385;20
-2.21;-4.921;0.604;20
-6.179;-0.871;2.381;20
-6.724;2.014;3.888;20
-6.455;3.258;1.333;20
-4.741;0.671;-2.662;20
-0.877;-1.992;-8.36;20
2.831;-1.402;-8.144;20
4.296;-0.713;-3.963;20
2.63;0.745;0.342;20
0.927;1.473;6.841;20
-0.649;2.103;3.681;20
0.006;1.576;2.579;20
-0.638;0.349;-0.627;20
-1.311;-0.89;-2.116;20
-2.618;-1.879;-3.669;20
-4.464;-1.632;-4.277;20
-4.239;-0.846;-0.445;20
-0.777;-1.793;3.2;20
3.101;-2.103;1.218;20
4.508;-3.157;-3.525;20
0.604;-4.072;-5.49;19
-2.502;-2.377;-6.26;20
-4.478;-2.0;-6.659;20
-5.467;-1.53;-3.971;20
-1.549;-1.184;1.346;20
3.12;-4.281;6.461;20
6.893;-7.193;11.003;20
7.226;-4.192;10.38;20
5.075;2.33;9.078;20
3.821;4.156;1.624;20
-0.23;4.499;-3.231;20
-4.473;2.251;-9.452;20
-6.34;1.302;-5.063;20
-5.64;2.473;4.924;20
-2.676;5.036;5.43;20
0.777;5.996;4.902;20
2.614;5.992;4.641;20
2.997;5.841;4.667;20
3.615;5.818;2.92;20
3.568;6.09;1.879;20
2.865;5.527;0.876;20
0.85;4.014;-1.693;20
-0.216;1.04;-6.677;20
-0.064;-3.991;-15.983;20
4.367;-11.859;-21.51;20
-1.888;-11.709;-15.619;20
-5.379;-3.775;-3.887;20
-0.715;2.127;0.733;20
3.289;3.896;5.297;20
6.026;0.629;6.243;20
7.351;-4.749;-1.662;20
7.867;-7.319;-1.227;20
3.441;-0.691;8.196;20
-2.945;7.278;10.069;20
-3.628;7.554;8.178;20
-3.595;3.956;7.901;20
-4.515;-1.87;3.773;20
-5.112;-6.211;1.376;20
-5.24;-4.047;0.902;19
-5.495;-1.953;2.16;21
-5.761;0.589;2.077;19
-5.553;2.975;-0.516;20
-1.373;2.009;-2.856;20
2.658;-1.069;-5.936;20
5.624;-2.811;-6.878;20
6.093;-1.036;-5.137;20
5.181;1.354;-2.174;20
3.606;1.335;0.379;20
2.748;0.161;0.089;20
0.987;-0.192;1.432;20
-2.206;-0.082;2.084;20
-3.533;0.157;2.758;20
-3.809;0.113;1.802;20
-4.486;1.147;0.331;20
-4.013;1.37;-0.93;20
-3.04;0.132;0.107;20
-0.807;-0.333;2.168;20
1.72;-0.711;1.37;20
2.11;-1.389;-0.031;20
2.915;-3.502;-1.249;20
1.261;-3.705;-4.1;20
-1.063;-2.764;-5.271;20
-3.204;-3.069;-6.906;20
-5.634;-2.794;-5.746;20
-3.821;-0.724;-1.085;20
0.412;-1.045;-0.92;20
3.313;-2.77;4.593;20
6.479;-4.806;11.065;20
5.766;-2.306;10.97;20
4.412;2.112;9.496;20
3.72;3.787;-0.149;20
-0.874;4.623;-3.41;20
-5.419;1.255;-9.652;20
-5.609;-0.406;-3.604;20
-1.963;0.635;2.458;20
-0.526;3.366;3.795;20
0.997;4.985;3.982;19
1.515;5.987;3.983;20
2.234;6.74;3.216;20
2.231;7.014;1.989;20
1.874;6.552;1.128;20
1.028;5.516;-0.782;20
-0.295;4.2;-2.638;20
-0.737;3.114;-5.029;20
0.637;-0.631;-9.679;20
1.894;-9.272;-14.607;20
1.357;-14.538;-12.264;20
-0.349;-6.231;-9.433;20
1.143;1.17;-0.227;20
2.366;1.923;5.337;20
1.627;-0.937;3.952;20
3.579;-6.985;-2.199;20
4.001;-5.162;1.489;20
0.939;4.271;8.182;20
-2.065;7.792;6.821;20
-1.911;6.299;8.045;20
-2.045;3.819;8.204;20
-3.067;-1.638;3.251;20
-2.387;-6.383;0.164;20
-4.287;-5.605;4.056;20
-5.641;-3.097;1.999;20
-5.838;1.142;-3.825;20
-3.456;2.864;-5.112;20
0.25;1.8;-6.938;20
3.454;-0.407;-5.323;20
5.645;-1.28;-2.188;20
4.633;-0.279;-0.137;20
3.047;0.564;1.118;20
2.184;1.119;0.688;20
0.724;1.037;1.839;20
-0.748;0.556;2.947;20
-1.882;0.395;4.369;20
-2.274;0.941;4.687;20
-2.173;1.502;2.659;20
-1.917;-0.695;-0.377;19
-0.645;-2.793;-1.669;20
0.397;-2.418;-1.588;20
-1.103;-1.385;-1.204;20
-0.8;-1.825;-0.379;20
0.778;-3.02;-2.505;20
0.618;-3.447;-4.088;20
-1.523;-2.257;-5.427;20
-3.849;-1.661;-7.021;20
-3.525;-1.178;-5.973;20
0.008;-2.143;-2.819;20
2.792;-3.218;4.598;20
5.524;-4.239;13.987;20
5.294;-1.729;12.24;20
3.934;2.312;7.686;20
2.418;4.113;-0.009;20
-1.18;4.545;-3.234;20
-4.775;2.546;-6.707;20
-4.484;1.234;-3.826;20
-2.718;1.054;0.108;20
-1.836;2.585;3.346;20
0.226;3.914;4.088;20
1.499;4.833;4.163;20
2.032;5.357;3.432;20
1.831;5.986;2.566;20
1.62;5.835;1.794;20
1.138;5.105;-0.383;20
-1.325;3.718;-3.565;20
-1.471;1.324;-7.119;20
1.934;-3.453;-12.682;20
4.971;-10.53;-15.136;20
0.858;-10.511;-11.252;20
-0.708;-5.098;-7.034;20
3.652;0.472;1.611;20
4.747;0.867;5.149;20
4.16;-3.068;7.188;20
-0.601;-8.303;-4.846;20
-0.921;-0.75;3.267;19
-2.075;8.764;10.783;20
-2.285;9.589;8.997;20
0.81;5.777;9.021;20
1.961;1.999;6.506;20
0.525;-0.513;1.001;20
-1.908;-6.914;-1.841;20
-1.914;-10.603;0.32;20
-6.349;-3.893;2.942;20
-6.982;1.523;1.925;20
-7.282;4.369;-1.064;20
-5.303;3.493;-6.434;20
-1.449;1.133;-7.696;20
2.396;-1.147;-3.056;20
5.72;-2.394;-0.353;20
7.209;-0.877;-1.562;20
6.32;1.062;-1.974;20
2.936;1.094;0.855;20
-0.933;0.05;1.069;20
-3.067;-0.308;2.318;20
-3.91;0.235;2.54;20
-4.136;1.022;0.843;20
-4.229;0.162;-0.382;20
-3.442;-1.231;-0.023;20
-1.388;-1.756;0.2;20
-0.55;-1.553;-0.218;20
1.178;-3.158;-1.417;20
1.702;-3.298;-4.036;20
-0.271;-2.17;-5.582;20
-3.598;-2.055;-6.472;20
-6.335;-2.054;-3.321;20
-3.203;-1.04;1.538;20
3.237;-1.82;2.759;20
7.346;-4.947;9.039;20
8.227;-4.032;9.033;20
5.825;1.246;7.957;20
5.098;3.128;3.351;20
1.374;4.317;-1.373;20
-2.833;3.3;-3.77;19
-5.555;0.567;-8.049;20
-5.973;0.363;-0.481;20
-2.703;1.859;4.51;20
0.464;4.652;4.317;20
1.726;5.842;3.961;20
1.945;6.327;3.815;20
2.169;6.661;3.364;20
2.511;6.358;2.261;20
1.987;5.524;0.982;20
0.873;4.555;-0.764;20
-0.204;2.687;-3.804;20
-0.663;-0.477;-7.578;20
0.718;-7.72;-16.442;20
-0.661;-15.849;-18.15;20
-3.135;-9.942;-10.984;20
-0.275;0.23;-2.028;20
2.84;4.502;4.346;20
3.622;3.971;7.678;20
3.068;-0.251;6.575;20
4.036;-6.045;2.459;20
4.044;-6.178;0.711;20
1.604;1.532;5.778;20
-0.756;6.395;5.007;20
-0.316;4.519;5.428;20
-0.213;1.25;5.214;20
-1.192;-1.584;2.482;20
-2.279;-2.4;1.864;20
-3.868;-2.58;2.39;20
-5.409;-2.148;4.986;20
-6.657;0.563;0.986;20
-6.538;3.883;-0.457;20
-3.679;2.831;-2.4;20
0.069;-0.675;-4.834;20
3.576;-2.518;-6.72;20
4.595;-1.534;-7.182;20
4.369;-0.312;-3.579;20
2.743;0.203;1.505;20
-0.326;0.229;3.065;20
-2.442;0.064;1.207;19
-2.708;0.12;-0.262;20
-3.708;0.986;-1.008;20
-3.912;-0.179;-1.869;20
-2.54;-1.174;-3.101;20
-0.011;-2.09;-2.068;20
1.207;-2.559;-0.198;20
1.786;-3.008;-1.408;20
1.424;-3.371;-4.81;20
-0.464;-2.78;-8.887;20
-3.956;-3.533;-12.517;20
-5.251;-5.217;-1.029;20
-2.481;-5.321;14.701;20
5.018;-5.868;16.02;20
8.454;-3.587;11.718;20
5.373;2.613;6.412;20
4.068;4.161;-0.757;20
-1.943;5.082;-1.382;20
-7.805;3.355;-10.831;20
-5.043;2.175;-2.579;20
-1.765;4.793;6.155;20
-0.056;6.982;5.743;20
1.583;6.957;4.902;20
2.27;6.869;4.695;20
3.158;6.76;4.281;20
3.756;6.298;3.951;20
3.679;5.071;2.044;20
2.08;3.915;-0.656;20
1.208;1.402;-4.63;20
1.373;-3.378;-10.778;20
3.668;-13.743;-23.16;20
-0.551;-16.385;-18.477;20
-4.298;-2.918;-6.615;20
-0.459;4.546;1.228;20
2.164;5.902;7.449;20
3.271;2.511;7.216;20
3.289;-3.112;5.108;20
3.464;-10.645;-2.81;20
1.97;-6.745;1.41;20
-1.465;5.48;4.529;19
-1.336;7.378;5.008;20
0.014;4.743;6.429;20
0.105;1.444;5.818;20
-1.404;-0.9;5.535;20
-2.711;-2.297;4.434;20
-3.451;-2.886;2.481;20
-4.631;-1.198;0.943;20
-4.662;2.188;0.896;20
-4.496;3.646;-0.737;20
-2.67;1.199;-1.977;20
-0.751;-2.164;-4.266;20
1.775;-2.361;-7.618;20
3.111;0.035;-7.563;20
3.806;0.947;-1.624;20
2.481;0.513;2.814;20
-0.029;0.36;3.552;20
-1.365;0.532;0.435;20
-1.845;0.384;-0.73;20
-2.645;-1.035;-1.039;20
-3.275;-2.565;-0.865;20
-4.13;-2.009;-3.582;20
-2.332;-1.86;-1.761;20
1.292;-2.385;-1.682;20
2.003;-2.741;-6.742;20
0.191;-1.993;-9.237;20
-2.75;-2.792;-10.494;20
-2.896;-5.335;-2.289;20
-1.931;-5.92;10.454;20
3.102;-6.679;14.296;20
5.862;-5.67;13.753;20
4.308;-0.206;12.499;20
4.175;4.531;1.937;20
1.496;3.783;-7.498;20
-2.91;1.695;-12.819;20
-5.843;2.36;1.624;20
-5.275;4.886;7.109;20
-2.275;7.463;5.511;20
0.549;8.294;6.267;19
2.277;8.145;5.686;20
3.536;7.579;4.452;20
4.387;6.789;3.539;20
3.549;6.879;2.647;20
1.663;6.239;1.103;20
1.51;3.071;-2.106;20
2.357;-5.267;-10.827;20
5.186;-28.667;-43.666;20
-0.909;-13.583;-12.544;20
-1.833;5.158;2.698;20
-0.795;8.121;2.537;20
-0.478;7.818;5.149;20
2.162;3.871;11.145;20
5.552;-5.094;9.333;20
7.235;-15.895;0.891;20
0.777;-5.051;-1.353;20
-1.677;6.687;1.57;20
-2.167;6.032;2.483;20
-2.354;2.964;4.44;20
-3.549;1.48;5.12;20
-5.534;-0.581;10.779;20
-5.804;-3.329;5.457;20
-5.846;-2.381;4.221;20
-4.956;1.983;-1.975;20
-2.884;2.99;-4.581;20
2.559;-0.876;-6.435;20
5.615;-2.227;-10.306;20
5.597;-0.816;-8.619;20
3.334;0.906;-1.596;20
1.818;0.57;3.729;20
-0.3;-0.084;4.089;20
-1.923;0.832;0.907;20
-2.342;1.268;-0.935;20
-3.17;0.224;-1.909;20
-3.786;-2.823;-2.891;20
-4.495;-3.322;-5.438;20
-3.087;-1.808;-4.907;19
0.517;-2.724;-0.678;20
1.044;-2.654;-3.763;20
-1.078;-2.344;-3.738;20
-3.018;-3.265;-3.668;20
-2.181;-4.273;-0.834;20
3.682;-4.905;4.287;20
7.359;-5.418;10.676;20
4.474;-1.261;11.927;20
1.361;2.492;11.491;20
4.089;4.576;3.203;20
-0.118;5.978;-3.321;20
-2.402;2.931;-10.361;20
-4.238;1.021;-3.161;20
-5.416;2.556;5.171;20
-2.082;4.36;4.397;20
0.895;5.45;3.387;20
1.982;5.996;3.717;20
2.258;6.215;3.941;20
2.889;6.248;3.272;20
2.619;6.329;2.827;20
2.059;5.931;1.77;20
2.163;3.997;-1.016;20
2.805;-0.075;-6.244;20
2.338;-8.914;-21.505;20
-0.498;-19.985;-26.993;20
-4.256;-4.776;-4.976;20
-0.405;3.44;1.945;20
2.687;4.592;5.271;20
1.612;3.303;5.325;20
1.686;-2.414;4.165;20
2.75;-12.787;-0.032;20
2.042;-7.878;-0.284;20
-1.611;7.138;4.582;20
0.324;7.315;5.986;20
1.21;4.34;6.329;20
0.819;1.515;4.902;20
-0.901;-0.769;4.904;20
-1.653;-2.641;4.682;19
-2.213;-3.282;2.48;20
-4.519;0.51;0.787;20
-4.423;2.478;-0.255;20
-3.216;2.532;-1.407;20
-1.502;0.158;-2.906;20
0.073;-1.596;-5.918;20
2.416;-1.321;-7.355;20
2.828;0.085;-5.447;20
2.197;0.106;-0.652;20
0.43;0.225;2.758;20
-1.152;0.829;2.678;20
-1.579;0.839;1.11;20
-1.782;0.825;0.065;20
-1.954;0.169;-0.428;20
-2.031;-1.005;0.002;20
-2.437;-1.208;-0.839;20
-2.945;-0.878;-3.61;20
-2.801;-1.048;-3.193;20
-0.7;-1.812;-2.012;20
0.415;-1.935;-2.885;20
1.322;-4.995;-5.201;20
2.018;-4.617;-5.421;20
4.039;-2.016;-0.268;20
6.043;-2.508;5.564;20
7.028;-2.384;9.275;20
6.542;0.107;8.916;20
6.616;1.23;2.422;20
0.74;3.254;0.647;20
-5.815;2.817;3.511;20
-10.563;2.511;-1.624;20
-5.415;2.236;-4.298;20
2.128;2.748;0.702;20
2.268;4.372;1.384;20
1.85;5.014;1.83;20
1.128;5.34;2.015;20
0.329;5.325;2.812;20
0.573;4.769;4.421;20
2.215;2.672;3.31;20
2.439;1.281;0.433;19
1.568;-0.645;-1.957;20
1.717;-3.487;-3.558;20
-1.231;-2.303;-7.147;20
-2.379;-1.603;-8.866;20
-2.917;-4.081;-7.739;20
-6.988;-4.744;-2.853;20
-7.474;-2.013;-7.175;20
-3.064;0.361;-1.22;20
1.136;-0.007;2.412;20
2.232;-2.084;1.58;20
2.584;-7.823;-2.676;20
4.863;-12.15;-1.256;20
4.114;-1.659;1.53;20
-0.637;11.34;2.806;20
-5.848;17.267;10.021;20
1.026;3.281;16.372;20
6.362;-3.827;12.464;20
1.736;-0.075;5.294;20
-0.412;-2.588;1.089;20
-4.433;-4.113;-2.84;20
-3.237;-4.46;-5.831;20
-0.512;-2.277;-6.545;20
0.558;0.735;-5.002;20
0.719;3.113;-1.997;20
0.286;3.741;-3.431;20
-0.083;3.021;-3.674;20
1.811;0.377;-0.245;20
3.063;-1.671;14.909;20
2.472;0.354;2.073;20
2.126;1.257;0.932;20
0.926;-0.779;1.855;20
-1.359;-1.604;-1.295;20
-2.824;-1.088;-4.675;20
-1.567;0.085;-2.766;20
-0.848;0.435;-3.309;20
-0.797;-0.587;-2.443;20
-0.235;-1.048;-0.073;20
-1.594;0.146;1.742;19
0.37;0.022;4.03;20
1.383;-1.831;2.506;20
-2.516;0.216;1.658;20
-1.917;0.23;-0.437;20
-0.529;0.428;1.107;20
-1.87;-0.017;0.004;20
0.93;-2.528;-2.062;20
-2.528;-2.701;-3.094;20
-7.322;-1.819;-1.988;20
-8.316;-1.38;-0.726;20
-4.301;-0.636;-3.947;20
2.684;-2.579;-9.964;20
5.91;-5.439;-5.764;20
1.745;-2.461;2.555;20
-1.495;-2.045;0.818;20
0.811;-0.434;-1.02;20
3.309;2.243;2.971;20
5.749;4.046;2.894;20
4.582;7.912;0.847;20
1.804;8.127;1.323;20
-3.858;6.281;-1.674;20
-8.256;6.858;0.634;20
-7.385;5.496;-1.044;20
-3.491;1.883;-1.874;20
-3.316;0.311;-2.035;20
-2.87;-0.953;-1.368;20
-1.816;-1.801;-0.336;20
-1.272;-1.885;0.136;20
-0.984;-1.518;-0.167;20
-1.61;-1.424;-0.514;20
-3.024;-3.017;1.105;20
-7.293;-3.657;-2.104;20
-2.037;-2.788;-1.205;20
0.931;0.711;0.729;20
0.245;2.663;-0.704;20
-0.455;5.471;-0.74;20
-0.739;5.045;-0.402;20
-0.684;3.51;0.229;20
-0.992;0.454;-0.059;20
-1.999;-0.759;0.593;19
-2.371;-2.813;0.586;20
1.482;-3.499;0.762;20
-2.416;-1.118;2.498;20
-0.36;-1.26;1.697;20
-1.625;1.512;0.469;20
-0.875;1.277;0.679;20
-0.368;-1.108;0.403;20
-1.371;-0.689;1.064;20
-3.188;1.429;2.748;20
-3.44;1.929;2.15;20
-2.751;0.938;2.202;20
-3.0;1.727;2.398;20
-3.883;1.979;2.075;20
-4.225;2.971;2.933;20
-4.387;3.675;4.81;20
-4.0;3.665;6.591;20
-2.322;3.302;9.27;20
-1.24;3.228;11.007;20
0.569;1.603;9.182;20
3.759;0.33;7.383;20
5.597;-0.06;5.468;20
5.173;0.433;2.851;20
4.066;1.058;0.345;20
3.305;1.534;-1.364;20
3.336;1.501;-2.126;20
3.46;1.402;-1.337;20
3.284;1.472;-1.877;20
1.723;2.349;-2.569;20
0.743;2.981;-3.614;20
0.955;3.186;-2.873;20
1.522;3.265;-1.561;20
1.786;3.098;-0.682;20
-3.554;3.752;6.961;20
0.703;2.273;3.45;20
3.782;1.283;2.652;20
4.442;1.23;-1.101;20
2.705;2.029;-0.21;20
2.956;2.641;1.133;20
2.778;3.031;0.292;19
1.571;3.258;1.995;20
1.152;2.901;2.686;20
0.902;3.116;1.754;20
0.357;3.852;0.824;20
-0.026;4.731;1.619;20
0.016;4.58;1.762;20
0.653;3.961;1.115;20
1.54;3.305;0.781;20
2.022;3.144;0.246;20
2.611;2.197;0.64;20
2.009;0.997;0.512;20
1.06;0.779;0.296;20
0.426;0.949;0.07;20
0.689;0.791;0.355;20
0.162;0.998;0.414;20
-0.09;0.992;0.54;20
-0.205;0.999;0.37;20
-0.432;1.174;0.443;20
-0.43;1.023;0.285;20
-0.253;0.989;-0.182;20
-0.133;0.785;-0.365;20
-0.261;0.756;-0.187;20
-0.237;0.734;-0.383;20
-0.075;0.512;-0.438;20
-0.214;0.625;-0.358;20
-0.364;0.649;-0.168;20
-0.207;0.513;0.154;20
-0.191;0.529;0.047;20
-0.142;0.514;-0.115;20
-0.325;0.52;-0.16;20
-0.368;0.468;-0.297;20
-0.121;0.208;0.038;20
-0.006;-0.037;0.503;20
0.012;0.052;0.085;20
-0.16;0.215;0.245;20
-0.302;0.212;0.862;20
-0.004;0.11;0.528;20
-0.252;0.361;-1.592;20
0.082;-0.042;-0.232;19
-0.375;0.171;1.48;20
-0.059;0.264;0.8;20
-0.071;0.405;-0.905;20
0.404;0.059;-1.248;20
0.278;-0.046;-0.151;20
-0.17;0.003;0.507;20
-0.131;0.083;0.19;20
0.107;0.113;-0.209;20
0.236;0.056;-0.402;20
0.016;0.127;-0.386;20
-0.118;0.122;-0.371;20
-0.205;0.165;-0.298;20
-0.19;0.136;-0.198;20
-0.254;0.146;-0.114;20
-0.412;0.169;0.209;20
-0.372;0.193;0.153;20
-0.214;0.204;-0.139;20
-0.365;0.28;0.147;20
-0.366;0.222;0.258;20
-0.338;0.211;0.033;20
-0.349;0.229;-0.137;20
-0.193;0.113;-0.251;20
-0.116;0.091;-0.331;20
-0.13;0.081;-0.316;20
-0.41;0.181;-0.067;20
-0.406;0.203;-0.329;20
-0.347;0.19;-0.496;20
-0.681;0.28;-0.215;20
-0.568;0.202;-0.076;20
-0.542;0.29;-0.798;20
-0.501;0.292;-0.924;20
-0.49;0.196;0.117;20
-0.502;0.111;0.388;20
-0.485;0.083;0.823;20
-0.371;0.257;-0.195;20
-0.297;0.239;-1.111;20
-0.461;0.21;-0.521;20
-0.639;0.227;-0.236;19
-0.592;0.262;-0.365;20
-0.187;0.15;-0.602;20
-0.009;0.07;-0.571;20
-0.181;0.094;-0.295;20
-0.28;0.101;-0.104;20
-0.296;0.151;0.012;20
-0.217;0.138;0.092;20
-0.17;0.128;0.122;20
-0.165;0.102;0.241;20
-0.056;0.051;0.263;20
-0.023;-0.027;0.264;20
-0.039;-0.053;0.147;20
0.094;-0.136;0.038;20
0.083;-0.158;-0.09;20
0.047;-0.132;-0.102;20
-0.039;-0.069;-0.049;20
-0.012;-0.045;0.04;20
0.041;-0.058;0.02;20
0.004;-0.013;0.075;20
0.048;-0.039;0.062;20
0.033;-0.085;0.048;20
-0.098;-0.028;0.027;20
-0.03;-0.069;0.086;20
-0.013;-0.043;-0.011;20
-0.068;-0.02;0.035;20
-0.054;-0.018;-0.07;20

# Completed @Tue Jan 26 20:30:18 GMT+02:00 2021
