# Accelerometer Data File
# Started @Sun Jan 24 21:08:29 GMT+02:00 2021
#
#
# sensor Vendor: BOSCH
# sensor Name: BMI160 Accelerometer Non-wakeup
# sensor Resolution: 0.0023928226m/sec^2; Max Range: 78.4532; Min Delay: 2500 microseconds
# The sensor's attributes are the result hardware and the Android capabilities.
# It means that the Android may not utilize all features provided by the hardware.
#
# Some devices and Android versions save battery too much so the device may go to sleep.
# It just happens after couple of minutes from turning off the scree and it is easy to find it out.
#
# The following file provides the data from accelerometer in the m/s^2 format.
# The diff value is just a time delta between the samples
#
#
# data format:
# so we have 4 columns with values separated by the " "
# X Y Z time_from_previous_sample(ms)

# sensor speed set to:NORMAL
# units set to: m/sec^2
# gravity  filtered out
# Accuracy: HIGH
-1.021 4.065 7.809 0
-0.64 3.503 7.391 20
-0.363 3.096 6.598 20
-0.076 2.841 5.586 20
0.047 2.455 5.122 20
-0.054 2.313 4.461 20
-0.1 2.295 3.836 21
-0.097 2.126 3.101 20
-0.238 2.049 2.431 20
-0.49 1.549 1.936 20
-0.413 1.047 3.499 20
-0.32 0.944 2.724 20
-0.299 1.24 0.816 21
-0.318 1.526 -0.127 20
-0.743 0.603 2.105 20
-0.738 -1.312 5.887 20
-0.824 -0.575 4.074 20
-0.858 1.37 0.038 21
-0.619 0.946 -0.329 20
-1.361 0.185 2.788 20
-1.87 0.822 2.132 20
0.041 0.166 0.008 20
0.656 0.352 -2.18 20
-0.668 -0.012 0.756 21
-0.534 -1.408 3.073 20
-0.67 -0.739 1.483 20
-1.276 1.091 0.811 20
-1.403 0.773 -0.209 20
-0.723 0.961 0.093 20
0.109 -0.072 -0.885 21
0.441 -0.815 0.347 20
-0.064 -0.065 0.485 20
-0.29 0.264 0.143 20
-0.63 0.543 -2.048 20
-1.237 1.065 -1.166 21
-1.56 0.853 1.218 20
-1.289 0.916 2.105 20
-0.938 0.971 1.159 20
0.243 -0.205 -4.016 20
-0.405 -0.439 -3.42 20
-1.99 0.865 -1.312 21
-3.751 0.822 2.22 20
-3.119 0.069 0.381 20
-2.012 -0.237 -0.353 20
-2.192 -0.021 1.95 20
-2.915 0.243 1.177 20
-3.458 0.734 -0.332 21
-1.573 -0.291 3.932 20
1.087 -2.651 2.834 20
0.307 -3.281 0.933 20
-1.262 -1.372 2.384 20
-1.681 -0.487 -0.238 21
-0.034 -0.261 -3.45 20
0.997 0.467 -5.406 20
2.669 0.232 -6.228 20
3.508 0.05 -5.217 20
0.577 0.476 -2.653 20
-2.884 -2.24 3.376 21
-1.647 -2.977 -0.701 20
1.526 0.366 1.054 20
1.365 -0.683 3.43 20
0.351 -0.018 3.684 20
0.208 -1.186 2.141 20
-0.215 -1.544 -0.021 21
3.41 -2.278 2.696 20
4.294 -2.621 1.48 20
3.64 -2.45 2.102 20
5.066 -3.276 3.045 20
4.43 -2.716 0.099 21
3.366 -0.948 -1.326 20
2.947 -0.5 0.925 20
6.531 -2.608 2.242 20
10.233 -3.101 3.202 20
9.099 -2.649 2.534 20
4.602 -1.929 0.623 21
3.213 -1.426 -0.389 20
0.153 0.055 -2.215 20
-1.78 -0.562 -0.092 20
-0.871 -2.72 0.636 20
-0.588 -3.815 -0.498 20
-1.6 -5.893 -1.793 21
-3.721 -4.603 -0.57 20
-3.554 -4.201 -0.703 20
1.037 -5.609 -3.244 20
4.635 -4.727 -6.326 20
6.28 -0.356 -8.759 21
5.035 3.632 -7.02 20
4.193 3.966 -0.502 20
10.824 3.737 3.152 20
14.797 -3.33 -5.758 20
3.741 -0.916 -11.272 20
-4.137 3.301 -9.479 21
-1.632 1.929 -5.446 20
2.495 0.268 -5.033 20
6.738 1.375 -5.502 20
3.611 4.116 -3.902 20
2.081 3.008 0.983 20
5.51 1.25 1.822 21
5.573 1.463 2.619 20
4.811 2.0 3.517 20
5.524 0.755 -0.299 20
4.457 1.022 -1.717 20
3.196 2.075 0.396 21
2.299 2.087 0.13 20
0.046 0.579 -6.145 20
-3.23 0.333 -6.856 20
-4.681 1.425 -3.829 20
-1.596 0.213 -3.255 20
-2.309 -0.215 -1.2 21
-1.531 -2.248 2.321 20
0.493 -3.135 1.507 20
-0.371 -0.94 -6.294 20
-4.126 2.405 -8.698 20
-2.913 -0.463 1.31 20
-2.137 -1.361 2.845 21
-1.71 -0.886 -6.278 20
-3.554 -0.629 -6.204 20
-11.249 0.31 2.349 20
0.598 0.206 -8.895 20
13.392 -9.003 -0.826 20
3.119 -7.516 17.329 21
-2.645 -9.91 10.907 20
-2.479 -6.717 -8.64 20
-0.746 -3.525 -11.538 20
-7.311 -4.294 -2.224 20
-6.707 -4.664 -0.529 21
-1.197 -3.777 -3.66 20
1.742 -4.456 0.499 20
-0.287 -4.435 1.829 20
-3.751 -0.251 -3.014 20
-2.154 -0.183 -3.504 20
-0.489 -2.003 -3.216 21
0.604 -2.392 -2.746 20
-1.406 -1.191 0.029 20
-2.613 -0.5 2.102 20
-3.089 7.681 2.314 20
-4.179 9.105 -0.451 20
-1.873 0.144 -0.652 21
-3.757 -0.82 -0.436 20
-2.715 -2.415 0.262 20
-1.519 -0.248 0.148 20
-1.509 2.005 1.42 20
-3.051 -2.067 5.825 20
-4.479 -13.759 -2.984 21
-2.505 -17.951 -8.33 20
-4.119 -2.046 -3.306 20
-5.44 6.549 6.243 20
-4.398 -0.957 5.705 20
-3.07 -7.922 -3.752 21
-5.426 -7.97 -7.606 20
-5.116 1.135 0.113 20
-3.462 7.028 7.356 20
0.986 5.35 -0.508 20
2.474 0.663 -6.738 20
0.776 -2.112 -2.047 21
-1.543 -1.623 1.897 20
-0.53 -0.663 -1.105 20
1.292 -0.396 -3.431 20
1.193 0.429 -3.476 20
0.567 1.712 -3.637 20
-0.401 2.802 -3.437 21
-1.887 2.613 -0.023 20
-3.154 2.172 5.446 20
-5.404 5.126 0.533 20
-1.056 3.204 -5.25 20
3.289 0.132 -9.379 21
2.253 0.52 -2.454 20
0.144 2.309 1.925 20
-1.28 3.801 -1.518 20
-2.693 3.623 -1.972 20
-2.829 2.446 -0.28 20
-2.518 2.331 -2.242 21
-2.152 3.152 -2.8 20
-1.212 3.805 -0.461 20
-1.421 4.136 0.062 20
-1.566 4.252 -0.111 20
-0.208 4.278 0.725 20
0.439 4.354 1.306 21
0.033 4.488 1.893 20
-0.373 3.464 0.503 20
-1.344 2.781 -0.45 20
-2.014 2.38 -0.888 20
-1.269 1.568 0.843 21
-0.495 2.752 0.131 20
0.004 3.029 -0.086 20
-0.645 2.174 -0.957 20
-1.93 1.972 -2.457 20
-0.081 1.703 -2.7 21
0.567 1.257 -1.893 20
0.751 0.801 0.332 20
0.18 0.836 0.776 20
-1.182 0.952 0.056 20
-1.799 0.827 -0.456 20
-1.526 0.173 -0.999 21
-0.55 0.076 0.596 20
-0.159 0.148 0.164 20
-0.05 0.099 -0.108 20
-0.892 0.209 -0.153 20
-0.973 -0.015 -0.548 20
-0.356 -0.51 -0.631 21
-0.135 -0.114 0.483 20
0.268 0.078 0.806 20
0.057 -0.007 0.27 20
0.065 -0.526 -1.164 20
0.925 -0.762 -1.813 21
2.766 -1.128 -0.706 20
3.401 -0.978 -0.552 20
2.611 -0.445 -1.367 20
2.643 -0.928 -1.31 20
2.184 -0.87 -0.755 20
1.175 0.201 -0.252 21
1.105 0.705 -0.714 20
1.432 0.641 -0.164 20
1.862 0.253 -0.753 20
2.435 -0.767 -1.327 20
2.65 -1.197 -0.455 20
2.758 -1.297 -0.5 21
2.668 -1.206 -0.389 20
2.485 -1.118 -0.568 20
2.465 -1.278 -0.065 20
2.443 -1.715 0.247 20
2.03 -2.186 0.377 21
0.717 -2.083 1.12 20
-0.359 -1.966 1.415 20
-0.603 -1.95 0.987 20
-0.706 -1.861 0.058 20
-0.418 -1.759 -0.518 20
0.431 -1.581 0.404 21
0.724 -1.369 1.068 20
0.717 -1.277 0.634 20
1.216 -1.578 0.213 20
1.916 -1.877 0.816 20
2.962 -2.306 1.834 20
1.719 -2.19 0.812 21
0.944 -3.15 -1.01 20
-0.122 -4.65 -0.198 20
-1.246 -4.246 1.348 20
-1.839 -2.51 0.499 20
-1.239 -1.58 1.085 20
0.194 0.054 2.212 21
0.886 2.075 1.98 20
1.386 1.958 1.857 20
1.123 0.003 0.926 20
1.301 -2.152 -1.074 20
1.389 -2.989 -2.31 21
1.131 -2.296 -1.719 20
0.788 -0.824 -0.398 20
0.601 0.279 0.754 20
0.823 0.654 1.526 20
0.708 0.714 1.084 20
0.653 0.429 0.51 21
0.441 -0.12 0.12 20
-0.2 -0.375 -0.061 20
-0.693 -0.443 -0.104 20
-0.893 -0.675 -0.383 20
-0.51 -0.961 -0.487 21
0.027 -0.642 -0.121 20
0.279 0.046 0.291 20
-0.179 0.587 0.465 20
-0.493 1.276 1.013 20
-0.664 1.91 0.659 20
-0.529 1.766 -0.244 21
-0.389 1.115 -1.093 20
-0.51 0.689 -1.62 20
-0.444 0.516 -1.818 20
0.13 0.456 -1.785 20
1.197 0.393 -1.263 20
1.379 0.093 -0.313 21
0.336 0.28 -0.146 20
0.123 0.357 -0.634 20
0.231 0.257 -0.512 20
-0.114 1.037 -0.049 20
-0.523 1.93 -0.1 21
-0.074 1.963 -0.276 20
0.426 1.855 0.167 20
0.258 1.93 -0.157 20
0.077 1.623 -0.564 20
-0.192 1.454 -0.156 20
-0.206 1.617 -0.27 21
-0.26 1.688 -0.32 20
0.006 2.05 -0.95 20
0.212 2.461 0.479 20
-0.295 2.577 0.385 20
-1.007 2.854 -0.957 20
-0.469 2.403 0.787 21
-0.648 2.096 0.581 20
-1.334 2.47 0.206 20
-0.556 2.025 0.595 20
-0.153 1.915 0.383 20
-0.237 1.831 0.372 20
-0.465 1.631 0.066 21
-0.457 1.655 0.031 20
-0.67 1.718 -0.129 20
-0.329 1.585 0.181 20
0.047 1.237 0.307 20
0.019 0.831 -0.272 21
0.252 0.349 -0.573 20
0.227 -0.015 -0.694 20
0.446 -0.488 -0.269 20
0.455 -0.37 0.382 20
0.002 0.117 0.238 20
-0.267 0.398 0.165 21
0.078 0.281 0.625 20
0.378 -0.119 -0.202 20
1.233 -1.095 -0.896 20
2.052 -1.744 -0.06 20
1.34 -1.583 -0.632 21
0.488 -1.862 -0.821 20
0.127 -1.794 -0.489 20
0.041 -1.561 -0.08 20
0.099 -1.506 -0.011 20
0.139 -1.593 0.427 20
0.368 -1.692 0.94 21
0.482 -1.721 0.615 20
0.29 -1.868 0.243 20
0.213 -2.175 0.51 20
0.041 -2.216 0.209 20
0.274 -2.736 0.203 21
0.242 -3.073 -0.176 20
-0.044 -2.985 -0.639 20
-0.145 -2.971 -0.369 20
-0.241 -2.793 0.002 20
-0.385 -2.149 0.075 20
0.026 -1.764 0.591 21
0.14 -1.335 0.601 20
0.279 -1.18 0.28 20
0.201 -1.282 0.232 20
0.172 -1.524 0.056 20
0.685 -2.154 0.701 20
0.27 -1.693 0.739 21
0.029 -1.021 0.588 20
-0.404 -0.745 0.785 20
-0.463 -0.485 1.168 20
-0.416 0.037 1.217 20
-0.407 0.456 1.378 20
-0.345 0.581 1.372 21
-0.209 0.147 0.773 20
-0.02 -0.272 -0.095 20
0.214 -0.749 -0.878 20
0.281 -1.329 -1.243 20
0.512 -1.498 -0.83 21
0.54 -1.34 -0.038 20
0.212 -0.859 0.222 20
0.31 -0.051 0.486 20
0.285 0.43 0.11 20
-0.187 0.631 -0.892 20
-0.155 0.699 -0.566 21
0.148 0.924 0.357 20
-0.141 1.339 -0.51 20
0.15 1.024 -1.091 20
0.435 0.559 -0.591 20
0.372 0.79 0.038 20
0.496 1.017 -0.342 21
0.438 1.021 -0.789 20
-0.036 1.156 -0.582 20
-0.017 1.592 0.053 20
0.145 1.976 0.55 20
-0.08 2.253 -0.05 21
-0.333 1.978 -0.955 20
-0.506 1.487 -0.434 20
-0.917 1.843 0.621 20
-0.87 1.785 0.012 20
-0.341 1.626 -0.364 20
0.317 1.701 0.648 21
0.509 1.871 0.269 20
0.073 1.941 -0.624 20
0.798 1.693 -2.683 20
1.141 1.213 -3.279 20
-0.029 1.482 1.457 20
-1.097 2.427 0.705 21
0.204 1.578 0.257 20
0.104 1.653 1.109 20
-0.932 1.589 -0.622 20
-1.009 1.762 0.515 20
-1.893 2.265 0.899 21
-1.378 2.008 0.542 20
-1.107 1.794 0.276 20
-0.569 1.992 0.66 20
0.31 1.603 1.142 20
0.21 1.098 0.187 20
-0.17 0.889 -0.189 21
-0.101 0.593 -0.375 20
0.382 0.447 -0.227 20
0.795 0.211 -0.217 20
0.81 -0.111 -1.03 20
1.02 -0.035 -0.065 20
1.414 -0.006 0.601 21
1.438 -0.374 -0.452 20
1.169 -0.584 0.213 20
0.815 -0.485 1.358 20
0.561 -0.922 -1.032 20
0.425 -1.614 -1.673 21
0.478 -1.931 1.176 20
0.464 -2.247 0.038 20
0.827 -2.986 -0.51 20
0.921 -3.235 1.064 20
0.277 -2.605 0.098 20
-0.025 -2.232 -0.659 21
-0.068 -2.143 0.313 20
-0.313 -1.995 0.575 20
-0.461 -2.22 -0.258 20
0.134 -3.055 0.602 20
0.209 -3.323 0.934 21
-0.272 -2.868 -1.118 20
0.189 -3.027 -1.955 20
1.153 -3.401 0.145 20
0.415 -2.828 1.028 20
-1.038 -1.875 0.31 20
-2.109 -1.235 -0.457 21
-1.547 -0.926 -0.642 20
-0.085 -0.829 0.292 20
0.013 -0.425 1.408 20
-0.069 0.208 2.024 20
0.092 0.275 1.563 21
0.38 -0.325 0.654 20
0.702 -0.536 0.043 20
0.505 -0.465 -0.577 20
0.292 -0.5 -0.123 20
-0.279 -0.584 0.048 20
-0.301 -0.541 -0.27 21
-0.57 -0.185 -1.142 20
-0.308 0.449 -0.267 20
-0.088 0.941 0.636 20
0.556 0.918 -0.175 20
0.858 0.458 -1.412 21
0.852 -0.13 -1.072 20
0.894 -0.382 -0.124 20
0.608 -0.073 0.17 20
0.112 0.628 -0.185 20
-0.075 1.361 -0.483 20
-0.251 1.776 -0.527 21
-0.279 1.845 -0.015 20
-0.215 1.901 0.261 20
-0.284 2.112 0.041 20
-0.214 1.938 -0.036 20
-0.15 1.683 -0.013 20
0.198 1.455 -0.656 21
0.554 1.111 -0.629 20
-0.083 1.569 0.151 20
-0.499 1.817 0.118 20
-1.137 2.181 0.257 20
-1.191 2.659 -0.086 20
-0.783 3.092 0.684 21
-1.112 3.757 0.793 20
-1.859 2.493 -0.499 20
-1.777 1.978 0.321 20
-0.791 1.785 1.27 20
-0.94 1.895 1.331 21
-1.337 2.135 0.243 20
-1.048 1.537 0.145 20
-0.534 1.261 0.482 20
-0.25 1.335 0.162 20
-0.593 1.102 -1.14 20
0.53 0.604 -0.955 21
1.113 0.682 -0.728 20
1.144 0.083 -0.157 20
0.59 -0.224 -0.137 20
0.431 -0.271 -0.315 20
0.755 -0.543 0.207 20
1.263 -0.801 0.587 21
1.21 -0.881 -0.965 20
1.124 -1.392 -1.273 20
1.427 -1.671 0.804 20
1.345 -1.504 0.413 20
0.963 -1.888 -0.565 21
0.914 -2.133 0.161 20
0.872 -1.775 0.13 20
0.614 -1.449 -1.006 20
0.574 -1.825 -1.198 20
0.661 -2.537 -0.565 20
0.231 -3.045 -0.379 21
0.223 -3.428 -0.111 20
-0.018 -3.62 0.635 20
-0.137 -3.43 1.237 20
-0.658 -2.77 0.702 20
-1.11 -1.93 0.125 21
-0.917 -1.315 0.815 20
-0.403 -1.045 1.212 20
0.083 -0.904 0.772 20
0.601 -1.258 0.011 20
1.243 -1.828 -0.392 20
1.425 -2.111 -0.566 21
0.942 -1.154 0.069 20
0.352 0.142 0.627 20
0.537 0.956 0.53 20
0.608 1.086 0.57 20
0.491 0.607 1.259 20
0.718 -0.141 1.044 21
0.64 -0.974 -0.295 20
0.892 -1.538 -0.994 20
0.754 -1.272 -0.597 20
0.008 -0.231 -0.306 20
-0.419 0.651 -0.067 21
-0.248 0.964 -0.086 20
0.015 0.934 -0.265 20
0.152 0.784 -0.374 20
0.326 0.76 0.148 20
0.384 1.085 0.087 20
-0.031 1.455 -0.619 21
-0.409 1.592 -1.15 20
-0.019 1.4 -1.574 20
0.161 1.476 -0.08 20
0.011 1.736 1.152 20
-0.319 1.504 0.899 21
-0.796 1.155 0.382 20
-1.124 1.652 0.753 20
-0.323 2.008 0.57 20
1.055 1.24 -2.575 20
-0.332 2.145 0.829 20
-1.916 3.776 2.473 21
-0.89 3.713 0.182 20
0.304 2.567 -0.4 20
-0.717 2.714 1.346 20
-0.749 2.298 -0.42 20
-1.081 2.019 -0.604 20
-1.725 1.901 0.197 21
-2.001 2.482 0.169 20
-0.682 2.208 0.689 20
-0.487 1.832 0.518 20
-0.572 1.584 0.52 20
-0.135 0.982 0.902 21
0.0 0.448 0.152 20
0.162 -0.182 0.121 20
0.269 -0.731 -0.722 20
0.242 -0.897 -0.05 20
0.407 -1.081 0.085 21
0.468 -1.236 -0.787 20
0.971 -1.341 -0.505 20
1.641 -1.614 -0.556 20
2.398 -1.964 -0.867 20
2.781 -2.11 -0.642 20
2.298 -2.153 -0.436 21
1.087 -2.085 -0.44 20
0.26 -2.273 -0.249 20
-0.394 -2.757 -1.125 20
-0.519 -3.436 -0.308 20
-0.335 -3.47 1.098 20
-0.591 -2.763 0.826 21
-0.762 -2.148 -0.299 20
-0.55 -1.961 -0.676 20
-0.348 -2.088 0.306 20
-0.085 -2.326 0.89 20
0.421 -2.884 -0.34 20
0.682 -3.626 -1.803 21
-0.04 -3.322 -0.807 20
-0.625 -1.547 1.53 20
-0.418 -0.047 1.804 20
-0.195 0.414 0.782 20
-0.244 0.611 0.178 21
-0.397 0.738 -0.054 20
-0.316 0.681 0.135 20
-0.079 0.29 0.1 20
0.385 -0.221 -0.426 20
0.766 -0.438 -0.862 20
0.552 -0.336 -0.709 21
0.533 -0.186 -0.144 20
0.984 -0.243 -0.311 20
1.067 -0.182 -0.47 20
0.738 0.225 -0.351 20
0.658 0.785 -0.687 20
0.629 1.323 -0.681 21
0.294 1.667 -0.022 20
-0.215 1.477 0.07 20
-0.286 0.719 -1.031 20
-0.064 -0.107 -1.452 20
-0.434 0.748 1.064 21
-1.471 3.187 3.59 20
-1.399 4.339 3.343 20
-1.596 3.866 0.415 20
-1.115 1.852 -3.545 20
-0.26 -0.251 -2.755 20
0.212 1.814 4.16 21
-0.654 3.644 2.832 20
-2.326 4.511 -3.472 20
1.036 2.391 0.371 20
-0.175 3.126 -2.086 20
-0.034 2.76 -0.737 20
-1.508 2.861 0.584 21
-0.861 2.094 1.94 20
-0.568 0.746 3.173 20
-2.514 1.543 1.131 20
-2.237 1.673 2.756 20
-1.735 1.844 2.23 21
-1.775 1.686 -0.627 20
-0.743 0.836 -1.47 20
2.281 -0.924 -0.331 20
3.662 -2.412 1.823 20
2.079 -1.067 -2.463 20
2.98 -1.221 -3.151 21
3.111 -2.315 -1.755 20
3.636 -2.879 -3.082 20
3.162 -3.197 0.666 20
1.417 -3.054 0.243 20
0.572 -3.712 -0.405 21
0.521 -4.098 2.323 20
-0.299 -2.89 1.832 20
-1.375 -1.191 -0.856 20
-1.613 -0.117 -0.742 20
-1.473 0.338 1.082 20
-0.981 -0.165 0.577 21
0.097 -2.181 -1.834 20
1.605 -4.915 -1.795 20
1.908 -5.758 0.973 20
0.829 -3.974 1.38 20
-0.937 -1.395 0.229 20
-1.197 -0.37 -0.658 21
-0.214 -0.628 -1.75 20
1.55 -2.053 -1.439 20
1.93 -2.108 -0.42 20
0.933 -0.306 0.891 20
0.507 1.237 1.574 21
0.312 1.827 1.173 20
-0.35 1.717 0.695 20
-0.882 1.138 1.173 20
-0.671 0.33 1.326 20
0.178 -0.582 0.214 20
1.074 -1.511 -1.566 21
1.288 -2.03 -2.659 20
0.995 -1.48 -1.813 20
0.456 0.211 0.312 20
-0.606 1.998 1.473 20
-1.296 2.883 1.198 21
-0.836 2.545 0.039 20
-0.38 1.527 -1.266 20
0.129 0.514 -1.596 20
0.274 -0.17 -0.387 20
-1.469 1.002 1.001 20
-1.885 2.042 0.762 21
-0.991 2.217 0.257 20
-0.556 3.852 -0.587 20
0.803 3.003 -0.864 20
0.272 3.194 1.056 20
-1.552 4.11 3.304 21
-2.05 3.235 2.124 20
-1.504 2.129 0.965 20
-2.527 2.671 1.031 20
-2.942 3.801 0.623 20
-1.68 3.77 -0.324 20
-1.061 2.084 -0.395 21
-0.149 1.093 1.418 20
-0.009 1.018 -1.989 20
1.408 -0.051 -1.223 20
2.33 -0.255 -0.023 20
1.646 -0.721 -0.57 21
0.453 -1.075 -0.214 20
0.358 -1.121 0.85 20
0.378 -1.037 -0.019 20
0.401 -0.735 -0.896 20
0.753 -0.618 0.167 20
1.238 -0.694 0.325 21
1.677 -1.136 -0.144 20
1.563 -2.014 0.005 20
1.4 -3.322 -1.139 20
1.625 -4.824 -0.734 20
1.613 -5.122 0.153 21
1.003 -4.534 0.245 20
0.364 -3.372 0.01 20
-0.258 -1.831 -0.43 20
-0.366 -1.161 -1.219 20
0.245 -1.965 -1.733 20
0.911 -3.151 -0.784 21
0.22 -3.131 -0.141 20
-0.902 -1.958 0.017 20
-1.362 -0.904 0.535 20
-1.157 -0.589 1.003 20
-0.526 -0.414 0.952 20
0.429 -0.26 0.646 21
1.046 -0.277 0.471 20
0.734 -0.288 0.458 20
0.266 -0.462 0.199 20
-0.184 -0.371 0.188 20
-0.176 -0.264 -0.005 21
0.267 -0.395 -0.826 20
0.721 -0.703 -0.967 20
0.248 -0.846 -0.418 20
-0.175 -0.477 0.225 20
0.107 -0.011 -0.683 20
0.299 0.362 -1.201 21
-0.006 0.822 -0.16 20
-0.443 1.634 1.349 20
-0.782 3.045 0.509 20
-0.564 3.894 -0.746 20
0.339 2.847 -0.214 20
1.023 1.527 0.039 21
0.873 1.624 -0.113 20
0.165 2.518 -0.604 20
0.015 2.577 -0.16 20
-0.337 2.64 1.384 20
-1.746 4.071 1.797 21
-2.597 3.164 0.889 20
-2.758 2.843 1.037 20
-2.851 2.44 0.927 20
-2.564 2.286 1.211 20
-2.135 2.388 0.941 20
-1.505 2.371 0.479 21
-1.083 2.429 0.59 20
-1.035 2.201 -0.281 20
-0.291 1.649 -0.587 20
0.606 1.014 -0.127 20
1.235 0.311 -0.319 21
1.401 -0.217 -0.921 20
1.651 -0.711 -0.27 20
1.555 -0.915 -0.159 20
1.403 -1.065 -0.15 20
1.256 -1.306 0.067 20
1.458 -1.352 -0.057 21
1.582 -1.34 0.008 20
1.54 -1.331 -0.376 20
1.425 -1.887 -0.795 20
1.306 -3.059 -0.537 20
1.29 -4.012 -0.278 21
1.171 -4.309 -0.783 20
0.686 -4.016 -0.927 20
0.138 -3.485 -0.206 20
-0.03 -2.833 0.438 20
-0.201 -2.278 0.623 20
-0.351 -1.819 0.658 21
-0.517 -1.568 0.424 20
-0.691 -1.541 0.159 20
-0.749 -1.992 -0.136 20
-0.151 -2.567 -0.525 20
0.898 -2.354 -1.566 21
1.725 -1.217 -2.127 20
1.895 -0.213 -1.11 20
1.098 0.156 0.94 20
0.332 0.197 2.043 20
0.053 0.013 1.192 20
0.149 -0.227 0.238 21
0.076 -0.396 0.091 20
-0.023 -0.259 0.186 20
-0.187 -0.106 -0.3 20
-0.524 0.083 -0.608 20
-0.377 0.182 -0.867 20
0.497 0.401 -0.791 21
0.971 0.865 0.253 20
0.117 1.673 0.614 20
-0.62 2.821 -0.484 20
-0.655 3.166 -0.871 20
-0.197 2.319 0.151 21
0.641 1.257 0.662 20
0.303 1.114 0.939 20
-1.001 1.947 0.679 20
-1.293 2.412 -1.07 20
-1.172 2.757 -0.344 20
-2.055 3.801 2.337 21
-2.749 3.589 1.81 20
-2.025 2.801 0.932 20
-1.59 2.428 0.781 20
-2.444 2.539 -0.146 20
-1.781 2.436 0.577 21
-1.853 2.475 0.248 20
-1.8 2.328 -0.183 20
-0.766 1.904 0.52 20
-0.247 1.276 0.222 20
0.16 1.001 0.038 21
0.882 0.808 0.493 20
1.414 0.363 -0.178 20
1.782 -0.192 -0.913 20
1.823 -0.72 0.046 20
1.512 -1.096 0.279 20
1.199 -1.338 -0.14 21
0.803 -1.329 -0.607 20
0.897 -1.606 -0.818 20
1.51 -2.303 -0.924 20
2.178 -3.283 0.196 20
2.068 -4.026 0.11 20
1.607 -4.578 -0.476 21
1.183 -4.698 -0.48 20
0.476 -3.866 -0.374 20
-0.224 -2.639 -0.274 20
-0.415 -1.812 -0.033 20
-0.194 -1.739 0.291 21
-0.067 -1.922 0.003 20
-0.31 -1.903 -0.436 20
-0.6 -1.863 -0.496 20
-0.407 -1.99 -0.544 20
0.571 -2.314 -0.653 20
0.982 -2.24 -1.275 21
0.584 -1.557 -0.906 20
-0.317 -0.804 0.854 20
-0.729 -0.2 1.176 20
-0.344 0.356 0.595 20
0.164 0.581 0.488 21
0.771 0.456 0.474 20
1.243 0.145 0.454 20
1.182 -0.269 0.251 20
0.99 -0.561 -0.262 20
0.6 -0.516 -0.781 20
0.29 -0.132 -0.339 21
0.037 0.641 -0.186 20
-0.009 1.323 -0.726 20
0.331 1.602 -1.32 20
0.197 1.83 -0.241 20
-0.257 2.059 1.453 20
-0.891 2.541 0.9 21
-0.852 2.453 0.569 20
-0.553 2.171 1.234 20
-0.752 2.654 -0.794 20
-1.011 3.762 -1.155 20
-1.41 4.086 2.302 21
-2.498 3.594 2.787 20
-2.709 3.53 -0.988 20
-1.643 2.845 1.046 20
-2.192 2.778 0.075 20
-1.561 2.282 0.395 20
-1.282 1.752 0.959 21
-2.314 1.62 -0.134 20
-1.683 2.042 1.834 20
-1.541 2.232 3.477 20
-0.803 1.431 0.662 20
-0.742 0.305 -7.352 21
2.915 0.559 1.939 20
4.309 -0.464 1.78 20
3.768 -1.498 -3.804 20
2.436 -1.979 1.801 20
0.953 -1.859 -0.161 20
0.26 -1.223 -1.594 21
0.122 -0.65 0.162 20
-0.044 -0.365 1.118 20
-0.003 -0.697 -1.437 20
2.506 -3.124 -4.954 20
6.489 -7.403 0.499 21
3.477 -8.293 4.797 20
-0.655 -6.64 -0.963 20
0.69 -4.544 -3.631 20
-0.475 -2.266 -3.47 20
-1.827 -1.05 0.815 20
-1.834 -1.225 1.401 21
-1.476 -0.954 1.921 20
-1.861 -0.095 2.475 20
-1.759 0.836 3.301 20
-1.193 1.421 2.951 20
-0.907 1.242 0.289 21
-0.56 0.053 -3.743 20
4.335 -1.159 -6.555 20
10.522 -4.622 -6.397 20
7.239 -4.847 -1.37 20
-0.482 -1.377 3.086 20
-2.922 0.002 4.58 21
-3.134 0.689 2.794 20
-2.174 1.401 -0.718 20
-1.775 1.94 -1.636 20
-1.24 2.457 2.53 20
-0.137 2.867 4.651 20
0.218 2.791 3.088 21
-1.495 3.187 -3.377 20
2.597 0.853 -6.596 20
2.566 -1.944 -1.241 20
-0.066 0.461 3.069 20
-0.316 3.212 0.776 21
-0.045 2.899 0.28 20
-0.771 4.209 -2.155 20
-0.769 3.027 -0.56 20
-1.406 0.917 3.963 20
-3.691 2.872 3.355 20
-2.718 2.809 2.189 21
-3.347 3.2 3.171 20
-9.597 6.093 -3.395 20
-4.556 4.955 -4.032 20
1.189 3.228 2.717 20
3.576 0.155 2.344 21
2.099 -0.979 0.624 20
0.397 -0.077 1.461 20
-1.09 0.831 -0.515 20
-0.986 2.031 -6.435 20
2.286 1.414 -3.049 21
3.394 -1.305 2.655 20
3.63 -1.983 2.666 20
2.767 -1.496 0.62 20
1.548 -2.998 0.034 20
0.66 -3.767 -0.49 20
0.564 -2.86 -0.24 21
0.533 -2.143 -0.391 20
-0.08 -1.687 -1.042 20
-0.091 -1.283 0.601 20
1.355 -1.506 1.099 20
3.039 -2.748 -0.48 21
3.871 -4.127 -1.573 20
2.361 -4.18 -1.374 20
-0.502 -3.176 -0.482 20
-1.59 -2.394 0.029 20
-0.849 -2.019 -0.329 20
0.58 -1.987 -1.154 21
0.861 -1.586 -1.211 20
-0.283 -1.013 -0.262 20
-1.074 -1.037 1.264 20
-0.801 -0.976 1.991 20
-0.171 -0.182 1.369 20
0.667 0.671 0.633 21
0.818 0.792 -0.005 20
0.15 0.564 0.536 20
-1.277 0.643 1.213 20
-1.304 0.866 0.887 20
0.425 0.348 -1.113 21
2.366 -0.868 -3.378 20
3.145 -1.662 -3.363 20
3.393 -1.733 -1.682 20
2.961 -0.805 -0.194 20
1.473 0.456 0.547 20
0.094 1.272 0.874 21
-0.917 2.003 0.534 20
-1.976 2.846 1.069 20
-3.098 3.581 1.557 20
-2.743 3.592 1.77 20
-2.242 2.954 3.859 20
-5.008 3.204 3.156 21
-7.183 4.85 -0.968 20
-3.893 4.425 -1.805 20
-1.718 4.584 -0.704 20
-0.365 4.893 -0.338 20
0.809 3.848 -1.171 21
1.496 3.344 -0.297 20
2.176 2.406 0.381 20
0.445 1.144 -0.32 20
-0.163 0.143 0.034 20
-0.934 -0.11 0.958 20
-1.679 0.066 1.748 21
-1.488 -0.101 2.772 20
-1.99 0.091 0.313 20
-1.043 0.438 -1.076 20
0.975 0.258 -0.03 20
1.833 -0.431 0.672 21
2.376 -1.802 -0.088 20
2.88 -4.015 -0.875 20
3.446 -6.483 -0.82 20
4.019 -7.732 -2.001 20
3.501 -6.747 -2.368 20
1.937 -4.147 -0.755 21
0.053 -1.096 -0.109 20
-0.482 0.356 0.348 20
-0.114 0.247 0.72 20
-0.163 -0.367 0.56 20
-0.457 -0.928 -0.267 21
-0.252 -1.488 -0.702 20
0.309 -2.279 -0.116 20
0.916 -3.448 -0.389 20
1.599 -4.274 -0.967 20
0.747 -3.48 -0.596 20
-0.789 -1.474 -0.306 21
-0.915 0.011 -0.021 20
-0.414 0.777 0.299 20
0.241 1.025 1.037 20
0.155 1.08 1.313 20
-0.248 0.879 1.099 21
-0.141 0.267 0.616 20
0.031 -0.511 -0.578 20
0.449 -1.027 -1.542 20
1.092 -1.206 -1.86 20
1.409 -0.655 -1.368 20
0.746 0.809 -0.395 21
0.185 2.076 0.564 20
0.039 2.357 0.915 20
0.294 1.796 0.38 20
0.424 1.28 0.197 20
-0.122 1.357 0.525 21
-0.882 1.885 0.024 20
-1.328 2.557 -0.698 20
-2.103 3.243 0.402 20
-2.615 3.764 1.125 20
-2.659 3.437 0.624 20
-2.531 2.904 -0.145 21
-2.304 2.764 -0.139 20
-2.667 3.283 0.745 20
-2.533 3.28 0.785 20
-2.261 2.86 0.062 20
-1.554 2.345 0.633 21
-1.853 2.598 0.76 20
-0.937 1.698 -0.01 20
-0.059 0.536 0.443 20
0.199 0.441 0.856 20
0.476 -0.005 -0.561 21
1.157 -0.627 -1.439 20
1.473 -0.737 -0.484 20
1.668 -0.612 0.713 20
1.827 -0.68 0.471 20
1.842 -0.944 0.46 20
1.824 -1.496 0.589 21
1.931 -2.202 -0.103 20
2.033 -2.941 -0.979 20
2.437 -3.887 -0.687 20
2.621 -4.734 0.407 20
1.8 -4.594 0.356 21
0.775 -3.551 -0.004 20
0.197 -2.051 -0.692 20
0.016 -0.981 -1.289 20
0.657 -1.189 -0.931 20
1.147 -1.872 -0.381 20
0.95 -2.176 -0.522 21
0.383 -2.237 -0.204 20
-0.141 -2.117 0.49 20
-0.242 -1.827 0.54 20
0.075 -1.416 0.07 20
0.35 -0.826 -0.102 21
0.222 -0.131 0.002 20
-0.136 0.228 0.564 20
-0.674 0.279 1.457 20
-0.893 0.162 1.33 20
-0.392 -0.357 -0.307 20
0.623 -1.07 -1.343 21
1.007 -1.234 -0.737 20
0.496 -0.677 0.054 20
0.333 -0.034 0.32 20
0.564 0.428 -0.442 20
0.823 0.725 -1.355 21
0.794 0.808 -1.047 20
0.521 0.906 0.478 20
0.303 1.117 0.896 20
0.126 1.579 -0.049 20
0.007 1.865 -0.244 20
-0.596 2.297 -0.082 21
-1.196 3.089 -0.565 20
-0.701 3.132 -0.144 20
-1.06 2.681 1.618 20
-2.782 2.729 1.835 20
-3.767 3.019 0.3 21
-4.162 3.204 -0.216 20
-3.587 3.233 -0.55 20
-1.958 2.906 -0.04 20
-1.238 2.843 0.903 20
-1.671 2.792 0.745 20
-2.004 2.823 0.153 21
-1.456 2.099 0.369 20
-1.009 1.611 0.496 20
-0.179 1.109 0.151 20
0.42 0.364 -0.454 20
0.688 -0.033 -0.273 21
1.096 -0.194 0.29 20
1.42 -0.578 0.289 20
1.375 -1.011 -0.179 20
1.627 -1.572 -0.113 20
1.822 -1.809 -0.195 20
2.082 -1.93 -0.298 21
2.583 -2.55 -0.048 20
2.829 -3.34 0.087 20
2.553 -4.018 -0.115 20
1.922 -4.217 -0.144 20
0.939 -3.591 -0.617 21
0.034 -2.389 -0.993 20
-0.1 -1.652 -0.889 20
0.274 -1.592 -0.753 20
0.462 -1.702 -0.925 20
0.67 -1.929 -1.29 20
0.92 -2.497 -0.197 21
0.451 -2.676 1.497 20
-0.628 -1.82 1.77 20
-0.561 -0.957 0.659 20
0.33 -0.738 -0.439 20
0.476 -0.188 -0.746 21
-0.129 0.574 0.043 20
-0.607 0.887 1.445 20
-0.969 0.801 1.339 20
0.03 0.279 1.171 20
1.081 -1.257 -1.27 20
2.87 -3.699 -2.594 21
3.407 -5.13 -2.636 20
1.641 -3.077 -1.122 20
-0.818 0.569 0.871 20
-1.825 3.173 2.964 20
-2.449 4.597 2.62 21
-2.538 4.793 0.551 20
-0.089 2.666 0.27 20
1.827 -0.296 -0.052 20
0.937 -1.017 0.528 20
0.313 -0.012 -0.794 20
0.184 1.564 -1.648 21
-1.532 4.465 -3.014 20
-0.969 6.707 -4.357 20
2.188 5.113 0.592 20
1.616 2.42 5.209 20
-0.77 0.848 1.038 21
-2.366 0.304 1.913 20
-5.581 1.474 2.131 20
-8.533 3.284 -1.231 20
-6.465 3.829 -0.334 20
-2.048 2.433 1.853 20
-1.608 2.017 1.141 21
-1.536 2.203 0.087 20
-0.942 2.423 -0.085 20
0.302 2.463 -0.878 20
2.301 1.423 -1.008 20
2.847 -0.044 -1.373 21
2.689 -0.842 -1.227 20
2.368 -1.417 0.081 20
1.802 -1.543 0.532 20
1.363 -1.457 0.399 20
0.972 -1.238 0.484 21
0.573 -1.147 0.655 20
0.444 -1.241 0.251 20
0.46 -1.382 0.166 20
0.714 -1.477 0.632 20
1.378 -1.734 0.409 20
1.91 -2.585 -0.002 21
2.301 -4.234 -0.189 20
2.52 -5.827 -0.603 20
2.164 -6.052 -1.586 20
1.376 -4.6 -1.915 20
0.519 -2.381 -1.441 20
-0.268 -0.993 -1.062 21
-1.032 -0.458 -0.343 20
-0.916 -0.544 0.744 20
-0.462 -0.729 1.312 20
-0.366 -0.809 1.323 20
-0.355 -0.907 0.725 21
0.065 -0.877 0.047 20
0.143 -0.36 0.057 20
0.034 -0.033 0.271 20
0.306 0.002 0.179 20
0.543 -0.297 -1.191 20
0.566 -0.681 -1.659 21
0.432 -0.751 -1.027 20
0.596 -0.549 0.148 20
0.37 -0.438 0.526 20
0.007 -0.396 0.089 20
-0.234 -0.253 -0.884 21
0.198 0.233 -0.979 20
0.545 1.089 -0.622 20
0.29 1.871 0.327 20
-0.387 2.343 0.971 20
-0.493 2.501 0.658 20
0.069 1.932 -0.034 21
0.098 1.599 -0.089 20
-0.35 1.693 -0.017 20
-0.292 1.813 -0.975 20
-0.377 2.293 -0.543 20
-1.551 2.991 1.834 21
-2.885 2.912 1.547 20
-3.396 2.5 -0.107 20
-3.417 2.558 -0.465 20
-2.489 2.3 -0.22 20
-2.041 1.981 0.991 20
-3.234 2.251 1.194 21
-3.204 3.048 0.419 20
-2.752 3.148 -0.109 20
-1.179 2.316 0.778 20
0.454 1.444 0.547 20
0.755 0.868 -0.796 21
1.408 0.355 -0.966 20
1.718 0.063 -0.042 20
1.406 -0.229 -0.341 20
1.289 -0.679 0.362 20
1.018 -0.867 0.667 20
1.183 -0.929 0.255 21
1.619 -1.231 0.188 20
1.651 -1.683 1.088 20
1.538 -2.181 0.246 20
1.979 -3.086 -0.189 20
2.236 -3.804 -0.257 21
2.021 -3.967 -0.436 20
1.717 -3.585 -0.696 20
1.74 -3.244 -0.764 20
1.734 -3.463 -0.981 20
1.369 -3.66 -0.79 20
0.251 -2.942 -0.396 21
-1.308 -1.378 -0.419 20
-2.137 -0.173 -0.265 20
-1.552 -0.018 0.377 20
-0.173 -0.895 0.533 20
1.571 -2.224 0.031 21
2.584 -3.054 -0.799 20
0.996 -2.195 -0.229 20
-0.888 -0.852 1.533 20
-0.657 0.054 1.746 20
0.484 0.585 -0.396 20
1.319 0.315 -1.372 21
0.547 -0.105 -0.534 20
-0.68 0.18 1.37 20
-1.293 0.511 2.57 20
-1.634 0.54 1.606 20
-1.358 0.632 -0.981 21
0.001 0.705 -3.199 20
2.379 0.274 -3.211 20
3.204 0.184 -1.072 20
2.172 0.584 1.302 20
1.513 0.797 0.685 20
1.269 0.67 -0.549 21
-0.026 0.907 -0.052 20
-1.519 1.853 1.321 20
-2.469 3.028 1.79 20
-2.739 3.747 0.505 20
-2.347 3.463 -0.814 20
-2.116 2.709 0.989 21
-2.802 2.318 1.858 20
-3.63 2.142 0.083 20
-3.456 2.247 -1.31 20
-2.235 2.307 -0.793 20
-1.844 2.938 -0.179 21
-1.825 3.552 -0.245 20
-1.039 2.919 0.233 20
-0.346 2.575 0.803 20
0.06 1.944 1.018 20
-0.229 1.235 0.636 21
-0.582 0.645 -0.009 20
-0.633 0.32 -0.426 20
-0.389 0.31 -0.328 20
0.171 0.328 0.157 20
0.962 0.116 0.318 20
1.726 -0.356 0.224 21
2.405 -1.137 0.19 20
2.88 -2.47 -0.024 20
3.299 -3.9 -0.369 20
3.271 -5.052 -0.791 20
2.647 -5.111 -0.751 21
1.494 -4.285 -0.475 20
0.262 -2.831 -0.005 20
-0.337 -1.687 0.167 20
-0.245 -1.361 -0.133 20
0.339 -1.727 -0.594 20
1.206 -2.296 -0.334 21
1.5 -2.37 -0.574 20
1.043 -1.862 -0.957 20
0.202 -1.402 -0.46 20
-0.333 -1.468 -0.002 20
0.668 -2.115 -0.168 21
1.664 -2.235 -0.16 20
0.661 -1.438 -0.247 20
0.051 -0.982 0.592 20
-0.317 -0.726 1.123 20
-0.566 -0.015 0.916 20
-0.578 0.63 0.703 21
-0.432 0.75 0.534 20
0.156 0.453 0.241 20
0.416 -0.117 -0.394 20
0.092 -0.319 -0.829 20
0.109 -0.018 -0.434 21
0.792 0.289 -0.457 20
1.392 0.411 -0.526 20
1.319 0.659 -0.05 20
0.603 1.313 0.195 20
-0.073 2.029 -0.22 20
-0.501 2.143 0.17 21
-0.679 1.672 0.702 20
-0.808 1.319 0.199 20
-1.132 1.356 0.069 20
-1.543 1.869 0.359 20
-1.882 2.741 -0.027 21
-2.157 3.355 -0.287 20
-2.638 3.677 1.004 20
-3.213 3.693 1.199 20
-3.219 3.326 -0.541 20
-2.11 2.67 -0.692 20
-1.587 2.198 0.26 21
-1.471 2.286 0.079 20
-1.229 2.055 -0.064 20
-1.861 1.895 0.55 20
-1.825 1.708 0.546 20
-1.175 1.472 0.019 21
-0.415 1.094 0.358 20
0.063 0.491 0.352 20
0.596 0.073 -0.053 20
1.509 -0.375 -0.323 20
2.16 -0.883 -0.584 20
2.371 -1.2 -0.226 21
2.271 -1.494 0.164 20
2.238 -1.989 0.016 20
2.286 -2.51 -0.523 20
2.247 -3.033 0.071 20
1.774 -3.396 0.763 21
1.034 -3.468 0.436 20
0.196 -3.02 -0.503 20
-0.095 -2.403 -0.835 20
0.498 -2.081 -1.227 20
1.901 -2.448 -1.426 20
2.731 -3.15 -1.126 21
2.393 -3.382 -0.798 20
1.488 -2.77 -0.265 20
0.265 -1.497 0.692 20
-0.327 -0.752 1.453 20
-0.383 -0.884 1.419 21
-0.627 -1.322 0.553 20
-0.784 -1.847 -0.142 20
-0.848 -1.567 0.253 20
-1.102 -0.456 0.665 20
-0.642 0.294 0.679 20
0.012 0.26 0.589 21
0.5 0.379 0.088 20
1.118 0.539 -0.196 20
1.599 0.147 -0.476 20
1.927 -0.182 -0.258 20
1.781 -0.271 0.015 21
1.262 -0.147 0.162 20
0.39 0.209 -0.125 20
-0.646 0.654 -0.539 20
-1.245 0.817 -0.041 20
-1.377 0.973 0.281 20
-1.052 1.414 0.13 21
-0.425 1.76 -0.365 20
-0.186 1.959 0.059 20
-0.101 1.856 0.665 20
-0.244 1.847 0.433 20
-1.052 2.296 -0.125 21
-1.595 3.164 -1.333 20
-1.474 3.856 -1.174 20
-1.734 3.732 0.782 20
-2.393 3.108 1.413 20
-2.826 2.493 0.151 20
-2.811 2.24 -0.385 21
-2.968 2.44 0.556 20
-2.925 2.513 0.828 20
-2.525 2.109 -0.276 20
-1.804 1.818 0.027 20
-1.443 1.492 0.634 21
-0.781 1.286 -0.08 20
0.34 0.91 -0.764 20
1.276 0.377 -0.012 20
1.208 -0.005 -0.257 20
1.387 -0.492 -0.968 20
1.815 -1.223 -0.24 21
1.849 -1.489 0.367 20
1.826 -1.54 0.171 20
1.874 -1.744 -0.289 20
1.6 -2.184 0.424 20
1.106 -2.651 1.076 21
0.523 -2.895 0.572 20
0.352 -2.929 -0.315 20
0.71 -2.767 -0.841 20
1.369 -2.596 -1.005 20
2.235 -2.878 -1.206 20
2.762 -3.663 -1.635 21
2.628 -4.403 -1.901 20
1.714 -4.247 -0.736 20
-0.199 -2.462 0.753 20
-1.485 -0.683 1.109 20
-1.311 -0.27 1.009 21
-0.822 -0.676 1.147 20
-0.5 -0.945 1.041 20
-0.288 -0.921 0.493 20
-0.232 -1.025 -0.44 20
0.015 -1.037 -0.896 21
0.865 -0.629 -0.524 20
1.136 -0.023 -0.243 20
0.936 0.261 0.016 20
0.493 0.235 0.421 20
0.224 0.093 0.446 20
0.527 0.053 0.048 21
0.884 -0.225 -0.881 20
0.856 -0.181 -0.331 20
-0.005 0.395 0.253 20
-0.5 1.026 0.318 20
-0.437 1.432 -0.084 21
-0.286 1.584 0.055 20
-0.574 1.663 0.295 20
-0.551 1.794 0.393 20
-0.034 1.77 -0.014 20
-0.07 1.862 -0.769 20
-0.522 1.973 -0.917 21
-0.849 2.013 -0.297 20
-0.613 2.18 -0.53 20
-0.338 2.068 -0.41 20
-1.434 2.234 1.09 20
-3.218 3.033 0.955 21
-3.782 3.279 -0.136 20
-3.76 3.18 -0.508 20
-2.894 2.905 0.551 20
-2.924 3.054 1.507 20
-3.0 2.774 1.293 20
-2.53 2.672 1.091 21
-1.701 2.074 0.503 20
-0.261 1.354 -1.006 20
1.064 0.677 -1.364 20
1.833 0.088 -1.357 20
2.419 -0.541 -1.101 21
2.102 -0.86 -0.654 20
1.32 -1.015 0.41 20
0.375 -1.065 0.857 20
0.105 -1.012 0.657 20
0.282 -0.995 0.39 20
0.838 -1.044 0.795 21
1.325 -1.297 0.878 20
1.674 -1.911 1.057 20
1.539 -2.69 1.188 20
1.057 -3.109 0.125 20
1.3 -3.322 -1.893 21
3.169 -3.708 -2.888 20
5.295 -4.451 -1.586 20
4.463 -5.093 -1.276 20
0.977 -5.06 -2.347 20
-1.047 -4.351 -1.407 20
-2.197 -2.62 0.179 21
-2.954 -0.804 0.879 20
-1.938 -0.113 1.309 20
-0.874 0.404 1.962 20
-0.655 0.932 2.342 20
-0.837 0.803 2.347 21
-1.038 0.086 1.355 20
0.553 -1.413 -0.515 20
3.022 -2.438 -2.328 20
4.14 -2.425 -3.199 20
2.241 -1.419 -1.424 20
-0.332 0.427 1.046 21
-0.978 1.505 1.472 20
-0.613 1.316 0.352 20
0.042 0.606 -0.206 20
0.405 0.039 -0.056 20
0.108 -0.126 0.744 21
-0.566 0.052 1.204 20
-1.01 0.48 0.101 20
-0.993 1.014 -1.295 20
-0.686 1.6 -1.646 20
0.192 2.016 -0.845 20
1.242 2.101 -0.209 21
1.036 2.324 -0.067 20
0.085 2.441 -0.244 20
-0.246 2.458 -0.788 20
-0.502 2.359 -0.457 20
-1.708 2.685 1.051 21
-4.17 3.885 2.41 20
-4.939 3.613 1.656 20
-3.794 2.495 0.225 20
-2.957 2.353 -0.079 20
-2.519 2.946 0.178 20
-1.983 2.864 0.488 21
-1.84 2.518 0.029 20
-0.93 2.434 0.024 20
-0.427 1.966 -0.023 20
0.264 1.412 -0.339 20
0.992 0.712 0.164 21
1.052 0.037 -0.242 20
1.126 -0.511 -0.791 20
1.005 -0.895 -0.363 20
0.794 -1.024 0.22 20
0.771 -0.936 0.709 21
0.976 -0.899 0.97 20
1.294 -0.807 0.593 20
1.672 -1.0 -0.378 20
2.149 -1.669 -0.488 20
2.428 -2.716 0.15 20
2.536 -3.764 0.45 21
2.531 -4.7 0.215 20
2.079 -4.728 -0.666 20
1.666 -3.917 -1.03 20
1.385 -2.805 -0.843 20
0.686 -1.815 -1.604 20
1.044 -1.664 -1.711 21
1.787 -2.161 -0.429 20
0.507 -1.654 1.135 20
-1.399 -0.93 1.94 20
-2.13 -0.971 1.871 20
-1.27 -0.999 1.358 21
0.216 -0.811 -0.579 20
1.4 -1.385 -1.274 20
1.561 -1.9 -1.03 20
1.328 -1.192 -0.666 20
0.68 -0.329 0.542 20
-0.002 0.115 1.359 21
-0.079 0.616 1.15 20
-0.039 0.943 0.711 20
-0.091 0.644 -0.156 20
-0.024 0.148 -0.742 20
0.407 -0.043 -0.075 21
0.67 -0.107 0.365 20
0.771 0.278 0.048 20
0.593 1.05 -0.95 20
0.671 1.91 -1.31 20
0.917 2.239 0.517 20
0.484 1.937 1.526 21
-1.102 1.664 0.791 20
-0.96 1.04 0.091 20
-0.683 0.496 -0.37 20
-1.735 0.848 -0.244 20
-1.803 1.897 -0.545 21
-2.097 3.001 0.194 20
-3.185 3.654 0.843 20
-3.71 3.377 0.814 20
-3.563 3.067 -0.851 20
-2.025 2.542 -1.115 20
-1.624 2.806 -0.734 21
-1.358 2.866 0.882 20
-2.488 2.389 1.37 20
-3.119 2.314 0.321 20
-2.203 2.128 0.144 20
-0.898 1.643 0.205 21
0.23 0.75 0.094 20
1.015 0.089 -0.294 20
1.591 -0.286 -0.114 20
1.395 -0.613 0.013 20
1.005 -0.683 -0.401 20
1.077 -0.733 -0.27 21
1.336 -0.681 -0.351 20
1.89 -0.76 -0.409 20
2.697 -1.484 -0.508 20
2.934 -2.963 0.29 20
2.231 -4.161 1.337 21
0.925 -4.57 1.384 20
-0.033 -4.247 0.148 20
-0.355 -3.134 -1.256 20
0.126 -1.689 -1.626 20
1.441 -1.328 -1.319 20
2.946 -2.4 -0.758 21
2.874 -3.754 -0.952 20
0.978 -3.887 -1.922 20
-0.811 -2.595 -0.718 20
-1.179 -1.479 1.144 20
0.031 -1.303 0.512 21
0.878 -1.529 -0.929 20
0.311 -1.574 -0.43 20
-0.866 -1.177 1.052 20
-1.43 -0.585 1.936 20
-1.464 0.102 1.893 20
-1.031 0.549 1.092 21
-0.255 0.586 -0.034 20
0.653 0.181 -1.184 20
1.461 -0.313 -1.387 20
1.395 -0.178 -0.638 20
0.725 0.251 -0.078 21
0.721 0.32 -0.01 20
1.21 0.346 -0.365 20
1.289 0.579 -0.255 20
0.472 0.814 -0.253 20
0.031 0.836 -0.303 21
0.176 0.669 0.231 20
-0.619 0.925 0.695 20
-1.71 1.458 0.576 20
-1.362 1.823 -0.003 20
-0.918 2.348 -0.242 20
-1.195 2.52 0.896 21
-1.825 3.029 -0.068 20
-1.296 3.403 -1.848 20
-1.951 3.848 0.584 20
-3.058 3.474 1.804 20
-2.787 3.001 0.248 21
-2.146 2.815 0.167 20
-2.088 3.04 0.784 20
-1.955 3.126 0.268 20
-1.88 2.305 0.571 20
-2.25 1.936 1.396 20
-2.075 1.607 0.385 21
-1.13 1.25 -0.769 20
0.06 0.907 -0.446 20
0.865 0.497 -0.1 20
1.91 -0.196 -0.469 20
2.616 -0.778 -1.041 21
2.746 -1.026 0.216 20
2.092 -1.309 0.832 20
1.46 -1.633 0.24 20
1.023 -1.993 0.253 20
0.936 -1.997 0.296 20
1.198 -1.924 -0.036 21
1.831 -2.072 0.07 20
2.228 -2.693 0.686 20
2.059 -3.458 0.266 20
1.833 -4.175 -0.376 20
1.643 -4.504 -1.001 21
1.22 -3.976 -1.627 20
0.893 -3.261 -1.891 20
1.147 -2.918 -1.693 20
1.366 -2.764 -1.3 20
0.785 -2.421 -0.238 20
-0.795 -1.366 1.436 21
-2.039 0.148 2.53 20
-1.609 0.969 1.999 20
-0.333 0.616 0.943 20
0.352 -0.34 0.027 20
0.804 -1.306 -0.406 21
1.136 -1.874 -0.253 20
1.059 -1.469 -0.109 20
0.547 -0.464 0.31 20
-0.17 -0.087 0.54 20
-0.207 0.065 0.202 20
0.022 0.377 -0.128 21
-0.283 0.368 0.265 20
-0.839 0.204 0.372 20
-0.454 0.114 0.372 20
0.604 0.066 -0.906 20
1.339 0.32 -1.169 21
1.018 1.006 0.357 20
0.179 1.6 0.765 20
-0.168 1.621 -0.311 20
0.19 1.284 -1.211 20
0.186 1.125 -0.499 20
-0.676 1.554 -0.359 21
-1.635 2.604 -0.627 20
-2.116 3.264 -0.154 20
-2.09 3.17 0.371 20
-1.738 2.489 0.698 20
-1.899 2.093 0.443 21
-2.362 2.567 -0.021 20
-2.473 2.862 -0.312 20
-1.868 2.693 -0.315 20
-1.5 2.434 -0.258 20
-1.136 2.38 -0.784 20
-0.501 2.097 -1.16 21
-0.007 1.782 -1.111 20
0.664 1.696 -1.248 20
1.031 0.854 -1.06 20
1.085 0.557 -0.62 20
0.655 0.34 -0.802 21
-0.617 0.103 -0.426 20
-1.497 0.261 0.189 20
-1.492 0.532 0.155 20
-0.571 0.293 -0.308 20
0.274 -0.136 -0.825 21
0.812 -0.663 -1.014 20
0.836 -0.873 -0.701 20
1.048 -0.824 -0.765 20
1.064 -0.871 -0.807 20
0.759 -1.148 -0.497 20
0.513 -1.361 -0.724 21
0.474 -1.881 -0.66 20
0.078 -2.719 -0.65 20
-0.505 -3.042 -1.083 20
-1.258 -2.761 -0.509 20
-1.92 -2.024 -0.02 21
-0.902 -1.703 0.199 20
-0.171 -1.265 0.489 20
-0.762 -1.167 0.399 20
-1.264 -1.324 -0.243 20
-0.501 -1.26 -0.575 20
0.867 0.001 -0.366 21
2.734 0.997 -0.099 20
2.256 -0.031 -0.544 20
0.637 -0.901 -0.927 20
-0.266 -0.645 0.249 20
-0.666 0.947 0.463 21
-0.46 0.781 0.21 20
-1.351 -0.755 1.452 20
-3.172 -0.768 1.825 20
-2.732 -0.176 1.163 20
-1.721 -0.471 0.745 21
-0.74 -0.56 1.626 20
0.225 -0.191 -0.071 20
0.934 -1.146 -0.987 20
0.547 -2.028 -0.457 20
0.029 -1.808 0.049 20
0.845 -1.101 0.68 21
0.864 -1.357 -0.113 20
0.038 -2.34 0.962 20
-2.645 -2.695 2.612 20
-3.497 -2.447 1.674 20
-1.369 -3.213 1.039 21
-0.46 -4.558 1.243 20
-1.5 -4.9 0.164 20
-0.617 -4.71 1.27 20
0.011 -3.413 1.45 20
-1.018 -2.513 -0.428 20
-0.198 -2.766 0.239 21
0.763 -1.75 2.891 20
-0.572 0.185 3.276 20
-2.509 1.579 -1.923 20
0.615 -0.475 -5.6 20
9.421 -3.826 -1.962 21
6.185 0.075 2.763 20
0.942 1.923 0.999 20
1.121 1.918 0.341 20
2.02 1.711 0.063 20
3.284 0.753 0.764 20
3.527 2.179 1.242 21
1.551 2.795 2.187 20
-1.059 1.897 2.222 20
-1.235 -0.153 1.511 20
-0.446 -1.711 0.967 20
-0.082 -2.144 0.189 21
-0.416 -2.039 -0.251 20
-1.992 -1.206 0.139 20
-2.931 -0.622 1.527 20
-3.043 -1.338 1.117 20
-2.642 -2.506 -0.22 21
-1.832 -2.348 -0.508 20
-0.937 -0.121 0.059 20
0.451 1.945 0.62 20
0.742 2.5 -0.196 20
0.304 1.179 0.097 20
-0.319 -0.605 0.801 21
-0.485 -1.536 0.828 20
-0.135 -1.134 0.504 20
0.027 -0.025 0.227 20
-0.217 0.572 0.127 20
-0.626 0.972 0.424 21
-0.057 0.922 0.261 20
0.879 0.381 -0.413 20
0.979 0.494 -0.326 20
0.374 0.729 -0.231 20
-0.195 0.46 -0.214 20
-0.49 -0.094 0.199 21
-0.271 -0.423 0.39 20
0.198 -0.23 -0.118 20
0.352 0.234 -0.484 20
0.377 0.463 -0.17 20
0.195 0.177 -0.239 21
0.053 -0.221 -0.056 20
0.203 0.404 -0.332 20
1.247 3.524 -2.309 20
-0.342 2.428 2.777 20
-1.369 -3.335 2.872 20
0.809 -3.851 -2.388 21
1.012 0.623 -1.416 20
-0.067 -0.282 3.131 20
-0.463 -0.128 1.281 20
-0.296 -0.271 -0.09 20
0.403 -1.796 -1.079 21
0.19 -0.489 0.037 20
-0.675 2.019 1.074 20
-0.724 2.524 0.408 20
0.738 2.475 -0.418 20
1.035 0.442 -0.415 20
0.097 -0.759 0.94 21
-0.39 -1.285 0.312 20
-0.866 -0.861 0.095 20
-0.862 -0.496 -0.405 20
-0.463 -2.18 -0.904 20
0.175 -2.986 1.534 21
-0.152 -2.722 -0.77 20
-1.404 -3.773 1.766 20
-4.812 6.425 0.14 20
0.049 0.389 -1.572 20
-0.296 -2.717 -0.278 20
-0.708 -0.951 -0.501 21
-0.736 -0.597 0.398 20
-0.792 -0.484 0.873 20
-0.547 0.648 0.704 20
0.867 1.711 -0.174 20
1.104 -2.97 -0.215 21
-0.849 -3.949 0.241 20
-0.88 -3.942 0.2 20
-0.728 -3.686 -0.927 20
-0.349 -1.851 -0.108 20
0.317 -0.111 0.65 20
-0.057 1.175 1.644 21
-0.124 1.09 1.938 20
1.239 2.216 0.371 20
4.207 0.078 -0.67 20
3.051 2.032 -1.355 20
1.638 0.994 -0.025 21
0.997 0.901 0.099 20
2.762 1.874 5.257 20
2.057 1.874 2.552 20
0.325 0.51 -1.13 20
-0.401 0.036 -0.431 20
-0.173 -0.605 2.157 21
0.807 -2.168 6.661 20
1.72 -2.859 6.419 20
0.774 -3.407 2.794 20
3.956 -3.633 3.383 20
15.582 -1.25 6.483 21
15.328 -2.606 -0.05 20
1.806 -1.985 0.636 20
-5.186 0.14 3.78 20
-6.41 0.915 3.283 20
-5.98 0.955 2.084 20
-4.981 1.894 1.975 21
-3.493 2.496 2.402 20
-2.84 2.912 3.867 20
-3.013 3.449 3.181 20
-2.798 3.589 2.58 20
-3.385 4.539 1.389 21
-2.91 4.203 -0.681 20
1.299 3.231 -5.839 20
3.045 2.593 -6.352 20
1.406 2.308 -3.429 20
0.776 3.903 -0.715 21
-0.771 4.526 -1.844 20
-6.204 4.783 -12.72 20
-5.364 3.013 -18.521 20
-0.871 -0.064 -7.248 20
3.07 0.89 -4.6 20
2.079 1.652 -4.659 21
-0.527 1.785 -0.78 20
-0.276 2.729 1.332 20
-0.794 4.645 0.871 20
-1.21 5.577 3.198 20
-1.747 6.962 7.236 21
-0.095 7.896 5.113 20
1.696 6.289 5.071 20
2.061 5.25 7.093 20
2.655 5.818 6.561 20
3.383 6.179 5.409 20
2.685 5.41 4.141 21
3.57 0.91 -0.215 20
2.572 1.777 -0.881 20
1.826 4.3 1.495 20
1.997 1.958 1.738 20
0.611 1.887 2.427 21
0.533 1.875 2.684 20
0.889 0.672 2.461 20
-0.398 0.7 3.748 20
-2.055 1.061 4.632 20
-2.56 0.12 6.534 20
-2.895 -0.889 8.573 21
-5.173 1.241 6.728 20
-4.162 0.53 6.556 20
-3.944 1.695 6.993 20
-3.944 1.342 5.142 20
-2.474 -0.438 2.789 21
-1.159 -1.278 0.117 20
-0.405 -1.103 -1.67 20
-0.93 -0.19 -2.253 20
-1.19 0.162 -1.649 20
-1.504 0.963 -0.356 21
-4.042 2.477 1.114 20
-5.934 3.538 3.875 20
-5.36 3.568 5.464 20
-4.977 2.752 1.785 20
-3.322 1.166 -1.208 20
-2.748 0.702 -0.048 21
-3.219 1.153 1.972 20
-2.13 0.687 0.436 20
-1.408 0.062 -1.875 20
-1.327 -0.092 -0.793 20
-1.061 -0.061 0.954 20
-0.828 -0.092 0.714 21
-0.449 -0.303 -0.438 20
-0.585 0.182 -0.183 20
-0.893 0.789 0.336 20
-0.515 0.725 0.091 20
-0.522 0.486 -0.609 21
-0.879 0.457 -0.604 20
-0.953 0.648 -0.22 20
-0.605 0.562 -0.476 20
-0.827 0.469 -0.441 20
-1.126 0.545 -0.218 21
-0.664 0.249 -0.205 20
-0.552 0.496 -0.79 20
-0.95 0.854 -2.746 20
-1.29 0.477 1.259 20
-1.144 0.233 2.399 20
-0.357 0.44 -0.35 21
-0.526 0.306 -2.266 20
-0.909 0.348 -0.368 20
-0.344 0.322 1.453 20
0.641 0.15 0.354 20
0.479 0.079 -0.872 21
-0.119 0.133 -0.528 20
0.088 0.008 0.155 20
0.331 -0.076 0.59 20
0.473 -0.144 0.061 20
0.6 -0.287 -0.283 20
0.145 0.157 -0.304 21
0.167 0.245 -0.017 20
0.274 0.007 0.372 20
0.408 -0.036 0.311 20
0.283 0.102 -0.01 20
-0.014 0.209 0.057 21
0.099 0.043 0.157 20
0.322 -0.092 -0.093 20
0.287 0.05 -0.153 20
0.179 0.073 0.062 20
0.251 -0.03 0.013 20
0.351 -0.021 -0.072 21
0.189 0.22 -0.151 20
0.148 0.114 0.32 20
0.164 -0.093 -0.61 20
-0.458 0.323 -1.98 20

# Completed @Sun Jan 24 21:09:06 GMT+02:00 2021
