# Accelerometer Data File
# Started @Sun Jan 24 21:11:12 GMT+02:00 2021
#
#
# sensor Vendor: BOSCH
# sensor Name: BMI160 Accelerometer Non-wakeup
# sensor Resolution: 0.0023928226m/sec^2; Max Range: 78.4532; Min Delay: 2500 microseconds
# The sensor's attributes are the result hardware and the Android capabilities.
# It means that the Android may not utilize all features provided by the hardware.
#
# Some devices and Android versions save battery too much so the device may go to sleep.
# It just happens after couple of minutes from turning off the scree and it is easy to find it out.
#
# The following file provides the data from accelerometer in the m/s^2 format.
# The diff value is just a time delta between the samples
#
#
# data format:
# so we have 4 columns with values separated by the " "
# X Y Z time_from_previous_sample(ms)

# sensor speed set to:NORMAL
# units set to: m/sec^2
# gravity  filtered out
# Accuracy: HIGH
0.736 3.739 9.482 0
1.125 3.132 7.943 20
2.121 1.338 5.461 20
3.666 -0.638 2.248 20
3.308 -1.821 3.827 20
2.238 -3.838 7.802 20
-1.148 4.854 2.138 21
0.863 4.263 -1.192 20
1.915 2.306 2.604 20
1.823 0.838 6.069 20
1.224 -0.278 5.242 20
0.587 -0.179 3.854 20
-0.668 1.061 2.69 21
-0.09 1.552 1.787 20
4.775 0.14 1.375 20
2.771 -0.182 1.223 20
-1.241 -1.183 1.215 20
0.941 -0.806 4.176 20
-1.14 0.382 7.566 21
-1.19 -1.585 4.362 20
0.291 -0.737 -1.249 20
0.076 -0.331 -0.532 20
0.556 -0.718 1.036 20
1.294 -0.823 1.204 21
1.951 -0.855 -1.065 20
1.165 -2.58 -2.4 20
-1.863 1.635 1.088 20
1.144 0.195 0.811 20
5.588 -1.958 -0.574 20
5.231 -2.627 -1.116 21
3.115 -2.571 -2.578 20
1.795 -2.822 3.045 20
2.16 -3.411 3.096 20
0.843 -3.426 0.644 20
-1.476 -2.126 -1.776 20
-2.236 -1.674 -1.411 21
-2.884 -0.955 -0.599 20
-3.382 -0.794 0.451 20
-0.575 -3.261 -3.407 20
-0.541 -1.993 -4.31 20
0.122 -0.927 -6.043 20
1.653 -0.81 -9.169 21
5.519 1.585 -10.457 20
13.335 0.911 -8.34 20
5.811 -3.1 -7.381 20
-1.213 0.598 -4.351 20
2.439 -1.069 0.488 21
3.747 -2.599 1.806 20
1.725 -0.431 0.765 20
2.238 0.456 -1.611 20
3.791 0.288 -2.793 20
3.662 -0.339 -2.798 20
2.371 -0.42 -2.732 21
2.241 0.831 -2.267 20
4.175 1.129 -4.728 20
5.185 -0.229 -6.666 20
0.352 1.762 -6.706 20
-1.965 3.746 -8.595 21
1.066 1.668 -0.302 20
1.136 0.559 3.964 20
-0.266 1.079 3.248 20
-2.249 2.413 -2.347 20
-1.931 2.269 -5.128 20
-2.641 1.328 -0.29 21
-3.037 1.338 -0.703 20
-5.641 -0.117 -3.289 20
-6.42 1.03 1.972 20
-0.371 -7.247 -3.979 20
4.94 -6.559 -4.739 20
-5.403 1.085 -1.345 21
-10.869 2.678 -0.456 20
-0.279 -3.143 0.574 20
11.009 -15.4 7.178 20
8.248 -12.077 -2.952 20
-4.738 -4.64 -10.002 20
-6.239 -5.966 -3.622 21
-2.34 -6.234 0.604 20
-5.67 -0.139 4.157 20
-3.475 0.336 2.463 20
-0.105 -2.719 -3.45 20
0.575 -4.11 -1.855 20
1.248 -3.039 0.742 21
-0.208 0.168 0.306 20
-0.536 3.659 -1.334 20
0.456 1.575 -2.809 20
-0.666 -2.018 -2.459 20
-3.001 -2.013 -0.156 21
-2.479 0.139 -0.779 20
-1.981 3.068 -1.867 20
-0.685 3.785 -1.029 20
-0.91 2.863 0.825 20
-1.914 2.635 1.471 20
-3.331 2.684 -0.044 21
-2.437 2.53 -1.896 20
-2.914 1.93 -1.124 20
-4.394 -0.058 -0.809 20
-2.728 -1.898 -0.038 20
-3.816 1.305 -2.796 20
-5.301 0.454 -4.765 21
-3.13 -5.661 -2.068 20
-1.429 -8.12 -0.736 20
-0.229 -4.82 -1.902 20
-0.131 -2.846 -2.817 20
-1.866 -6.278 -1.345 21
-3.995 -6.051 -2.733 20
-5.208 0.339 -1.358 20
-3.864 1.621 -1.28 20
-3.055 -1.848 -0.357 20
-0.222 -3.702 -1.341 20
0.157 -0.092 -1.198 21
0.676 1.042 -1.132 20
0.931 0.672 -1.187 20
0.286 0.325 0.916 20
-2.699 5.398 -0.75 20
-3.318 5.759 -3.405 20
-1.343 2.747 0.432 21
-0.915 3.766 1.822 20
0.868 8.414 2.418 20
2.956 6.001 0.279 20
1.567 2.103 -0.627 20
0.645 3.951 1.222 20
1.066 5.397 1.718 21
0.845 4.901 1.361 20
0.241 4.484 1.313 20
0.277 4.139 0.876 20
0.003 3.63 -0.714 20
0.439 2.314 -1.962 21
1.259 -0.163 -3.824 20
0.101 0.48 -1.898 20
2.66 1.137 1.322 20
1.109 1.989 -3.253 20
0.796 1.068 -4.624 20
2.1 -0.966 -3.931 21
3.035 -2.154 -2.913 20
0.679 1.288 1.828 20
-0.768 2.707 -0.303 20
-0.678 2.434 -0.585 20
0.271 2.609 3.105 21
-0.458 1.82 0.69 20
-1.352 0.888 -1.019 20
0.14 -0.645 -0.19 20
0.74 -1.581 -0.891 20
0.541 -1.241 -0.535 20
-0.294 0.231 -0.056 21
-1.198 0.803 0.235 20
-1.335 0.654 1.274 20
-0.975 -0.31 -0.435 20
0.598 -1.949 -0.714 20
1.172 -2.011 1.079 20
0.376 -1.708 1.421 21
0.142 -1.751 0.287 20
0.85 -1.906 -0.294 20
1.705 -2.282 -0.933 20
2.634 -2.686 -0.607 20
1.538 -2.025 -0.579 20
0.576 -1.32 -0.536 21
0.717 -1.293 0.291 20
1.751 -1.793 0.596 20
1.992 -1.856 1.22 20
0.756 -1.215 0.645 20
-0.608 -0.337 1.229 20
-1.343 -0.014 -0.904 21
-1.756 -0.437 0.22 20
-1.022 -0.939 1.776 20
0.205 -1.785 1.9 20
0.548 -1.882 1.092 20
1.08 -1.604 0.316 20
0.955 -0.99 -0.262 21
0.835 -0.894 0.397 20
0.234 -1.192 0.743 20
-0.196 -1.793 0.721 20
-0.18 -2.265 0.67 20
0.274 -2.418 0.458 20
0.26 -1.98 0.428 21
0.217 -1.445 1.055 20
-0.669 -0.658 0.646 20
-1.07 -0.498 0.107 20
-1.027 -0.775 1.4 20
-1.22 -0.976 0.918 21
-0.289 -2.267 -0.156 20
-0.931 -3.012 2.495 20
-2.746 -2.191 1.463 20
-2.568 -1.968 0.204 20
-1.35 -1.799 0.585 20
-0.559 -0.871 1.412 21
0.774 -0.098 0.344 20
2.37 -0.843 0.288 20
2.417 -1.395 1.369 20
0.44 -0.27 0.885 20
-0.22 -0.308 0.657 20
-0.508 -0.507 0.587 21
-0.966 -0.84 0.155 20
-0.682 -0.996 0.652 20
-0.747 -0.26 0.829 20
-0.478 0.088 -0.704 20
-0.411 -0.034 -2.011 20
-0.348 0.12 -1.53 21
0.27 0.625 0.041 20
0.976 1.03 0.733 20
1.21 1.104 0.526 20
2.333 0.537 0.79 20
3.406 0.149 1.768 21
2.615 1.093 0.474 20
1.942 1.344 -1.519 20
2.015 0.455 -0.891 20
1.544 0.228 0.588 20
0.372 0.624 0.488 20
-0.878 0.878 -0.267 21
-1.571 1.068 -1.096 20
-0.901 0.851 -1.381 20
0.09 0.294 -0.913 20
0.163 0.791 0.031 20
0.422 1.723 0.088 20
1.143 1.926 -0.747 21
2.092 0.92 -0.875 20
2.411 0.05 -0.344 20
2.361 -0.329 -0.84 20
1.793 -0.327 -1.323 20
1.03 -0.119 -1.408 20
0.37 -0.038 -0.431 21
-0.617 0.413 0.327 20
-1.23 1.057 0.361 20
-0.716 1.074 0.148 20
-0.511 0.659 -0.256 20
-0.587 0.093 -0.493 21
-0.597 0.178 -0.028 20
-0.152 0.829 0.25 20
0.091 1.444 -0.578 20
0.727 0.987 -1.014 20
0.475 1.072 -0.583 20
-0.024 1.764 0.415 21
-0.371 2.465 0.198 20
-0.021 3.085 1.151 20
0.213 3.018 0.624 20
0.784 1.869 -0.009 20
0.374 1.553 0.31 20
0.362 1.691 -0.142 21
0.015 1.869 -0.359 20
-0.242 1.697 0.465 20
-0.45 1.708 0.462 20
-0.08 1.233 0.607 20
0.035 1.205 0.635 20
0.892 0.849 0.694 21
0.884 0.674 0.638 20
0.945 0.113 -0.415 20
0.99 -0.523 0.092 20
0.555 -0.518 0.02 20
0.333 -0.768 -0.061 21
-0.04 -1.002 -0.018 20
-0.135 -1.016 -0.409 20
0.164 -1.216 -0.072 20
0.081 -1.172 -0.033 20
0.166 -1.078 0.127 20
0.677 -1.115 0.448 21
1.101 -1.34 0.186 20
1.204 -1.721 -0.332 20
1.015 -2.083 0.666 20
0.517 -2.164 0.903 20
0.433 -2.446 0.559 21
0.387 -2.956 0.156 20
-0.166 -3.339 0.394 20
-1.063 -3.242 0.284 20
-1.408 -3.125 0.499 20
-1.993 -2.797 0.333 20
-1.945 -2.343 0.034 21
-1.858 -1.335 0.281 20
-2.272 -0.114 0.324 20
-2.812 0.526 1.111 20
-2.768 0.559 1.185 20
-1.225 -0.757 0.374 20
1.85 -3.861 -1.346 21
3.167 -4.661 -1.379 20
1.919 -2.203 0.252 20
1.083 0.438 1.546 20
0.351 1.873 1.318 20
-0.614 1.727 0.207 20
-1.137 0.366 -0.496 21
-0.719 -0.843 -0.203 20
-0.417 -0.909 0.386 20
-0.519 -0.421 0.474 20
-0.435 -0.103 0.306 20
-0.348 0.329 0.349 20
-0.262 0.572 0.014 21
0.473 0.178 -0.612 20
1.064 -0.248 -0.572 20
0.524 0.123 -0.213 20
-0.373 0.649 -0.17 20
-0.232 0.198 -0.129 21
0.183 -0.316 -0.226 20
0.296 -0.267 -1.096 20
0.603 -0.217 -1.09 20
0.93 0.272 -0.761 20
1.169 1.187 -0.609 20
1.406 1.695 -0.087 21
1.558 1.767 0.102 20
1.301 1.976 0.014 20
0.38 2.367 0.25 20
-0.455 2.928 0.831 20
-0.709 3.157 -0.491 20
-0.623 2.613 -1.085 21
-0.194 2.44 0.83 20
-0.468 3.166 1.656 20
-0.361 3.362 -0.949 20
0.946 2.472 0.031 20
0.487 2.272 1.445 21
0.29 2.066 -0.34 20
0.188 2.101 -0.316 20
0.289 1.913 0.137 20
0.112 1.34 0.332 20
-0.701 1.417 -0.297 20
-0.486 1.28 -0.576 21
-0.002 0.914 0.867 20
-0.403 0.793 0.403 20
-0.084 0.42 -0.591 20
0.682 -0.164 0.198 20
0.375 -0.286 0.413 20
0.231 -0.477 -0.028 21
0.206 -0.58 -0.088 20
0.705 -0.595 -0.508 20
1.171 -1.142 0.07 20
1.201 -1.625 -0.503 20
1.223 -2.57 0.352 21
0.738 -3.316 0.451 20
0.261 -3.566 -0.255 20
-0.007 -3.632 0.134 20
-0.438 -3.349 0.39 20
-1.004 -2.531 0.217 20
-1.031 -1.818 -0.021 21
-1.148 -1.343 -0.386 20
-1.259 -1.185 -0.41 20
-0.933 -1.797 -0.054 20
-0.456 -2.711 -0.059 20
-0.248 -3.199 -0.342 20
-0.202 -2.989 -0.045 21
-0.43 -2.254 0.429 20
-1.415 -1.08 0.047 20
-1.495 -0.448 -0.455 20
-0.236 -0.845 -0.297 20
1.027 -1.463 0.251 21
0.913 -0.992 0.666 20
0.587 -0.056 1.054 20
0.032 0.494 1.414 20
-0.699 0.997 1.411 20
-1.373 1.229 0.267 20
-1.958 0.705 -1.134 21
-1.318 -0.695 -1.184 20
-0.397 -1.578 -0.458 20
1.026 -1.461 0.156 20
1.081 -0.211 0.052 20
0.936 1.161 0.338 20
1.256 1.754 -0.036 21
2.01 1.171 -0.8 20
1.945 0.17 -0.931 20
1.27 -0.333 -0.646 20
0.66 -0.427 0.373 20
0.244 0.339 0.803 21
0.218 1.241 0.044 20
-0.023 2.067 -0.13 20
-0.706 3.214 -0.367 20
0.37 2.736 -0.388 20
0.969 1.623 -0.515 20
0.497 1.689 0.141 21
-0.444 2.726 0.586 20
-0.583 2.938 0.06 20
-0.531 3.164 0.957 20
-0.734 3.608 0.598 20
-0.678 3.032 -0.002 21
-0.046 2.436 0.603 20
-0.509 2.757 0.864 20
-0.883 2.841 0.336 20
-0.796 2.611 -0.65 20
-0.217 1.789 -0.147 20
-0.367 1.229 0.244 21
-0.106 0.7 -0.247 20
0.313 0.175 -0.581 20
0.887 -0.096 -0.393 20
0.889 -0.463 0.236 20
0.641 -0.518 -0.248 20
1.174 -0.848 -0.769 21
1.289 -1.395 0.635 20
0.742 -1.605 1.018 20
0.594 -2.015 0.384 20
0.257 -2.271 0.237 20
0.194 -2.201 0.556 21
0.503 -2.173 0.65 20
0.748 -2.415 0.007 20
0.546 -2.842 -0.127 20
0.28 -3.228 -0.243 20
0.155 -3.371 -0.07 20
-0.31 -3.247 -0.214 21
-0.969 -2.983 -0.596 20
-1.476 -2.542 -0.493 20
-1.544 -2.195 -0.551 20
-1.157 -2.383 -0.695 20
-0.847 -2.684 -0.606 20
-0.799 -2.424 -0.151 21
-0.639 -1.873 0.107 20
-0.586 -0.955 0.275 20
0.032 0.215 1.274 20
0.659 1.291 1.83 20
0.575 2.117 1.58 20
-0.337 2.339 1.25 21
-1.304 1.529 0.368 20
-1.533 -0.358 -0.985 20
-0.658 -2.765 -1.059 20
-0.997 -3.047 -0.766 20
-0.507 -1.88 -1.597 20
0.64 -0.799 -1.622 21
2.232 -0.2 -0.026 20
3.048 0.059 0.275 20
2.896 0.158 -0.23 20
2.339 0.27 0.264 20
1.469 0.542 1.119 21
-0.266 1.557 0.962 20
-0.686 2.26 0.959 20
0.29 1.613 -0.404 20
0.841 1.314 -1.599 20
0.694 2.34 -0.831 20
0.56 3.822 1.336 21
-0.142 3.567 1.213 20
-0.846 2.671 -0.572 20
-0.248 1.949 -0.795 20
0.88 1.347 0.112 20
-0.932 2.989 1.247 20
-2.106 4.186 1.336 21
-1.913 4.162 0.747 20
-2.36 3.968 0.729 20
-1.557 3.338 0.481 20
-1.621 2.881 0.308 20
-0.433 2.022 -0.903 21
0.933 0.843 -0.438 20
1.066 0.198 0.362 20
0.328 0.129 -0.881 20
0.989 -0.14 -0.042 20
1.266 0.0 -0.167 20
1.411 -0.191 -0.838 21
2.311 -0.603 -0.261 20
1.985 -0.844 0.614 20
0.45 -2.273 1.063 20
0.025 -3.247 0.862 20
-0.477 -3.243 0.437 20
-0.463 -2.636 -0.323 21
-0.413 -1.506 0.165 20
-0.749 -0.691 0.017 20
-0.393 -1.372 -0.883 20
0.719 -3.669 -0.357 20
1.106 -5.279 0.234 21
0.53 -5.905 -0.204 20
0.181 -5.465 -0.57 20
-0.75 -3.015 0.04 20
-1.565 -0.277 0.332 20
-1.577 0.983 0.061 20
-0.88 0.861 0.456 21
-0.391 -0.263 0.6 20
-0.134 -1.477 -0.356 20
-0.315 -1.907 -0.523 20
-0.546 -1.619 -0.276 20
-0.66 -1.041 0.022 20
-0.49 -0.059 0.796 21
-0.232 0.234 0.533 20
0.29 -0.646 -0.576 20
0.787 -1.086 -1.29 20
1.269 -0.928 -1.448 20
1.146 -0.514 -0.958 21
0.693 0.035 0.252 20
-0.059 0.355 0.823 20
-0.406 0.634 0.489 20
-0.23 0.717 -0.23 20
0.568 0.458 -0.603 20
1.486 0.571 -0.172 21
1.51 0.169 1.099 20
1.143 -0.015 0.161 20
0.611 0.924 -0.663 20
0.763 1.256 -0.864 20
1.021 1.357 -1.008 20
1.035 2.262 0.562 21
-0.277 3.435 1.403 20
-1.286 4.122 0.049 20
-1.854 4.719 0.911 20
-1.382 3.977 0.535 20
-1.017 3.358 1.044 21
-1.758 4.195 0.89 20
-1.943 4.226 -0.095 20
-1.589 3.915 0.33 20
-1.514 3.69 0.467 20
-0.681 2.969 -0.182 20
0.468 1.78 -0.416 21
1.247 0.722 0.015 20
1.89 -0.095 -0.008 20
1.569 -0.627 -0.367 20
1.001 -0.769 -0.026 20
0.31 -0.746 0.439 20
0.059 -0.688 -0.063 21
0.07 -0.725 0.46 20
0.686 -1.034 0.235 20
1.057 -1.662 0.06 20
0.941 -2.312 -0.081 20
0.711 -2.825 -0.044 21
0.491 -3.064 0.134 20
0.879 -3.521 -0.146 20
1.298 -4.204 -1.054 20
0.946 -4.643 -1.453 20
0.397 -4.692 -0.361 20
-0.793 -3.373 -0.217 21
-1.751 -1.643 -0.245 20
-1.964 -0.218 0.052 20
-1.535 0.323 0.661 20
-0.437 -0.75 1.427 20
0.203 -2.15 1.485 20
-0.127 -2.01 1.134 21
-0.808 -1.119 0.143 20
-1.171 -0.666 -1.166 20
-0.642 -0.906 -1.744 20
-0.076 -1.024 -1.405 20
1.125 -1.288 -0.784 21
1.079 -1.071 -0.128 20
0.236 -0.384 0.682 20
-0.392 0.022 0.702 20
-0.362 0.164 0.405 20
-0.491 0.501 -0.022 20
0.035 0.425 -0.954 21
1.56 -0.466 -0.988 20
2.053 -0.863 -0.05 20
0.634 0.134 0.06 20
0.0 1.136 -0.04 20
0.672 1.501 0.357 20
1.135 1.797 0.235 21
0.618 2.292 0.132 20
-0.001 2.57 0.725 20
-0.109 2.532 0.508 20
-0.07 2.133 -0.892 20
0.154 1.732 -1.109 21
0.824 1.457 0.437 20
-0.549 2.316 1.021 20
-1.395 3.201 0.151 20
-1.796 3.748 0.252 20
-1.492 3.431 0.042 20
-1.051 2.969 -0.255 21
-0.8 3.129 0.953 20
-1.759 3.504 0.726 20
-1.29 3.072 0.24 20
-1.299 2.7 0.77 20
-1.078 2.16 -0.041 20
-0.069 1.026 -0.367 21
0.532 0.018 -0.662 20
1.33 -0.557 -0.637 20
1.999 -1.003 -0.049 20
1.439 -1.008 0.172 20
0.944 -1.035 0.297 21
0.662 -1.347 0.257 20
0.639 -1.67 -0.212 20
0.739 -1.966 0.192 20
1.074 -2.418 -0.158 20
1.504 -3.382 -0.25 20
1.439 -4.296 0.27 21
0.597 -4.597 0.562 20
-0.486 -4.125 0.027 20
-1.002 -3.145 -0.71 20
-0.352 -2.52 -0.984 20
0.26 -2.41 -0.894 21
-0.108 -2.391 -1.221 20
-0.134 -2.855 -0.419 20
-0.776 -1.974 0.784 20
-1.774 -0.309 1.281 20
-1.991 0.515 1.248 20
-1.572 0.674 0.97 21
-0.164 -0.123 0.234 20
0.828 -1.109 -0.825 20
0.799 -1.319 -0.607 20
-0.067 -0.767 0.298 20
-0.849 -0.886 0.104 20
-0.503 -1.666 -0.729 21
0.469 -2.075 -1.348 20
0.814 -1.165 -0.773 20
-0.107 0.915 0.299 20
-0.549 2.225 0.862 20
0.104 2.123 0.498 21
0.965 1.259 -0.922 20
1.351 0.111 -1.658 20
1.074 -0.47 -0.492 20
0.703 -0.106 0.714 20
0.376 0.941 0.419 20
0.697 1.914 -0.454 21
1.28 2.529 -1.0 20
1.266 2.778 -0.376 20
1.243 2.103 0.51 20
0.47 1.619 1.14 20
-0.984 2.613 1.421 21
-2.382 5.029 1.462 20
-3.045 6.32 1.303 20
-2.645 5.022 0.31 20
-1.396 3.241 0.542 20
-0.777 2.434 1.355 20
-1.299 2.568 0.717 21
-1.24 2.785 -0.721 20
-0.107 2.321 -0.638 20
0.519 1.354 -0.063 20
0.976 0.317 -0.611 20
1.2 -0.347 -0.423 21
1.144 -0.78 -0.201 20
0.849 -1.278 -0.127 20
0.494 -1.486 -0.628 20
0.617 -1.903 -0.114 20
0.381 -2.031 0.155 20
0.677 -2.102 -0.332 21
0.874 -2.398 0.343 20
0.791 -2.902 0.914 20
0.727 -3.459 0.562 20
0.876 -3.851 -0.371 20
0.642 -3.638 -0.269 20
0.162 -3.028 0.096 21
-0.492 -2.389 -0.443 20
-0.593 -2.236 -1.345 20
0.289 -2.787 -1.644 20
1.029 -3.15 -1.014 20
0.232 -2.728 -0.253 21
-1.316 -1.586 0.362 20
-2.239 -0.244 0.621 20
-2.024 0.217 0.893 20
-1.317 0.206 1.082 20
-0.993 0.272 1.284 20
-0.077 -0.326 0.472 21
0.568 -1.16 -0.602 20
0.716 -1.438 -0.395 20
0.308 -1.441 -0.149 20
-0.196 -1.308 -0.33 20
-0.286 -0.605 -0.603 20
0.209 -0.137 -0.812 21
0.859 0.065 -0.164 20
0.84 0.52 0.112 20
0.594 0.837 -0.142 20
0.651 0.578 0.102 20
0.633 0.32 -0.427 21
1.076 0.059 -1.341 20
1.432 -0.047 -0.019 20
0.071 1.584 0.801 20
-0.707 3.362 1.762 20
-0.212 4.028 1.403 20
0.307 4.794 -1.733 21
1.776 3.577 -2.894 20
1.454 0.486 0.8 20
-0.93 1.756 2.238 20
-2.092 4.144 1.126 20
-2.014 4.245 0.921 20
-3.762 5.051 0.723 21
-2.51 5.268 -1.129 20
0.707 3.189 0.102 20
0.888 1.228 2.801 20
-0.562 1.016 2.765 20
-2.302 1.781 0.973 21
-3.098 2.677 -1.45 20
0.21 2.295 -4.071 20
3.546 -0.413 -1.217 20
2.949 -2.191 1.745 20
1.518 -2.675 0.73 20
1.168 -3.867 0.006 21
0.411 -5.158 -0.612 20
-0.147 -4.379 -0.849 20
0.264 -2.787 0.382 20
0.574 -1.487 0.803 20
0.695 -0.676 0.229 21
0.828 -0.451 -0.142 20
0.993 -1.141 -0.055 20
0.745 -2.687 -0.178 20
0.615 -4.389 -0.846 20
0.057 -5.517 -1.385 20
-0.446 -5.688 -1.222 21
-1.197 -3.618 -0.958 20
-2.114 -0.462 -0.687 20
-0.993 0.57 0.165 20
0.182 0.423 0.418 20
0.597 0.204 0.497 20
0.845 -0.409 0.555 21
-0.027 -0.379 0.982 20
-0.594 -0.032 1.49 20
-0.877 -0.273 0.86 20
-0.339 -1.153 -0.199 20
-0.117 -1.853 -0.608 21
-0.177 -1.846 -0.668 20
-0.267 -0.976 -0.839 20
-0.227 0.166 -0.198 20
-0.105 0.844 0.383 20
0.922 0.878 0.25 20
1.787 0.624 -0.089 21
1.761 0.549 -0.164 20
1.21 0.606 -0.195 20
0.565 0.666 -0.13 20
0.159 0.731 -0.018 20
0.057 1.276 0.205 20
0.48 1.768 -0.727 21
0.797 2.278 -1.18 20
1.221 2.469 0.022 20
0.345 3.106 1.537 20
-1.905 4.322 1.278 20
-2.523 4.605 0.426 21
-2.609 4.569 0.517 20
-1.749 3.983 0.314 20
-1.593 3.613 1.08 20
-2.055 3.952 0.394 20
-1.071 3.475 -0.086 20
-0.811 2.875 0.301 21
-0.219 2.036 -0.312 20
0.835 0.847 -0.594 20
1.221 0.07 0.122 20
0.812 -0.16 0.043 20
0.257 -0.274 0.093 21
0.233 -0.554 -0.056 20
0.479 -1.133 0.106 20
0.589 -1.789 0.441 20
0.862 -2.276 0.099 20
1.343 -2.941 0.544 20
1.264 -3.658 0.496 21
0.942 -4.301 -0.553 20
0.99 -4.865 -1.015 20
0.895 -4.782 -0.937 20
0.553 -4.2 -0.751 20
0.037 -3.61 -0.842 21
-0.259 -2.694 -1.143 20
-0.277 -1.254 -0.917 20
-0.128 -0.165 -0.204 20
-0.191 0.359 0.44 20
-0.545 0.325 0.912 20
-1.079 -0.267 1.252 21
-0.891 -1.307 1.021 20
-0.39 -2.297 0.224 20
-0.411 -2.247 -0.31 20
-0.747 -1.524 -0.712 20
-0.231 -0.927 -0.671 20
0.128 -0.477 -0.354 21
-0.343 -0.276 0.015 20
-0.436 -0.151 0.64 20
-0.627 0.443 0.341 20
-0.11 0.437 -0.416 20
0.879 -0.496 -0.793 21
0.989 -0.873 -0.867 20
1.041 -0.842 -0.646 20
1.746 -0.719 -0.025 20
1.562 0.113 -0.036 20
0.925 1.094 -0.323 20
0.822 1.353 0.036 21
0.472 1.543 0.494 20
0.194 1.822 -0.074 20
0.067 1.97 -0.192 20
-0.07 2.491 0.926 20
-1.285 4.453 1.163 20
-1.782 5.133 0.62 21
-2.313 4.402 0.42 20
-2.123 4.309 0.287 20
-1.32 3.794 0.55 20
-1.108 3.923 0.214 20
-0.687 3.757 -0.47 21
-0.036 3.022 -0.346 20
0.668 1.948 -0.223 20
0.461 1.38 0.215 20
0.238 1.069 0.256 20
-0.033 0.941 0.868 20
-0.441 0.616 0.805 21
-0.628 0.326 -0.107 20
-0.25 -0.219 0.19 20
0.157 -0.719 0.141 20
0.65 -1.457 0.305 20
0.73 -2.178 0.13 20
1.332 -3.159 -0.332 21
1.901 -4.387 0.03 20
2.244 -5.459 -0.427 20
2.2 -5.972 -0.488 20
1.525 -4.974 -0.428 20
0.633 -2.853 -0.267 21
-0.263 -0.964 -0.001 20
-0.893 0.087 -0.619 20
-0.527 -0.229 -1.329 20
0.788 -1.963 -1.0 20
0.916 -3.095 -0.264 20
-0.419 -2.921 0.717 21
-1.795 -1.353 1.19 20
-1.984 -0.333 0.515 20
-1.292 -0.966 -0.506 20
-0.538 -1.512 -0.569 20
-0.158 -1.154 -0.51 20
0.089 -0.372 -0.028 21
0.214 0.276 0.815 20
0.014 0.619 0.798 20
0.051 0.325 0.507 20
0.359 -0.123 0.275 20
0.519 -0.21 -0.689 21
0.708 -0.445 -1.127 20
1.013 -0.888 -0.559 20
1.103 -0.924 -0.391 20
0.917 -0.239 -0.596 20
0.595 0.39 0.433 20
0.501 1.231 0.995 21
0.584 1.95 0.46 20
0.364 2.212 0.516 20
-0.109 2.537 0.466 20
-0.585 3.264 0.555 20
-0.044 3.291 0.101 21
-0.41 2.988 -0.227 20
-0.279 2.387 -0.528 20
-0.313 2.411 -0.369 20
-1.043 3.164 0.311 20
-1.331 3.79 -0.075 20
-1.424 3.609 -0.434 21
-1.355 3.53 0.243 20
-1.631 3.274 0.794 20
-1.783 3.423 1.038 20
-1.025 2.883 0.425 20
-0.903 1.536 0.643 21
-1.336 0.634 1.31 20
-0.955 0.029 0.416 20
-0.152 -0.173 -1.037 20
0.837 -0.3 -0.912 20
1.775 -0.682 0.103 20
2.466 -1.325 -0.078 21
3.119 -2.465 -0.243 20
2.742 -3.619 -0.182 20
1.998 -4.394 -0.045 20
1.155 -4.217 0.193 20
0.253 -2.722 0.204 21
-0.144 -1.283 0.003 20
0.156 -0.801 -0.432 20
0.356 -1.542 0.005 20
-0.291 -2.662 0.347 20
-1.049 -3.086 -0.159 20
-1.451 -3.226 -0.997 21
-1.525 -3.27 -1.236 20
-1.166 -3.29 -0.899 20
-0.396 -3.043 -0.511 20
-0.24 -1.785 0.085 20
-0.619 -0.074 0.408 20
-0.846 1.028 0.589 21
-0.296 1.285 0.716 20
1.042 0.346 0.364 20
1.517 -1.165 -0.312 20
1.607 -2.575 -0.744 20
-0.295 -2.537 -0.722 21
-2.119 -0.88 1.122 20
-1.135 0.619 1.331 20
-1.291 1.791 -1.945 20
1.551 -0.41 -2.324 20
4.067 -5.09 1.694 20
-0.252 -2.966 1.186 21
-0.707 -0.074 -1.661 20
2.107 0.088 -0.391 20
2.414 1.172 -0.671 20
0.702 3.196 -0.138 20
1.134 2.391 0.989 20
0.027 2.872 1.636 21
0.451 4.413 1.33 20
-0.721 3.896 4.772 20
-9.3 7.665 0.416 20
-2.517 7.537 -6.606 20
3.113 3.461 -0.478 21
-0.095 0.092 4.144 20
-1.916 1.475 -0.284 20
-1.735 4.928 -3.366 20
1.458 4.888 -2.497 20
2.996 1.489 0.785 20
1.957 -0.462 2.226 21
-0.642 0.082 3.263 20
-3.799 1.79 1.57 20
-3.186 1.88 -0.134 20
-2.029 1.789 0.29 20
-1.138 1.39 -0.314 21
-0.552 0.755 -0.397 20
-0.639 0.488 1.986 20
0.254 -0.149 1.38 20
1.611 -1.613 -5.469 20
6.121 -5.517 -0.106 20
4.953 -8.169 1.821 21
2.979 -9.799 -2.386 20
2.01 -9.516 -0.12 20
-0.542 -4.015 -1.152 20
-1.602 1.577 -0.534 20
-1.444 4.069 -0.045 21
0.094 3.843 -0.894 20
3.368 0.568 -1.074 20
4.299 -3.99 0.821 20
0.857 -5.486 2.466 20
-6.603 -1.606 1.191 20
-7.439 0.785 0.419 21
-2.732 0.161 -0.937 20
1.552 -4.778 -4.688 20
8.425 -9.654 -0.22 20
3.195 -3.93 -0.251 20
-2.513 1.403 -0.052 20
-3.046 4.042 2.49 21
-2.166 5.033 2.306 20
-0.932 4.71 -0.806 20
0.54 2.756 -2.776 20
3.804 -0.919 -1.854 20
5.025 -4.334 0.922 21
-0.452 -4.923 1.582 20
-3.324 -3.525 -0.31 20
-1.167 -1.314 -1.209 20
0.203 1.509 -0.381 20
0.911 3.611 1.06 20
1.154 3.821 0.484 21
1.643 3.01 -0.76 20
1.832 2.118 0.126 20
0.972 1.988 2.189 20
-1.563 2.658 0.843 20
-2.513 2.912 -0.155 20
-2.938 3.951 0.64 21
-2.01 4.776 0.173 20
-1.37 4.348 0.044 20
-1.91 3.868 0.259 20
-2.372 4.136 0.576 20
-2.014 3.843 0.848 21
-1.646 3.612 0.64 20
-0.984 3.255 0.128 20
0.394 2.074 0.231 20
1.325 0.892 0.346 20
1.68 0.031 0.286 20
1.391 -0.515 0.22 21
0.877 -0.978 0.235 20
0.884 -1.271 -0.277 20
1.086 -1.829 0.11 20
1.193 -2.457 0.008 20
1.188 -3.063 0.025 21
1.276 -3.617 -0.059 20
1.304 -3.859 0.433 20
1.352 -3.656 -0.87 20
1.631 -3.215 -1.378 20
1.578 -2.865 -0.951 20
1.138 -2.842 -0.835 21
0.448 -2.952 -0.331 20
-0.419 -2.711 0.016 20
-1.205 -1.933 -0.028 20
-1.775 -0.966 -0.29 20
-1.733 -0.72 0.005 21
-1.087 -1.028 0.611 20
-0.649 -1.302 0.011 20
0.25 -1.592 -0.52 20
1.193 -1.286 -0.138 20
0.903 -0.33 0.131 20
0.474 -0.001 0.545 21
0.293 -0.467 0.32 20
0.035 -1.17 -0.388 20
0.284 -1.7 -0.655 20
-0.287 -1.493 -0.036 20
-0.819 -0.6 0.347 21
-0.562 0.144 -0.377 20
0.586 0.216 -0.413 20
1.431 0.276 0.011 20
1.035 0.796 -0.194 20
0.537 1.193 0.325 20
0.57 1.341 0.737 21
0.668 1.668 -0.054 20
0.711 1.803 -0.281 20
0.73 1.328 -0.033 20
0.724 1.154 -0.207 20
0.669 1.644 0.156 21
-0.468 2.73 1.078 20
-1.801 3.826 0.356 20
-2.458 4.605 0.441 20
-3.326 5.298 1.071 20
-3.173 4.473 0.311 20
-2.075 3.646 -0.159 21
-1.432 3.95 0.578 20
-1.871 3.712 0.706 20
-1.164 3.097 0.747 20
-0.677 2.188 0.724 20
-0.359 1.243 -0.117 20
0.351 0.474 -0.049 21
0.96 0.041 -0.324 20
1.108 -0.706 -0.318 20
0.93 -1.25 0.021 20
1.107 -1.604 0.142 20
1.252 -2.129 0.311 21
1.144 -2.731 0.306 20
1.69 -3.439 -0.36 20
2.668 -4.229 -0.337 20
2.642 -4.535 0.317 20
1.535 -4.243 0.287 20
0.357 -3.454 -0.187 21
-0.475 -2.417 -0.681 20
-0.417 -1.789 -0.637 20
-0.013 -1.869 -0.396 20
-0.089 -2.158 -0.285 20
-0.552 -2.152 -0.444 21
-0.626 -1.863 -0.682 20
-0.484 -1.765 -0.683 20
-0.36 -2.22 -0.5 20
-0.425 -2.356 -0.183 20
-0.907 -1.26 -0.152 20
-0.49 -0.263 0.455 21
-0.357 0.29 0.733 20
-0.701 0.496 0.666 20
-0.361 0.175 0.184 20
0.616 -0.784 -0.944 20
1.29 -1.634 -1.124 21
1.109 -1.596 -0.287 20
0.558 -0.848 0.045 20
0.313 0.377 -0.295 20
0.676 1.147 -0.397 20
1.621 0.953 0.233 20
1.636 0.827 0.451 21
1.08 1.145 0.647 20
0.532 1.303 0.638 20
0.38 1.556 -0.093 20
0.919 1.907 0.364 20
0.437 2.447 1.224 20
-1.291 3.019 0.38 21
-1.38 2.625 -0.283 20
-1.632 2.957 0.642 20
-2.797 4.852 -0.418 20
-2.319 5.768 -0.033 20
-2.41 5.101 1.444 21
-2.788 4.092 1.3 20
-2.496 3.554 0.691 20
-2.363 3.229 0.326 20
-1.706 2.686 0.466 20
-0.867 2.038 -0.248 20
0.749 1.002 -0.904 21
1.276 0.38 -0.769 20
1.888 -0.451 -0.297 20
1.833 -0.968 -0.172 20
1.986 -1.602 -0.103 20
1.91 -2.608 0.594 21
1.24 -3.348 0.554 20
0.594 -3.58 0.358 20
0.679 -3.384 0.432 20
0.857 -2.912 -0.298 20
1.248 -2.521 -0.266 20
1.673 -1.53 1.379 21
0.949 -1.65 -0.323 20
0.378 -3.699 -1.981 20
-0.049 -5.382 -0.183 20
-0.846 -4.921 0.065 20
-1.37 -2.81 -0.913 21
-1.153 -1.207 -1.309 20
0.311 -1.339 -0.533 20
0.996 -1.619 0.108 20
0.437 -1.03 -0.165 20
0.061 -0.192 -0.065 20
-0.177 0.624 0.823 21
-0.61 0.064 1.206 20
-0.419 -0.677 -0.229 20
-0.14 -1.275 -0.357 20
0.321 -1.404 -0.763 20
0.123 -1.203 -1.534 21
-0.212 -0.755 -0.647 20
0.367 0.244 0.201 20
1.391 1.804 -0.749 20
2.463 0.151 0.489 20
1.378 -0.738 1.884 20
-0.153 0.027 0.812 21
0.674 -0.29 0.299 20
1.516 -0.118 1.408 20
0.058 0.496 -0.157 20
-1.23 0.196 -0.456 20
-1.126 0.164 0.248 21
-1.328 1.48 0.881 20
-1.497 2.865 0.155 20
-2.059 4.363 -0.213 20
-2.202 4.692 -0.492 20
-1.818 4.061 0.598 20
-2.333 4.024 1.071 21
-2.97 4.298 0.302 20
-3.029 4.522 0.127 20
-2.525 4.363 -0.635 20
-1.74 3.327 -0.722 20
-1.441 2.136 0.267 21
-0.782 1.265 -0.354 20
-0.341 0.584 -0.48 20
0.38 0.017 -0.818 20
0.697 -0.234 -0.001 20
-0.012 -2.013 0.154 20
-1.983 -3.629 0.522 21
-2.968 -5.612 -0.342 20
-2.014 -7.165 -1.608 20
-0.444 -5.707 -2.814 20
2.017 -3.459 -2.998 20
-0.959 -1.85 -2.644 20
-3.463 -2.712 -1.319 21
-3.237 -2.65 -0.223 20
-5.214 -2.096 -0.585 20
-4.951 -3.116 -1.423 20
-3.376 -3.656 -2.365 20
-2.661 -2.443 -1.986 21
-1.923 -0.478 -0.27 20
-1.879 1.003 0.961 20
-1.419 0.368 -0.208 20
0.121 -0.934 -1.59 20
1.275 -1.431 -0.976 20
1.089 -1.344 0.703 21
1.088 -1.173 0.104 20
0.309 -1.049 -0.132 20
-0.56 -1.132 0.137 20
-1.131 -1.32 0.21 20
-1.296 -1.169 -0.252 21
-0.539 -1.076 -0.382 20
0.141 -0.302 -0.044 20
0.545 0.629 0.009 20
0.896 0.497 0.185 20
1.462 -0.24 0.522 20
1.794 -0.796 0.28 21
1.55 -0.921 -0.234 20
0.744 -0.055 -0.409 20
0.741 1.088 -0.543 20
1.936 1.758 -1.383 20
3.066 1.276 0.05 21
2.572 0.546 1.8 20
0.519 2.452 1.947 20
-1.108 6.65 1.509 20
-0.409 7.449 1.832 20
-0.066 4.634 1.867 20
-0.059 3.78 2.18 21
-0.504 4.61 2.784 20
-0.233 4.379 2.348 20
-0.158 3.874 1.432 20
0.639 2.732 0.342 20
1.341 1.28 0.59 21
1.275 0.21 -1.225 20
1.657 -1.365 -1.21 20
1.178 -1.556 -1.065 20
0.411 -1.249 -0.797 20
-0.34 -1.444 -0.148 20
-0.614 -2.274 -0.289 21
-0.878 -2.79 -0.648 20
-0.81 -3.121 -0.43 20
-0.414 -3.41 -0.671 20
0.185 -3.475 -1.469 20
0.595 -3.619 -1.167 20
0.092 -3.86 -0.504 21
-1.163 -3.608 -0.801 20
-2.239 -3.025 -0.628 20
-1.782 -2.589 -0.658 20
-0.849 -1.996 -0.778 20
0.119 -1.734 -0.661 21
0.56 -1.265 0.161 20
0.286 -0.522 1.305 20
0.734 -0.043 0.89 20
-1.24 0.942 0.24 20
-1.349 -1.514 -1.689 20
-2.158 -3.806 -0.925 21
-2.285 -0.851 2.34 20
-0.653 0.775 -0.633 20
-0.232 0.827 -1.79 20
0.405 0.748 1.557 20
1.352 -0.792 0.265 21
1.55 -2.457 -1.216 20
0.984 -1.493 0.483 20
0.301 0.257 0.625 20
-0.67 1.982 0.903 20
1.388 2.083 -2.078 20
3.948 -0.86 -4.131 21
1.611 -1.541 1.696 20
-1.809 1.469 2.907 20
0.62 1.677 0.29 20
2.582 2.107 -0.344 20
1.297 4.951 1.791 21
-0.153 6.002 1.511 20
-0.845 3.879 0.984 20
-1.153 3.905 1.578 20
-0.923 4.836 2.05 20
-0.859 5.334 1.166 21
-0.853 5.009 0.141 20
-0.36 4.032 1.063 20
-0.335 2.909 1.017 20
0.254 1.63 0.542 20
1.018 0.585 -0.192 20
1.323 -0.166 -1.309 21
1.89 -1.182 -1.148 20
1.8 -1.761 -0.628 20
1.132 -2.24 -0.487 20
0.239 -2.822 0.196 20
-0.55 -3.35 -0.78 20
-0.486 -4.029 -0.546 21
-0.092 -4.514 -0.265 20
0.037 -4.591 -0.543 20
-0.035 -3.981 -0.708 20
-0.014 -3.05 -0.773 20
-0.465 -2.021 -1.179 21
-0.926 -1.497 -1.104 20
-0.93 -1.729 -0.504 20
-0.483 -2.35 -0.408 20
-0.428 -2.602 -0.385 20
-0.866 -2.184 0.08 20
-1.107 -1.267 0.434 21
-1.214 -0.647 0.043 20
-1.882 -0.03 0.069 20
-2.532 0.884 0.858 20
-2.074 1.112 0.586 20
-1.278 0.643 -0.157 20
-0.021 -0.582 -0.518 21
0.998 -1.787 -0.622 20
1.045 -2.083 -0.831 20
0.701 -1.857 -1.455 20
1.075 -1.82 -1.521 20
0.991 -1.05 -0.879 21
1.194 0.454 0.717 20
1.603 1.348 0.796 20
0.918 1.927 0.69 20
1.074 2.299 0.859 20
1.637 2.364 0.786 20
1.327 2.766 0.675 21
1.199 3.233 0.0 20
1.025 2.893 0.542 20
0.465 3.367 0.54 20
-0.068 4.41 0.891 20
-1.022 4.887 1.921 21
-0.709 4.168 0.67 20
-0.424 3.723 2.011 20
-1.274 4.454 2.125 20
-0.205 3.959 1.552 20
0.304 3.078 1.53 20
0.088 2.473 0.547 21
0.375 1.406 -0.147 20
0.579 0.427 -0.731 20
0.715 -0.152 -1.273 20
0.945 -0.904 -1.137 20
1.096 -2.172 -0.926 21
0.445 -3.658 -0.613 20
-0.898 -4.926 0.115 20
-1.785 -5.598 -0.273 20
-0.938 -5.59 -0.728 20
0.425 -4.421 -0.968 20
1.091 -2.616 -1.645 21
1.056 -1.74 -1.599 20
0.241 -2.241 -0.937 20
-0.729 -3.105 -1.02 20
-1.303 -3.219 -0.898 20
-1.317 -2.548 -0.448 20
-1.424 -0.998 0.156 21
-1.733 0.3 0.636 20
-1.443 0.207 1.114 20
-1.01 -0.011 1.19 20
-0.331 -0.24 0.439 20
0.145 -0.66 -0.445 21
0.327 -0.829 -0.424 20
0.126 -0.673 0.232 20
-0.457 -0.44 -0.265 20
-0.487 -1.124 -1.704 20
-0.132 -2.154 -1.445 20
0.342 -1.971 -0.35 21
0.637 -0.961 -0.086 20
1.253 -0.231 0.391 20
1.63 0.47 0.346 20
1.594 1.124 -0.371 20
1.59 1.451 -0.181 21
1.429 1.405 0.929 20
1.158 1.795 0.871 20
0.756 2.465 -0.291 20
0.775 3.206 -0.215 20
1.15 3.066 1.957 20
-0.07 3.559 1.764 21
-0.925 4.357 0.363 20
-0.955 4.62 1.765 20
-1.42 5.113 2.429 20
-0.918 5.158 0.892 20
-0.576 4.172 1.271 21
-0.795 3.78 1.308 20
-0.273 2.986 1.108 20
0.087 2.338 0.068 20
0.695 1.149 -1.564 20
1.382 -0.051 -0.868 20
1.649 -0.96 -0.193 21
1.219 -1.677 -0.835 20
0.336 -2.544 -0.064 20
-0.88 -3.096 0.761 20
-1.409 -3.621 -0.022 20
-0.934 -4.237 -1.171 21
0.138 -4.525 -1.058 20
0.848 -4.407 -0.51 20
1.188 -4.404 -1.138 20
1.186 -4.638 -2.171 20
0.323 -4.174 -2.021 20
-0.95 -2.823 -1.112 21
-1.788 -1.405 -0.451 20
-1.791 -0.747 -0.173 20
-1.31 -0.719 0.161 20
-1.138 -0.261 1.203 20
-0.858 0.559 1.822 21
-0.673 0.986 1.256 20
-0.373 0.551 0.061 20
0.084 -0.426 -0.813 20
-0.219 -0.812 -0.115 20
0.227 -1.225 0.128 20
0.657 -2.413 -0.961 21
0.714 -3.187 -0.889 20
-0.357 -2.027 -0.147 20
-0.955 0.156 0.124 20
0.024 1.388 0.504 20
0.972 1.597 0.335 20
1.987 0.825 -0.338 21
1.982 -0.141 -0.412 20
0.648 -0.09 0.148 20
0.152 0.56 0.357 20
1.107 0.709 -0.538 20
1.298 1.061 -0.922 21
1.228 1.903 -0.299 20
0.94 2.953 0.489 20
0.475 3.539 1.641 20
-0.861 4.576 2.567 20
-1.814 6.436 2.097 20
-1.624 5.896 1.676 21
-2.05 5.459 2.002 20
-1.293 5.086 1.099 20
-0.299 4.258 1.0 20
0.504 2.957 -0.371 20
1.527 0.962 -1.709 21
1.846 -0.696 -0.853 20
1.575 -1.15 -0.265 20
0.65 -1.21 -0.006 20
-0.535 -1.382 0.419 20
-1.027 -1.365 -0.103 20
-0.588 -1.241 -0.194 21
0.108 -1.352 0.639 20
0.391 -1.719 -0.456 20
1.274 -3.186 -1.439 20
1.442 -4.984 -1.325 20
0.599 -6.476 -1.937 21
-0.156 -7.143 -1.156 20
-0.835 -5.92 -0.372 20
-1.441 -3.26 -0.395 20
-1.622 -0.681 0.148 20
-1.311 1.41 0.627 20
-0.844 2.66 0.788 21
0.223 2.482 1.104 20
1.216 1.145 1.185 20
1.088 -0.954 0.351 20
0.248 -3.183 -0.99 20
-0.99 -4.369 -1.934 20
-1.589 -4.133 -1.141 21
-1.281 -2.322 0.783 20
-1.136 0.373 1.336 20
-1.21 1.655 0.454 20
-0.666 1.414 -0.239 20
0.473 0.529 -0.329 21
1.473 -0.597 -0.652 20
1.844 -1.304 -0.988 20
1.631 -1.258 -0.574 20
1.496 -0.919 0.116 20
1.359 -0.493 -0.194 20
0.809 0.153 -0.699 21
0.345 0.868 0.161 20
0.077 1.596 1.09 20
-0.423 2.377 0.784 20
-0.066 3.068 0.061 20
0.933 3.542 0.264 21
1.129 4.447 1.952 20
-0.085 5.14 1.644 20
-1.148 5.139 0.751 20
-1.268 4.873 0.2 20
-0.649 4.119 0.88 20
-1.315 4.315 1.044 21
-0.809 3.937 0.224 20
-0.232 2.965 0.609 20
-0.056 2.225 0.343 20
0.249 1.392 -0.292 20
0.569 0.686 -0.89 20
1.187 -0.067 -1.077 21
1.365 -1.011 -0.178 20
0.828 -1.624 -0.151 20
0.46 -2.285 -0.425 20
0.069 -3.162 0.108 20
-0.243 -3.954 -0.206 21
-0.063 -4.684 -0.95 20
0.548 -5.218 -0.64 20
0.519 -4.834 0.195 20
-0.075 -3.542 -0.242 20
-0.809 -2.149 -0.912 20
-1.159 -1.335 -0.924 21
-0.983 -1.382 -0.719 20
-0.885 -1.589 -0.255 20
-0.809 -1.674 -0.221 20
-0.676 -1.705 -0.559 20
-0.57 -1.588 -0.501 21
-0.907 -1.384 -0.433 20
-1.244 -1.146 0.137 20
-1.167 -0.708 0.406 20
-1.192 -0.15 0.303 20
-0.844 0.168 0.425 20
-0.411 0.168 0.113 21
0.033 -0.537 -0.863 20
0.614 -1.518 -1.167 20
0.641 -1.496 -0.248 20
0.359 -0.728 0.028 20
0.666 -0.144 -0.336 21
1.205 -0.034 -0.184 20
1.796 -0.26 -0.603 20
1.769 -0.41 -0.872 20
1.12 -0.227 0.121 20
0.478 0.293 0.769 20
-0.052 1.426 0.707 21
0.416 2.568 0.541 20
1.124 3.316 0.457 20
1.077 4.202 1.058 20
0.331 4.739 1.496 20
-0.409 4.134 1.361 21
-0.7 3.988 0.453 20
-0.994 4.285 0.742 20
-1.037 4.225 1.06 20
-0.72 3.956 0.426 20
-0.883 3.771 0.114 20
-0.568 3.56 0.745 21
0.113 3.055 0.696 20
0.886 1.943 -0.265 20
0.768 0.753 -0.267 20
0.488 0.497 -0.315 20
1.086 -0.236 -0.708 20
1.049 -1.126 -0.228 21
0.834 -2.018 -0.082 20
0.916 -3.235 -0.494 20
0.715 -4.591 -0.206 20
-0.341 -5.369 0.155 20
-0.678 -5.197 0.269 21
-0.237 -3.89 -0.372 20
0.09 -2.147 -0.656 20
-0.136 -1.003 -0.099 20
-0.476 -0.944 -0.481 20
-0.84 -1.938 -0.519 20
-1.11 -3.163 -0.605 21
-1.111 -3.737 -1.114 20
-0.816 -3.799 -1.173 20
-0.629 -2.578 -0.439 20
-0.782 -0.824 0.042 20
-0.779 0.402 0.266 21
-0.421 1.059 0.757 20
-0.038 1.201 1.056 20
0.275 0.531 0.295 20
0.435 -0.673 -0.203 20
0.612 -1.226 -0.06 20
0.322 -1.507 -0.61 21
-0.082 -1.882 -0.948 20
-0.055 -1.812 -0.31 20
0.097 -1.239 -0.007 20
0.052 -0.278 0.023 20
0.153 0.428 0.37 21
0.564 0.575 0.361 20
1.025 0.353 -0.179 20
0.92 0.383 -0.249 20
0.632 0.896 0.201 20
0.843 1.449 0.244 20
0.817 2.106 0.226 21
0.565 2.82 0.197 20
0.579 3.349 -0.264 20
0.659 3.122 0.344 20
-0.359 3.09 1.329 20
-1.933 4.408 0.853 21
-1.367 5.145 -0.027 20
-1.096 5.18 1.577 20
-0.954 5.324 0.889 20
0.123 4.127 0.185 20
-0.406 3.447 0.967 20
-0.212 2.975 0.81 21
0.457 1.796 -0.372 20
0.724 0.668 -0.488 20
1.714 -0.573 -0.616 20
2.397 -1.954 -0.026 20
1.558 -2.757 0.241 21
0.102 -2.901 0.081 20
-0.701 -2.928 0.032 20
-0.672 -3.127 0.225 20
-0.434 -3.047 0.06 20
0.024 -2.764 -0.238 20
0.494 -2.582 -0.426 21
0.58 -2.477 -0.396 20
0.402 -2.596 -0.645 20
0.323 -3.423 -1.212 20
0.349 -4.544 -1.568 20
0.301 -4.825 -0.839 20
-0.718 -3.249 -0.671 21
-1.735 -1.029 -0.35 20
-1.796 0.185 0.406 20
-1.595 0.589 0.773 20
-0.938 0.45 0.855 20
-0.279 0.058 0.647 21
0.196 0.108 0.537 20
0.017 0.307 0.011 20
-0.449 -0.243 -0.8 20
-0.421 -1.079 -0.358 20
-0.616 -1.339 -0.05 20
-0.941 -1.451 -0.804 21
-0.939 -1.36 -0.396 20
-0.384 -1.056 0.277 20
0.113 -0.935 -1.0 20
0.591 -1.111 -1.413 20
0.972 -0.756 0.001 21
0.439 1.293 0.878 20
0.529 3.266 1.015 20
0.972 3.774 1.004 20
1.034 3.603 0.289 20
1.467 3.034 -0.601 21
2.047 1.726 -1.011 20
1.098 0.382 -0.309 20
0.327 -0.3 -0.595 20
0.0 1.603 -0.766 20
0.667 5.334 -0.642 20
1.78 5.478 0.849 21
0.062 2.655 4.558 20
-2.819 2.694 0.754 20
-0.903 1.812 -2.483 20
-0.291 2.573 2.919 20
-2.353 4.689 2.58 20
-2.154 4.373 0.062 21
-0.736 3.132 -0.872 20
0.738 1.462 1.193 20
1.904 0.456 0.475 20
1.739 -0.759 -2.023 20
1.859 -3.471 -1.45 21
1.205 -4.637 0.589 20
-0.984 -3.522 1.813 20
-2.852 -1.883 -0.028 20
0.742 -1.628 -4.237 20
6.279 -3.14 -3.553 20
4.964 -4.409 0.15 21
2.109 -6.475 2.452 20
-1.245 -7.899 -1.142 20
-2.567 -6.958 -3.018 20
-3.714 -1.953 -0.84 20
-4.261 2.262 1.521 20
-3.237 3.795 1.943 21
-1.204 3.59 1.3 20
0.668 2.567 1.131 20
1.85 1.202 1.902 20
2.357 -0.484 0.595 20
1.272 -2.725 -2.73 21
-0.741 -4.451 -2.808 20
-2.314 -3.39 0.33 20
-1.746 -2.143 1.026 20
-1.11 -1.269 -0.315 20
-1.051 -0.26 -0.098 21
-0.37 0.097 0.6 20
-0.107 0.195 0.687 20
0.123 0.313 0.495 20
0.533 0.582 0.323 20
0.967 0.905 -0.069 20
1.099 1.321 -0.31 21
1.474 1.15 -0.796 20
1.863 0.078 -0.412 20
1.226 -0.878 0.32 20
0.284 -0.857 -0.129 20
0.349 -0.387 -0.576 20
0.73 0.422 -0.197 21
0.89 1.82 0.014 20
1.607 3.126 0.12 20
2.058 3.604 0.671 20
0.328 3.8 1.537 20
-1.493 4.379 1.237 21
-2.361 4.746 0.753 20
-2.121 4.588 1.068 20
-1.863 4.58 1.196 20
-1.009 4.132 0.376 20
-0.285 2.792 -0.273 20
0.234 1.823 0.068 21
0.812 1.136 0.227 20
0.863 0.755 -0.853 20
1.412 -0.057 -1.186 20
1.476 -1.008 0.533 20
0.55 -1.235 0.607 21
-0.306 -1.124 0.23 20
-0.379 -1.094 0.511 20
-0.125 -1.209 0.255 20
0.145 -1.549 -0.468 20
0.967 -2.498 -0.659 20
1.383 -3.969 -0.205 21
0.652 -5.335 -1.077 20
-0.042 -6.25 -0.872 20
-0.393 -5.742 -0.444 20
-0.662 -3.993 -0.581 20
-0.859 -1.577 -0.542 21
-0.82 0.22 -0.634 20
-0.135 0.48 -0.316 20
-0.531 0.562 1.396 20
-1.079 0.622 1.696 20
-1.609 0.383 0.845 20
-1.688 -0.607 0.523 21
-1.254 -1.998 -0.625 20
-0.839 -3.061 -0.151 20
-0.738 -2.559 1.079 20
-1.484 -0.449 0.296 20
-1.883 1.193 0.452 21
-0.834 1.449 0.918 20
-0.311 1.517 0.869 20
-0.066 1.424 0.398 20
1.112 0.005 -0.488 20
0.675 -1.265 0.235 20
-0.573 -1.17 0.612 21
-1.8 -1.015 -1.115 20
-1.743 -3.011 -0.205 20
-1.914 -3.831 1.017 20
-2.313 -1.085 0.59 20
-1.913 2.395 1.488 20
-1.53 4.686 2.331 21
-1.164 5.852 1.195 20
0.435 4.993 -1.768 20
3.464 -0.149 -1.263 20
3.945 -7.174 0.932 20
-1.455 -7.681 -0.387 21
-4.806 -2.909 -0.842 20
-1.585 0.843 1.24 20
-1.295 3.437 0.383 20
-0.316 3.166 -2.621 20
2.291 -0.138 -2.986 20
2.888 -3.373 1.278 21
0.21 -3.475 2.735 20
-2.158 0.135 0.562 20
-2.567 3.209 1.743 20
-1.718 5.145 4.244 20
-2.384 7.028 1.642 21
-1.001 7.028 -2.535 20
5.406 0.528 -5.205 20
12.377 -13.136 -3.384 20
-6.299 -13.498 6.441 20
-11.833 -5.519 -3.602 20
0.448 0.804 -1.252 21
0.565 6.141 1.727 20
1.399 7.644 0.547 20
3.805 6.188 -0.121 20
5.352 1.874 0.108 20
4.812 -4.451 0.748 21
-1.526 -7.104 0.249 20
-5.049 -4.002 -0.323 20
-1.433 -0.066 0.827 20
-2.15 3.645 2.754 20
-3.435 5.443 3.455 21
-4.336 6.561 1.243 20
-2.499 5.782 -4.874 20
5.714 -0.461 -3.684 20
6.952 -10.811 -0.603 20
-4.266 -14.134 0.804 20
-4.999 -8.004 -1.634 21
1.371 -0.561 1.003 20
0.789 5.009 2.832 20
1.114 6.543 0.921 20
0.748 6.396 0.784 20
-1.109 5.224 2.197 20
-0.388 2.373 1.191 21
0.519 0.016 -2.825 20
-0.811 -0.836 -1.174 20
-2.553 -0.543 1.784 20
-1.209 -1.696 -0.696 20
-1.328 -2.837 -0.26 21
-1.62 -3.547 -0.637 20
-1.686 -2.761 -0.571 20
-1.009 -1.373 -0.891 20
1.691 -0.446 0.784 20
3.68 0.214 -1.814 20
3.284 0.58 -0.843 21
1.19 0.893 0.559 20
0.137 0.879 0.389 20
-0.199 0.55 0.49 20
-0.787 -0.188 1.008 20
-2.748 0.061 0.616 21
-3.76 0.712 0.68 20
-2.976 1.156 1.562 20
-2.189 0.918 -0.001 20
-0.765 -0.182 -1.51 20
0.47 -0.39 -0.673 20
2.088 -0.228 0.372 21
3.731 -0.302 -1.022 20
3.741 -0.35 -1.567 20
2.958 -0.731 -0.345 20
1.567 -0.399 -0.421 20
-0.157 0.571 -0.383 21
-1.15 1.275 1.075 20
-1.697 1.441 -0.463 20
-2.465 0.999 -1.391 20
-2.304 0.973 -0.327 20
-0.83 0.974 -1.325 20
0.451 0.513 -1.742 21
1.734 -1.754 -1.432 20
2.72 -4.353 -3.578 20
-4.127 6.24 -0.795 20
1.515 6.886 -1.86 20
2.931 2.588 -1.349 21
1.573 -1.292 -2.059 20
-0.722 1.307 -0.255 20
-3.502 4.022 -1.519 20
1.163 1.447 1.038 20
6.396 -3.347 2.359 20
1.425 -1.514 -1.547 21
-1.744 -0.41 -0.597 20
-2.317 0.074 0.255 20
-1.309 0.321 0.128 20
0.203 0.298 -0.149 20
0.262 -0.039 0.643 20
-0.276 -0.436 0.575 21
0.292 0.484 -0.51 20
0.803 -0.777 2.028 20
-1.788 -2.174 -1.574 20
-0.496 -1.379 -0.796 20
0.995 1.345 2.37 21
1.46 2.215 1.055 20
0.204 2.793 0.268 20
0.395 1.563 1.056 20
2.524 -3.044 1.736 20
-0.703 -2.149 0.818 20
-0.824 -3.676 0.51 21
-1.356 -1.631 0.23 20
-0.774 -1.824 -0.941 20
-1.594 -3.336 -0.707 20
-1.756 -2.138 0.21 20
-1.677 1.77 1.992 21
0.027 3.467 0.714 20
0.49 2.131 -1.096 20
-0.28 -0.628 -0.234 20
-1.093 -1.253 1.852 20
1.014 -1.449 -0.189 21
0.548 -2.177 0.588 20
-1.89 -2.136 -0.076 20
-1.643 -2.776 -0.458 20
0.791 -3.352 0.242 20
2.121 -2.463 0.569 20
1.674 -2.128 0.922 21
1.688 -2.728 -1.0 20
1.388 0.883 2.706 20
1.014 1.657 2.828 20
2.732 1.651 0.859 20
6.544 0.581 1.409 21
6.72 1.266 1.885 20
5.062 1.17 1.039 20
0.453 1.359 -0.392 20
-2.445 -0.113 -0.741 20
0.245 0.751 6.949 20
5.153 -1.759 1.216 21
5.656 -0.218 -7.246 20
2.108 -0.153 -2.136 20
1.139 0.452 11.68 20
2.909 0.954 17.221 20
5.843 1.292 12.177 21
10.211 2.256 8.614 20
3.289 0.745 10.626 20
-4.996 0.981 6.815 20
-7.91 0.767 4.686 20
-7.921 0.047 1.891 20
-6.426 1.002 2.239 21
-5.41 2.217 1.506 20
-3.032 1.335 -2.431 20
-2.453 -0.503 -4.072 20
-4.437 1.767 -4.232 20
-5.185 5.096 -2.89 20
-5.214 5.789 -2.205 21
-4.867 5.935 -1.732 20
-4.751 5.906 -0.946 20
-4.919 6.381 2.418 20
-5.748 7.653 7.797 20
-9.865 12.555 11.316 21
-5.377 7.563 -2.738 20
-3.188 5.725 -4.13 20
-4.965 5.9 1.771 20
-2.174 3.34 6.634 20
-0.342 2.475 7.53 20
0.683 2.264 3.193 21
0.772 1.723 1.065 20
0.24 1.825 0.366 20
0.179 2.688 0.124 20
0.256 2.503 1.83 20
0.146 1.194 1.621 21
-0.93 1.536 0.972 20
-1.074 1.531 1.705 20
-0.902 1.264 2.741 20
1.552 0.161 2.603 20
1.569 0.343 1.282 20
0.63 0.485 1.283 21
0.575 0.441 1.519 20
2.286 0.468 -2.566 20
-0.003 3.286 0.828 20
0.449 1.578 1.381 20
2.325 0.032 -0.287 21
1.34 1.16 0.856 20
0.68 1.383 0.893 20
0.836 1.665 0.588 20
-0.206 2.294 0.909 20
-3.247 2.8 1.165 20
-0.87 0.631 0.639 21
2.91 -0.214 -0.151 20
3.69 0.507 -2.725 20
5.003 1.478 -5.057 20
8.413 1.701 -7.841 20
9.126 0.498 -6.475 21
7.157 -0.042 -0.239 20
6.127 0.091 4.402 20
5.52 0.168 4.207 20
4.447 -0.57 1.777 20
1.975 0.109 -0.012 20
1.42 0.119 0.105 21
2.377 -0.512 1.062 20
2.541 -0.653 0.145 20
2.002 -1.394 -1.36 20
0.584 -0.709 -2.205 20
-0.621 -0.246 -2.347 21
-0.729 -1.868 -2.573 20
-1.447 -1.543 0.141 20
-1.971 -1.704 1.677 20
-2.032 -2.036 1.852 20
-1.984 -1.366 4.346 20
-1.499 -0.906 4.781 21
-1.067 -0.951 3.214 20
-1.154 -0.988 1.346 20
-1.399 -0.921 -1.049 20
-1.951 -0.56 -1.509 20
-2.086 -0.581 -0.838 21
-1.478 -0.795 0.65 20
-1.272 -0.387 3.177 20
-1.682 -0.189 3.021 20
-2.005 -0.698 1.298 20
-1.677 -1.008 0.053 20
-1.969 -0.217 0.74 21
-3.117 0.97 0.261 20
-2.385 0.787 -0.14 20
-1.73 0.428 -0.958 20
-2.415 1.224 -1.116 20
-3.327 2.658 -0.138 21
-4.122 3.338 -0.808 20
-3.986 2.515 -1.244 20
-1.53 0.349 -0.104 20
-0.605 -0.032 0.323 20
-1.429 0.83 -1.461 20
-2.56 1.733 -1.409 21
-3.147 1.324 -0.009 20
-2.125 0.37 -0.002 20
-1.522 0.553 -0.972 20
-1.57 0.843 -1.092 20
-1.629 0.659 -0.612 21
-1.306 0.404 -0.924 20
-0.917 0.176 -1.743 20
-1.595 1.176 -2.783 20
-1.819 1.731 -2.492 20
0.0 0.145 0.26 20
-0.773 0.691 0.087 21
-1.892 1.183 -1.109 20
-2.201 0.993 -0.431 20
-1.48 0.26 0.607 20
-0.265 0.422 0.48 20
0.532 0.381 -0.751 21
0.761 0.074 -0.665 20
0.5 0.084 -0.038 20
0.355 0.064 -0.159 20
0.263 0.051 -0.076 20
0.455 -0.099 0.25 20
0.771 -0.057 0.205 21
0.752 0.058 -0.004 20
0.375 -0.018 0.189 20
0.098 -0.161 0.524 20
0.106 -0.218 0.446 20
-0.012 -0.019 0.453 21
-0.12 0.154 0.711 20
0.279 -0.089 0.91 20
0.607 -0.507 1.013 20
0.533 -0.592 0.666 20
-0.22 -0.054 0.707 20
-0.278 -0.161 1.102 21
-0.028 -0.315 1.276 20
0.269 0.002 0.786 20
0.624 0.295 -0.089 20
0.656 0.492 -0.501 20
0.541 0.546 -0.405 20
0.612 0.248 -1.501 21
0.415 0.406 -0.292 20

# Completed @Sun Jan 24 21:11:50 GMT+02:00 2021
