# Accelerometer Data File
# Started @Wed Jan 06 21:23:40 GMT+02:00 2021
#
#
# sensor Vendor: BOSCH
# sensor Name: BMI160 Accelerometer Non-wakeup
# sensor Resolution: 0.0023928226m/sec^2; Max Range: 78.4532; Min Delay: 2500 microseconds
# The sensor's attributes are the result hardware and the Android capabilities.
# It means that the Android may not utilize all features provided by the hardware.
#
# Some devices and Android versions save battery too much so the device may go to sleep.
# It just happens after couple of minutes from turning off the scree and it is easy to find it out.
#
# The following file provides the data from accelerometer in the m/s^2 format.
# The diff value is just a time delta between the samples
#
#
# data format:
# so we have 4 columns with values separated by the ";"
# X;Y;Z;time_from_previous_sample(ms)

# sensor speed set to:NORMAL
# units set to: m/sec^2
# gravity  filtered out
# Accuracy: HIGH
-2.433;4.449;7.104;0
-2.305;3.721;6.986;19
-1.667;3.07;6.47;20
-0.97;2.608;5.635;20
-1.023;2.715;4.665;20
-1.491;3.151;3.723;20
-1.674;3.051;3.423;20
-0.659;1.094;2.143;20
-0.49;1.908;4.64;20
-1.391;1.403;4.096;20
-1.411;1.237;3.638;20
-0.301;0.956;2.754;20
-0.699;1.204;1.229;20
-0.719;1.182;1.42;20
-0.846;0.233;2.836;20
-0.321;-0.886;3.312;20
-0.394;-0.002;0.967;20
-1.841;1.944;0.854;20
-1.744;1.63;0.392;20
-0.445;0.488;1.156;20
-0.076;-0.488;1.812;20
-0.058;0.159;0.519;20
0.689;0.12;-0.57;20
1.21;-0.013;-0.597;19
0.899;-0.057;0.527;20
1.346;-0.424;0.991;20
2.074;-0.375;-0.258;20
1.847;-0.173;-0.042;20
1.835;-0.247;1.028;20
1.934;-0.693;2.06;20
1.755;-0.563;2.141;20
1.392;-0.008;1.208;20
1.204;0.005;0.91;20
0.923;-0.15;1.11;20
0.545;-0.316;1.535;20
0.072;-0.054;1.613;20
0.16;0.035;0.681;20
-0.03;0.325;-0.456;20
-0.275;0.209;-0.719;20
-0.498;-0.37;-0.075;20
-0.626;-0.909;0.182;20
-1.285;-1.123;-0.423;20
-1.303;-1.631;-1.667;20
-1.186;-2.117;-2.652;20
-1.966;-1.875;-3.035;20
-1.3;-2.485;-3.444;20
-0.336;-3.03;-3.158;20
0.318;-3.307;-2.583;20
1.073;-4.967;-2.217;20
-0.109;-5.403;-1.686;19
-2.333;-4.442;-1.761;21
-3.54;-3.398;-0.859;20
-3.506;-4.051;0.039;20
-4.994;-3.4;-0.343;20
-5.872;-3.239;-0.508;20
-6.262;-3.314;-0.659;20
-7.942;-2.791;-0.021;20
-11.282;-0.412;-0.512;20
-11.124;0.219;-1.527;20
-8.541;-1.064;-1.397;20
-8.826;-0.425;-1.91;20
-7.929;1.145;-3.405;20
-5.441;0.863;-6.928;20
1.143;-4.342;-4.031;95
0.755;-3.705;-4.88;19
3.124;-3.662;-3.616;21
4.099;-4.15;-2.053;19
0.513;-4.08;-0.268;21
-1.603;-2.87;-3.035;20
1.913;-3.577;-4.943;20
2.47;-2.527;-3.009;20
2.085;-1.582;-1.41;19
1.758;-1.2;0.237;21
1.054;-1.105;1.718;19
0.047;-1.113;2.887;21
0.489;0.547;-0.305;19
3.958;1.454;-4.435;21
6.635;0.575;-5.552;19
4.749;1.193;-3.13;21
3.034;0.556;-1.851;19
2.114;-0.236;-2.884;21
0.085;-0.266;-3.878;19
1.049;-2.165;-2.13;21
0.784;-4.307;-0.613;19
0.613;-2.285;-3.928;21
-5.436;-1.371;-0.689;19
-1.178;0.218;0.226;21
-1.03;-1.721;-1.822;19
0.12;-1.282;3.743;21
2.285;0.251;3.892;19
3.303;0.114;1.757;21
3.628;-0.636;-3.493;19
-0.106;-0.409;-7.831;21
-0.85;-1.726;-0.912;19
1.537;-4.229;2.677;21
0.262;-4.539;-0.058;19
-1.257;-4.018;0.081;21
-1.987;-3.741;-0.23;19
-2.164;-3.399;-1.02;21
-1.656;-2.253;-3.279;19
1.352;0.399;-3.317;21
9.021;4.244;2.19;20
5.105;3.125;6.058;19
-1.79;-1.725;-0.868;20
0.749;-2.199;-1.807;20
3.256;-0.218;0.809;20
3.112;0.094;-1.49;20
1.634;0.005;2.341;20
1.824;-1.696;0.378;20
-0.733;0.959;0.45;20
0.197;1.488;-0.299;21
3.071;0.132;-1.244;19
1.584;-0.141;0.195;20
-1.421;-1.912;0.402;20
0.154;-2.6;-0.603;20
2.057;-0.292;-1.578;20
2.8;2.888;-0.221;20
2.589;2.657;1.71;20
2.556;0.376;3.671;20
-1.01;-3.615;-0.718;20
-2.53;-4.806;-2.293;20
-1.335;-1.658;1.106;20
0.596;0.52;1.015;20
2.972;3.198;-1.381;20
2.873;4.113;-1.623;20
3.071;-2.416;0.507;20
-4.516;-3.172;1.211;20
-0.875;-1.087;0.934;20
3.775;1.502;2.063;20
-0.068;1.184;0.173;20
-0.523;-1.135;-0.477;20
0.9;-3.294;-2.801;20
4.16;1.193;2.724;20
4.324;1.656;-0.357;20
0.313;-1.85;-3.462;20
-0.086;-0.757;-1.324;20
-0.998;0.434;-2.199;20
2.354;2.566;1.304;20
5.182;1.272;1.38;20
-0.492;-2.896;-0.863;20
-3.737;-5.985;-2.527;20
-0.097;-3.632;2.476;20
0.015;2.358;3.304;20
-3.594;0.309;0.807;20
-0.042;3.829;1.586;20
1.886;6.934;-13.421;20
1.864;6.232;3.106;20
0.647;-1.041;6.269;20
-1.459;-8.259;-1.047;20
-2.878;-3.546;0.978;20
1.143;-0.541;-2.086;20
-0.471;4.727;2.563;20
0.418;7.43;1.416;20
-1.212;-1.66;0.511;20
1.287;-4.241;5.421;20
0.597;-2.348;-1.062;20
0.505;0.201;-2.583;20
-0.379;1.343;-0.934;20
-3.24;-1.16;-0.073;20
-3.21;-5.513;1.895;20
-4.378;-7.24;3.398;20
-0.694;-4.324;-0.498;20
0.949;-1.923;-2.367;20
2.339;0.429;1.458;20
2.83;5.062;2.612;20
1.574;5.328;0.618;20
-3.101;3.23;-1.418;20
-2.394;2.421;1.875;20
-0.35;2.216;2.328;20
0.423;2.572;0.277;20
0.538;3.089;-1.056;20
-0.53;4.496;-5.282;20
-3.362;3.201;4.264;20
-3.398;2.053;5.733;20
-2.968;2.941;-1.232;20
-1.414;1.677;0.479;20
1.984;1.647;0.599;20
1.954;-2.126;-2.622;20
0.551;-3.606;0.071;20
0.388;-1.359;-0.589;20
1.824;1.141;8.83;20
-3.306;-4.004;5.539;20
-5.329;-4.317;-7.874;20
5.267;-3.818;-9.95;20
3.727;-3.838;1.953;20
-4.262;-1.977;1.514;20
-2.32;-1.704;-1.171;20
-0.37;-2.428;-0.382;20
-0.546;-2.623;0.796;20
0.404;-0.983;0.061;20
0.502;-0.512;0.208;20
-1.8;-2.489;2.143;20
2.124;-0.541;-1.208;20
5.824;4.042;0.193;20
3.493;8.268;4.216;20
0.671;6.079;1.759;20
-4.061;1.282;1.152;20
-5.892;1.018;0.267;20
-1.315;3.115;-0.55;20
2.112;2.12;0.17;20
-0.773;-1.816;2.538;20
-2.145;-5.056;1.734;20
-0.231;-5.909;-0.316;20
-0.45;-4.201;-1.199;20
-0.441;-3.563;-1.137;20
0.663;-3.869;-0.359;20
-1.054;-2.941;0.943;20
-0.602;-1.913;0.942;20
1.795;-0.939;1.182;20
3.305;0.07;0.449;20
3.76;3.995;-3.202;20
2.743;7.782;0.44;20
0.654;6.062;3.526;20
-2.615;7.838;0.14;20
-0.846;7.464;-1.604;20
1.139;4.305;-1.306;20
0.531;2.939;1.301;20
-0.079;-0.47;3.204;20
-1.449;-6.908;0.684;20
-1.535;-10.281;-2.438;20
-4.369;4.609;-1.554;20
1.711;3.525;-1.657;20
4.28;-3.999;1.351;20
-1.209;-5.134;0.925;20
-2.356;-5.85;-3.42;20
-1.566;-5.998;-1.81;20
-2.509;-3.856;-1.89;20
-0.762;-2.962;-3.036;20
-1.766;2.637;-3.155;20
-1.384;6.625;-1.162;20
-0.435;6.495;1.948;20
-1.605;3.428;3.09;20
-0.619;-1.493;0.347;20
-0.022;-3.829;-2.658;20
-1.6;-3.526;-3.692;20
-1.261;-2.16;-3.605;20
-1.09;0.312;-4.575;20
-0.386;0.788;-7.114;20
2.903;-0.592;2.319;20
3.678;1.736;14.922;20
2.079;5.611;4.055;20
0.446;6.501;-4.762;20
0.177;1.862;-1.215;20
0.752;-1.673;-0.604;20
0.429;-0.404;-2.62;20
0.582;1.162;-1.593;20
-0.006;1.492;-1.412;20
-1.038;1.353;-2.756;19
-1.867;0.955;-3.3;20
-0.57;-0.457;-2.273;20
1.711;-1.791;-5.799;20
1.29;-0.204;-2.904;20
1.667;0.348;6.701;20
1.699;-1.007;12.117;20
0.054;-1.782;5.343;20
-4.178;-2.059;-11.304;20
-4.907;-1.008;-5.747;20
-2.135;1.985;2.804;20
-2.206;2.826;-0.669;20
-1.585;1.582;0.46;20
-0.549;1.322;1.839;20
-0.923;1.224;0.161;20
-1.712;0.192;-1.633;20
-2.104;-0.494;-2.168;20
-1.139;-1.046;-1.494;20
-0.682;-0.754;0.006;20
-1.224;0.42;1.707;20
0.081;1.831;1.322;20
-0.258;3.12;-0.227;20
-1.179;1.844;-1.162;20
-1.421;-0.683;-0.263;20
-1.113;-1.196;0.388;20
1.923;-0.803;0.331;20
2.348;0.607;1.406;20
1.475;1.165;1.833;20
-0.138;1.029;0.615;20
-0.978;-0.766;-0.819;20
-0.298;-1.323;-0.116;20
-0.07;-2.654;-0.165;20
1.846;-1.697;-0.519;20
0.95;1.238;0.075;20
-1.436;0.976;-1.083;20
-3.625;-0.175;-3.715;20
-3.801;-0.058;0.409;20
-2.231;0.785;3.246;20
-0.841;-0.674;0.527;20
0.225;-2.506;-3.481;20
-1.515;-1.951;-5.863;20
-0.995;-1.806;-5.832;20
1.894;-1.58;-3.479;20
1.728;0.571;-1.266;20
-0.637;2.237;0.284;20
-2.442;2.308;-0.819;20
-0.911;1.539;-2.328;20
1.861;1.143;-2.248;20
2.324;2.001;-3.026;20
2.238;2.901;-3.73;20
2.754;2.919;-2.07;20
3.19;3.474;1.07;20
3.938;4.334;1.071;20
3.068;4.026;-0.702;20
1.827;2.308;-1.05;20
2.815;1.883;0.124;20
3.534;4.077;-0.371;20
2.864;4.995;-1.394;20
1.782;3.377;-4.64;20
0.114;1.59;-5.208;20
1.256;0.78;1.758;20
2.965;2.267;2.94;20
3.274;3.192;-0.608;20
3.932;3.056;0.34;20
3.731;4.863;-2.022;20
3.444;3.458;-3.786;20
-0.259;-0.321;-5.602;20
0.07;-1.684;0.224;20
1.917;0.154;1.989;20
1.087;0.833;-3.433;20
1.58;0.273;0.042;20
2.138;0.701;2.651;20
2.053;1.924;1.189;20
1.093;1.881;-3.525;20
-0.945;0.347;-2.92;20
-2.762;0.409;0.574;20
-1.359;0.343;-1.196;20
1.111;1.03;-2.911;20
0.002;1.197;-0.617;20
-0.336;1.174;0.013;20
-0.136;0.789;-2.637;20
-0.937;0.023;-0.955;20
-1.193;-0.274;1.052;20
-0.634;-0.773;-0.344;20
-0.577;-0.857;0.14;20
-0.122;-0.435;1.825;20
0.574;0.269;2.82;20
0.776;0.73;1.417;20
-0.892;0.241;-2.883;20
-3.705;-1.501;-2.362;20
-4.738;-2.368;-1.694;20
-3.089;-2.106;-1.926;20
-0.26;-1.13;0.525;20
0.473;-0.415;0.917;20
-1.579;-0.266;0.068;20
-2.913;-0.791;1.073;20
-2.555;-1.46;1.688;20
-1.849;-1.816;0.971;20
-0.933;-1.738;0.247;20
-1.072;-1.383;-0.32;20
-1.784;-1.288;-1.642;20
-2.345;-1.515;-2.532;20
-2.068;-2.48;-2.462;20
-1.574;-2.799;-0.845;20
-0.38;-1.881;0.981;20
-0.132;0.009;3.338;20
-0.106;0.8;3.58;20
0.024;0.694;2.64;20
-0.493;0.232;1.598;20
-0.708;0.023;-0.014;20
-1.295;0.256;-0.789;20
-1.547;-0.038;-0.809;20
-0.312;-0.291;0.715;20
1.16;0.3;1.795;20
0.768;0.94;1.057;20
-0.511;0.698;-0.352;20
-1.171;0.399;-1.009;20
-1.095;0.37;-1.572;20
-0.565;0.408;-1.624;20
0.194;0.113;-0.981;20
0.728;-0.231;-0.62;20
-0.051;0.181;-0.935;20
-0.723;0.907;-0.962;20
-0.165;1.113;-0.499;20
1.334;1.052;0.171;20
1.97;0.865;0.05;20
1.855;0.603;-0.368;20
1.43;0.644;-0.182;20
1.466;0.586;0.264;20
2.248;0.633;-0.012;20
2.616;0.876;0.42;20
2.967;0.998;-0.193;20
2.716;0.697;-0.199;20
2.709;0.662;1.512;20
2.984;1.689;2.499;20
3.405;1.552;1.687;20
2.513;1.487;0.039;20
1.485;1.543;0.022;20
1.908;0.747;-0.201;20
2.03;-0.295;-0.938;20
1.001;-0.244;-1.116;20
0.955;0.316;-0.342;20
2.041;0.746;0.338;20
2.199;1.37;0.548;20
0.325;1.565;1.056;20
0.265;0.343;0.4;20
-0.125;0.136;0.505;20
0.443;0.153;1.577;19
1.789;0.23;-0.457;20
1.556;0.835;-1.576;20
0.635;1.115;-1.179;20
-1.189;0.387;-1.395;20
-2.708;-0.856;-0.501;20
-2.496;-1.865;-0.811;20
-2.087;-1.853;-0.436;20
-1.723;-1.146;0.911;20
-1.113;-0.676;1.257;20
-1.223;-0.408;0.325;20
-1.966;-0.688;-0.302;20
-3.157;-1.027;-0.756;20
-4.038;-1.618;-1.541;20
-3.647;-2.327;-1.893;20
-3.101;-2.22;-1.605;20
-2.22;-2.021;-0.996;20
-1.487;-1.869;0.075;20
-1.308;-1.423;1.566;20
-0.955;-1.106;1.989;20
-0.553;-1.293;1.799;20
-0.778;-1.761;0.946;20
-1.058;-2.313;-0.506;20
-0.851;-2.528;-1.537;20
-1.199;-2.109;-2.261;20
-1.446;-1.411;-0.914;20
-1.37;-0.563;0.468;20
-1.151;0.144;1.342;20
-1.025;0.543;1.057;20
-0.763;0.601;0.977;20
0.627;0.405;2.056;20
0.834;0.489;0.421;20
0.369;0.005;-1.325;20
0.086;-0.456;-1.682;20
0.101;-0.538;-0.945;20
0.389;0.149;-0.15;20
0.268;1.143;-0.273;20
0.297;1.285;-0.112;20
0.515;0.853;0.291;20
0.929;1.268;0.012;20
1.921;1.628;0.873;20
2.526;2.317;0.988;20
2.494;2.109;0.598;20
2.768;1.594;-0.892;20
2.116;0.609;-1.018;20
1.452;0.474;1.279;20
1.854;1.182;2.091;20
2.904;0.699;0.985;20
2.713;0.961;0.264;20
1.795;1.158;0.117;20
1.913;1.135;0.435;20
1.991;1.655;0.1;20
2.02;2.087;0.944;20
2.273;1.71;0.78;20
1.791;0.957;0.594;20
1.075;0.589;0.636;20
0.871;0.972;0.495;20
0.956;1.246;-0.2;20
0.431;1.311;-0.473;20
-0.193;0.997;-0.471;20
-0.137;0.183;-0.635;20
-0.283;-0.106;-1.331;20
-0.621;-0.421;-1.228;20
-1.402;-0.937;-0.844;20
-1.923;-1.46;-0.363;20
-2.018;-1.534;-0.542;20
-2.292;-1.124;-0.492;20
-2.313;-0.794;0.239;20
-2.25;-0.736;-0.077;20
-2.404;-1.016;-0.673;20
-2.645;-1.386;-0.558;20
-2.744;-1.763;-0.597;20
-2.655;-2.031;-0.705;20
-2.812;-2.099;-0.965;20
-3.167;-2.122;-0.629;20
-2.354;-2.235;-0.465;20
-0.862;-1.923;-0.345;20
-0.196;-1.282;-0.457;20
-0.221;-0.93;0.33;20
-0.124;-0.606;1.344;20
-0.366;-0.524;1.128;20
-0.86;-0.638;0.73;20
-1.2;-0.692;0.267;20
-2.025;-0.481;-0.129;20
-2.406;-0.471;-0.248;20
-1.161;-0.858;0.505;20
0.705;-0.681;1.056;20
0.244;0.386;-0.265;20
-0.415;0.516;-0.905;20
0.05;0.106;-0.693;20
0.47;0.337;-1.202;20
0.58;0.359;-0.95;20
0.168;0.884;-1.06;20
0.473;1.099;-1.072;20
1.1;1.054;0.239;20
1.46;1.009;1.009;20
2.524;0.992;1.785;20
4.052;1.63;2.161;20
4.173;1.614;0.806;20
3.275;1.649;0.848;20
2.688;1.656;3.469;20
2.937;2.036;1.954;20
2.908;2.087;-0.067;20
2.089;2.197;-0.049;20
2.251;1.822;0.552;20
2.289;0.935;0.262;20
1.885;1.029;0.0;20
1.542;1.383;-0.219;20
0.773;1.339;-0.283;20
0.508;1.169;-0.304;20
0.259;1.028;0.077;20
0.412;0.835;-0.044;20
0.194;0.607;-0.62;20
-0.836;0.093;-0.459;20
-1.261;-0.497;0.384;20
-0.971;-0.82;0.337;20
-0.854;-0.95;-0.347;20
-1.155;-0.684;-0.827;20
-1.936;-0.445;-0.428;20
-2.115;-1.037;0.724;20
-2.102;-1.795;0.15;20
-2.509;-2.532;-1.447;20
-3.441;-2.932;-2.242;20
-3.602;-3.348;-1.278;20
-3.086;-3.488;-0.517;20
-2.57;-2.99;-0.577;20
-2.216;-1.839;-0.677;20
-1.949;-0.821;-0.574;20
-1.297;-0.67;-0.431;20
-0.635;-1.079;-0.215;20
-0.347;-1.418;0.064;20
0.109;-1.356;0.15;20
-0.235;-0.355;1.211;20
-0.953;0.699;1.42;20
-1.522;0.269;-0.353;20
-1.904;-0.697;-1.562;20
-1.632;-1.324;-1.19;20
-0.602;-1.407;0.043;20
-0.333;0.044;-0.021;20
-0.377;1.227;-0.023;20
0.175;1.098;0.034;20
0.681;0.63;0.08;20
1.001;0.621;0.628;20
0.53;0.921;0.018;20
0.574;0.997;-0.675;19
0.827;1.057;-1.172;20
0.811;1.087;0.328;20
1.778;1.442;0.636;20
3.06;2.056;0.885;20
3.174;2.159;0.73;20
2.79;1.486;-0.009;20
2.446;1.005;0.338;20
2.296;1.019;2.672;20
3.321;1.818;2.404;20
3.453;1.856;1.979;20
3.31;1.371;1.177;20
2.537;1.865;0.738;20
2.126;1.797;0.897;20
1.756;1.512;-0.082;20
1.033;1.186;-0.014;20
0.75;1.001;0.44;20
0.514;0.89;-0.157;20
0.712;0.689;-0.538;20
0.643;0.665;-0.549;20
0.234;0.553;-0.52;20
-0.123;0.045;-0.522;20
-0.598;-0.452;-0.763;20
-1.301;-0.674;-0.822;20
-1.906;-0.906;-0.365;20
-1.966;-1.219;-0.277;20
-2.325;-1.345;-0.249;20
-2.537;-1.54;-0.198;20
-2.589;-1.925;-0.402;20
-2.871;-2.244;-0.839;20
-3.071;-2.396;-1.082;20
-2.98;-2.599;-0.879;20
-2.796;-2.544;-0.759;20
-2.751;-2.05;-0.953;20
-2.256;-1.75;-1.51;20
-1.574;-1.512;-1.842;20
-1.043;-1.549;-1.294;20
-0.333;-1.553;-0.188;20
-0.121;-1.297;0.8;20
-0.587;-0.822;1.621;20
-1.085;0.0;1.429;20
-1.394;0.178;0.674;20
-1.451;-0.184;-0.061;20
-1.647;-0.51;-1.208;20
-1.042;-0.832;-0.339;20
0.335;-0.419;0.64;20
0.321;0.698;0.313;20
0.222;0.843;-0.153;20
0.314;0.319;-0.927;20
-0.107;0.11;-1.069;20
-0.068;0.593;-0.781;20
0.143;1.189;-0.522;20
0.639;1.268;0.379;20
1.666;1.29;1.234;20
3.074;1.868;1.774;20
4.055;2.436;1.778;20
3.462;1.923;0.548;20
2.849;0.87;0.252;20
1.945;1.072;1.257;20
2.665;1.993;2.369;20
3.375;1.994;1.196;20
2.227;0.812;0.44;20
2.28;1.19;1.42;20
2.985;1.851;0.914;20
1.887;1.578;0.176;20
0.81;1.168;0.236;20
0.839;0.891;0.346;20
0.865;0.893;-0.082;20
0.804;0.56;-0.492;20
0.571;0.599;-0.557;20
0.294;0.64;-0.247;20
0.018;0.322;-0.399;20
-0.78;-0.033;-0.732;20
-1.334;-0.37;-0.523;20
-1.75;-0.568;-0.4;20
-2.254;-0.746;-0.92;20
-2.555;-1.306;-0.41;20
-2.692;-1.966;-0.244;20
-2.506;-2.731;-0.659;20
-2.592;-2.796;-0.768;20
-2.764;-2.282;-0.542;20
-2.781;-2.097;-0.591;20
-2.813;-2.331;-1.052;20
-2.739;-2.475;-1.197;20
-2.454;-1.949;-1.269;20
-1.169;-1.567;-1.381;20
-0.147;-1.619;-1.269;20
-0.326;-1.567;-0.614;20
-0.432;-1.068;0.18;20
-0.102;-0.528;1.065;20
-0.477;-0.046;2.028;20
-1.341;0.26;1.618;20
-2.149;0.156;-0.466;20
-2.025;-0.389;-1.672;20
-1.012;-0.591;-0.56;20
-0.706;0.12;-0.172;20
-0.379;0.446;0.165;20
0.695;0.281;0.172;20
1.195;0.031;-0.368;20
0.659;0.015;-0.402;20
0.201;0.731;-0.422;20
0.107;0.865;-0.274;20
1.002;1.246;0.548;20
1.825;2.338;1.116;20
2.867;2.653;1.237;20
3.419;1.983;0.553;20
2.719;1.0;-0.314;20
2.473;0.747;0.753;20
2.689;1.679;2.569;20
3.543;2.216;1.859;20
3.51;1.628;1.679;20
2.724;1.318;1.354;20
2.69;1.937;0.994;20
2.57;2.159;1.074;20
2.473;2.018;0.473;20
1.648;1.666;-0.126;20
0.957;1.083;0.345;20
0.982;0.513;0.455;20
1.265;0.333;-0.105;20
0.968;0.299;-0.482;20
0.3;0.185;-0.654;20
-0.475;0.173;-0.539;20
-1.234;0.041;-0.472;20
-1.636;-0.227;-0.513;20
-2.335;-0.696;-0.949;20
-3.177;-1.368;-1.022;20
-3.407;-2.009;-0.866;20
-3.144;-2.293;-0.637;20
-2.965;-2.165;-0.483;20
-2.725;-2.046;-0.738;20
-2.541;-2.283;-0.753;20
-2.716;-2.38;-0.471;20
-2.961;-2.388;-0.458;20
-2.504;-2.516;-1.149;20
-1.891;-2.182;-1.444;20
-0.908;-1.72;-1.041;20
0.197;-1.637;-0.6;20
-0.121;-1.481;-0.204;20
-0.469;-1.353;0.592;20
-0.513;-1.043;0.735;20
-1.11;-0.753;0.129;20
-1.898;-0.46;0.321;19
-2.183;-0.093;0.821;20
-2.299;0.194;0.485;20
-0.607;-0.534;-1.076;20
0.485;-1.104;-1.43;20
0.118;-0.368;-0.282;20
-0.514;0.716;-0.213;20
-0.204;0.933;-1.056;20
0.171;0.883;-0.884;20
0.204;0.887;-0.218;20
0.274;1.4;0.853;20
1.314;2.299;1.484;20
3.123;2.752;1.695;20
4.447;2.475;1.896;20
4.431;1.934;0.739;20
3.526;1.269;0.74;20
2.548;1.7;2.712;20
3.503;2.787;3.383;20
3.47;2.676;0.884;20
2.868;1.811;0.466;20
2.633;1.555;0.37;20
2.092;1.632;0.061;20
1.794;1.368;0.152;20
1.725;0.879;-0.186;20
1.328;0.811;-0.365;20
0.971;0.814;-0.072;20
0.93;0.762;0.21;20
0.845;0.811;0.392;20
0.733;0.562;-0.08;20
0.017;0.297;-1.012;20
-1.12;-0.021;-0.637;20
-1.853;-0.441;-0.683;20
-2.474;-0.82;-1.253;20
-3.333;-1.232;-0.959;20
-3.23;-2.178;0.022;20
-2.515;-2.818;-0.208;20
-2.248;-2.78;-1.119;20
-2.523;-2.131;-1.503;20
-2.75;-1.821;-0.94;20
-2.714;-1.822;-0.146;20
-2.757;-2.116;-0.291;20
-2.954;-2.622;-1.083;20
-2.852;-2.599;-1.695;20
-1.288;-2.26;-1.728;20
0.346;-1.799;-0.964;20
0.146;-1.369;0.041;20
-0.165;-1.13;0.768;20
-0.045;-0.767;1.381;20
-0.705;-0.033;1.605;20
-1.878;0.321;0.037;20
-2.475;-0.038;-1.324;20
-1.896;-0.599;-0.366;20
-1.454;-0.125;-0.084;20
-0.629;-0.069;-0.914;20
0.157;-0.737;-0.848;20
0.238;-0.12;0.158;20
0.738;0.872;0.599;20
0.869;1.621;0.033;20
0.513;1.843;-1.289;20
0.449;0.958;0.122;20
0.503;1.414;1.241;20
1.49;1.945;0.828;20
3.755;1.789;-0.661;20
3.869;1.468;-1.102;20
2.818;1.358;3.371;20
3.974;2.604;3.799;20
3.952;1.953;1.72;20
2.724;1.426;2.242;20
2.827;2.066;2.374;20
3.756;2.431;1.268;20
3.244;2.075;0.516;20
2.308;1.383;-0.402;20
1.329;0.99;-0.657;20
0.743;0.835;0.229;20
1.208;0.618;0.293;20
1.766;0.771;-0.48;20
0.986;0.972;-0.11;20
0.242;0.584;0.775;20
0.229;0.226;-0.248;20
-0.679;0.386;-2.827;20
-3.19;0.231;-1.585;20
-3.821;-1.03;0.651;20
-3.006;-2.609;-0.002;20
-3.139;-3.167;-1.584;20
-3.172;-2.704;-1.146;20
-2.454;-1.994;-0.095;20
-2.012;-1.592;-0.267;20
-2.539;-1.601;-1.003;20
-2.936;-2.1;-1.246;20
-3.134;-2.399;-1.084;20
-2.929;-2.525;-1.045;20
-2.455;-2.491;-0.904;20
-1.377;-2.149;-1.143;20
-0.125;-1.874;-1.287;20
0.303;-1.544;-0.023;20
-0.037;-1.314;0.744;20
-0.55;-0.898;0.734;20
-1.463;-0.338;-0.185;20
-2.145;-0.186;-0.561;20
-1.926;-0.24;0.417;20
-1.546;0.475;1.524;20
-0.686;1.115;0.015;20
0.369;0.404;-1.678;20
0.287;-0.358;-1.182;20
0.064;-0.074;-0.083;20
0.292;0.428;-0.031;20
0.291;1.231;-0.289;20
0.749;1.565;0.293;20
1.261;1.798;0.876;20
1.822;2.336;1.784;20
3.453;2.471;1.61;20
3.858;2.526;-0.122;20
3.086;1.267;1.045;20
2.823;1.228;2.54;20
3.36;1.853;1.09;20
3.334;1.752;1.207;20
2.479;1.657;0.625;20
2.544;1.599;0.767;20
2.591;1.566;1.048;20
2.608;1.103;0.816;20
2.222;0.851;0.629;20
1.489;1.16;0.991;20
1.318;1.257;0.958;20
1.307;1.086;-0.059;20
0.976;0.794;-0.469;20
0.585;0.454;-0.401;20
-0.04;0.305;-0.859;20
-1.021;-0.035;-1.085;20
-1.721;-0.465;-0.934;20
-2.299;-0.617;-0.875;20
-2.616;-0.729;-0.472;20
-2.596;-1.357;-0.348;20
-2.735;-2.129;-0.901;20
-3.022;-2.425;-1.173;20
-3.319;-2.299;-0.685;20
-2.979;-2.265;-0.233;20
-2.605;-2.53;-0.606;20
-3.076;-2.831;-1.332;20
-3.551;-2.686;-1.98;20
-2.801;-2.156;-1.967;19
-1.048;-1.451;-1.35;20
0.491;-1.405;-0.51;20
-0.02;-1.34;-0.349;20
-0.456;-0.721;-0.064;20
-0.346;-0.67;0.108;20
-0.391;-0.437;1.091;20
-0.91;0.464;2.484;20
-1.492;0.855;0.768;20
-1.907;0.256;-1.374;20
-1.943;-0.318;-1.607;20
-1.261;-0.838;-1.964;20
0.209;-1.613;-0.256;20
0.311;-0.731;0.605;20
0.23;0.906;0.381;20
0.638;1.637;-0.282;20
1.51;1.186;0.3;20
1.657;1.531;1.106;20
2.276;2.279;2.211;20
3.189;2.355;0.776;20
3.782;2.557;-0.408;20
3.138;1.258;0.916;20
2.04;1.096;1.508;20
1.952;1.527;2.138;20
3.078;1.642;1.773;20
3.264;1.639;0.96;20
3.138;1.505;1.286;20
3.232;1.874;1.623;20
2.743;2.101;0.991;20
1.994;1.654;0.536;20
1.292;0.969;0.933;20
1.491;0.516;0.665;20
1.697;0.374;-0.308;20
0.976;0.418;-1.142;20
-0.331;0.355;-0.868;20
-1.026;0.082;-0.406;20
-1.355;-0.046;-0.943;20
-1.985;-0.224;-1.138;20
-2.556;-0.588;-0.72;20
-2.703;-1.103;-0.167;20
-2.804;-1.622;-0.59;20
-2.989;-2.175;-1.04;20
-3.052;-2.518;-1.102;20
-3.044;-2.529;-1.03;20
-2.792;-2.66;-0.807;20
-2.821;-2.483;-0.689;20
-2.933;-2.346;-1.043;20
-2.894;-2.209;-1.421;20
-1.57;-1.757;-1.594;20
0.128;-1.372;-1.034;20
0.121;-1.082;-0.126;20
-0.511;-1.237;0.407;20
-0.71;-1.171;-0.029;20
-0.878;-0.899;-0.442;20
-1.56;-0.511;-0.521;20
-2.311;-0.128;1.039;20
-2.251;0.25;1.509;20
-0.84;0.085;-0.773;20
0.254;-0.349;-1.394;20
-0.553;-0.513;-1.382;20
-0.65;-0.058;0.256;20
0.119;0.634;0.025;20
0.372;0.976;-0.332;20
0.781;0.991;0.457;20
1.313;1.849;1.181;20
3.014;2.679;1.938;20
4.049;2.241;1.729;20
4.041;1.847;0.564;20
3.682;1.259;1.612;20
3.288;2.068;2.992;20
3.49;2.452;1.169;20
2.636;1.327;1.052;20
2.127;1.289;1.311;20
2.981;1.557;0.766;20
3.17;1.598;0.327;20
1.969;1.591;0.24;20
1.322;1.268;0.438;20
1.388;0.956;0.431;20
1.23;0.994;0.435;20
1.628;0.791;-0.032;20
1.366;0.64;-0.544;20
0.578;0.385;-0.645;20
-0.61;0.085;-0.675;20
-1.459;-0.263;-0.472;20
-1.882;-0.297;-0.435;20
-2.306;-0.265;-1.095;20
-2.891;-0.62;-0.537;20
-2.987;-1.528;0.37;20
-2.708;-2.721;-0.272;20
-3.039;-2.996;-1.894;20
-3.41;-2.796;-1.948;20
-3.291;-2.495;-1.074;20
-2.981;-2.191;-1.174;20
-2.939;-2.267;-1.408;20
-2.742;-2.237;-1.467;20
-1.312;-2.069;-1.249;20
0.126;-1.64;-0.568;20
0.457;-1.174;-0.026;20
-0.244;-1.02;0.529;20
-0.605;-0.907;0.334;20
-0.76;-0.823;0.437;20
-1.12;-0.762;0.63;20
-2.094;-0.287;-0.258;20
-2.665;-0.03;-0.262;20
-2.302;0.106;0.505;20
-0.521;0.248;-0.105;20
0.584;-0.392;-1.384;20
-0.04;-0.821;-0.454;20
-0.09;-0.204;0.821;20
0.761;0.559;-0.541;20
0.864;0.941;-0.709;20
0.989;1.323;0.558;20
1.642;2.517;1.127;20
2.871;2.548;1.189;20
3.353;1.952;1.053;20
3.414;1.69;0.626;20
3.476;1.234;1.1;20
3.45;1.592;2.713;20
3.251;2.247;2.78;20
3.109;2.346;2.254;20
3.301;1.911;1.278;20
2.634;2.144;0.42;20
2.015;1.848;0.384;20
1.923;1.439;0.145;20
1.408;1.312;-0.08;20
1.226;1.155;-0.177;20
1.304;0.986;-0.218;20
1.253;0.583;0.038;20
1.037;0.137;-0.18;20
-0.172;0.024;-0.839;20
-1.491;-0.267;-1.174;20
-2.452;-0.343;-0.884;20
-2.509;-0.488;-0.571;20
-2.527;-0.853;-0.165;19
-2.514;-1.369;-0.15;21
-2.534;-1.901;-0.394;20
-2.828;-2.215;-0.762;19
-2.953;-2.438;-1.251;20
-3.222;-2.439;-1.281;20
-3.381;-2.54;-1.206;20
-3.493;-2.929;-1.064;20
-3.297;-2.737;-1.497;20
-1.493;-2.254;-2.212;20
-0.231;-1.58;-1.609;20
0.121;-1.241;-0.085;20
-0.14;-1.149;0.763;20
-0.298;-1.159;1.176;20
-0.527;-0.584;1.626;20
-1.197;-0.017;0.613;20
-2.088;-0.196;-1.053;20
-2.086;-0.735;-0.758;20
-1.132;-0.286;1.149;20
-0.4;0.384;0.092;20
0.163;0.162;-1.509;20
0.078;-0.224;-1.285;20
0.096;-0.219;-0.341;20
0.05;0.505;-0.036;20
0.234;1.438;-0.668;20
0.556;1.451;0.243;20
0.336;1.418;1.249;20
1.523;1.783;1.566;20
3.794;2.43;1.347;20
4.63;2.159;0.837;20
3.52;1.603;0.747;20
2.974;1.369;1.67;20
3.115;2.077;2.65;20
3.538;2.15;2.478;20
3.534;2.137;1.389;20
2.932;1.958;0.851;20
2.51;1.754;0.609;20
2.282;1.72;0.436;20
1.565;1.035;0.284;20
1.257;0.783;0.232;20
0.983;0.78;-0.344;20
0.893;0.534;-0.564;20
0.739;0.511;-0.48;20
0.432;0.431;-0.263;20
-0.309;0.063;-0.233;20
-1.112;-0.479;-0.539;20
-1.781;-0.835;-1.126;20
-2.524;-0.913;-1.231;20
-3.147;-1.298;-0.2;20
-3.114;-1.884;0.032;20
-2.971;-2.193;-0.552;20
-2.991;-2.213;-1.493;20
-3.321;-1.945;-1.453;20
-3.187;-2.173;-0.987;20
-2.864;-2.563;-0.983;20
-3.177;-2.697;-1.227;20
-2.935;-2.32;-1.725;20
-0.697;-1.965;-1.615;20
0.262;-1.326;-0.3;20
-0.073;-1.441;-0.033;20
-0.021;-1.31;0.53;20
0.09;-0.92;1.065;20
-0.273;-0.897;1.424;20
-1.033;-0.491;1.528;20
-1.887;-0.144;-0.345;20
-2.683;-0.233;-1.767;20
-2.544;-0.406;-0.394;20
-1.951;0.287;-0.348;20
-0.219;0.11;-0.969;20
1.35;-0.5;-0.048;20
1.795;-0.07;0.777;20
0.568;1.326;-0.986;20
-0.637;1.321;-1.508;20
-0.209;0.443;0.418;20
0.244;1.205;0.773;20
1.815;2.962;0.825;20
4.124;2.707;1.54;20
4.597;1.604;2.018;20
4.129;1.323;1.387;20
4.143;1.507;0.893;20
3.14;1.855;1.952;20
2.606;2.348;2.798;20
3.384;2.43;2.133;20
3.533;2.097;0.322;20
1.733;1.928;0.318;20
1.64;1.586;0.066;20
1.719;1.397;-0.998;20
1.008;0.792;-0.873;20
0.511;0.698;0.154;20
1.197;0.634;0.608;20
1.864;0.459;0.319;20
1.175;0.193;0.114;20
-0.034;-0.028;-0.172;20
-1.171;-0.314;-0.838;20
-2.115;-0.302;-0.825;20
-2.498;-0.16;-0.609;20
-2.734;-0.413;-0.177;20
-2.943;-1.23;-0.332;20
-3.209;-2.176;-0.721;20
-3.343;-2.86;-1.221;20
-3.136;-3.035;-1.637;20
-2.699;-2.984;-1.29;20
-2.539;-2.599;-0.616;20
-2.229;-2.425;-0.567;20
-2.151;-2.407;-1.036;20
-2.35;-2.041;-1.465;20
-1.819;-1.563;-1.539;20
-0.454;-1.439;-0.596;20
-0.309;-0.871;0.075;20
-0.634;-0.421;0.525;20
-0.497;-0.431;1.018;20
-0.387;-0.61;1.181;20
-0.948;-0.456;0.36;20
-1.821;-0.466;-0.872;20
-1.744;-0.827;-0.825;20
-1.516;-0.43;-0.143;20
-1.153;0.289;0.032;20
-0.037;0.094;-0.544;20
0.099;0.113;-0.966;20
0.492;0.716;-0.248;20
0.598;0.634;-0.381;20
0.599;0.792;-0.065;20
0.944;1.519;0.372;20
1.091;1.999;0.932;20
2.129;2.526;0.955;20
3.427;2.126;1.841;20
4.115;1.922;1.641;20
4.122;1.575;0.876;20
3.69;1.864;1.008;20
3.114;1.951;1.595;20
2.658;1.603;1.787;20
2.981;1.511;1.589;20
3.06;1.61;0.955;20
2.653;2.025;0.213;20
1.697;2.228;0.347;20
1.338;1.505;0.62;20
1.715;0.88;-0.445;19
0.694;0.906;0.648;20
1.474;0.425;0.549;20
1.954;-0.347;-1.536;20
0.183;0.049;-0.841;21
-0.473;0.244;0.035;20
-0.337;-0.042;-0.717;19
-1.543;-0.174;-0.82;20
-2.391;-0.275;-0.492;20
-2.665;-0.461;-0.469;20
-2.873;-1.109;-0.392;20
-3.071;-1.94;-0.441;20
-3.326;-2.492;-0.679;20
-2.944;-2.833;-1.37;20
-2.639;-2.723;-1.106;20
-2.623;-2.314;-0.405;20
-2.067;-2.378;0.004;20
-1.393;-2.528;-0.589;20
-2.135;-1.967;-1.433;20
-3.04;-1.395;-1.788;20
-1.447;-1.754;-1.568;20
-0.615;-1.725;-0.816;20
-1.122;-1.669;0.108;20
-0.161;-1.2;1.035;20
0.079;-0.297;2.673;20
-0.392;-0.009;2.52;20
-1.564;0.032;-0.689;20
-2.522;-0.207;-2.974;20
-1.472;-0.637;-0.683;20
-1.379;0.331;0.529;20
-0.719;0.686;0.181;20
0.285;-0.108;-0.828;20
0.244;-0.61;-0.989;20
0.25;0.219;-0.232;20
-0.033;0.896;-0.496;20
0.237;1.121;-0.278;20
0.909;1.61;0.12;20
1.584;2.189;1.973;20
3.279;2.742;2.084;20
4.488;2.61;1.185;20
4.378;2.181;0.403;20
2.968;1.126;0.278;20
2.953;1.656;2.805;20
3.652;2.503;2.566;20
3.0;1.826;0.742;20
2.426;1.13;0.771;20
2.992;1.658;0.411;20
2.471;2.19;0.083;20
2.144;1.846;0.36;20
1.938;1.584;-0.145;20
1.246;1.05;-0.073;20
1.003;0.359;0.19;20
1.12;0.247;-0.313;20
0.978;0.432;-0.368;20
0.628;0.483;-0.081;20
-0.079;0.269;0.17;20
-0.789;0.042;-0.411;20
-1.615;-0.113;-0.825;20
-2.366;-0.08;-0.66;20
-2.618;-0.617;-0.079;20
-2.704;-1.577;-0.586;20
-2.957;-2.217;-0.849;20
-3.034;-2.459;-0.516;20
-2.703;-2.584;-0.475;20
-2.432;-2.886;-0.863;20
-2.661;-3.052;-1.298;20
-3.458;-2.725;-1.171;20
-3.707;-2.345;-1.051;20
-2.75;-2.227;-1.319;20
-1.255;-1.81;-1.84;20
-0.314;-1.267;-0.979;20
-0.031;-1.017;0.254;20
-0.111;-1.213;0.843;20
-0.566;-1.055;1.302;20
-0.99;-0.529;1.187;20
-1.419;-0.151;-0.218;20
-1.799;-0.064;-1.011;20
-1.682;-0.301;-0.621;20
-1.022;-0.239;0.677;20
-0.544;0.228;0.879;20
-0.313;0.613;-0.406;20
0.258;0.178;-0.791;20
0.459;0.072;-0.326;20
-0.065;0.117;-1.039;20
0.012;0.18;-0.467;20
0.028;0.596;-0.366;20
0.661;1.01;-0.192;20
1.224;1.681;0.855;20
3.027;2.265;2.052;20
4.428;2.474;1.569;20
3.89;2.242;-0.01;20
2.52;1.05;1.34;20
2.796;1.218;2.667;20
3.605;1.996;0.21;20
3.173;1.552;0.454;20
2.371;1.593;1.303;20
2.528;1.6;1.195;20
2.735;1.951;0.812;20
2.222;1.822;0.703;20
1.609;1.394;0.425;20
1.306;1.264;0.799;20
1.419;1.116;0.529;20
1.465;0.844;-0.126;20
0.635;0.87;-0.142;20
0.313;0.447;-0.408;20
0.027;0.268;-1.285;20
-0.798;0.015;-0.769;20
-1.245;-0.296;-0.756;20
-1.681;-0.383;-1.368;20
-2.453;-0.623;-1.031;20
-2.738;-1.235;0.168;20
-2.772;-1.821;-0.067;20
-3.096;-2.171;-0.83;20
-3.339;-2.165;-0.758;20
-2.994;-2.21;-0.809;20
-2.725;-2.331;-0.605;20
-2.392;-2.773;-0.75;20
-2.782;-2.679;-1.261;20
-3.12;-2.385;-1.275;20
-2.211;-1.935;-1.01;20
-0.707;-1.731;-0.74;20
-0.52;-1.566;-0.147;20
-0.298;-0.935;0.262;20
-0.227;-0.225;0.298;20
-0.627;-0.153;0.669;20
-0.928;-0.194;1.398;20
-1.122;-0.22;1.081;20
-1.663;-0.12;-1.066;20
-2.036;-0.229;-2.296;20
-1.108;-0.189;-0.359;20
-0.307;0.754;1.481;20
0.022;1.362;-0.009;20
0.732;0.361;-1.199;20
0.26;-0.219;-0.518;20
-0.361;0.498;-0.54;20
0.022;0.748;-0.498;20
1.052;0.822;0.695;19
1.734;1.701;1.376;20
3.216;2.581;1.469;20
4.341;1.877;1.788;20
4.069;1.174;1.316;20
3.233;0.897;0.251;20
2.821;1.355;0.913;20
2.703;1.877;1.992;20
2.842;1.726;1.856;21
3.103;1.449;0.808;20
2.823;1.399;0.063;19
2.562;1.294;0.557;20
2.032;1.602;0.231;20
1.551;1.338;0.098;20
1.059;0.905;0.246;20
0.8;0.991;0.633;20
1.425;1.021;0.509;20
1.44;0.818;-0.328;20
0.354;0.425;-0.323;20
-0.373;-0.162;0.062;20
-0.76;-0.48;-0.532;20
-1.592;-0.49;-1.084;20
-2.293;-0.671;-0.885;20
-2.419;-1.255;-0.527;20
-2.824;-1.302;-0.901;20
-2.893;-1.465;-0.753;20
-2.782;-2.015;-0.499;20
-2.985;-2.322;-0.518;20
-2.835;-2.836;-1.011;20
-3.043;-2.636;-1.027;20
-2.98;-2.265;-0.663;20
-2.671;-2.243;-0.573;20
-2.624;-2.064;-0.783;20
-1.676;-1.996;-1.047;20
-0.17;-1.761;-0.518;20
0.601;-1.329;0.053;20
-0.057;-1.094;0.237;20
-0.625;-0.94;0.528;20
-0.821;-0.483;0.432;20
-1.17;-0.204;0.128;20
-1.711;-0.35;-0.087;20
-2.025;-0.649;-0.358;20
-1.51;-0.698;0.744;20
-1.432;-0.014;-0.112;20
-0.704;0.023;-1.502;20
0.018;-0.532;-1.79;20
-0.254;-0.171;-0.19;20
0.301;0.46;0.449;20
0.926;0.996;-0.457;20
0.894;1.491;-0.377;20
0.602;1.73;0.606;20
0.699;1.831;0.832;20
2.567;2.318;1.616;20
4.565;2.276;1.689;20
4.29;1.999;0.694;20
3.367;1.553;0.843;20
3.199;1.766;2.472;20
3.566;2.183;2.723;20
2.96;2.262;0.575;20
2.795;1.637;0.287;20
3.149;1.596;0.696;20
2.423;1.824;0.068;20
2.088;1.655;0.039;20
1.657;1.729;0.109;20
1.206;1.323;0.839;20
1.711;0.852;0.906;20
1.727;0.663;-0.238;20
0.809;0.836;-0.57;20
0.288;0.528;-0.532;20
0.015;0.143;-0.591;20
-0.61;-0.431;-0.314;20
-1.3;-0.978;-0.664;20
-2.11;-1.018;-1.4;20
-2.86;-0.901;-0.863;20
-3.063;-1.074;-0.044;20
-2.807;-1.56;-0.1;20
-2.75;-2.072;-0.553;20
-2.934;-2.248;-0.618;20
-2.583;-2.534;-0.83;20
-2.982;-2.464;-1.03;20
-3.501;-2.442;-1.147;20
-3.377;-2.672;-1.094;20
-2.912;-2.413;-1.067;20
-1.661;-1.874;-1.077;20
-0.385;-1.624;-0.721;20
-0.113;-1.445;-0.142;20
-0.124;-1.274;0.276;20
-0.146;-1.151;0.693;20
-0.258;-0.971;0.522;20
-0.946;-0.656;0.211;20
-2.026;-0.045;-0.316;20
-2.44;0.258;0.116;20
-2.078;0.387;0.719;20
-1.799;0.443;-1.189;20
-0.062;-0.508;-0.96;20
0.728;-0.694;0.03;20
0.521;-0.189;0.141;20
0.055;1.144;-0.152;20
0.272;1.474;-0.786;20
0.607;0.725;0.219;20
0.453;1.144;0.08;20
0.766;1.92;0.859;20
2.711;2.45;1.567;20
4.596;2.837;1.222;20
3.973;1.66;0.177;20
2.903;0.766;0.422;20
2.515;1.375;1.353;20
2.63;1.847;1.851;20
3.348;2.012;2.724;20
3.679;2.02;1.184;20
3.65;1.507;1.355;20
3.72;1.542;0.723;20
2.63;1.618;-0.241;20
1.33;1.211;0.352;20
1.247;0.57;0.403;20
1.236;0.853;0.149;20
1.35;1.022;-0.193;20
0.736;1.026;-0.296;20
-0.139;0.654;-0.053;20
-0.42;0.213;-0.453;20
-0.863;-0.038;-0.6;20
-1.516;-0.243;-0.857;20
-2.223;-0.406;-0.885;20
-2.537;-1.235;-0.738;20
-3.148;-1.978;-0.85;20
-3.644;-2.332;-1.041;20
-3.896;-2.334;-0.943;20
-3.308;-2.307;-0.803;20
-2.345;-2.426;-0.531;20
-2.268;-2.256;-0.213;20
-2.597;-2.119;-0.34;20
-2.816;-2.246;-0.86;20
-2.815;-2.019;-1.317;19
-1.285;-2.086;-1.309;20
0.015;-1.96;-0.716;20
-0.074;-1.332;-0.371;20
-0.569;-1.007;-0.271;20
-0.706;-0.816;-0.054;20
-0.963;-0.573;0.06;21
-1.599;-0.433;-0.152;20
-2.028;-0.496;0.091;19
-1.952;-0.202;1.63;20
-1.936;0.449;0.313;20
-0.714;0.141;-1.662;20
0.266;-0.778;-1.114;20
0.863;-0.56;1.101;20
0.438;0.696;-0.248;20
0.058;0.98;-1.638;20
0.123;0.729;0.002;20
0.16;1.328;0.659;20
0.92;1.914;0.839;20
2.316;2.099;1.751;20
4.029;2.163;1.33;20
4.846;2.018;0.63;20
4.079;1.37;0.856;20
3.268;0.985;2.956;20
3.584;1.686;2.234;20
3.753;2.059;1.282;20
2.923;2.105;1.272;20
2.348;2.313;1.21;20
2.693;2.051;0.522;20
2.2;1.197;0.088;20
1.618;0.698;-0.276;20
1.514;0.939;-0.442;20
1.212;1.142;-0.189;20
1.168;0.83;0.741;20
1.174;0.574;0.238;20
0.485;0.221;-0.861;20
-0.582;0.037;-0.833;20
-1.345;-0.142;-0.361;20
-1.926;-0.214;-1.028;20
-2.523;-0.617;-1.214;20
-3.191;-1.42;-0.851;20
-3.34;-2.171;-0.512;20
-3.239;-2.51;-0.974;20
-3.208;-2.412;-1.059;20
-2.458;-2.5;-0.738;20
-2.38;-2.209;-0.709;20
-2.839;-1.999;-0.735;20
-3.288;-2.051;-0.791;20
-3.407;-1.754;-1.253;20
-1.864;-2.005;-1.389;20
-0.55;-2.257;-0.648;20
0.257;-1.945;0.069;20
0.656;-1.522;0.51;20
-0.209;-1.126;0.362;20
-0.893;-0.774;-0.087;20
-1.258;-0.47;-0.19;20
-1.844;-0.102;-0.223;20
-2.056;-0.029;0.208;20
-2.189;0.346;0.737;20
-1.399;0.309;-0.5;20
-0.291;-0.627;-2.058;20
-0.544;-0.678;-1.326;20
-0.475;0.29;0.187;20
0.281;0.959;-0.163;20
0.684;0.835;0.079;20
0.678;1.282;0.401;20
1.061;1.868;0.777;20
2.796;2.325;1.816;20
4.571;2.914;2.598;20
5.009;2.056;1.506;20
4.109;1.496;-0.112;20
3.172;1.411;1.41;20
2.447;1.818;3.28;20
3.505;2.242;2.818;20
4.06;2.162;1.017;20
2.836;1.666;0.389;20
2.102;1.973;0.393;20
2.258;1.655;-0.025;20
1.776;1.257;-0.559;20
0.867;1.077;0.164;20
1.117;1.021;0.564;20
1.618;0.902;0.122;20
1.018;0.613;-0.258;20
0.25;0.041;-0.657;20
-0.736;-0.055;-0.596;20
-1.417;-0.313;-0.545;20
-1.997;-0.458;-0.949;20
-2.455;-0.626;-0.943;20
-2.804;-1.216;-1.118;20
-3.242;-1.879;-0.355;20
-3.28;-2.304;-0.151;20
-3.012;-2.509;-0.845;20
-2.704;-2.786;-1.619;20
-3.223;-2.716;-1.319;20
-3.356;-2.585;-0.616;20
-3.009;-2.637;-0.647;20
-2.678;-2.306;-1.216;20
-1.766;-1.862;-1.066;20
-0.479;-1.381;-0.011;20
0.368;-1.042;0.494;20
-0.086;-1.16;0.25;20
-0.601;-1.417;-0.285;20
-0.584;-1.43;-0.593;20
-1.201;-1.011;-1.012;20
-1.747;-1.001;-1.165;20
-2.01;-0.476;1.745;20
-2.33;1.149;1.93;20
-0.638;0.612;-1.977;20
-0.302;-0.313;-2.378;20
-1.009;0.002;-0.642;20
0.08;0.152;0.898;20
0.984;0.715;0.575;20
1.103;1.019;-0.389;20
1.355;1.251;0.013;20
1.601;1.57;1.237;20
2.452;2.534;1.635;20
4.068;2.651;1.566;20
4.12;2.367;0.594;20
2.846;1.233;1.233;20
3.227;1.752;2.438;20
4.075;2.066;2.237;20
3.555;1.687;1.16;20
2.641;1.857;1.337;20
2.757;1.848;1.089;20
2.863;1.808;0.294;20
1.863;1.504;0.306;20
1.515;1.228;0.784;20
1.661;1.19;0.837;20
1.829;1.168;-0.168;20
1.256;0.932;-0.516;20
0.843;0.438;-0.068;20
0.433;0.202;-0.231;20
-0.657;0.43;-0.417;20
-2.163;0.119;0.059;19
-2.533;-0.864;-1.047;20
-3.442;-1.67;-2.588;20
-4.012;-2.501;-1.917;20
-3.776;-2.937;-0.671;20
-2.942;-3.145;-0.653;20
-2.238;-3.214;-0.879;20
-2.391;-2.623;-0.675;20
-2.605;-1.755;-0.803;20
-2.618;-1.429;-0.9;20
-2.671;-1.857;-0.579;20
-3.324;-1.678;-0.517;20
-2.947;-1.497;-0.967;20
-0.882;-1.94;-0.562;20
1.027;-1.677;0.084;20
1.075;-0.951;0.724;20
0.849;-0.554;1.434;20
1.174;-0.641;2.52;20
0.328;-0.055;2.009;20
-2.455;0.639;-2.837;20
-5.489;-0.661;-7.051;20
-5.306;-1.768;-3.773;20
-1.792;-0.955;1.074;20
0.454;0.287;0.956;20
-0.246;0.644;-0.464;20
-0.433;-0.224;0.379;20
1.171;-0.122;1.615;20
2.157;1.224;0.257;20
1.582;2.309;0.958;20
1.956;2.3;2.104;20
3.56;2.607;1.762;20
4.623;2.851;1.672;20
4.327;2.361;-0.135;20
3.517;1.581;0.268;20
3.204;2.012;1.851;20
3.017;1.976;1.52;20
2.769;1.289;0.287;20
2.292;1.044;0.349;20
1.862;0.918;1.567;20
2.7;1.216;2.063;20
3.064;1.711;1.85;20
2.192;1.935;1.53;20
1.686;1.72;1.437;20
1.753;1.151;0.373;20
1.06;0.626;-1.326;20
-0.248;0.466;-1.59;20
-0.877;0.148;-1.185;20
-1.27;-0.163;-1.246;20
-1.861;-0.662;-1.304;20
-2.535;-0.831;-1.096;20
-2.594;-1.211;-0.491;20
-2.373;-1.642;-0.873;20
-2.552;-1.715;-0.863;20
-2.864;-1.653;-0.475;20
-2.622;-1.773;-0.373;20
-1.929;-2.367;-0.655;20
-2.2;-2.385;-0.687;20
-2.7;-2.351;-0.9;20
-3.051;-2.428;-1.127;20
-3.183;-2.242;-1.103;20
-2.464;-1.713;-1.264;20
-0.723;-1.348;-0.762;20
0.331;-0.924;-0.136;20
0.391;-0.987;0.15;20
0.052;-1.22;0.566;20
-0.004;-1.064;0.859;20
-0.489;-0.765;0.245;20
-1.378;-0.6;-0.094;20
-2.163;-0.096;-0.537;20
-2.22;0.16;-0.431;20
-1.91;0.491;-0.011;20
-1.559;0.865;-0.68;20
-0.659;-0.042;-1.74;20
-0.003;-0.935;-0.522;20
0.439;-0.641;0.432;20
1.376;-0.042;0.107;20
1.585;1.013;0.001;20
1.873;1.695;0.831;20
2.794;2.086;2.207;20
3.258;2.765;1.797;20
3.307;3.101;0.686;20
3.378;1.898;0.05;20
3.066;0.913;1.496;20
2.912;1.458;2.342;20
3.455;1.648;1.297;20
3.399;1.466;1.357;20
3.22;2.054;1.83;20
2.939;2.45;1.205;20
1.925;2.029;0.48;20
1.381;1.2;0.023;20
1.118;1.143;0.486;20
1.47;1.533;0.472;20
1.51;1.33;-0.228;20
0.863;0.867;-0.677;20
0.249;0.446;-0.881;20
-0.187;0.203;-1.155;20
-0.899;0.103;-1.115;20
-1.51;-0.208;-1.184;20
-1.96;-0.677;-1.467;20
-2.939;-1.238;-0.587;20
-3.365;-2.154;0.02;20
-3.29;-2.915;-0.207;20
-3.722;-2.77;-1.135;20
-3.906;-2.062;-1.039;20
-3.226;-1.724;-0.197;20
-2.414;-2.338;0.1;20
-2.073;-3.189;-0.707;20
-3.699;-4.332;-1.158;20
-3.516;-2.825;-2.978;20
-0.075;-0.432;-1.042;20
0.749;0.212;0.484;20
-0.578;0.598;0.796;20
-0.703;0.834;1.699;20
0.077;-0.652;2.014;20
-0.13;-1.301;0.545;20
-1.615;-1.395;-0.675;20
-2.767;-0.082;-1.071;20
-1.065;-0.99;-1.516;20
-1.769;-0.937;-0.9;20
-2.651;-0.086;0.206;20
-1.01;-0.524;0.649;20
0.778;-0.814;-0.394;20
0.571;0.308;0.106;20
-0.242;1.946;-0.352;20
2.858;3.308;-0.683;20
2.585;5.294;-1.065;20
-2.222;-0.348;-1.293;20
0.858;-2.419;0.418;20
4.938;-2.852;2.459;20
3.377;-2.668;0.481;20
4.464;1.817;0.826;20
4.796;3.748;5.704;20
6.138;5.296;5.787;19
4.824;3.533;1.756;20
3.19;2.994;2.18;20
2.647;2.326;1.608;20
2.231;1.803;0.421;20
2.318;2.353;-0.038;20
1.276;0.335;-0.776;20
0.551;-0.422;-0.481;20
0.854;-0.494;-1.286;20
-0.013;0.895;-1.778;20
-0.568;2.168;-0.861;20
-0.121;4.23;-0.378;20
-1.269;2.32;-0.058;20
-2.17;-0.997;1.937;20
-2.35;-2.887;1.76;20
-3.68;-3.547;-0.17;20
-4.5;-4.953;-1.293;20
-5.8;-3.039;-1.407;20
-6.15;-2.738;-1.905;20
-4.357;-1.239;-1.354;20
-3.794;-0.432;-0.52;20
-2.63;-2.355;0.378;20
-2.615;-4.547;-0.51;20
-3.263;-3.945;-3.094;20
-3.396;-1.24;-2.276;20
-1.584;0.065;0.109;20
-0.693;-0.488;1.379;20
-0.673;-1.479;0.926;20
-1.466;-1.423;0.607;20
-1.19;-1.093;0.066;20
0.664;-0.02;0.137;20
0.666;-0.396;1.076;20
0.535;0.473;1.013;20
0.635;1.006;0.431;20
1.722;1.03;1.608;20
0.543;0.532;1.025;20
-1.811;0.997;-2.095;20
-1.759;2.656;-2.972;20
-0.082;3.115;-0.868;20
-4.028;0.643;0.645;20
-2.301;1.448;-1.512;20
0.623;1.066;-1.831;20
0.205;0.97;-0.915;20
1.762;2.444;-0.521;20
2.92;1.797;-0.225;20
3.124;2.738;1.564;20
3.715;1.279;1.343;20
4.917;0.76;0.989;20
3.794;0.508;2.037;20
3.505;-0.832;2.159;20
5.263;2.7;5.263;20
9.732;4.86;4.665;20
5.861;3.6;0.937;20
1.642;2.175;-0.092;20
1.765;1.841;0.826;20
2.774;1.023;0.858;20
2.473;0.888;-0.288;20
1.318;1.265;-1.268;20
0.697;1.824;-0.802;20
0.045;1.514;0.81;20
-1.198;-1.146;-0.413;20
-4.34;-1.654;-1.618;20
-4.215;-0.23;-2.094;20
-2.743;0.741;-1.102;20
-2.061;-1.531;1.202;20
-3.272;-2.243;1.401;20
-3.925;-1.348;-0.774;20
-5.456;-1.726;-1.134;20
-5.247;-0.249;-0.322;20
-2.559;-0.836;-0.033;20
-1.282;-6.645;-0.03;20
-4.943;-3.171;-2.769;20
-3.891;-2.871;-3.63;75
-1.711;0.624;3.358;20
-3.397;-3.969;1.086;20
-2.067;-2.341;-0.443;20
-1.016;-2.011;0.983;20
-1.761;-1.558;2.716;20
-1.686;-2.792;3.871;20
-0.633;-2.308;2.912;20
-2.497;1.188;2.008;20
-1.069;-0.242;2.821;20
-1.091;-1.956;3.062;20
-2.284;-1.871;-0.469;20
-0.875;-4.162;0.838;20
0.195;-2.479;1.282;20
-0.723;0.85;1.337;20
-1.751;3.308;1.099;20
-1.3;-1.008;2.095;20
0.435;-0.672;3.631;20
2.867;-0.88;1.95;20
3.68;0.106;-0.009;20
5.175;-2.223;-1.733;20
8.586;-10.62;0.704;20
-3.173;9.569;-9.443;20
2.247;-2.062;2.204;20
2.015;-0.417;2.58;20
-2.279;1.583;4.113;20
-0.743;0.563;2.735;19
0.413;-1.396;1.116;20
-1.632;-2.092;0.627;20
-0.921;-3.574;-0.425;20
1.762;-7.023;-0.581;20
5.754;-11.08;1.406;20
0.249;-1.679;-2.733;20
-0.786;1.094;0.432;20
-0.525;0.872;0.083;20
0.346;-0.39;0.797;20
-0.401;-1.432;1.363;20
0.54;-1.397;0.75;20
0.715;-0.587;2.079;20
-7.938;1.41;-0.266;20
-1.504;-0.677;2.722;20
0.465;-2.71;1.807;20
0.308;-1.12;2.614;20
-2.851;2.422;5.171;20
-5.597;5.808;6.881;20
-5.761;6.283;4.96;20
-5.091;6.344;3.796;20
-3.372;5.591;2.393;20
-0.355;3.548;1.982;20
1.204;2.45;1.033;20
2.41;1.864;3.847;20
2.078;2.442;6.57;20
1.854;2.489;5.981;20
2.079;1.511;3.189;20
3.1;1.683;2.22;20
3.731;1.786;2.415;20
4.326;1.243;2.145;20
4.088;0.797;1.829;20
3.905;1.176;1.735;20
4.027;1.691;2.95;20
2.682;1.584;2.806;20
1.39;2.58;1.814;20
1.622;2.678;2.069;20
3.317;1.649;3.735;20
2.733;0.616;4.054;20
1.221;1.108;3.326;20
0.037;2.77;4.205;20
0.632;2.079;3.506;20
1.776;1.397;1.57;20
1.524;2.658;-0.34;20
1.853;2.822;0.331;20
2.529;0.876;2.35;20
2.427;0.696;3.101;20
0.981;1.558;2.073;20
-0.225;2.063;0.243;20
-0.426;2.831;1.02;20
0.109;2.589;0.898;20
1.992;1.384;1.064;20
2.887;0.769;0.828;20
2.005;1.422;-0.414;20
1.738;1.771;-1.424;20
2.136;0.755;0.835;20
1.689;0.167;1.606;20
-0.032;0.8;2.113;20
-1.282;1.59;4.193;20
0.119;1.545;-0.266;20
1.095;1.238;0.626;20
1.338;0.924;-0.193;20
1.256;0.895;-0.472;20
0.902;0.838;-0.16;20
0.697;0.883;-0.696;20
0.559;0.712;0.099;20
0.222;0.766;-0.173;20
-0.438;1.171;-0.146;20
-0.524;1.642;-1.695;20
0.29;1.936;-2.425;20
1.107;1.558;-1.683;20
1.229;1.574;-1.244;20
0.36;1.555;-0.816;20
-1.048;1.283;-1.32;20
0.771;-0.671;1.611;20
0.855;-1.291;0.812;20
1.153;-1.75;0.943;20
1.411;-1.616;1.822;20
1.333;-1.312;2.36;20
0.979;-1.152;2.463;20
0.82;-1.066;2.6;20
1.288;-0.936;2.539;20
1.339;-1.08;2.23;20
0.66;-1.059;0.219;20
0.082;0.096;-2.081;20
-0.171;1.78;-4.966;20
0.043;2.101;-2.627;20
1.012;1.56;-0.987;20
1.259;0.716;0.648;20
0.34;0.382;1.408;20
-0.656;0.113;1.908;20
0.06;-0.06;1.062;20
0.583;0.345;-0.234;20
-0.004;0.762;-0.509;20
-0.639;0.976;-0.835;20
-0.928;0.818;-0.852;20
-1.165;0.682;-0.958;20
-1.266;0.708;-0.767;20
-0.921;0.711;-0.102;20
-0.612;0.232;0.292;20
-0.141;-0.362;-0.098;20
-0.008;-0.649;-0.088;20
-0.055;-0.47;0.197;20
0.161;-0.338;1.019;20
0.26;-0.457;2.639;20
0.038;-0.387;2.59;20
0.178;-0.536;1.314;20
-0.256;-0.107;-0.009;20
-0.191;0.545;-0.212;20
0.348;0.812;0.124;20
1.248;0.844;-0.316;20
2.635;1.184;-2.087;20
4.308;1.155;-2.703;15
4.643;0.895;-2.872;10
4.217;0.682;-3.085;10
2.588;0.429;-2.966;10
1.131;0.205;-2.508;10
0.578;0.225;-1.916;10
0.287;0.457;-1.108;10
0.086;0.545;-0.34;10
-0.17;0.505;0.387;10
-0.707;0.356;1.551;15
-1.373;0.279;2.361;20
-1.046;0.487;2.272;20
-0.478;0.901;1.124;19
0.068;0.743;-0.402;20
-0.186;0.631;-1.079;20
-0.731;0.8;-1.135;20
-1.117;0.97;-0.79;20
-0.86;0.689;-0.371;20
-0.123;0.317;-0.17;20
0.287;-0.041;0.084;20
0.233;-0.062;0.181;20
-0.04;0.193;0.154;20
0.052;0.178;0.518;20
0.426;0.09;0.469;20
0.405;0.478;-0.37;19
-0.134;1.018;-0.645;21
-0.011;0.775;-0.373;20
0.488;0.313;0.088;20
0.828;-0.017;-1.171;20
0.669;0.248;-1.675;20
-0.312;0.568;0.148;20
0.164;0.234;0.041;19
0.883;-0.067;0.468;20
1.307;-0.326;0.695;20
1.356;-0.393;0.236;20
1.477;-0.532;-0.732;20
1.189;-0.808;-0.676;20
0.299;-0.623;-0.356;21
-0.091;-0.241;0.416;19
-0.306;0.132;0.767;21
-0.239;0.403;0.681;19
-0.009;0.425;0.042;20
0.086;0.605;-0.374;20
0.291;0.385;-0.501;20
0.695;-0.148;-0.63;20
0.981;-0.385;-0.594;20
0.646;-0.261;-0.377;20
0.004;-0.062;-0.029;20
-0.341;-0.208;0.051;20
-0.294;-0.23;0.273;20
-0.141;-0.285;0.478;20
-0.038;-0.251;1.311;20
-0.491;-0.648;1.658;20
-0.799;-1.309;0.926;20
-0.329;-1.27;0.207;20
-0.753;-0.641;-0.325;20
-1.289;-0.436;-0.206;19
-1.001;-0.659;0.024;20
-0.634;-0.77;0.643;20
-0.466;-1.033;2.184;20
-0.361;-1.146;2.99;21
-0.131;-1.005;2.411;20
-0.48;-0.421;1.062;20
-0.6;-0.026;-0.149;19
-0.329;0.059;-0.777;20
-0.136;-0.142;-0.829;20
-0.902;-0.118;-0.253;20
-1.529;-0.182;-0.356;20
-0.967;-0.275;-0.042;20
-0.273;-0.636;1.387;20
0.067;-0.967;1.997;20
-0.127;-0.602;0.764;20
-0.681;0.269;-0.613;20
-0.688;0.691;-1.495;20
0.123;0.454;-1.397;20
0.416;0.058;0.029;20
-0.116;0.319;0.546;20
-1.039;1.091;0.032;20
-0.48;1.373;-1.099;20
-0.486;0.863;0.225;20
-0.282;0.665;0.899;20
-0.132;0.887;0.212;20
0.431;1.237;-0.21;20
0.7;1.329;-0.123;20
0.058;0.999;1.305;19
-1.011;0.124;1.468;20
-2.343;-1.056;-1.006;20

# Completed @Wed Jan 06 21:24:18 GMT+02:00 2021
