# Accelerometer Data File
# Started @Wed Jan 06 22:01:16 GMT+02:00 2021
#
#
# sensor Vendor: BOSCH
# sensor Name: BMI160 Accelerometer Non-wakeup
# sensor Resolution: 0.0023928226m/sec^2; Max Range: 78.4532; Min Delay: 2500 microseconds
# The sensor's attributes are the result hardware and the Android capabilities.
# It means that the Android may not utilize all features provided by the hardware.
#
# Some devices and Android versions save battery too much so the device may go to sleep.
# It just happens after couple of minutes from turning off the scree and it is easy to find it out.
#
# The following file provides the data from accelerometer in the m/s^2 format.
# The diff value is just a time delta between the samples
#
#
# data format:
# so we have 4 columns with values separated by the ";"
# X;Y;Z;time_from_previous_sample(ms)

# sensor speed set to:NORMAL
# units set to: m/sec^2
# gravity  filtered out
# Accuracy: HIGH
1.797;5.095;7.37;0
1.09;5.074;6.707;19
0.749;4.847;5.848;20
0.493;4.545;4.841;20
-0.049;4.311;4.151;20
-0.597;3.911;3.587;20
-0.867;3.486;2.876;20
-0.907;3.38;2.476;20
-0.687;3.026;2.221;20
-0.315;2.361;1.839;20
-0.045;1.806;1.836;20
-0.265;1.577;2.115;20
-0.598;1.559;1.929;20
-0.295;1.36;0.918;20
-1.332;1.984;-1.38;20
0.154;1.711;0.368;20
1.264;-0.476;1.809;20
0.404;-0.117;1.662;20
0.615;0.429;1.495;20
0.655;0.264;1.481;20
0.42;0.114;1.006;20
0.399;0.131;0.637;20
0.499;-0.01;0.507;20
0.257;-0.069;0.795;20
-0.307;0.09;1.433;20
-0.493;-0.148;1.98;20
-0.067;-0.513;2.005;20
0.356;-0.824;1.478;20
0.099;-0.902;0.799;20
-0.104;-0.765;0.597;20
0.233;-1.042;0.746;20
0.71;-1.214;1.339;20
0.479;-1.185;2.406;19
0.002;-0.984;2.49;20
0.013;-0.722;2.341;20
0.273;-0.373;1.761;20
0.323;-0.139;0.946;20
0.374;-0.152;1.055;20
0.185;-0.122;0.872;20
0.64;-0.57;0.327;20
0.093;-0.57;0.518;20
-0.108;-0.542;0.791;20
-0.047;-0.422;0.018;20
0.166;-0.684;-0.565;20
0.92;-0.624;-0.419;20
1.172;-0.65;-0.336;20
0.387;-0.497;0.513;20
-0.157;-0.766;0.9;20
-0.074;-0.911;0.304;20
0.376;-1.387;-0.404;20
-0.415;-1.627;-1.358;20
-1.385;-2.062;-1.462;20
-3.027;-1.836;0.068;20
-2.377;-2.992;0.976;20
-0.65;-3.367;1.037;20
0.476;-3.614;0.336;20
0.654;-3.976;-0.135;20
1.065;-4.381;-0.854;20
1.478;-4.592;-1.415;20
1.664;-4.549;-2.432;20
1.719;-4.25;-3.072;20
2.576;-3.915;-3.09;20
3.364;-4.055;-2.548;20
3.133;-4.038;-1.0;20
1.667;-3.02;1.709;20
0.764;-2.0;3.205;20
0.385;-1.409;3.896;20
-0.179;-1.171;4.828;20
1.662;-2.767;0.468;95
-0.351;0.274;0.406;20
2.503;-1.218;0.883;20
1.696;-3.188;0.665;20
2.361;-3.524;-0.666;20
2.53;-3.251;-1.58;20
2.329;-3.752;-1.515;20
1.934;-3.269;-1.318;20
0.585;-2.157;-1.262;20
-0.964;-1.062;-1.379;20
0.571;-1.919;-1.67;20
1.407;-3.592;-1.253;20
1.844;-3.61;-1.826;20
2.653;-3.15;-2.577;20
-2.695;-0.099;-5.997;20
7.541;-5.242;0.446;20
1.748;-0.473;-5.438;20
-1.492;2.075;-5.023;20
1.778;0.569;-2.441;20
-0.764;1.819;-1.345;20
-6.159;3.437;-3.222;20
-6.05;3.298;-2.768;20
-2.228;0.924;-3.338;20
8.122;-9.949;-8.231;20
5.107;-4.498;-3.156;20
-3.52;2.456;-1.795;20
6.643;-4.66;0.126;20
3.549;-2.331;0.697;20
0.507;0.227;0.593;20
0.422;0.797;-0.218;20
-1.137;1.701;0.252;20
-7.062;3.43;0.259;20
-16.538;6.741;1.686;20
-8.557;0.246;3.451;20
16.58;-14.72;-6.815;20
14.702;-2.96;-15.007;20
1.791;6.89;-0.04;20
1.141;5.222;9.315;20
2.62;-1.342;5.756;20
2.574;-4.353;1.778;20
1.249;-4.278;0.416;20
-1.964;-1.526;1.808;20
-1.804;-1.479;-3.643;20
-5.716;-0.762;-8.929;20
-4.726;0.926;-2.765;20
-4.059;1.493;-0.807;20
-6.577;-1.712;3.106;20
-1.894;-3.111;-1.64;20
-1.262;-3.242;-0.142;20
1.038;-2.807;0.937;20
-1.503;2.841;1.244;20
-1.749;1.757;1.091;20
2.353;-2.435;-3.652;20
3.267;-1.417;0.407;20
-0.858;2.339;0.186;20
-1.218;4.861;-0.925;20
-2.043;4.702;-1.333;20
-1.959;2.473;-1.79;20
-1.311;0.854;-3.137;20
-2.199;-1.125;-4.755;20
-3.042;-1.72;-3.226;20
-2.591;1.439;2.143;20
1.591;-4.499;7.569;20
-1.842;-0.873;1.553;20
2.103;-8.297;-8.635;20
0.748;-16.518;-7.247;20
-5.742;-5.255;2.359;20
0.243;1.285;4.855;20
0.147;2.946;2.601;20
-1.057;1.849;0.644;20
-1.391;1.095;-1.75;20
-1.383;1.645;-2.538;20
-0.999;2.298;-1.892;19
-0.144;1.233;-0.267;21
0.05;0.041;0.49;19
-1.204;1.143;-0.069;20
-1.912;1.352;-0.209;20
0.178;-1.598;0.068;20
1.732;-3.495;1.208;20
-0.014;-1.289;1.999;20
-1.08;1.189;0.037;20
-0.737;1.531;-0.875;20
-0.221;1.38;-0.598;20
0.567;0.988;0.155;20
1.397;0.188;1.049;20
1.087;-0.313;0.27;20
-0.491;0.336;-2.171;20
-0.945;0.9;-1.607;20
-0.102;0.006;1.617;20
0.828;-0.766;2.037;20
0.851;-0.381;0.822;20
0.651;-0.045;-0.318;20
0.545;-0.041;-1.353;20
0.301;-0.205;-1.569;20
-0.375;-0.253;-0.675;20
-0.999;-0.64;0.502;20
-1.676;-1.393;1.633;20
-2.146;-1.551;1.845;20
-1.354;-2.168;2.251;20
-0.291;-3.794;3.619;20
0.761;-4.997;6.599;20
2.088;-2.16;11.286;20
0.877;2.69;14.077;20
-0.542;2.251;0.947;20
0.591;1.666;-9.413;20
0.694;3.444;-3.229;20
-0.627;4.416;2.567;20
-1.875;3.74;3.498;20
-3.21;2.577;3.875;20
-4.325;1.991;4.154;20
-4.179;3.021;1.237;20
-2.728;3.301;1.381;20
-1.36;3.171;3.328;20
-1.144;3.384;1.66;20
-2.483;3.783;-0.687;20
-3.502;4.401;-0.135;20
-3.85;4.754;-0.695;20
-3.912;4.49;-0.438;20
-3.926;4.526;-0.554;20
-2.878;5.091;-0.505;20
-0.699;5.479;-0.053;20
-0.603;5.468;-0.382;20
-1.276;5.236;-0.594;20
-1.595;4.746;0.247;20
-1.584;4.541;1.126;20
-0.949;4.037;1.143;20
-2.464;2.226;3.094;20
-2.69;1.475;3.297;20
-2.969;0.306;2.564;20
-1.122;-1.287;3.024;20
0.775;0.151;1.182;20
0.098;1.708;2.53;20
-0.48;1.3;1.123;20
-0.367;0.508;-0.016;20
-1.355;0.186;0.167;20
-1.618;-0.007;-0.019;20
-0.883;-0.336;0.482;20
-0.236;-0.281;-0.037;20
-0.344;-0.334;0.24;20
-0.059;-0.445;0.696;20
1.131;-0.78;1.187;20
1.831;-0.838;1.689;20
1.812;-0.677;2.65;20
2.939;-0.978;2.454;20
3.654;-1.162;1.997;20
3.263;-0.981;1.989;20
2.734;-0.566;0.764;20
1.986;-0.216;0.17;20
1.85;-0.076;0.093;20
2.133;-0.215;0.351;20
2.691;-0.297;0.217;20
3.11;-0.349;-0.102;20
3.379;-0.273;-0.255;20
3.772;-0.796;0.103;20
3.828;-1.41;1.32;20
4.031;-1.761;0.966;20
4.077;-1.748;0.095;20
3.643;-1.636;0.467;20
3.701;-1.293;0.466;20
3.344;-1.334;-0.425;20
2.277;-1.317;-1.333;20
1.544;-1.3;-1.273;20
0.866;-0.838;-0.769;20
-0.013;-0.226;-0.692;20
-0.419;0.182;-1.278;20
0.435;-0.109;-0.21;20
1.698;-1.396;0.444;20
1.786;-2.143;-0.861;20
0.459;-1.814;-0.876;20
-0.621;-1.344;-0.454;20
-0.378;-2.796;-0.141;20
0.276;-5.086;2.235;20
0.918;-3.245;2.041;20
0.883;-0.008;-0.855;20
2.319;-0.167;-1.504;20
2.595;-0.807;0.954;20
1.95;-0.684;1.126;20
0.731;0.005;0.891;20
-0.333;0.153;-0.765;20
-0.485;0.424;-2.756;20
-0.372;0.811;-1.752;20
-0.145;1.008;0.081;20
0.524;0.995;1.741;20
0.763;0.889;1.231;20
0.497;1.16;0.359;20
0.369;1.726;1.181;20
0.397;2.06;0.727;20
-0.101;2.017;-0.246;20
-0.522;1.941;-0.051;20
-0.55;1.703;0.289;20
-0.564;1.154;1.119;20
-0.772;0.769;0.22;20
-0.589;0.657;-1.022;20
-0.063;0.471;0.408;20
-0.186;0.124;1.434;20
-1.609;0.489;0.571;20
-2.873;1.242;0.406;20
-2.213;1.359;0.714;19
-0.519;1.167;1.063;20
0.306;1.382;0.34;20
0.062;1.408;0.983;20
-1.026;1.856;-1.507;20
-1.339;2.097;-2.874;20
-2.609;2.476;-1.425;20
-1.962;2.025;-1.72;20
-0.054;1.89;-1.388;20
-0.615;2.69;-1.014;20
-1.377;2.77;-1.387;20
-1.33;1.872;-0.52;20
-0.811;1.155;-0.155;20
-0.081;0.86;-0.023;20
0.075;1.152;0.345;20
0.093;1.61;0.472;20
0.243;1.533;0.164;20
0.579;0.966;-0.041;20
0.603;0.371;0.16;20
0.476;-0.01;0.14;20
0.398;-0.404;0.29;20
0.054;-0.286;0.707;20
0.663;-0.486;0.938;20
1.407;-1.543;0.954;20
1.424;-2.775;0.611;20
0.986;-3.558;0.972;20
1.062;-3.903;1.479;20
0.908;-3.903;0.792;20
0.716;-3.926;-0.237;20
1.309;-3.523;0.195;20
1.404;-2.118;0.104;20
1.182;-1.523;-1.399;20
1.257;-2.022;-1.477;20
1.222;-2.854;0.08;20
1.216;-3.28;2.079;20
0.556;-3.198;1.918;20
-1.092;-2.033;1.315;20
-1.274;-1.75;1.953;20
-0.219;-2.636;1.934;20
0.192;-1.936;-0.298;20
0.742;-0.059;-3.357;20
1.92;1.074;-4.585;20
1.909;1.016;-2.792;20
1.66;-0.256;0.238;20
1.876;-0.954;1.32;20
0.746;-0.673;0.187;20
-0.906;0.098;-1.926;20
-1.32;0.642;-2.046;20
-0.748;0.949;-0.179;20
-0.516;0.843;2.414;20
-0.977;0.987;1.543;20
-0.399;0.789;-0.781;20
0.617;0.092;0.667;20
0.501;-0.397;2.722;20
-0.576;-0.017;2.036;20
-1.036;0.098;0.073;20
-0.426;-0.094;0.326;20
-0.545;1.055;0.596;20
-0.801;1.695;-0.791;20
-0.779;2.052;-0.852;20
-1.33;2.334;0.672;20
-1.831;2.281;0.256;20
-2.021;2.536;-3.244;20
-3.035;3.824;-3.25;20
-2.656;2.933;-0.493;20
-1.375;2.529;-2.364;20
0.331;2.956;-1.259;20
-0.572;3.337;-0.639;20
-1.463;3.133;-0.621;20
-0.454;2.002;-0.272;20
-0.607;1.908;-0.413;20
-0.555;1.807;-0.149;20
-0.006;1.439;0.022;20
0.134;0.877;0.207;20
-0.047;0.608;0.831;20
-0.102;0.344;0.845;20
-0.038;0.189;0.39;20
0.051;-0.027;0.045;20
0.402;-1.042;0.094;20
1.196;-2.41;0.768;20
1.716;-3.096;1.073;20
1.963;-3.442;0.213;20
2.068;-4.081;0.107;20
2.101;-4.468;1.164;20
2.074;-3.959;1.524;20
2.136;-3.365;1.251;20
2.241;-2.776;0.576;20
1.838;-2.324;0.292;20
1.077;-1.927;0.17;20
0.305;-1.484;0.319;20
-0.294;-1.355;0.761;20
-0.771;-1.317;0.254;20
-0.125;-1.927;-0.639;20
0.355;-2.062;-0.705;20
0.776;-1.247;-0.561;20
1.384;-1.235;-0.794;20
1.418;-1.42;0.121;20
1.194;-1.444;1.265;20
0.861;-1.015;0.196;20
0.109;-0.48;-0.133;20
-1.179;0.143;-0.747;20
-1.37;0.657;-0.34;20
-0.847;1.257;1.18;20
-0.441;1.494;2.438;20
-0.604;0.98;0.439;20
0.087;0.615;-0.445;20
1.344;-0.306;0.974;20
1.067;-0.909;-0.079;20
-1.028;1.315;-0.88;20
-2.277;4.137;-0.839;20
-2.519;3.603;-1.29;20
-2.112;2.544;-0.37;20
-2.099;2.479;-1.316;20
-2.18;3.128;-2.749;20
-2.762;4.029;-1.657;20
-2.458;3.939;-1.806;20
-0.623;3.146;-2.251;20
-0.673;3.698;-1.448;20
-1.489;3.923;0.013;20
-0.782;2.386;-0.093;20
-0.426;1.634;-0.627;20
-0.575;1.635;-0.359;20
-0.412;1.499;-0.269;20
-0.138;1.125;-0.227;20
-0.104;0.853;0.568;20
-0.023;0.828;0.531;19
0.125;0.659;0.325;20
0.639;-0.71;0.872;20
1.521;-2.662;1.626;20
1.434;-3.564;0.875;20
0.702;-3.453;0.699;20
1.002;-3.61;1.144;20
1.978;-4.39;0.885;20
2.358;-4.977;0.092;20
2.189;-4.354;-0.104;20
1.593;-2.591;0.552;20
1.787;-1.9;0.145;20
1.815;-2.305;0.198;20
1.317;-2.631;1.476;20
-0.08;-2.228;2.708;20
-0.686;-1.85;2.204;20
-0.147;-2.536;1.296;20
-0.568;-2.418;0.037;20
-0.386;-1.132;-1.245;20
1.488;-0.584;-2.226;20
2.075;-0.825;-0.391;20
1.639;-1.182;1.417;20
0.946;-1.249;0.756;20
0.429;-1.042;0.545;20
-0.322;-0.365;0.93;20
-0.896;0.29;0.755;20
-1.026;0.821;-0.257;20
0.221;0.896;0.287;20
1.406;0.097;1.629;20
0.771;-0.332;-0.883;20
-0.795;1.197;-1.732;20
-1.825;4.052;-0.97;20
-2.132;4.52;-1.445;20
-2.126;3.768;-1.421;20
-2.381;3.689;-0.16;20
-2.186;2.975;-1.394;20
-1.431;2.794;-2.281;20
-1.417;3.5;-2.762;20
-2.288;3.661;-2.917;20
-1.911;3.642;-1.558;20
-0.827;3.415;-0.839;20
-0.641;3.307;-0.568;20
-0.579;2.747;-0.427;20
-0.491;2.041;-0.147;20
-0.168;1.393;-0.068;20
0.21;0.572;0.05;20
0.09;0.476;0.291;20
-0.183;0.616;0.868;20
-0.465;0.658;0.606;20
0.17;-0.446;0.395;20
1.084;-2.033;0.784;20
1.534;-3.011;1.074;20
1.301;-3.312;0.551;20
1.043;-3.931;0.381;20
1.053;-4.666;1.184;20
1.75;-5.027;1.833;20
2.312;-4.388;1.402;20
1.757;-3.068;0.921;20
1.047;-2.312;0.626;20
0.548;-2.083;0.82;20
0.116;-1.825;1.76;20
-0.173;-2.027;2.515;20
-0.184;-2.514;1.522;20
0.304;-2.726;0.527;20
-0.12;-1.675;-0.327;20
0.08;-0.656;-0.967;20
1.377;-0.881;-1.623;20
1.778;-1.237;0.003;20
1.124;-0.889;1.466;20
0.869;-0.766;0.207;20
0.582;-0.407;-1.274;20
0.232;-0.09;0.402;20
-0.827;0.241;1.252;20
-0.938;0.439;1.088;20
0.274;0.255;-0.147;20
1.874;-0.412;0.293;20
0.837;-0.116;-0.63;20
-1.257;2.398;-1.349;20
-2.253;5.372;-0.757;20
-1.848;4.464;-1.281;20
-1.392;2.493;-0.706;20
-1.735;2.322;-0.44;20
-2.073;3.055;-2.918;20
-2.044;3.619;-2.572;20
-2.791;3.662;-2.306;20
-2.54;3.598;-1.707;20
-0.645;3.352;-1.56;20
-0.154;3.388;-0.971;20
-0.912;2.937;-0.326;20
-0.573;1.875;0.404;20
-0.112;1.625;0.064;20
-0.019;1.521;-0.67;20
-0.39;1.595;-0.413;20
-0.459;1.028;0.145;20
-0.215;0.341;0.188;20
0.019;0.29;-0.062;20
0.388;-0.219;0.296;20
0.951;-1.603;1.149;20
1.261;-3.019;1.088;20
1.402;-4.109;0.903;20
1.762;-4.888;1.026;20
1.855;-5.465;1.176;20
1.881;-5.149;1.222;20
1.456;-3.5;1.801;20
1.248;-2.167;1.875;20
1.328;-2.191;1.78;20
1.626;-2.917;2.281;20
0.989;-3.028;2.771;20
0.082;-2.447;1.416;20
-0.061;-1.584;-0.674;20
-0.008;-0.686;-1.941;20
0.675;-0.307;-2.169;20
0.698;-0.597;-1.67;20
0.221;-0.753;-0.822;20
0.466;-1.163;1.521;20
1.01;-1.633;2.16;20
1.276;-1.888;1.722;20
0.277;-1.104;0.756;20
-0.778;-0.049;-0.293;20
-0.482;0.464;-0.069;20
0.759;0.275;0.495;20
1.298;-0.258;0.392;19
0.083;-0.008;-1.149;20
-1.052;1.617;-1.278;20
-2.3;4.771;-1.176;20
-2.463;5.208;-1.66;20
-1.979;3.18;-0.886;20
-2.005;2.496;-0.441;20
-2.115;2.955;-0.999;20
-1.878;3.322;-1.878;20
-1.91;3.666;-3.033;20
-1.917;3.852;-2.624;20
-0.926;4.083;-1.864;20
-0.421;3.908;-1.442;20
-0.959;3.213;-0.957;20
-0.606;2.687;-0.838;20
-0.173;1.965;-0.569;20
-0.324;1.066;0.397;20
-0.302;0.498;-0.004;20
-0.354;0.541;0.188;20
-0.439;0.767;0.68;20
0.063;0.035;0.536;20
1.031;-1.348;0.774;20
1.277;-2.78;1.248;20
1.507;-4.423;1.789;20
1.775;-5.574;1.548;20
2.154;-5.894;1.177;20
2.346;-5.074;1.435;20
1.477;-3.081;1.311;20
0.711;-1.805;0.697;20
0.972;-2.353;0.319;20
0.946;-3.012;0.959;20
0.096;-2.418;2.135;20
0.085;-2.079;1.67;20
0.22;-2.261;1.595;20
0.425;-2.154;0.948;20
0.184;-1.494;0.032;20
-0.006;-0.944;-0.598;20
0.528;-0.664;-0.967;20
0.909;-0.85;-0.48;20
1.005;-0.944;-0.69;20
1.502;-1.045;-0.108;20
0.8;-0.967;0.939;20
-0.773;-0.484;2.298;20
-0.952;0.258;0.893;20
0.364;0.374;-0.293;20
1.589;-0.195;0.3;20
1.266;-0.553;-0.278;20
-0.55;0.565;-0.962;20
-1.838;3.289;-1.26;20
-2.029;5.681;-1.035;20
-1.932;4.664;-1.509;20
-1.732;3.116;-0.515;20
-1.423;2.567;-2.05;20
-2.087;3.515;-2.423;20
-2.381;4.378;-2.888;20
-2.556;3.233;-2.082;20
-0.481;3.845;-1.509;20
-0.265;4.062;-2.425;20
-1.277;4.042;-1.53;20
-0.826;3.075;-0.615;20
0.113;1.618;-0.349;20
0.0;1.008;-0.03;20
-0.46;1.297;0.718;20
-0.166;0.803;0.955;20
0.031;0.182;0.79;20
-0.195;-0.051;0.737;20
-0.005;-0.766;0.991;20
0.57;-1.884;0.39;20
0.537;-3.073;-0.289;20
0.724;-3.844;1.205;20
2.189;-4.626;2.583;20
2.584;-5.377;1.257;20
1.886;-4.979;0.847;20
1.833;-4.574;2.916;20
1.536;-3.825;2.547;20
0.356;-2.313;0.08;20
-0.291;-1.23;0.807;20
0.403;-1.528;2.236;20
1.083;-1.944;1.326;20
0.914;-1.508;-0.437;20
0.491;-1.273;-0.788;20
0.017;-1.014;-0.291;20
0.533;-0.712;-1.191;20
1.363;-0.79;-0.688;20
1.257;-1.338;1.165;20
0.614;-1.493;0.55;20
0.984;-1.094;-0.235;20
0.853;-0.56;0.92;20
-0.337;-0.014;1.026;20
-0.582;0.273;0.542;20
0.06;-0.288;-0.053;20
0.884;-1.098;0.402;20
0.045;-0.406;-0.4;20
-1.522;2.551;-1.315;20
-2.294;5.737;-1.175;20
-2.155;4.617;-1.747;20
-1.836;3.229;-1.31;20
-1.67;3.057;0.373;20
-1.71;3.089;-2.305;20
-1.935;3.977;-3.333;20
-2.451;4.476;-2.51;20
-2.206;3.869;-2.205;20
-0.748;3.506;-2.078;20
-0.772;3.7;-1.042;20
-0.753;2.966;-0.22;20
-0.303;2.355;-0.586;20
-0.272;2.05;-0.775;20
-0.245;1.364;-0.413;20
-0.317;0.723;0.011;20
-0.452;0.435;0.941;20
-0.171;0.18;1.074;20
0.724;-0.673;1.022;20
1.398;-1.574;1.2;20
1.469;-2.456;0.498;20
1.301;-3.286;0.498;20
1.291;-4.389;1.284;20
1.777;-5.424;1.811;20
2.386;-5.669;1.893;20
2.046;-4.819;1.732;20
1.015;-3.072;1.132;20
0.55;-2.202;0.602;20
0.643;-2.454;1.098;20
0.734;-2.338;2.168;19
0.585;-1.865;1.951;20
-0.236;-1.471;1.206;20
-0.343;-1.721;0.201;20
-0.656;-1.486;-0.956;20
-0.067;-0.889;-1.24;20
1.231;-0.64;-1.155;20
1.53;-0.76;-0.114;20
1.198;-0.772;0.806;20
1.119;-0.697;0.659;20
1.238;-0.58;0.317;20
0.584;-0.22;0.304;20
-0.218;0.308;0.921;20
-0.269;0.21;1.585;20
0.061;-0.631;1.343;20
1.32;-1.778;0.167;20
1.322;-1.488;-1.015;20
-0.566;1.262;-1.91;20
-2.45;6.108;-2.443;20
-2.722;6.676;-1.539;20
-1.599;3.443;0.13;20
-0.652;2.387;-2.575;20
-2.762;4.015;-5.304;20
-4.023;5.086;-1.328;20
-1.549;3.86;-1.447;20
-0.38;3.387;-2.756;20
-1.985;3.911;0.031;20
-1.013;3.567;-0.558;20
-0.193;3.105;-0.862;20
-0.726;2.531;-0.543;20
-0.658;1.702;-0.801;20
-0.568;1.267;-0.669;20
-0.513;1.252;0.421;20
-0.192;0.78;0.885;20
0.188;0.128;0.773;20
0.704;-0.851;0.607;20
0.866;-2.101;0.794;20
0.812;-3.26;1.129;20
1.011;-4.272;1.191;20
1.335;-5.247;1.08;20
1.986;-5.806;1.371;20
2.156;-5.336;1.792;20
1.623;-3.797;1.621;20
1.351;-2.133;0.909;20
1.688;-1.844;0.415;20
1.504;-2.593;1.107;20
0.489;-3.241;2.898;20
-0.115;-3.174;2.795;20
-0.722;-1.806;1.47;20
-0.223;-1.352;-0.793;20
-0.27;-1.072;-2.527;20
0.181;-0.637;-2.371;20
1.195;-0.509;-1.285;20
1.602;-0.967;1.189;20
1.131;-1.26;2.9;20
0.708;-0.972;1.015;20
1.023;-0.355;-1.151;20
0.379;0.104;0.8;20
-0.266;0.13;1.975;20
-0.215;0.078;0.35;20
0.114;-0.429;0.272;20
0.874;-0.895;-0.171;20
0.245;0.429;-1.404;20
-1.412;3.45;-2.469;20
-2.284;5.858;-2.351;20
-2.304;5.278;-1.834;20
-2.324;3.951;-0.352;20
-1.727;2.603;1.398;20
-0.998;2.101;-0.892;20
-2.556;3.997;-5.654;20
-2.902;4.378;-1.38;20
-0.844;3.429;-0.554;20
-0.162;4.308;-2.172;20
-0.269;3.658;-1.127;20
-0.585;2.458;-1.314;20
-0.811;2.326;-1.111;20
-0.693;1.763;-0.416;20
-0.438;1.311;-0.12;20
-0.312;1.085;0.769;20
-0.221;0.468;1.168;20
0.113;-0.475;0.985;20
0.548;-1.564;0.811;20
0.575;-2.574;0.898;20
0.847;-3.474;0.875;20
1.345;-4.42;1.085;20
1.82;-5.528;1.388;20
2.611;-6.073;1.782;20
2.737;-5.366;1.987;20
1.582;-3.314;1.217;20
0.712;-1.801;0.283;20
0.393;-1.638;0.737;20
-0.421;-1.604;2.157;20
-0.593;-1.976;1.903;20
-0.111;-1.972;1.396;20
0.604;-2.288;1.319;20
0.99;-2.699;0.348;20
0.361;-1.414;-0.719;20
0.764;-0.619;-1.293;20
1.358;-0.648;-1.056;20
1.294;-0.577;-0.218;20
1.365;-0.659;0.424;20
0.89;-0.472;1.061;20
-0.582;-0.138;1.241;20
-1.576;0.48;1.13;20
-0.52;0.596;0.015;20
0.728;-0.092;0.567;20
1.617;-0.965;0.517;20
0.662;-0.469;-1.131;20
-0.898;1.631;-1.62;20
-1.608;4.851;-1.352;20
-1.958;5.648;-1.902;20
-2.122;4.023;-0.619;20
-1.246;2.48;1.162;20
-0.979;2.407;-3.435;20
-2.996;4.764;-5.459;20
-3.268;5.044;-1.735;20
-1.093;3.615;-3.146;20
-0.936;4.167;-2.122;20
-0.53;3.617;-0.506;20
-0.048;2.162;-0.736;20
-0.5;1.834;-0.501;20
-0.603;1.596;0.019;19
-0.463;1.314;0.157;20
-0.423;1.051;0.717;20
-0.206;0.607;0.861;20
0.005;0.027;0.466;20
0.304;-0.947;1.269;20
0.998;-2.249;1.502;20
1.593;-3.728;1.056;20
1.992;-5.155;1.268;20
2.34;-6.103;1.578;20
2.371;-5.866;1.252;20
1.067;-3.852;0.7;20
-0.395;-1.565;0.637;20
0.021;-1.493;1.425;20
1.487;-3.226;1.791;20
1.192;-3.522;2.325;20
0.234;-3.247;2.27;20
0.23;-2.987;1.514;20
0.465;-2.285;0.643;20
-0.059;-0.802;-0.326;20
0.196;-0.004;-2.201;20
0.716;0.009;-2.606;20
1.034;-0.483;-0.306;20
0.765;-1.096;1.362;20
0.393;-1.25;1.137;20
0.463;-0.969;1.338;20
0.102;-0.747;1.383;20
-0.638;-0.172;1.105;20
-0.087;0.213;-0.436;20
1.1;-0.168;-0.175;20
1.676;-0.696;0.234;20
0.732;0.28;-0.802;20
-0.994;2.322;-1.646;20
-1.772;4.961;-1.577;20
-2.041;5.605;-0.653;20
-1.472;3.497;0.401;20
-1.795;2.466;-1.368;20
-2.998;3.547;-4.385;20
-3.288;4.751;-2.672;20
-1.744;3.791;-1.892;20
-0.668;3.653;-3.128;20
-1.252;4.54;-1.983;20
-1.153;3.735;-1.12;20
-0.576;2.723;-0.954;20
-0.072;2.212;-0.921;20
0.033;1.658;-0.206;20
-0.09;1.167;0.439;20
-0.309;1.042;1.05;20
-0.375;0.883;0.734;20
-0.148;0.157;0.742;20
0.469;-1.253;1.211;20
1.257;-3.033;1.058;20
1.56;-4.42;1.142;20
1.762;-5.483;1.159;20
2.396;-6.038;2.074;20
2.939;-5.611;2.429;20
2.238;-3.778;1.628;20
0.96;-2.37;0.589;20
0.417;-2.581;0.709;20
-0.093;-2.689;1.656;20
-0.42;-2.164;1.885;20
0.02;-2.012;1.479;20
0.266;-2.29;1.387;20
0.196;-1.925;0.616;20
-0.077;-0.958;-0.201;20
0.57;-0.69;-1.02;20
1.339;-0.959;-0.471;20
1.095;-1.077;-0.187;20
0.662;-1.103;-0.483;20
0.283;-0.949;0.149;20
-0.115;-1.087;1.867;20
-0.806;-0.422;1.204;20
-0.245;0.3;0.404;20
0.686;0.044;1.198;20
1.831;-0.841;0.201;20
1.305;-0.505;-1.528;20
-0.433;1.28;-1.647;20
-1.95;4.367;-1.508;20
-2.26;6.12;-0.439;20
-1.969;4.019;-0.929;20
-1.539;2.797;-3.135;20
-2.37;3.921;-3.673;20
-3.317;4.913;-1.665;20
-1.276;4.413;-2.673;20
-1.109;4.677;-3.413;20
-2.141;4.722;-1.497;20
-1.213;3.534;-0.688;20
-0.162;2.409;-1.018;20
-0.306;1.739;-0.627;20
-0.56;1.379;0.092;20
-0.333;1.461;0.361;20
0.031;1.38;0.629;20
0.024;1.074;0.079;20
0.025;0.134;0.564;20
0.611;-1.241;1.157;20
1.46;-3.053;1.084;20
1.588;-4.554;1.599;20
2.117;-5.61;1.846;20
2.573;-6.138;1.841;20
1.977;-5.679;1.603;20
0.751;-4.113;1.328;20
0.221;-2.046;0.648;20
0.505;-1.376;0.82;20
0.797;-1.844;2.062;20
1.11;-2.828;2.936;20
0.919;-3.338;2.299;20
0.316;-2.422;1.653;20
0.075;-1.686;0.791;20
-0.541;-1.056;-0.57;20
-0.019;-0.718;-2.647;20
1.017;-0.793;-2.492;20
1.342;-0.86;-0.783;20
2.033;-0.989;1.329;20
1.554;-1.464;3.807;20
-0.295;-1.477;2.131;20
-0.945;-0.51;-0.509;20
-0.281;0.346;-1.008;20
0.134;0.305;0.375;20
0.386;-0.278;0.214;20
0.045;0.089;-1.706;19
-0.674;1.811;-1.449;20
-1.587;4.329;-1.668;20
-1.901;5.807;-1.031;20
-1.534;4.292;-0.102;20
-1.314;2.6;-1.075;20
-1.891;2.889;-1.688;20
-2.996;4.191;-2.181;20
-3.16;4.203;-3.349;20
-1.324;3.764;-2.904;20
-0.629;4.368;-2.611;20
-0.693;4.464;-1.417;20
-0.184;3.105;-1.799;20
-0.338;2.28;-1.343;20
-0.492;1.465;0.19;20
-0.322;0.965;0.546;20
-0.292;1.037;0.972;20
-0.014;0.683;0.461;20
0.208;-0.333;0.544;20
0.621;-1.71;1.246;20
1.141;-3.061;1.611;20
1.673;-4.378;1.661;20
1.678;-5.167;1.361;20
2.08;-5.73;1.777;20
2.383;-5.537;2.091;20
1.849;-3.823;1.414;20
1.188;-2.229;0.953;20
1.677;-2.746;0.763;20
0.864;-2.915;1.489;20
-0.679;-2.214;1.995;20
-0.947;-1.995;1.806;20
-0.313;-1.845;1.906;20
0.385;-1.682;0.831;20
0.267;-1.319;-0.499;20
0.911;-1.187;-1.238;20
1.611;-1.293;-0.763;20
1.329;-1.452;0.845;20
0.993;-1.355;0.107;20
1.0;-0.682;-1.144;20
0.408;0.03;0.604;20
-0.703;0.497;2.449;20
-0.915;0.667;0.617;20
-0.352;0.861;-0.217;20
1.599;-0.147;1.334;20
1.383;-0.303;-0.756;20
-0.828;1.311;-3.134;20
-2.039;4.326;-2.447;20
-2.253;6.178;-0.2;20
-2.006;4.334;-1.01;20
-2.239;3.387;-3.789;20
-2.849;4.254;-3.451;20
-3.487;4.701;-2.0;20
-2.341;3.944;-2.311;20
-0.436;3.531;-3.233;20
-0.59;4.512;-1.25;20
-0.307;3.252;-0.006;20
0.365;2.024;-0.965;20
-0.022;1.905;-0.827;20
-0.498;1.648;0.113;20
-0.308;1.056;0.246;20
-0.383;0.821;-0.392;20
-0.379;0.06;-0.234;20
0.307;-1.286;1.321;20
1.287;-2.891;1.583;20
1.736;-4.475;1.002;20
1.959;-6.002;1.275;20
2.279;-6.45;2.583;20
2.432;-5.891;2.888;20
1.896;-4.254;2.243;20
1.059;-2.488;1.553;20
0.858;-2.5;1.633;20
0.553;-2.978;1.784;20
-0.662;-2.079;1.852;20
-1.031;-1.22;1.0;20
0.039;-1.229;0.559;20
0.247;-1.298;-0.067;20
0.118;-1.194;-0.513;20
1.105;-1.381;0.342;20
1.525;-2.008;0.889;20
0.577;-2.165;-0.067;20
0.461;-1.763;-0.36;20
0.846;-1.128;0.516;20
0.41;-0.538;1.799;20
-0.404;0.01;1.526;20
-0.286;0.337;-0.549;20
0.798;-0.105;-0.024;20
1.44;-0.78;-0.177;20
0.145;0.125;-1.778;20
-1.568;2.55;-2.238;20
-2.827;6.2;-2.48;20
-2.318;6.589;-0.76;20
-1.543;4.526;-0.584;20
-1.358;3.187;-2.277;20
-2.264;4.134;-3.092;20
-2.895;5.172;-2.041;20
-1.595;4.456;-2.092;20
0.593;3.504;-2.708;20
-0.567;3.632;-1.484;20
-0.961;2.79;-1.036;20
-0.693;2.492;-1.267;20
-0.048;1.997;-1.293;20
-0.33;1.622;-0.795;20
-0.896;1.609;0.549;20
-0.319;1.021;0.979;20
0.613;-0.281;0.812;20
1.19;-1.734;0.931;20
1.148;-2.686;1.257;20
1.077;-3.4;1.407;20
1.016;-4.494;1.577;20
1.12;-5.388;1.529;20
1.915;-5.636;2.486;20
2.489;-5.161;2.578;20
1.595;-3.655;1.221;20
0.716;-2.567;0.657;20
0.78;-2.586;1.22;20
0.495;-2.435;2.366;20
-0.086;-2.517;1.886;20
-0.489;-2.205;1.275;20
0.165;-1.732;0.955;20
0.305;-1.048;0.331;19
0.568;-0.924;-0.343;20
1.005;-1.101;0.143;20
0.557;-1.323;-0.569;20
0.883;-1.162;-1.458;20
1.586;-0.988;-0.685;20
0.209;-0.706;1.385;20
-1.046;-0.001;1.35;20
-1.006;0.811;0.331;20
0.077;0.753;0.82;20
1.414;-0.229;0.244;20
1.307;-0.389;-1.047;20
-0.517;1.033;-1.93;20
-1.52;3.795;-1.549;20
-2.114;5.845;-1.174;20
-2.368;4.601;-0.24;20
-1.874;3.015;-0.576;20
-1.831;3.695;-3.038;20
-2.054;4.45;-2.588;20
-2.572;4.163;-2.049;20
-1.63;3.49;-3.163;20
-0.143;3.943;-2.974;20
-0.711;4.256;-1.512;20
-0.579;3.291;-1.961;20
-0.254;2.427;-1.911;20
-0.435;1.587;-0.416;20
-0.4;1.295;0.619;20
-0.022;0.866;0.995;20
0.275;0.044;1.048;20
0.765;-1.152;1.42;20
1.085;-2.343;1.377;20
1.259;-3.661;1.591;20
1.756;-5.058;1.751;20
2.399;-5.893;1.588;20
2.218;-5.535;0.832;20
1.172;-4.322;0.891;20
0.494;-2.803;1.434;20
0.568;-1.723;1.215;20
1.248;-2.654;1.419;20
1.434;-3.695;1.917;20
0.21;-3.481;2.987;20
-0.627;-2.175;2.436;20
-0.458;-1.236;1.586;20
-0.242;-0.851;0.013;20
-0.52;-0.475;-0.338;20
-0.211;-0.928;0.111;20
0.654;-1.533;-0.441;20
1.509;-1.708;-2.343;20
2.415;-1.509;-0.815;20
1.695;-1.155;2.419;20
-0.72;-0.218;2.352;20
-1.642;0.775;-0.146;20
-0.493;0.876;-0.819;20
1.073;0.118;2.071;20
1.505;-0.96;0.56;20
0.311;-0.176;-2.341;20
-1.101;2.178;-2.819;20
-2.177;5.396;-1.868;20
-2.586;6.65;-1.067;20
-2.132;4.116;-0.583;20
-1.153;2.689;-0.904;20
-1.413;4.009;-2.368;20
-3.054;4.975;-2.888;20
-2.477;4.385;-2.996;20
-0.55;3.955;-2.914;20
-0.379;4.115;-2.045;20
-0.209;3.544;-1.366;20
0.151;2.573;-1.775;20
-0.158;2.152;-1.168;20
-0.248;1.301;-0.176;20
-0.745;1.199;0.337;20
-0.795;1.018;0.9;20
0.003;-0.436;1.435;20
1.081;-2.096;1.613;20
1.622;-3.193;1.249;20
1.529;-3.941;1.137;20
1.292;-4.676;2.056;20
1.313;-5.108;2.648;20
1.749;-5.136;2.642;20
1.695;-4.702;1.739;20
0.301;-3.07;0.52;20
-0.531;-2.047;0.502;20
0.022;-2.478;1.668;20
0.345;-2.573;2.288;20
0.242;-2.342;1.443;20
0.235;-1.894;1.119;20
0.233;-1.78;0.94;20
0.142;-1.432;0.652;20
0.615;-1.312;0.121;20
1.125;-1.289;-0.14;20
1.347;-1.045;0.235;20
1.374;-0.932;-0.419;20
0.999;-0.727;-2.317;20
1.046;-0.247;-2.004;20
0.747;-0.112;1.382;20
-0.252;0.194;2.695;20
-0.733;0.81;0.078;20
0.568;0.393;0.225;20
1.85;-0.566;0.161;20
0.055;0.71;-1.658;20
-1.858;2.853;-2.398;20
-1.717;4.266;-1.093;20
-1.727;4.625;-0.192;20
-1.675;3.871;-1.238;20
-1.285;3.214;-2.598;20
-2.194;3.516;-2.29;20
-3.591;4.029;-0.947;20
-2.229;3.697;-1.923;20
-0.096;3.909;-2.501;20
-0.677;4.851;-1.757;20
-1.192;3.827;-1.51;20
-0.743;2.409;-1.557;20
-0.867;2.052;-1.483;20
-0.963;2.097;-0.404;20
-0.582;1.939;0.505;20
0.027;0.962;0.467;20
0.815;-0.522;0.461;20
1.32;-1.935;0.693;20
1.399;-3.208;1.691;19
1.328;-4.627;1.776;20
1.31;-5.788;1.657;20
1.856;-6.028;2.041;20
2.524;-5.13;1.839;20
2.194;-3.91;1.418;20
0.894;-2.182;0.644;20
0.434;-1.67;0.284;20
1.093;-2.508;0.911;20
0.505;-3.344;2.707;20
-0.609;-3.186;2.725;20
0.393;-2.684;1.81;20
1.263;-1.84;0.881;20
0.911;-0.457;-0.049;20
1.261;-0.371;-1.278;20
1.034;-0.633;-0.829;20
0.415;-0.721;-0.136;20
0.052;-0.649;-1.318;20
0.534;-0.614;-0.977;20
0.845;-0.69;2.164;20
0.002;-0.498;2.518;20
-0.677;0.18;0.078;20
-0.525;0.904;-0.017;20
-0.065;0.477;1.161;20
0.46;-0.585;-0.328;20
0.253;0.115;-2.293;20
-0.593;2.285;-2.101;20
-1.034;3.566;0.217;20
-1.275;4.033;-0.235;20
-1.159;3.828;-2.65;20
-1.968;4.148;-3.094;20
-4.009;4.841;-0.76;20
-3.465;4.294;-1.926;20
-0.898;3.52;-2.971;20
-0.737;4.414;-2.137;20
-0.862;4.757;-2.481;20
-0.413;3.505;-2.352;20
-1.086;3.265;-1.347;20
-0.608;2.628;-0.708;20
-0.185;1.8;-0.497;20
-0.68;1.241;0.714;20
-0.04;0.006;1.145;20
1.17;-1.294;0.532;20
1.197;-2.169;1.042;20
1.075;-3.396;2.274;20
1.725;-4.943;1.639;20
2.335;-6.152;1.176;20
2.539;-6.371;1.606;20
2.022;-5.266;2.258;20
1.024;-2.913;1.948;20
0.271;-1.311;0.735;20
0.19;-1.398;-0.118;20
0.858;-2.342;0.833;20
-0.063;-2.917;2.604;20
-1.443;-2.743;2.184;20
-0.65;-2.836;1.297;20
0.807;-2.841;0.907;20
1.362;-2.138;1.241;20
1.273;-1.506;0.987;20
0.98;-1.069;-1.301;20
1.037;-0.561;-2.059;20
0.983;0.001;-1.418;20
0.734;0.382;0.002;20
-0.136;0.723;1.58;20
-0.864;0.673;2.502;20
-0.92;0.463;1.167;20
-0.729;0.604;0.492;20
1.145;-0.68;0.251;20
2.454;-1.591;0.178;20
0.503;-0.078;-1.9;20
-1.364;2.62;-2.723;20
-1.997;5.74;0.166;20
-2.034;5.768;-1.715;20
-1.38;4.361;-3.568;20
-3.349;5.274;-3.077;20
-4.639;5.256;-1.165;20
-1.099;3.51;-3.231;20
-0.325;3.922;-3.541;20
-1.023;4.338;-2.133;20
-1.18;3.389;-2.116;20
-0.755;3.085;-0.828;20
0.47;2.263;-0.323;20
0.65;1.547;-0.301;20
-0.44;1.634;0.987;20
-0.435;0.923;0.763;20
0.045;-0.399;0.318;20
0.155;-1.377;1.748;20
0.872;-2.49;1.903;20
1.042;-4.019;0.533;20
1.248;-5.758;1.278;20
1.834;-6.797;2.385;20
2.071;-6.15;1.705;20
1.267;-4.183;1.592;20
0.323;-2.152;1.22;20
0.258;-1.555;0.416;20
0.931;-2.117;1.015;20
0.898;-3.018;2.804;20
0.569;-3.697;3.464;20
-0.179;-3.021;2.555;20
-0.314;-2.212;0.574;20
0.236;-0.999;-0.722;20
1.094;-0.309;-1.568;20
1.254;-0.263;-1.198;20
1.014;-0.31;-0.804;20
0.833;-0.16;-1.349;20
1.621;-0.618;0.859;20
0.78;-0.888;4.089;20
-1.111;-0.662;1.951;20
-1.239;0.186;-1.173;20
0.145;0.221;-0.15;20
2.11;-1.022;1.282;20
1.095;-0.415;-0.979;20
-0.898;1.512;-2.718;20
-1.453;3.29;-2.492;20
-1.734;5.169;-0.645;20
-1.912;5.303;-0.158;20
-1.965;3.434;-1.069;20
-2.035;2.881;-2.154;20
-2.99;3.88;-3.038;20
-3.417;4.516;-2.657;19
-1.743;4.724;-3.029;20
-0.7;4.422;-2.756;20
-1.035;4.096;-2.297;20
-0.216;3.249;-1.764;20
0.033;2.337;-1.18;20
-0.734;1.91;0.343;20
-0.592;1.369;0.427;20
0.053;0.292;0.427;20
0.774;-0.883;1.047;20
1.138;-2.205;1.101;20
1.098;-3.672;1.194;20
1.555;-5.273;1.697;20
2.253;-6.615;2.649;20
2.554;-6.549;2.382;20
2.066;-5.154;2.366;20
0.52;-2.948;2.028;20
0.024;-2.13;1.107;20
0.817;-2.747;0.944;20
0.783;-2.153;1.141;20
0.73;-1.748;1.488;20
0.759;-2.157;1.639;20
0.864;-2.054;0.483;20
0.715;-1.042;0.403;20
0.604;-0.644;0.724;20
0.904;-0.927;0.171;20
0.637;-1.024;-1.876;20
0.433;-0.857;-2.059;20
0.495;-1.105;1.617;20
-0.465;-1.07;2.669;20
-0.561;-0.545;0.764;20
-0.031;0.186;0.786;20
0.284;0.6;1.329;20
1.821;-0.55;0.969;20
2.072;-1.396;-0.862;20
-0.305;0.506;-2.078;20
-1.516;2.553;-2.25;20
-1.936;4.616;-0.654;20
-1.745;5.404;-1.517;20
-2.327;4.78;-3.851;20
-3.782;4.88;-3.634;20
-4.424;5.347;-2.628;20
-1.56;4.592;-3.208;20
-0.1;4.484;-3.105;20
-1.084;4.31;-1.35;20
-1.212;3.398;-0.829;20
-0.36;2.707;-0.988;20
-0.344;2.557;-1.087;20
-0.747;2.756;-0.252;20
-0.797;2.569;0.4;20
-0.444;1.305;0.26;20
0.318;-0.353;0.696;20
1.213;-2.056;1.881;20
1.639;-3.506;1.956;20
1.499;-5.059;0.913;20
1.506;-6.927;1.85;20
1.856;-7.307;3.323;20
2.125;-5.348;2.868;20
1.792;-3.034;2.369;20
1.063;-1.789;0.582;20
0.825;-2.019;-0.462;20
1.012;-2.315;0.771;20
0.331;-2.401;2.535;20
0.063;-2.292;2.402;20
0.242;-1.679;1.614;20
0.543;-1.472;0.907;20
0.4;-1.131;-0.181;20
0.778;-0.789;-1.726;20
0.933;-0.618;-1.717;20
0.642;-0.666;-0.832;20
0.894;-1.114;1.793;20
0.6;-1.333;3.741;20
-0.03;-1.445;2.621;20
-0.53;-0.663;-0.094;20
0.493;0.032;-0.869;20
2.472;-0.953;0.474;20
0.657;-0.586;-1.873;20
-1.738;1.567;-3.721;20
-2.461;3.888;-1.667;20
-2.336;5.888;0.659;20
-1.914;4.982;-0.531;20
-1.063;3.27;-3.128;20
-2.39;4.152;-3.794;20
-3.999;5.272;-1.886;20
-1.659;4.212;-3.875;20
-1.488;4.149;-2.114;20
-2.075;4.678;-1.225;20
-0.591;3.883;-2.539;20
-0.426;2.867;-1.634;20
-1.136;2.485;-0.666;20
-0.774;2.219;-0.498;20
-0.32;1.931;0.2;20
0.104;0.694;1.199;20
0.798;-0.993;1.273;20
1.406;-2.72;1.224;20
1.639;-4.037;2.035;20
1.964;-5.125;1.965;20
2.076;-5.975;2.012;20
1.797;-5.475;2.686;20
1.82;-4.08;2.603;20
1.506;-2.969;1.127;20
0.37;-1.958;-0.298;20
0.29;-2.299;-0.148;20
0.839;-2.999;1.677;20
0.595;-3.108;2.432;20
0.661;-2.905;2.357;20
0.353;-2.061;2.596;20
0.012;-1.076;2.045;20
0.263;-1.109;1.181;20
0.801;-1.274;-1.163;20
1.286;-0.857;-3.951;20
2.11;-0.468;-0.965;20
1.365;-0.934;3.257;20
-0.506;-1.16;1.897;20
-0.454;-1.05;-0.187;20
-0.926;0.1;-0.037;20
-0.318;0.792;0.96;20
1.636;-0.116;0.521;20
1.054;-0.341;-1.341;20
-0.935;1.054;-2.289;20
-1.352;3.07;-1.683;19
-1.745;5.79;-0.359;20
-2.256;4.987;-0.871;20
-2.591;3.85;-3.625;20
-3.03;4.787;-2.896;20
-3.02;5.123;-3.536;20
-1.83;4.276;-4.184;20
-1.949;4.198;-2.39;20
-1.241;3.91;-1.901;20
-0.121;3.301;-1.476;20
-0.018;2.423;-1.014;20
-0.527;1.922;-0.684;20
-0.796;1.825;-0.225;20
-0.806;1.605;0.282;20
-0.131;0.828;0.456;20
0.787;-0.491;1.008;20
1.215;-1.891;1.53;20
1.552;-3.853;2.067;20
1.841;-6.085;2.502;20
2.267;-7.372;3.039;20
2.476;-6.811;2.895;20
1.795;-4.75;1.219;20
0.369;-2.238;0.474;20
-0.331;-0.882;0.608;20
0.333;-1.449;1.467;20
0.188;-2.08;2.909;20
0.238;-3.045;2.476;20
0.264;-2.534;1.94;20
0.912;-1.59;0.993;20
0.402;-0.812;0.141;20
0.31;-0.751;-0.497;20
0.465;-1.288;-0.031;20
0.362;-1.724;0.32;20
0.899;-1.987;-0.493;20
1.704;-1.859;0.81;20
1.005;-1.609;1.936;20
0.198;-1.292;0.718;20
-1.059;-0.074;-0.752;20
-0.722;0.628;-0.209;20
0.565;0.387;0.434;20
0.289;0.956;-1.991;20
-0.998;2.449;-2.492;20
-1.353;4.502;-1.32;20
-1.707;5.913;-0.278;20
-1.631;4.472;-1.141;20
-1.022;3.568;-2.833;20
-2.672;4.873;-2.438;20
-3.927;5.095;-3.005;20
-1.547;4.247;-4.315;20
-0.816;4.434;-3.062;20
-1.388;4.403;-2.05;20
-0.525;3.51;-2.557;20
-0.619;3.107;-1.415;20
-0.38;2.119;0.144;20
0.164;0.689;0.77;20
-0.548;-0.332;3.291;20
0.282;-1.06;2.114;20
1.812;-1.322;-2.358;20
0.629;-0.897;-1.387;20
-1.393;-1.154;2.98;20
0.791;-3.384;3.096;20
4.151;-6.135;1.474;20
4.553;-7.522;1.712;20
2.879;-7.208;3.113;20
0.886;-4.851;2.797;20
0.541;-2.585;1.657;20
0.534;-1.658;1.392;20
-0.413;-0.645;0.74;20
-1.773;0.975;0.935;20
-1.27;1.706;1.074;20
0.846;-1.426;1.288;20
2.208;-6.969;0.439;20
1.972;-6.395;0.432;20
0.235;-2.025;-2.023;20
-0.54;0.834;-3.571;20
-0.242;0.926;2.992;20
0.118;-0.99;6.966;20
-0.094;-1.359;1.185;20
0.956;-0.337;-2.722;20
2.311;0.274;-1.525;20
2.444;0.322;0.813;20
1.769;-0.304;-0.259;20
-0.524;-0.377;-3.59;20
-2.615;0.668;-5.87;20
-3.319;2.404;-5.718;20
-5.234;7.443;1.913;20
-4.109;10.912;5.201;20
-2.92;8.51;-2.081;20
4.208;-0.154;-0.321;20
1.355;-0.632;-0.871;20
-6.674;5.545;-1.366;20
-2.65;5.182;-2.128;20
0.695;3.139;-3.142;20
0.334;2.608;-3.912;20
-0.142;2.649;-3.281;20
-0.566;2.55;-2.47;20
-0.757;2.239;-1.878;20
0.023;1.577;-0.444;20
0.93;0.242;1.462;20
1.206;-1.31;2.385;20
0.785;-2.532;2.127;20
0.653;-4.22;2.546;20
1.178;-6.393;3.501;20
2.225;-7.642;3.202;20
3.203;-6.958;2.341;20
2.706;-4.363;1.063;20
0.721;-1.393;-0.075;20
-0.963;0.164;-0.712;20
-0.347;-0.833;0.441;20
1.593;-3.235;1.712;20
0.901;-4.005;3.108;20
-0.542;-3.522;2.81;20
-0.419;-2.342;2.486;20
0.329;-1.088;1.987;20
0.592;-0.311;0.385;20
0.694;-0.079;-1.033;20
0.558;-0.207;-1.072;19
0.325;-0.486;-1.342;20
1.401;-1.149;-0.002;21
1.442;-1.431;2.578;20
0.032;-0.977;1.908;19
-0.824;0.094;0.193;20
0.187;0.622;-0.257;20
1.494;-0.078;-0.531;20
0.825;0.328;-0.62;20
-0.363;1.91;-1.97;20
-1.223;2.991;-2.415;20
-1.633;4.485;-0.962;20
-1.694;5.229;-2.274;20
-1.911;4.657;-3.374;20
-3.595;5.512;-3.785;20
-4.184;5.765;-2.298;20
-1.226;3.925;-3.69;20
-0.2;3.932;-3.84;20
-1.217;4.33;-1.279;20
-0.623;3.004;-0.763;20
0.176;2.178;-0.85;20
-0.022;1.662;0.008;20
-0.43;1.369;0.69;20
-0.283;1.005;0.749;20
0.122;0.191;0.98;20
0.437;-0.929;1.641;20
0.732;-2.222;1.608;20
0.932;-3.459;0.943;20
1.145;-4.573;0.594;20
1.815;-5.648;1.388;20
2.222;-5.806;2.189;20
2.283;-5.001;2.259;20
1.718;-3.382;1.656;20
0.328;-2.045;0.744;20
0.006;-2.858;1.295;20
0.413;-3.681;2.627;20
-0.203;-3.073;2.658;20
-0.618;-2.283;2.204;20
0.042;-1.632;0.923;20
0.141;-0.54;0.492;20
0.017;0.059;-0.02;20
1.1;-0.554;-0.347;20
1.619;-1.152;-0.767;20
1.227;-1.069;-1.766;20
0.496;-0.85;-0.54;20
-0.37;-0.696;1.296;20
-0.65;-0.715;2.449;20
-0.848;-0.117;1.458;20
0.204;0.094;1.075;20
2.277;-1.014;-0.103;20
1.56;-0.574;-1.477;20
-0.887;2.149;-2.051;20
-1.563;3.784;-2.557;20
-1.815;4.921;-2.959;20
-2.422;5.522;-2.575;20
-3.036;4.653;-2.128;20
-3.066;4.08;-1.106;20
-2.285;3.756;-0.957;20
-1.412;3.592;-1.407;20
-0.514;3.855;-1.895;20
-0.316;4.321;-1.77;20
-0.491;3.872;-0.968;20
-0.065;2.426;0.139;20
-0.324;1.168;1.485;20
-0.216;0.305;2.814;20
-0.019;-0.112;3.513;20
1.116;-0.899;4.233;20
2.078;-1.872;5.53;20
1.331;-1.053;3.526;20
0.516;0.977;-0.074;20
0.094;1.659;-0.097;20
-0.022;1.129;0.261;20
-0.126;0.285;-1.319;20
-0.4;0.888;-2.051;20
-0.034;1.047;-0.682;20
0.729;0.022;0.948;20
1.223;-0.676;1.196;20
1.01;-0.565;0.495;20
0.334;0.017;0.712;20
-0.13;0.3;0.867;20
-1.074;0.39;-0.102;20
-0.827;0.209;-0.329;20
-0.554;0.16;0.067;20
-0.048;0.53;0.129;20
1.161;-0.415;-0.171;20
0.836;-0.72;-0.609;20
0.112;-1.217;-1.076;20
-0.299;-1.128;-0.522;20
-0.328;-0.92;-0.114;20
-0.314;-0.347;-0.323;20
-0.682;-0.699;-0.327;20
-0.745;-0.889;0.532;20
-0.66;-1.807;0.766;20
-0.645;-2.194;1.246;20
-0.365;-0.625;-0.219;20
0.82;0.116;0.822;20
0.272;-1.667;1.145;20
0.199;-1.134;0.161;20
0.218;0.391;-0.604;20
-0.434;0.406;0.568;20
0.141;-0.147;0.373;20
0.042;0.518;-0.351;20
0.172;0.447;-0.784;20
-0.286;0.426;-0.367;20
-0.225;0.126;-0.328;20
-0.44;0.036;-0.12;20
0.069;-0.368;0.203;20
-0.217;-0.057;-0.051;20
-0.077;0.806;-0.195;20
0.331;1.441;-0.089;20
0.944;0.754;0.376;20
0.723;0.085;-0.163;20
0.469;1.84;-1.69;20
-0.603;0.494;0.673;20
0.39;-0.283;0.582;20
0.629;-1.346;0.267;20
0.143;-1.265;0.272;20
-0.183;-0.606;-0.42;19
-0.376;-0.651;-0.117;20
-0.355;-0.782;0.053;20
-0.337;-0.611;0.162;20
-0.238;-0.44;-0.23;20
-0.411;-0.361;-0.554;20
-0.227;-0.314;-0.1;20
0.592;0.792;1.108;20
0.723;1.456;-1.171;20
-1.145;-1.53;-0.981;20
-1.679;-2.179;1.122;20
-0.815;-1.098;0.244;20
0.023;0.138;-0.2;20
0.307;0.292;0.58;20
0.196;-0.193;0.608;20
-0.803;-0.215;-0.172;20
-1.264;0.259;-0.542;20
-0.476;-0.59;0.345;20
0.267;-0.984;-0.454;20
1.045;-0.4;-0.283;20
1.093;0.551;0.926;20
-0.05;-0.161;-0.651;20
0.245;-0.457;0.396;20
0.503;0.698;0.123;20
0.045;0.229;-0.998;20
0.957;0.767;-0.034;20
1.939;1.087;-0.235;20
-0.304;-0.884;0.602;20
-1.36;-2.565;1.012;20
-0.411;-1.671;0.385;20
0.446;1.057;-0.649;20
-0.022;1.242;-0.267;20
0.074;-0.834;0.811;20
1.058;-1.111;0.917;20
0.383;-0.12;-0.821;20
-0.331;0.397;-1.211;20
-0.257;-0.025;-0.77;20
-0.309;-0.042;0.039;20
-0.022;0.3;-0.561;20
-0.192;0.526;-2.066;20
-0.125;0.982;-2.715;20
0.645;0.658;-0.995;20
1.956;0.32;1.277;20
1.364;0.793;0.435;20
-1.794;0.133;-1.269;20
-1.475;0.305;-0.787;20
0.608;-0.927;0.341;20
1.028;-1.52;-0.218;20
0.158;-1.422;-1.643;20
-0.985;-2.653;-2.792;20
-1.499;-1.724;-1.161;20
-3.218;-1.064;-0.07;20
-3.202;-2.1;-0.182;20
-1.278;-2.821;-2.507;20
-0.344;-3.102;-3.177;20
-1.383;-4.387;-1.953;20
-2.478;-3.759;-0.361;20
-2.402;-2.82;-0.877;20
-0.953;-3.827;-0.787;20
-0.635;-4.365;-0.71;20
-1.447;-3.769;-0.682;20
-0.119;-0.41;0.254;20
-0.337;-0.783;-1.079;20
-0.659;-3.042;-1.754;20
-1.671;-2.173;-1.292;20
-1.556;-1.533;-0.893;20
-0.484;-1.114;-0.916;20
0.387;0.244;-1.07;20
-0.257;1.294;-0.146;20
0.779;-0.359;1.207;20
-0.345;-5.012;1.59;20
-3.282;-2.698;5.284;20
-0.114;5.378;-2.515;20
1.129;-0.989;-2.13;20
1.577;-3.013;1.624;20
1.281;-2.861;1.792;20
0.593;-1.482;0.213;20
0.576;-0.126;-1.808;20
0.12;0.662;-2.429;20
-0.986;0.953;-1.203;20
-1.431;0.729;-0.619;20
-1.396;-0.087;-1.338;20
0.015;-1.186;-2.745;20
1.132;-1.818;-2.96;20
1.092;-1.906;-1.741;20
0.407;-1.543;-0.776;20
-0.305;-0.476;-1.162;20
-0.531;-0.265;-2.035;20
-0.215;-1.027;-1.914;20
-0.806;-1.192;-0.795;20
0.033;-0.337;0.788;20
1.938;-1.013;0.847;20
3.272;-1.354;0.068;20
2.206;-0.856;-0.246;20
0.364;-1.128;0.183;20
0.965;-1.839;-0.55;20
0.063;-0.747;-0.601;20
-0.868;0.713;-0.62;20
1.124;0.094;0.941;20
2.243;-0.495;2.604;20
1.678;1.537;-0.488;20
1.059;2.022;-1.444;20
1.227;3.464;-0.133;20
2.534;3.722;1.378;20
1.991;4.259;2.758;20
1.294;4.588;4.211;20
1.294;4.918;6.996;20
1.119;4.834;7.656;20
0.039;4.249;7.141;20
-0.231;2.703;6.004;20
0.227;1.402;3.614;20
0.398;0.236;0.745;20
-0.068;-0.369;-1.516;20
-0.231;-0.459;-2.794;20
0.623;-0.651;-2.909;20
1.639;-0.702;-3.287;20
0.725;-0.088;-3.335;20
-1.369;0.256;-1.022;20
-2.116;1.222;-1.162;20
-3.062;2.508;-3.758;19
-3.914;2.175;-3.673;20
-2.921;1.651;-1.572;20
-2.133;2.21;-0.143;20
-5.018;3.455;4.495;20
-2.073;3.194;3.392;20
-1.284;2.37;4.17;20
-0.746;2.596;2.547;20
-1.212;3.055;1.805;20
-1.865;3.232;0.734;20
-3.252;3.885;0.372;20
-3.647;4.292;0.512;20
-2.907;4.342;1.217;20
-1.821;4.334;0.073;20
-1.188;4.242;-1.634;20
-1.201;3.988;-0.393;20
-1.279;3.423;1.342;20
-0.957;3.184;2.269;20
-0.521;2.956;2.04;20
0.102;2.147;1.126;20
0.577;1.465;-0.027;20
0.653;1.594;-1.248;20
0.191;2.056;-1.561;20
0.133;1.608;-0.687;20
-0.039;0.587;0.618;20
0.199;0.697;1.154;20
0.944;1.198;0.95;20
1.378;1.173;0.887;20
1.206;0.78;0.505;20
1.488;0.456;-0.29;20
1.197;0.393;-0.21;20
0.663;0.492;-0.061;20
0.315;0.281;-0.105;20
0.1;-0.143;0.323;20
-0.192;-0.353;1.52;20
-0.845;-0.742;2.631;20
-1.194;-1.481;2.838;20
-1.396;-1.143;1.832;20
-0.565;-0.216;-0.17;65
0.063;0.571;-0.416;20
0.618;0.82;-0.519;20
0.92;1.136;-0.424;20
1.426;0.871;-0.007;20
1.96;0.018;0.694;20
1.511;-0.019;0.07;20
1.325;-0.173;-0.954;20
1.325;-0.083;-1.095;20
0.454;0.431;0.415;20
-0.128;0.993;0.415;20
0.029;0.944;0.613;19
0.394;0.596;0.517;20
1.046;0.242;-0.294;20
1.257;0.158;-0.739;20
1.025;0.118;-0.883;20
0.64;0.361;-0.796;20
-0.049;0.99;-0.086;20
-0.798;1.29;0.048;20
-1.027;1.092;-0.187;20
-0.603;0.619;-0.43;20
-0.478;0.457;-0.436;20
-0.702;0.706;-0.233;20
-0.76;0.796;-0.399;20
-0.903;0.97;-0.196;20
-0.85;0.888;-0.166;20
-0.246;0.478;-0.546;20
-0.384;0.726;-0.466;20
-0.593;1.175;-0.338;20
-0.842;1.404;-0.529;20
-0.943;1.42;-0.694;20
-0.93;1.43;-0.703;20
-1.178;1.406;-0.773;20
-1.494;1.467;-0.828;20
-1.143;1.249;-0.976;20
-0.783;0.974;-0.725;20
-0.308;0.677;-0.135;20
-0.013;0.513;-0.013;20
-0.055;0.514;0.083;20
-0.143;0.558;0.153;20
-0.278;0.473;-0.029;20
-0.58;0.48;-0.276;20
-0.544;0.463;-0.373;20
-0.534;0.553;-1.883;20
-1.056;0.869;-0.817;20
-0.584;0.019;-0.242;20
-0.528;-0.157;-0.133;20
-0.21;0.108;0.21;20
0.174;0.194;0.562;20
0.068;0.272;0.519;20
-0.18;0.104;-0.639;20
-0.824;0.16;-1.38;20
-1.099;0.375;-1.091;19
-0.925;0.668;0.01;20
0.134;0.499;0.629;20
0.916;0.112;0.189;20
0.729;-0.089;0.253;20
0.405;-0.056;0.211;20
0.358;0.137;0.012;20
0.451;0.33;0.162;20
0.4;0.42;0.2;20
0.419;0.225;0.263;20
0.378;0.0;0.182;20
0.29;-0.116;-0.045;20
0.272;-0.121;0.15;20
0.189;-0.149;0.241;20
0.085;-0.122;0.25;20
0.239;-0.164;0.162;20
0.353;-0.221;0.164;20
0.358;-0.193;0.01;20
0.292;-0.1;0.005;20
0.125;-0.003;0.043;20
0.099;0.01;-0.08;20
0.114;-0.019;-0.09;20
0.07;-0.004;0.028;20
-0.099;0.049;0.115;20
-0.046;-0.037;0.214;20
0.161;-0.131;0.103;20
0.126;-0.022;0.119;20
0.18;-0.09;-0.303;20
0.089;-0.007;-0.157;20
-0.104;0.105;0.041;20
-0.059;0.021;-0.103;20
-0.044;0.098;0.137;20
-0.03;0.069;-0.053;20
-0.035;0.024;-0.377;20

# Completed @Wed Jan 06 22:01:53 GMT+02:00 2021
