# Accelerometer Data File
# Started @Wed Jan 06 22:00:28 GMT+02:00 2021
#
#
# sensor Vendor: BOSCH
# sensor Name: BMI160 Accelerometer Non-wakeup
# sensor Resolution: 0.0023928226m/sec^2; Max Range: 78.4532; Min Delay: 2500 microseconds
# The sensor's attributes are the result hardware and the Android capabilities.
# It means that the Android may not utilize all features provided by the hardware.
#
# Some devices and Android versions save battery too much so the device may go to sleep.
# It just happens after couple of minutes from turning off the scree and it is easy to find it out.
#
# The following file provides the data from accelerometer in the m/s^2 format.
# The diff value is just a time delta between the samples
#
#
# data format:
# so we have 4 columns with values separated by the ";"
# X;Y;Z;time_from_previous_sample(ms)

# sensor speed set to:NORMAL
# units set to: m/sec^2
# gravity  filtered out
# Accuracy: HIGH
0.919;4.285;6.62;0
0.161;4.489;6.357;19
-0.472;4.265;5.724;20
-0.397;3.754;5.634;20
-0.167;3.342;5.75;20
-0.054;2.834;5.285;20
0.232;2.255;4.59;20
0.672;1.682;3.927;20
1.154;1.308;3.253;20
1.274;1.022;2.56;20
1.302;1.252;2.216;20
0.978;1.465;2.012;20
0.633;1.412;1.9;20
0.454;1.237;2.124;20
0.194;0.612;2.358;20
-0.006;-0.039;2.661;20
-0.146;-0.393;2.655;20
-0.223;-0.437;2.61;20
-0.314;-0.307;2.2;20
-0.454;-0.1;1.322;20
-0.377;0.084;0.609;20
-0.212;0.047;0.461;20
-0.142;-0.336;0.674;20
-0.486;-0.364;0.133;20
-0.684;-0.008;0.023;20
-0.521;0.147;0.445;20
-0.194;-0.193;0.495;20
0.423;-0.469;0.153;20
0.661;-0.405;-0.271;20
0.76;-0.124;0.022;20
-1.671;1.368;2.927;20
-1.296;1.334;1.92;20
-0.282;0.246;-0.283;20
0.515;0.036;-1.437;20
0.866;-0.17;0.332;20
0.811;-0.625;1.638;20
0.672;-0.464;1.661;20
-0.221;0.465;0.334;19
-0.551;1.048;-0.452;20
0.16;0.125;-0.587;20
0.323;-0.859;-0.049;20
-0.665;-0.235;0.299;20
-1.279;0.636;-0.136;20
-1.135;0.41;-1.458;20
-1.151;0.299;-2.091;20
-1.525;0.631;-1.409;20
-1.544;0.484;-0.527;20
-1.627;0.392;-0.257;20
-1.898;-0.053;0.385;20
-1.451;-0.58;1.381;20
1.052;-2.46;0.715;20
-1.178;-2.24;-0.203;20
-1.047;-2.081;1.939;20
-0.22;-3.154;2.518;20
0.593;-3.814;1.578;20
2.355;-4.521;2.767;20
-0.282;-3.141;-1.538;20
-1.428;-0.572;-2.609;20
2.251;-2.836;-0.472;20
2.163;-4.129;1.319;20
2.38;-3.036;1.251;20
2.674;-3.322;-0.076;20
2.912;-3.594;-0.263;20
3.516;-3.223;-0.257;20
3.427;-2.939;-1.476;20
3.352;-2.54;-2.402;20
2.724;-2.309;-4.205;20
1.887;-1.926;-4.352;20
1.601;-2.282;0.118;20
1.413;-1.502;2.548;20
-0.871;0.447;-0.752;95
-0.066;-0.226;1.691;20
0.718;-1.329;1.565;20
0.734;-1.696;-0.147;20
0.519;-1.591;1.557;20
0.189;-1.083;4.094;20
-1.315;-0.806;2.322;20
0.883;-1.694;2.482;20
2.541;-2.613;3.476;20
-2.951;-1.28;5.161;20
-4.697;-2.133;5.525;20
1.78;-5.181;-10.832;20
2.546;-3.622;-5.609;20
3.098;-2.757;-1.426;20
3.898;-3.12;-1.627;20
3.834;-2.204;-1.554;20
3.504;-2.303;-3.365;20
1.541;-1.15;-3.863;20
0.365;-0.608;-6.693;20
1.031;-0.978;-7.546;20
2.401;-1.253;-3.844;20
4.515;-1.833;-1.767;20
4.801;-1.719;-1.222;20
3.779;-0.924;-2.436;20
0.146;0.854;-2.736;20
-2.263;1.411;-2.693;20
-2.431;0.302;-5.136;20
-1.983;-1.228;-9.38;20
1.556;-0.974;-1.466;20
1.372;0.647;1.248;20
1.476;0.354;2.197;20
0.773;0.292;5.17;20
1.497;-1.435;-1.948;20
1.328;-1.996;-10.439;20
-1.382;2.491;-9.335;20
-0.52;4.626;-5.683;20
2.388;3.877;-2.676;20
2.026;2.611;-0.078;20
0.461;1.162;0.518;20
0.661;-0.576;0.289;20
0.122;-1.59;-0.092;20
0.091;-2.27;1.496;20
0.812;-3.006;1.122;20
0.869;-3.01;-0.196;20
0.519;-2.446;-0.246;20
-0.696;-1.462;1.009;20
-3.574;-0.209;1.475;20
-4.074;-0.596;0.448;20
1.037;-2.308;0.435;20
1.019;-0.657;3.567;20
0.65;0.445;5.714;20
0.712;0.45;3.293;20
2.559;-0.308;1.622;20
3.233;0.011;0.938;20
2.306;1.146;1.73;20
1.07;1.894;2.827;20
0.14;1.965;2.344;20
0.044;0.406;-0.134;20
-0.74;-0.237;-3.464;20
-1.058;-0.403;-6.511;20
0.086;-0.727;-5.483;20
1.394;-0.7;-1.483;20
1.138;-0.175;1.484;20
-0.559;0.711;1.198;20
-2.187;1.342;-1.21;20
-3.816;1.152;-2.618;20
-3.497;0.892;2.045;20
0.2;0.956;3.32;20
1.045;-0.227;3.423;20
1.52;-1.185;2.098;20
2.228;-1.675;-0.332;20
3.292;-1.962;-0.975;20
0.799;-0.02;0.706;20
-0.628;-0.145;-1.975;20
1.049;-1.277;-3.299;20
0.112;0.324;1.814;20
-1.418;1.471;2.533;20
-1.731;1.667;1.004;20
-0.763;1.302;-0.036;20
-0.035;0.109;-1.267;20
0.532;-0.606;-0.856;20
-1.027;-0.352;-1.018;20
-6.571;3.596;-1.774;20
0.745;-0.693;-0.467;19
2.874;-1.161;0.784;20
1.694;-0.646;0.552;20
0.552;-0.238;-5.558;20
-1.188;2.96;-1.708;20
-4.12;5.005;3.073;20
2.405;-3.044;-0.167;20
0.72;-4.915;-2.481;20
-2.419;-3.19;11.631;20
-0.239;-2.804;4.28;20
3.545;-2.801;-0.958;85
-1.563;0.445;-2.167;20
-13.029;3.461;-6.168;20
-3.592;-6.53;7.494;20
-1.239;-5.557;-2.249;20
-0.538;-4.206;-1.256;20
-1.233;-2.826;-0.677;20
-0.567;-2.803;9.694;20
-2.165;-2.95;4.027;20
-0.009;-1.827;-5.048;20
-1.003;1.111;-4.429;20
-0.207;4.447;2.28;20
0.986;5.102;5.985;20
0.792;4.525;1.034;20
-0.022;3.473;-1.482;20
1.109;0.1;-0.125;20
0.473;0.229;1.664;20
-0.779;0.909;2.719;20
1.047;-0.716;0.959;20
-0.535;1.286;-2.117;20
-0.143;2.04;1.849;20
1.375;0.228;1.507;20
0.101;1.599;0.625;20
-1.322;1.01;-0.652;20
-0.372;0.569;0.29;20
-0.226;-0.342;-0.334;20
0.877;-0.554;0.234;20
1.264;0.272;0.818;20
-0.239;5.569;2.836;20
1.335;1.979;-1.656;20
0.225;-3.379;-0.318;20
1.361;-2.129;1.615;20
-1.077;4.106;-1.414;20
-2.079;1.134;-1.971;20
0.231;-0.591;0.602;20
1.099;-1.425;1.158;20
1.002;-2.614;0.319;20
1.983;-1.975;0.84;20
1.041;0.701;-0.322;20
0.856;1.511;-2.133;20
0.215;0.304;-1.561;20
0.007;-1.818;1.445;20
0.334;-1.141;-0.483;20
0.24;-0.243;-0.828;20
0.612;4.938;-0.495;20
-5.653;14.403;-8.319;20
-8.55;3.112;-10.526;20
1.234;-10.028;12.163;20
9.658;-8.325;0.883;20
-1.216;-6.472;-9.793;20
-3.408;-6.599;0.51;20
-0.853;-3.702;0.299;20
0.361;-3.425;0.633;20
0.324;-0.741;1.119;20
-2.268;0.136;-0.35;20
-1.463;-1.259;-3.268;20
-0.657;-3.229;-1.807;20
-1.128;-0.8;-0.207;20
-0.777;1.01;-1.193;20
-1.613;1.496;-2.682;20
-4.445;-0.679;-2.045;20
-4.524;-2.28;0.368;20
-2.393;-0.977;0.825;20
-2.825;1.383;-1.372;20
-2.062;1.644;-4.029;20
-2.585;-2.821;2.565;20
-4.075;-4.175;3.043;20
-5.584;-2.788;1.098;20
-4.954;-0.956;0.072;20
-4.247;-0.784;0.544;20
-4.444;-2.038;0.519;20
-3.701;-1.199;-0.068;20
-1.013;0.379;-0.377;20
1.321;2.189;-0.311;20
2.055;4.444;-4.022;20
3.516;4.254;-2.386;20
3.636;0.64;1.399;20
1.998;-0.034;1.562;20
-1.592;-1.212;-0.308;20
-0.996;-0.713;0.15;20
-0.286;-0.048;-0.033;20
-0.249;0.097;-0.215;20
-0.744;-0.076;-0.234;19
-1.159;-0.331;-0.053;20
-1.211;-0.471;0.258;20
-0.584;-0.206;0.703;21
0.271;0.203;0.744;19
0.62;0.322;0.69;20
0.591;0.412;0.651;20
0.544;0.249;0.941;20
0.713;-0.088;0.547;20
0.82;-0.131;-0.062;20
0.643;0.305;0.113;20
0.408;0.441;0.911;20
-0.237;0.494;2.14;20
-0.52;-0.044;1.054;20
-0.723;-0.397;0.849;20
-1.534;-1.137;2.247;20
-2.1;-1.917;3.458;20
-1.102;-2.908;4.509;20
0.377;-2.788;4.371;20
1.155;-1.499;3.793;20
0.237;0.317;2.864;20
-0.473;2.385;-0.229;20
-0.14;2.498;-1.635;20
0.486;1.795;0.463;20
-0.605;0.373;2.766;20
-1.614;0.67;2.61;20
-2.412;2.075;2.412;20
-4.044;4.2;0.392;20
-2.831;5.113;1.368;20
-0.235;4.726;1.052;20
0.099;4.478;0.916;20
1.066;3.281;-1.921;20
2.54;1.952;-0.773;20
-0.761;4.381;0.782;20
-1.477;5.133;-1.157;20
-1.903;4.874;-0.546;20
-2.173;4.47;-0.409;20
-1.305;3.906;-0.321;20
-0.582;3.951;0.524;20
-0.275;3.256;0.939;20
0.016;2.665;0.961;20
0.052;2.379;1.948;20
-0.23;2.117;2.831;20
-0.1;0.845;3.159;20
-0.532;-0.752;2.569;20
-1.71;-0.754;2.047;20
-2.69;-0.302;1.676;20
-1.528;-0.665;-0.344;20
-1.284;-0.487;1.749;20
-1.126;-0.273;3.473;20
-0.416;-0.477;2.837;20
1.502;-0.443;0.78;20
0.627;0.632;-1.242;20
0.028;0.927;-2.099;20
-0.069;0.516;-1.715;20
0.252;0.339;-0.971;20
1.46;-0.582;0.959;20
2.186;-1.391;1.512;20
2.305;-1.579;1.299;20
2.231;-1.987;1.637;20
1.335;-2.321;1.653;20
0.113;-2.358;1.829;20
0.461;-3.032;0.681;20
1.226;-2.782;-1.196;20
0.917;-0.827;-0.93;20
1.557;-0.39;-0.589;20
1.264;0.281;-0.907;20
1.845;0.196;-0.838;20
1.893;-0.248;-0.298;20
1.232;-0.3;-0.206;20
1.47;-1.023;-0.777;20
1.274;-1.054;1.006;20
2.064;-1.34;0.752;20
2.399;-1.796;0.562;20
3.191;-2.448;-0.814;20
2.57;-2.061;-0.474;20
1.639;-0.832;-0.827;20
0.518;-0.047;-0.601;20
-0.353;0.353;-0.552;20
-0.226;0.054;-0.674;20
-0.852;-0.328;-0.823;20
-1.113;0.014;-1.138;20
-0.123;0.52;-1.066;20
0.892;1.401;-0.346;20
2.51;0.074;1.253;20
2.806;-2.53;3.114;20
1.416;-3.245;1.836;20
-0.786;-0.673;-1.038;20
-0.233;1.644;-2.04;20
0.142;1.92;-2.423;20
0.843;1.091;-1.287;20
0.791;0.454;-0.509;20
-1.448;2.648;-3.064;20
-1.235;4.399;-5.126;20
0.767;0.619;-0.27;20
-0.619;-4.484;5.318;20
-4.67;-4.399;2.773;20
-5.837;-1.83;1.24;20
-2.3;-0.335;-0.395;20
1.371;0.589;-0.04;20
3.007;0.367;0.986;20
3.917;-0.679;-0.035;20
2.637;-0.873;0.557;20
1.181;-0.891;0.593;20
-0.54;-0.078;0.797;20
-0.765;-0.31;1.289;20
-0.669;-0.65;1.02;20
-0.439;-0.44;0.566;20
-0.499;0.183;0.161;20
-0.836;0.718;-0.908;20
-1.014;0.891;-0.907;20
-1.122;0.807;-0.81;20
-0.486;0.868;-0.433;20
0.946;0.61;-0.022;20
0.86;0.179;0.302;20
-0.388;0.346;0.115;20
-0.525;0.637;-0.187;20
-0.311;0.563;-0.386;20
-0.201;0.452;-0.024;20
-0.982;0.96;-0.499;20
-1.335;1.763;-0.437;20
-0.173;1.221;1.633;19
1.849;0.813;4.467;21
2.506;0.229;1.228;20
2.867;-4.036;3.712;19
-1.956;-2.34;3.197;20
0.765;2.246;-1.128;20
1.163;3.284;-2.1;20
1.631;1.941;0.054;20
1.283;1.887;0.315;20
-0.472;1.786;-0.176;20
-1.794;2.316;-1.693;20
-1.962;3.569;-1.538;20
-1.241;3.279;0.748;20
-0.768;2.151;0.575;20
1.205;1.4;0.388;20
1.582;0.572;4.029;20
1.247;1.181;0.285;20
0.671;2.382;-3.925;20
0.416;1.23;2.27;20
-0.402;1.946;-1.071;20
-0.287;1.906;0.084;20
-0.762;2.418;-1.77;20
-0.158;2.128;-1.028;20
-0.119;1.904;-0.268;20
0.312;1.219;0.01;20
0.384;1.304;0.395;20
0.265;1.892;0.148;20
0.657;2.232;-0.551;20
0.355;1.879;-0.247;20
-0.11;1.565;0.259;20
-0.774;1.177;0.363;20
-0.75;0.829;-0.271;20
-1.022;1.331;0.138;20
-0.145;0.516;0.38;20
0.056;-0.122;0.22;20
-0.085;-0.376;0.617;20
0.144;-0.143;0.601;20
0.339;-0.175;0.389;20
1.027;-0.506;0.073;20
1.091;-0.732;-0.243;20
0.991;-0.933;-0.349;20
0.896;-1.163;0.333;20
0.669;-1.619;0.715;20
0.509;-1.928;0.391;20
0.61;-2.02;-0.036;20
0.661;-2.289;0.754;20
0.604;-2.595;0.408;20
0.722;-2.736;-0.554;20
0.766;-2.95;-0.414;20
0.774;-3.362;-0.459;20
0.483;-3.791;-0.407;20
0.001;-3.68;-0.086;20
0.11;-3.115;0.133;20
-0.031;-2.406;-0.129;20
-0.059;-1.98;-0.626;20
-0.295;-1.817;-1.164;20
-0.367;-1.75;-1.338;20
-0.572;-1.743;-1.224;20
-0.738;-1.794;-1.188;20
-1.226;-1.847;-0.773;20
-1.393;-2.14;0.366;20
-0.779;-2.345;2.154;20
-0.259;-2.22;2.248;20
0.301;-1.655;1.782;20
0.989;-1.248;-0.358;20
1.131;-0.215;-1.958;20
1.241;0.539;-2.535;20
0.663;0.613;-1.174;20
-0.508;0.777;0.821;20
-1.212;0.819;0.972;20
-1.034;0.456;0.713;20
-0.711;0.059;0.939;20
-0.07;0.231;0.831;20
0.591;0.798;0.081;20
1.017;0.872;-0.064;20
1.625;0.589;0.335;20
1.59;0.478;1.327;20
0.803;1.073;0.834;20
0.295;1.657;-0.017;20
0.104;2.025;-0.879;20
0.093;2.326;-1.338;20
-0.098;1.825;-0.018;20
-0.819;2.103;-0.449;20
-0.497;2.394;-0.775;20
0.036;2.303;1.452;20
0.302;2.613;1.266;20
-0.391;2.241;-1.762;20
-0.843;1.747;-1.005;20
-1.023;2.572;-1.323;20
-1.007;3.045;-0.922;20
-1.216;3.13;-1.227;20
-1.291;3.348;-1.018;20
-1.28;3.086;-0.669;20
-0.479;2.573;-0.762;20
-0.257;2.044;-0.921;20
-0.216;1.929;-0.779;20
-0.239;1.755;-0.761;20
0.034;1.215;-0.197;20
0.173;0.484;0.409;20
0.058;-0.566;0.734;20
-0.341;-1.46;1.774;20
0.051;-2.255;3.663;20
0.78;-2.691;0.543;20
1.674;-1.884;-0.74;20
0.6;-0.546;-0.758;20
-0.012;0.358;-0.869;20
0.208;0.177;-0.893;20
0.899;-1.284;-0.043;20
1.158;-3.422;0.785;20
0.974;-5.465;1.15;20
0.801;-6.473;1.719;20
0.929;-5.969;2.206;20
0.342;-4.398;1.131;20
-0.795;-2.73;-0.248;20
-1.336;-1.728;-1.287;20
-1.668;-0.574;-0.142;20
-1.431;-0.367;0.568;20
-0.502;-1.091;0.145;20
0.36;-1.529;-0.908;20
0.004;-0.646;-1.242;20
-0.687;-0.298;-0.19;20
-1.156;-3.13;2.602;20
-0.655;-5.78;3.753;20
-0.502;-5.188;0.059;20
-0.911;-0.663;-3.721;19
-0.94;1.873;-6.252;20
-0.484;2.707;-4.852;20
-0.304;2.645;-0.358;20
-0.141;2.151;4.726;20
0.141;0.811;5.087;20
0.618;-0.351;1.565;20
1.911;-1.223;0.039;20
2.329;-1.536;0.02;20
0.804;-1.539;2.286;20
-0.943;-0.858;2.211;20
-1.008;0.063;0.43;20
-0.79;1.495;-0.086;20
0.168;2.759;-0.844;20
0.152;2.31;-2.28;20
-0.489;1.739;-3.394;20
-1.43;2.918;-3.14;20
0.125;7.406;0.609;20
1.342;7.344;2.813;20
1.45;1.408;-1.684;20
0.337;0.461;-0.633;20
-3.2;3.677;-0.065;20
-1.406;3.077;-0.449;20
-0.123;2.674;-1.176;20
-0.479;2.296;-0.844;20
-0.184;1.899;-1.074;20
-0.116;2.342;-1.927;20
0.519;2.51;-1.784;20
0.978;1.988;-1.6;20
0.77;1.399;-1.431;20
0.262;0.988;-0.824;20
-0.043;0.477;0.331;20
0.026;-0.624;1.378;20
-0.036;-1.476;1.83;20
0.214;-2.069;1.817;20
0.199;-2.133;2.006;20
0.053;-2.161;2.113;20
-0.208;-2.657;1.039;20
-0.111;-3.294;0.875;20
-0.213;-3.496;0.632;20
0.297;-3.207;0.838;20
0.745;-2.728;0.583;20
1.088;-2.412;0.097;20
0.83;-2.303;0.353;20
0.366;-2.901;0.742;20
0.348;-3.575;1.525;20
0.457;-3.542;1.391;20
-0.248;-2.858;1.007;20
-0.77;-1.817;0.195;20
-0.697;-0.953;-0.739;20
-0.589;-0.691;-1.427;20
-0.324;-0.752;-1.884;20
0.025;-0.705;-1.583;20
0.184;-0.806;-0.84;20
0.076;-0.76;0.691;20
0.068;-0.778;1.872;20
-0.289;-0.622;0.285;20
-0.058;-0.573;-0.319;20
0.553;-0.609;0.234;20
-0.154;-0.1;0.548;20
-0.488;0.815;0.661;20
0.015;1.096;1.142;20
0.679;0.732;1.273;20
1.224;-0.005;0.942;20
0.68;-0.222;0.9;20
0.286;0.2;-0.691;20
0.15;2.007;-1.014;20
-0.91;4.511;-0.203;20
-1.114;3.448;0.164;20
-0.485;2.68;-1.449;20
0.057;3.515;-3.475;20
-0.362;5.035;-3.837;20
-0.07;4.16;-1.458;20
0.358;3.991;-1.892;20
0.324;4.08;-3.17;20
-0.113;3.576;-1.588;20
-0.519;3.151;-1.133;20
-0.155;2.613;-0.383;20
0.408;1.837;-0.276;20
0.324;1.4;-1.077;20
0.112;1.572;-0.074;20
0.37;0.811;0.726;20
0.667;-0.332;0.073;20
0.608;-0.831;0.539;20
-0.026;-0.984;1.098;20
-0.388;-1.358;1.643;20
-0.214;-2.136;0.886;20
0.117;-3.237;0.169;20
0.304;-4.137;1.521;20
0.271;-4.662;2.72;20
0.308;-4.56;1.942;20
0.387;-3.898;1.581;20
0.35;-3.159;1.768;20
0.285;-2.656;1.14;20
-0.041;-2.329;0.238;20
-0.85;-2.008;0.372;20
-1.034;-2.137;0.191;20
-0.612;-2.183;-0.514;20
-0.461;-1.495;-0.67;20
-0.198;-0.979;-0.53;20
-0.256;-1.047;0.257;20
-0.49;-1.213;1.411;20
-0.78;-1.37;1.631;20
-0.59;-1.763;0.542;20
0.045;-1.828;-0.891;20
0.462;-1.386;-0.687;20
0.246;-0.604;0.875;20
-0.237;0.119;0.245;20
0.028;0.314;-0.461;20
0.491;0.197;-0.027;20
0.626;0.007;1.673;20
0.747;-0.141;1.113;20
0.601;-0.215;0.687;20
0.398;0.452;0.089;20
-0.544;1.527;-0.981;20
-0.803;3.481;-0.899;20
-0.56;3.993;-0.505;20
-0.034;3.05;-1.169;20
0.347;2.806;-1.771;20
-0.023;3.268;-1.736;20
-0.629;4.129;-1.972;20
-0.256;4.351;-2.659;20
0.18;4.256;-2.521;20
0.21;3.784;-2.612;20
-0.082;3.417;-2.07;20
0.091;3.125;-1.453;20
0.07;2.523;-0.977;19
0.263;1.778;-0.553;20
0.199;1.119;-0.526;20
-0.067;0.607;-0.076;20
-0.149;0.118;0.371;21
0.245;-0.306;0.664;19
0.595;-0.634;1.094;20
0.624;-1.31;1.095;20
0.178;-1.949;0.926;20
0.033;-2.948;1.055;20
-0.35;-4.162;1.764;20
-0.564;-5.001;2.751;20
-0.215;-5.311;2.834;20
0.143;-4.77;1.73;20
-0.253;-3.237;1.171;20
-0.968;-1.38;0.745;20
-0.916;-0.859;1.54;20
0.474;-1.625;1.437;20
1.111;-2.08;0.186;20
0.464;-1.959;-0.566;20
-0.919;-1.148;-0.04;20
-0.65;-1.354;0.356;20
-0.219;-1.169;-0.305;20
-0.061;-1.036;-0.609;20
0.159;-1.166;-0.989;20
0.437;-1.053;-0.371;20
0.31;-0.849;0.705;20
0.051;-0.949;1.168;20
0.206;-1.188;1.265;20
0.488;-1.012;0.157;20
-0.358;-0.147;-0.012;20
-0.595;0.474;0.941;20
-0.131;0.33;1.278;20
0.422;-0.109;0.665;20
0.873;-0.126;-0.084;20
0.389;0.798;-0.487;20
0.0;2.377;-1.253;20
-0.269;4.486;-1.369;20
-0.335;4.12;-1.135;20
-0.354;3.332;-1.949;20
-0.253;3.754;-0.994;20
-0.359;4.067;-2.227;20
-0.099;4.131;-3.133;20
-0.441;4.66;-2.895;20
0.125;4.011;-2.14;20
0.563;3.107;-2.442;20
0.139;3.31;-1.847;20
0.07;3.152;-0.771;20
0.541;2.256;-0.677;20
0.675;1.906;-0.435;20
0.807;1.474;0.127;20
0.463;0.064;0.413;20
0.044;-0.754;0.218;20
-0.144;-1.022;0.686;20
-0.189;-1.2;1.406;20
-0.028;-2.131;1.591;20
0.289;-3.538;0.989;20
0.196;-4.382;1.167;20
0.064;-4.488;1.893;20
-0.052;-4.27;1.793;20
-0.841;-3.469;1.212;95
-1.106;-2.956;1.069;20
-0.691;-2.626;1.415;20
-0.657;-1.947;1.099;20
-0.423;-1.839;0.267;20
-0.29;-1.842;-0.139;20
-0.267;-1.716;-0.09;20
0.14;-1.823;0.524;20
0.633;-2.384;1.829;20
0.914;-2.814;2.213;20
0.221;-2.153;0.606;20
0.341;-1.334;-0.534;20
-0.181;-0.515;-0.108;20
-0.678;0.262;0.989;20
-0.768;0.695;0.612;20
-0.318;0.94;0.852;20
0.868;0.204;1.772;20
1.374;-0.738;0.338;20
0.31;0.009;-1.674;20
-0.376;3.08;-1.781;20
-0.262;4.823;-1.68;20
0.16;3.942;-1.538;20
0.003;3.42;-0.595;20
-0.429;3.813;-1.659;20
-0.255;4.083;-3.418;20
-0.389;4.222;-3.413;20
-0.227;4.074;-3.045;20
0.194;3.901;-2.663;20
0.502;3.587;-1.834;20
0.618;2.917;-1.439;20
0.75;2.373;-1.0;20
0.649;1.806;-0.561;20
0.267;0.927;0.289;20
-0.151;0.039;0.821;20
0.031;-0.715;0.829;20
0.069;-1.283;0.61;20
-0.265;-1.472;0.577;20
-0.253;-1.935;0.929;20
-0.124;-2.927;1.774;20
-0.004;-4.514;2.593;20
0.049;-5.833;2.663;20
0.027;-5.709;2.246;20
-0.552;-4.579;2.192;20
-0.823;-3.393;2.145;20
-0.68;-2.021;2.144;20
-0.455;-1.446;1.865;20
0.217;-1.81;0.99;20
0.547;-2.105;0.335;20
-0.039;-1.619;-0.094;20
-0.268;-1.021;-0.634;20
-0.162;-0.839;-0.64;20
-0.253;-1.001;-0.19;20
-0.359;-1.136;0.414;20
-0.595;-1.29;0.343;20
-0.501;-1.383;0.132;20
0.518;-1.658;0.481;20
1.01;-1.85;0.849;20
0.402;-1.458;0.973;20
-0.5;-0.422;0.979;20
-0.581;0.4;0.799;20
-0.264;0.761;0.65;20
0.283;0.514;0.536;20
0.796;0.286;-0.144;20
0.328;1.245;-1.65;20
-0.152;4.08;-2.364;20
-0.424;5.414;-2.432;20
-0.176;4.282;-2.43;20
0.101;3.735;-1.325;20
-0.283;4.121;-2.589;20
-0.692;4.618;-2.68;20
-0.878;4.924;-2.541;20
-0.139;4.158;-2.957;20
0.89;2.925;-2.784;20
0.503;2.971;-2.006;20
0.53;3.047;-0.897;20
1.081;1.97;-0.523;20
0.979;1.355;-0.516;20
0.519;1.001;0.007;20
-0.123;0.229;0.948;20
-0.188;-0.861;1.366;20
-0.214;-1.322;0.975;20
-0.214;-1.977;0.804;20
0.028;-2.952;1.261;20
0.329;-4.084;1.693;20
0.512;-4.857;2.19;20
0.538;-4.688;2.462;20
0.454;-4.303;2.225;20
-0.647;-3.634;2.261;20
-1.395;-2.891;1.657;20
-1.143;-1.97;1.681;20
-0.725;-1.708;2.177;19
-0.055;-2.247;1.809;20
0.359;-2.578;0.673;20
0.422;-1.652;-0.519;20
0.003;-0.586;-0.568;20
0.132;-0.988;-0.404;20
-0.055;-1.135;-0.148;20
-0.056;-1.136;0.89;20
-0.186;-1.374;1.627;20
-0.463;-1.282;0.237;21
0.328;-1.009;-1.883;19
0.518;-1.016;-0.03;20
-0.514;-0.41;1.418;20
-0.808;0.131;1.391;20
-0.395;0.534;1.014;20
0.34;0.344;0.85;20
1.832;-0.379;0.257;20
1.395;0.048;-0.952;20
0.085;1.96;-2.519;20
-0.395;5.121;-2.754;20
-0.425;5.26;-2.16;20
-0.429;4.022;-2.47;20
-0.805;4.241;-1.919;20
-1.041;4.36;-2.527;20
-0.866;4.249;-2.483;20
-0.186;3.917;-2.409;20
0.858;3.719;-2.912;20
1.119;3.72;-2.231;20
0.664;3.128;-1.3;20
0.766;2.184;-1.125;20
0.443;1.573;-0.65;20
0.037;1.133;0.382;20
-0.003;0.714;0.473;20
0.087;0.039;0.27;20
0.083;-0.628;0.299;20
-0.213;-1.436;0.742;20
-0.319;-2.91;1.961;20
-0.041;-5.085;2.353;20
0.33;-6.642;2.465;20
0.705;-6.09;2.805;20
0.406;-4.116;2.669;20
-0.352;-2.687;2.229;20
-1.013;-1.648;1.357;20
-0.765;-1.376;0.823;20
-0.346;-1.792;1.793;20
0.186;-2.167;1.878;20
-0.049;-2.291;1.007;20
-0.532;-2.202;-0.106;20
-0.795;-1.132;-0.843;20
-0.489;-0.605;-0.837;20
-0.177;-1.204;0.19;20
-0.274;-1.724;1.279;20
-0.453;-1.715;1.039;20
-0.486;-1.376;-0.64;20
0.168;-0.869;-1.824;20
0.619;-0.772;0.563;20
-0.175;-0.604;2.557;20
-0.828;-0.145;1.068;20
0.099;0.169;0.733;20
1.186;-0.164;1.466;20
0.871;-0.079;-0.357;20
-0.107;1.202;-1.587;20
-0.635;3.98;-2.381;20
-0.466;5.779;-2.678;20
0.159;4.045;-2.455;20
0.085;3.578;-1.492;20
-0.489;4.212;-1.914;20
-0.315;4.58;-2.451;20
0.019;4.863;-2.206;20
0.354;4.073;-2.833;20
0.721;3.342;-2.995;20
0.485;3.648;-2.498;20
0.631;3.156;-1.308;20
0.65;2.226;-0.895;20
0.352;1.727;-0.684;20
0.181;0.897;-0.241;20
0.025;-0.19;0.252;20
-0.014;-0.852;0.954;20
-0.165;-1.241;1.481;20
-0.345;-2.253;1.309;20
0.029;-3.757;1.068;20
0.197;-4.884;1.783;20
0.222;-5.208;2.864;20
0.698;-5.093;3.235;20
0.902;-4.754;2.515;20
-0.39;-3.407;1.705;20
-1.352;-1.993;1.51;20
-1.268;-1.752;2.174;20
-0.443;-2.127;1.795;20
-0.179;-1.832;0.93;20
-0.512;-1.06;0.179;20
-0.349;-0.698;-0.418;20
0.19;-0.954;-0.285;20
0.106;-1.255;0.253;20
-0.175;-1.289;0.937;20
-0.214;-1.572;1.193;20
-0.173;-1.723;0.416;20
0.318;-1.555;-0.774;20
1.04;-1.526;0.335;20
0.098;-0.699;0.849;20
-0.457;0.258;0.333;20
0.021;0.379;1.332;20
0.33;0.289;1.331;20
0.81;-0.252;0.087;20
0.878;0.212;-0.861;20
0.065;1.866;-2.143;20
-0.102;4.407;-2.572;20
-0.219;5.544;-2.232;20
-0.216;3.879;-2.102;20
-0.158;3.86;-1.823;20
-0.127;4.783;-2.36;20
-0.138;5.171;-3.129;20
0.106;4.788;-3.793;20
0.757;3.701;-3.375;20
0.388;3.277;-2.634;20
0.146;3.236;-1.991;20
0.365;2.462;-1.438;20
0.563;1.366;-0.952;20
0.28;1.078;-0.052;20
0.006;0.533;1.026;20
0.073;-0.705;1.41;20
0.059;-1.605;1.034;20
-0.14;-2.264;0.681;20
-0.4;-3.074;1.225;19
-0.34;-4.334;1.98;20
-0.242;-5.602;2.952;20
0.051;-5.805;3.836;20
0.281;-5.093;3.366;20
-0.143;-3.934;1.881;20
-1.034;-1.758;0.621;21
-1.795;0.042;1.473;20
-1.527;-0.493;2.542;19
-0.225;-2.063;2.583;20
0.611;-2.894;1.441;20
0.354;-2.298;-0.182;20
0.122;-1.07;-0.89;20
0.265;-0.754;-0.909;20
0.107;-0.97;-0.33;20
0.047;-1.338;0.523;20
-0.177;-1.426;1.079;20
-0.56;-0.896;-0.466;20
-0.038;-0.485;-2.058;20
0.394;-0.876;1.174;20
-0.738;-0.603;2.035;20
-0.83;-0.23;1.476;20
0.132;-0.03;0.449;20
1.395;-0.241;0.852;20
1.572;-0.13;0.226;20
0.496;1.514;-1.277;20
-0.141;4.103;-1.852;20
-0.47;5.309;-2.044;20
-0.479;3.179;-2.711;20
0.049;3.128;-2.287;20
-0.36;4.1;-2.726;20
-0.997;4.718;-3.098;20
-0.668;5.206;-3.39;20
0.167;4.56;-3.661;20
1.14;4.197;-2.833;20
1.435;3.708;-2.453;20
0.74;3.066;-1.503;20
0.213;2.11;-0.38;20
0.106;0.875;0.647;20
-0.137;-0.091;0.854;20
-0.533;-0.498;0.669;20
-0.689;-0.703;0.634;20
-0.587;-1.219;0.968;20
-0.028;-2.444;1.347;20
0.362;-4.248;1.372;20
0.403;-5.485;1.668;20
0.389;-5.458;2.521;20
0.552;-4.893;3.455;20
0.851;-4.225;3.247;20
0.399;-3.046;2.273;20
-0.882;-1.374;1.845;20
-0.981;-1.161;1.803;20
0.149;-1.832;1.295;20
0.455;-1.828;0.87;20
-0.275;-1.078;0.13;20
-0.987;-0.81;-0.494;20
-0.528;-0.964;-0.788;20
0.302;-1.14;-0.375;20
0.403;-1.345;0.455;20
0.087;-1.68;1.626;20
-0.408;-1.786;1.967;20
-0.393;-1.435;-0.087;20
0.521;-1.125;-1.727;20
0.404;-0.37;-0.319;20
-0.213;0.181;2.032;20
-0.106;0.148;2.104;20
1.118;-0.388;0.417;20
1.493;-0.439;-0.661;20
0.432;0.919;-2.304;20
-0.449;3.556;-2.481;20
-1.029;6.165;-2.086;20
-0.948;4.468;-1.535;20
-0.56;3.237;-1.203;20
-0.702;4.215;-2.055;20
-0.688;4.718;-2.983;20
-0.289;4.656;-3.435;20
0.81;4.669;-3.706;20
1.225;4.213;-3.43;20
0.93;3.699;-2.649;20
0.544;3.144;-1.809;20
0.259;2.064;-1.005;20
-0.292;1.178;-0.682;20
-0.809;0.754;0.056;20
-0.637;0.032;1.339;20
0.122;-1.1;2.016;20
0.422;-2.223;1.381;20
0.609;-3.378;0.65;20
0.377;-4.052;1.055;20
-0.188;-4.405;2.612;20
-0.443;-4.814;4.534;20
0.103;-5.296;4.628;20
0.492;-4.586;2.59;20
0.022;-2.529;1.128;20
-1.422;-0.972;1.073;20
-1.111;-0.985;2.391;20
0.275;-1.803;2.156;20
0.565;-2.187;0.625;20
-0.297;-1.621;-0.461;20
-0.878;-1.233;-0.593;20
-0.078;-1.685;-0.426;20
0.03;-1.573;0.111;20
-0.296;-1.37;0.57;20
-0.581;-1.248;0.959;20
-0.592;-0.89;0.538;20
0.48;-0.709;-1.365;20
1.163;-0.737;-0.504;20
0.012;-0.402;2.685;20
-0.629;-0.064;2.045;20
0.347;-0.668;1.5;20
0.778;-1.231;0.546;20
0.299;-0.377;-0.78;20
-0.325;1.833;-1.797;20
-0.639;4.597;-2.736;20
-0.627;6.119;-3.09;20
-0.385;4.26;-1.951;20
0.232;3.727;-1.342;20
0.455;4.555;-3.922;20
-0.181;5.593;-5.491;20
-0.048;5.321;-3.994;20
0.434;4.446;-3.288;20
0.675;4.301;-2.612;19
0.866;3.621;-1.48;20
0.75;2.336;-0.301;20
0.519;1.253;0.215;20
0.362;0.457;0.215;20
0.116;-0.013;0.573;20
0.241;-0.391;1.044;21
0.257;-0.858;1.105;20
0.012;-1.932;1.148;19
0.151;-3.446;1.253;20
0.418;-5.001;1.591;20
0.178;-5.654;2.745;20
0.02;-5.535;3.471;20
-0.014;-4.919;3.311;20
-0.32;-3.823;2.609;20
-0.04;-2.516;1.475;20
-0.834;-1.221;1.33;20
-1.348;-0.7;1.787;20
-0.803;-1.255;1.216;20
-0.384;-1.74;0.366;20
-0.529;-1.592;-0.125;20
-0.612;-1.299;-0.153;20
-0.572;-1.348;0.215;20
-0.397;-1.513;0.875;20
0.039;-1.937;1.656;20
0.076;-1.989;1.057;20
0.678;-1.671;-1.743;20
1.522;-1.711;-0.255;20
-0.019;-0.645;1.582;20
-0.912;0.496;1.286;20
-0.752;1.162;0.429;20
-0.265;1.339;-0.092;20
0.871;0.539;0.283;20
0.771;0.242;-0.512;20
0.094;1.839;-2.539;20
-0.171;5.042;-3.341;20
-0.324;6.327;-2.49;20
-0.455;4.189;-1.797;20
-0.599;3.788;-1.141;20
-0.324;4.444;-2.195;20
0.016;4.594;-3.431;20
0.549;4.404;-3.821;20
1.238;4.028;-3.747;20
1.198;3.69;-2.945;20
0.697;3.015;-2.299;20
0.564;2.071;-1.58;20
0.497;1.478;-0.894;20
0.288;0.711;0.396;20
0.244;-0.223;1.473;20
0.228;-1.061;1.565;20
0.169;-2.486;1.324;20
-0.082;-3.927;1.819;20
-0.212;-5.121;2.267;20
-0.34;-5.885;2.892;20
-0.525;-5.474;3.579;20
-0.126;-4.374;3.357;20
-0.141;-2.986;2.504;20
-0.205;-1.506;1.044;20
-0.921;-0.635;0.939;20
-1.222;-0.91;1.982;20
-0.664;-2.005;1.984;20
-0.49;-2.805;1.152;20
-0.973;-2.524;0.504;20
-0.861;-1.631;0.3;20
-0.361;-1.263;0.109;20
-0.512;-0.973;-0.242;20
-0.265;-0.805;-0.953;20
0.511;-1.035;-0.422;20
0.742;-1.343;1.549;20
0.366;-1.448;1.879;20
-0.001;-1.2;-0.656;20
-0.1;-0.249;-1.058;20
0.04;0.505;1.576;20
0.131;0.55;1.789;20
0.418;0.169;0.073;20
0.816;-0.03;-0.162;20
0.889;0.88;-0.872;20
0.703;2.525;-2.202;20
0.417;4.512;-2.352;20
-0.154;4.419;-1.039;20
-0.251;3.498;-1.75;20
-0.335;4.599;-4.005;20
-0.379;5.933;-3.871;20
0.136;5.364;-3.228;20
0.414;4.381;-3.869;20
0.387;3.943;-3.818;20
-0.267;3.867;-3.014;20
-0.07;3.306;-1.83;20
0.108;2.471;-0.649;20
0.294;1.217;1.068;20
0.674;-0.814;1.05;20
0.999;-1.39;0.302;20
0.707;-1.126;1.031;20
-0.059;-1.449;2.006;20
-0.37;-2.901;2.215;20
-0.191;-5.093;1.855;20
0.155;-6.194;2.722;20
0.605;-5.881;3.491;20
0.333;-4.713;3.148;20
-0.158;-2.98;2.219;20
-0.569;-1.505;1.148;20
-0.846;-0.787;0.972;20
-0.619;-1.125;1.599;20
-0.538;-1.965;2.188;20
-0.435;-2.65;2.365;20
-0.469;-2.618;1.139;20
-0.269;-1.416;-0.821;20
-0.294;-0.393;-1.742;20
-0.23;-0.494;-1.212;20
0.09;-1.209;0.418;20
0.305;-1.953;2.366;20
-0.108;-1.809;0.993;20
0.003;-1.355;-0.461;20
-0.346;-0.885;1.313;20
-0.8;0.013;0.882;20
-0.14;0.963;-0.053;20
0.657;1.093;0.993;20
0.932;0.632;0.756;20
0.595;0.347;-1.098;19
0.363;1.383;-2.54;20
0.305;3.974;-1.434;20
-0.183;5.205;-1.998;20
-0.273;3.983;-3.853;20
-0.386;5.09;-3.668;20
-0.336;5.652;-2.318;20
-0.046;4.74;-2.824;20
1.016;4.02;-3.884;20
1.046;4.258;-3.698;20
0.221;4.048;-2.598;20
0.061;3.335;-1.719;20
0.43;2.126;-1.446;20
0.348;1.265;-0.603;20
0.38;0.5;0.653;20
0.586;-0.336;1.226;20
0.523;-1.02;1.267;20
0.167;-1.845;1.375;20
-0.129;-2.866;1.904;20
-0.334;-4.153;2.326;20
-0.618;-5.56;2.481;20
-0.618;-6.032;2.947;20
-0.352;-5.295;2.99;20
-0.793;-3.401;2.006;20
-0.886;-1.765;1.245;20
-1.328;-0.993;2.571;20
-0.358;-1.366;3.187;20
0.491;-2.314;2.383;20
0.406;-2.721;1.147;20
-0.542;-2.216;-0.159;20
-0.794;-1.244;-0.941;20
-0.447;-0.744;-0.832;20
-0.286;-0.743;-0.164;20
-0.108;-1.134;0.877;20
-0.11;-1.241;1.199;20
0.299;-1.054;-0.146;20
1.347;-0.979;-0.97;20
1.542;-1.049;1.075;20
-0.196;-0.683;2.754;20
-0.577;-0.639;2.166;20
0.497;-0.868;-0.001;20
0.844;-0.563;-0.626;20
-0.128;0.816;-1.365;20
-0.283;2.502;-2.578;20
0.094;5.261;-2.803;20
-0.225;6.029;-2.844;20
-0.229;3.619;-2.148;20
-0.124;3.671;-2.299;20
-0.342;5.04;-2.772;20
-0.743;5.514;-3.01;20
-0.296;4.87;-4.218;20
0.931;4.036;-4.228;20
0.681;3.846;-2.923;20
0.423;3.22;-1.551;20
0.355;2.074;-0.809;20
0.321;1.013;-0.694;20
0.294;0.657;-0.074;20
0.146;0.402;0.846;20
-0.163;-0.138;1.643;20
0.065;-1.728;2.279;20
0.333;-4.259;2.366;20
-0.047;-6.549;1.73;20
-0.415;-7.505;2.107;20
-0.608;-6.351;3.136;20
-0.235;-3.942;3.706;20
-0.16;-1.641;2.492;20
-0.59;-0.496;1.473;20
-0.665;-0.718;1.941;20
0.041;-2.076;1.701;20
0.345;-3.248;0.707;20
-0.145;-2.591;0.076;20
-1.396;-0.48;0.142;20
-0.974;-0.488;0.714;20
-0.034;-1.42;1.544;20
0.096;-2.362;3.297;20
0.291;-3.426;3.927;20
0.299;-3.646;-1.195;20
0.928;-2.395;-4.508;20
0.741;-0.679;-0.088;20
-1.152;1.462;0.951;20
-1.449;2.616;-0.73;20
-0.273;2.589;-0.953;20
0.756;1.785;0.433;20
1.549;0.332;0.996;20
1.323;-0.442;-0.041;20
0.203;1.186;-1.688;20
-0.504;4.338;-2.108;20
-0.732;5.146;-0.959;20
-0.24;3.581;-0.85;20
0.186;3.7;-2.367;20
-0.351;5.272;-3.741;20
-0.536;5.605;-3.828;20
0.862;4.109;-4.303;20
1.379;3.599;-4.339;20
0.567;3.795;-3.586;20
0.43;3.191;-2.679;20
0.592;2.24;-1.745;20
0.431;1.602;-0.454;20
0.214;0.629;0.552;20
0.192;-0.362;1.366;20
-0.143;-1.216;1.74;20
-0.579;-2.61;1.84;20
-0.532;-4.378;2.029;20
-0.5;-6.201;2.712;20
-0.621;-7.041;4.043;20
-0.201;-6.347;4.427;20
0.286;-4.385;3.098;20
-0.104;-1.967;0.975;20
-1.247;-0.033;1.406;20
-1.148;-0.2;2.699;20
0.091;-1.756;2.515;20
0.639;-2.736;1.393;20
0.046;-2.402;-0.002;20
-0.761;-1.107;-0.287;20
-0.364;-0.917;0.375;20
-0.11;-1.209;0.59;20
-0.202;-1.189;0.677;20
-0.469;-1.003;0.206;19
-0.152;-0.868;-0.797;20
1.164;-1.374;-0.193;20
1.136;-1.597;1.039;20
-0.216;-1.06;1.625;20
-0.443;-0.771;1.747;20
0.638;-0.985;0.999;20
0.984;-0.692;0.153;20
0.327;0.519;-1.168;20
0.102;2.118;-2.135;20
0.101;4.573;-2.689;20
-0.432;6.55;-2.847;20
-0.842;4.427;-2.726;20
-0.184;3.283;-3.081;20
-0.194;4.581;-3.245;20
-0.245;5.957;-3.725;20
0.125;5.433;-4.534;20
0.503;4.769;-4.49;20
0.744;4.169;-3.86;20
0.581;3.249;-2.611;20
0.158;2.207;-0.931;20
0.155;1.136;0.614;20
0.42;-0.067;1.044;20
0.4;-0.574;0.739;20
-0.038;-0.876;0.971;20
-0.336;-1.795;2.297;20
-0.475;-3.718;3.253;20
-0.615;-6.466;3.182;20
-0.196;-7.927;3.457;20
0.567;-6.706;3.906;20
0.068;-4.293;3.727;20
-0.998;-2.292;2.436;20
-0.815;-0.888;1.638;20
-0.239;-0.445;1.487;20
0.374;-1.166;1.028;20
0.067;-1.608;0.522;20
-0.191;-1.391;0.112;20
-0.514;-0.64;0.193;20
-0.456;-0.688;0.547;20
-0.458;-1.184;1.581;20
-0.11;-1.904;2.158;20
0.156;-2.293;0.31;20
0.434;-2.139;-1.637;20
0.716;-2.102;0.178;20
-0.603;-1.364;0.352;20
-1.293;-0.259;0.316;20
-0.163;0.251;2.206;20
0.656;0.711;1.049;20
1.046;0.508;-0.014;20
0.592;0.582;-0.789;20
-0.174;1.925;-2.45;20
-0.564;4.087;-3.399;20
-0.891;5.944;-2.826;20
-0.826;5.563;-2.979;20
-0.474;4.422;-3.638;20
-0.558;4.795;-3.999;20
0.413;5.165;-3.269;20
1.894;4.271;-2.657;20
1.925;3.863;-3.562;20
1.297;3.796;-3.493;20
0.701;2.955;-2.6;20
-0.019;1.743;-1.672;20
-0.679;0.995;0.068;20
-0.887;0.43;1.545;20
-0.714;-0.291;1.767;20
-0.285;-1.709;1.278;20
0.271;-3.329;1.2;20
0.186;-5.247;1.895;20
-0.436;-7.299;2.969;20
-0.424;-8.086;4.146;20
-0.132;-6.644;4.562;20
-0.41;-4.003;3.452;20
-0.987;-1.166;3.484;20
-0.087;-0.191;3.918;20
1.385;-1.136;2.979;20
1.331;-2.314;1.553;20
0.012;-1.595;0.022;20
-1.446;0.482;-1.018;20
-1.403;0.814;-0.785;20
-0.775;-0.179;-0.04;20
-0.945;-0.926;-0.525;20
-0.54;-1.532;-1.109;20
0.942;-2.295;0.413;20
1.857;-2.857;2.504;20
0.597;-2.317;1.896;20
-0.11;-1.3;1.083;20
0.217;-0.015;0.177;20
0.428;1.377;-0.719;20
-0.323;2.565;-0.731;20
-0.832;3.099;-1.902;20
-0.046;3.214;-2.745;20
0.275;4.111;-3.559;20
0.042;4.689;-2.974;20
-0.265;4.149;-1.922;20
-0.023;4.226;-2.657;20
0.078;5.138;-3.144;20
0.363;4.984;-3.735;20
0.452;3.843;-3.26;20
1.092;3.312;-2.626;20
1.104;2.931;-2.201;20
0.252;2.297;-1.306;20
-0.452;1.647;-0.531;20
-0.635;0.732;0.034;20
-0.664;0.228;0.632;20
-0.434;-0.34;0.511;20
-0.054;-1.407;0.658;20
0.332;-2.883;1.599;20
0.152;-5.122;2.401;20
-0.136;-7.617;3.126;20
0.226;-8.341;3.493;20
0.382;-6.043;3.467;20
-0.358;-2.593;2.736;20
-0.587;-0.915;2.275;20
-0.994;-1.06;2.931;20
-1.132;-2.403;3.184;20
-0.383;-2.646;2.352;20
0.071;-1.303;0.92;19
-0.11;-0.015;-0.225;20
0.318;0.507;-0.985;20
-0.034;0.245;-0.6;20
-0.414;-0.477;0.164;20
-0.278;-1.785;0.519;20
0.689;-2.958;-0.136;20
2.062;-3.624;1.688;20
0.798;-2.988;2.278;20
-1.577;-0.798;0.224;20
-1.191;0.876;-0.384;20
0.322;1.575;0.102;20
1.21;1.881;-0.541;20
0.971;2.116;-1.459;20
-0.014;2.762;-2.238;20
-0.53;4.221;-2.803;20
-0.822;5.289;-2.445;20
-0.729;4.294;-2.639;20
-0.095;4.037;-2.711;20
0.127;4.972;-3.263;20
0.849;5.363;-3.722;20
1.31;4.674;-3.645;20
0.944;4.094;-3.343;20
0.537;3.689;-2.864;20
0.453;2.798;-1.814;20
0.132;1.585;-0.939;20
-0.249;0.64;-0.217;20
-0.265;0.451;0.534;20
0.23;-0.206;0.578;20
0.339;-1.61;0.371;20
0.305;-3.189;0.983;20
0.069;-5.283;1.969;20
-0.163;-7.773;3.104;20
0.329;-8.515;3.978;20
-0.514;-6.068;4.541;20
-0.421;-3.842;3.895;20
-0.998;-2.121;2.73;20
-1.497;-0.844;3.041;20
-0.117;-1.208;2.87;20
0.435;-1.883;2.016;20
-0.192;-1.522;0.584;20
-1.179;0.169;-0.31;20
-1.195;0.482;-0.609;20
-0.899;-0.383;-0.048;20
-0.518;-1.265;-0.457;20
0.307;-1.889;-1.757;20
1.372;-2.34;-0.479;20
1.61;-2.544;2.601;20
0.638;-1.931;2.347;20
-0.341;-0.544;0.901;20
0.007;0.575;0.309;20
0.881;0.524;0.519;20
0.47;0.764;-0.17;20
-0.135;1.537;-1.66;20
-0.393;2.873;-2.617;20
-0.218;4.742;-3.069;20
-0.101;5.762;-2.695;20
-0.459;4.498;-1.729;20
0.064;3.686;-2.337;20
0.448;4.587;-3.097;20
0.593;5.601;-3.626;20
0.969;4.853;-3.841;20
0.747;3.783;-3.619;20
0.526;3.75;-3.675;20
0.236;3.599;-3.098;20
0.139;2.271;-1.202;20
0.106;0.612;0.453;20
-0.163;-0.011;0.989;20
0.081;-0.523;0.703;20
0.28;-1.913;0.665;20
-0.071;-3.474;1.357;20
-0.794;-5.53;2.006;20
-1.198;-7.69;3.295;20
-0.011;-8.281;5.007;20
0.102;-6.289;5.253;20
-0.199;-3.812;4.085;20
-0.276;-1.827;2.118;20
-1.042;-0.072;1.99;20
-0.551;0.02;1.614;20
-0.199;-0.718;1.338;20
-0.172;-1.222;0.816;20
-0.14;-0.899;0.086;20
-0.326;-0.361;-0.025;20
-0.395;-0.376;0.317;20
-0.315;-0.794;-0.218;20
0.246;-1.643;-1.751;20
1.41;-2.51;-1.011;20
1.596;-2.729;2.769;20
0.005;-1.947;2.348;20
-1.044;-0.672;-0.074;20
-0.88;0.287;-0.032;20
-0.296;0.717;1.108;20
0.727;0.533;0.713;20
0.833;0.715;-0.485;20
0.209;1.329;-1.241;20
-0.333;2.636;-1.867;20
-0.343;4.091;-2.777;20
-0.416;5.56;-2.114;20
-0.62;5.534;-2.793;20
-0.196;5.073;-4.1;20
0.092;4.824;-4.294;20
0.839;4.948;-4.17;20
1.051;4.539;-4.312;20
0.655;3.945;-3.786;20
0.647;3.354;-2.944;20
0.483;2.223;-1.284;20
0.166;0.785;0.341;20
-0.051;0.204;1.232;20
-0.166;0.018;1.488;20
-0.318;-1.059;1.404;20
-0.314;-2.622;1.682;20
-0.336;-4.559;2.119;20
-0.527;-6.696;2.858;20
-0.274;-7.378;4.017;20
0.475;-6.119;4.296;20
0.399;-3.955;3.358;19
0.157;-2.175;2.026;20
-0.746;-0.603;1.726;20
-1.165;-0.032;2.556;20
-0.055;-1.189;2.464;20
0.75;-2.749;1.36;20
0.108;-2.142;-0.196;20
-1.325;-0.205;-0.605;20
-0.843;-0.299;0.041;20
-0.181;-0.687;0.362;20
-0.381;-0.808;0.257;20
-0.539;-0.947;-0.43;20
0.631;-1.54;-0.559;20
1.943;-2.387;1.509;20
0.88;-2.34;2.796;20
-0.414;-1.289;0.796;20
-0.138;-0.224;-0.761;20
0.351;0.796;-0.379;20
-0.004;1.79;-0.158;20
-0.372;2.376;-1.759;20
-0.544;3.531;-3.273;20
-0.19;5.041;-3.202;20
-0.363;6.016;-2.276;20
-0.702;4.461;-1.592;20
-0.155;3.674;-1.993;20
0.586;4.706;-2.6;20
0.838;4.962;-3.489;20
0.793;4.489;-4.108;20
0.826;3.874;-4.176;20
0.499;3.532;-3.198;20
0.126;2.864;-1.908;20
-0.058;1.657;-0.255;20
0.184;0.077;0.953;20
0.381;-0.475;1.0;20
0.414;-0.745;0.646;20
0.258;-1.638;0.771;20
-0.004;-2.923;1.433;20
-0.469;-4.681;2.516;20
-0.907;-6.813;3.791;20
-0.359;-7.986;4.326;20
0.626;-6.437;4.016;20
-0.201;-2.906;3.05;20
-0.974;-0.88;1.32;20
-0.266;-0.602;1.25;20
-0.069;-0.529;1.668;20
-0.433;-1.11;1.219;20
-0.825;-1.391;0.894;20
-0.553;-1.401;0.607;20
-0.424;-1.28;0.253;20
-0.313;-1.062;0.484;20
-0.26;-1.274;0.836;20
-0.385;-1.651;0.197;20
-0.105;-1.786;-1.075;20
0.724;-1.808;-0.512;20
0.373;-1.388;0.894;20
-0.659;-0.307;0.824;20
-0.468;0.465;1.285;20
-0.014;0.724;1.068;20
0.653;0.348;0.314;20
0.881;-0.19;-0.454;20
0.402;0.474;-1.137;20
0.418;1.988;-1.732;20
0.447;3.904;-1.372;20
-0.105;4.826;-0.704;20
-1.119;4.275;-1.056;20
-1.153;4.119;-2.598;20
-0.1;4.869;-3.448;20
0.784;4.328;-3.722;20
0.434;4.059;-3.822;20
-0.063;4.837;-2.965;20
0.335;4.603;-2.225;20
1.071;3.485;-0.816;20
1.779;2.141;0.657;20
1.989;1.006;2.197;20
1.212;0.601;4.369;20
0.776;-0.273;5.374;20
-0.09;-1.073;5.147;20
-0.712;-0.563;4.794;20
-0.225;-0.114;3.474;20
0.064;0.207;1.393;20
-0.327;0.762;0.074;20
-0.196;0.729;-1.18;20
-0.23;0.936;-1.985;20
-0.235;1.504;-2.032;20
-0.037;1.705;-1.747;20
0.098;1.073;-0.486;20
0.338;-0.103;2.093;20
0.408;-0.993;2.586;20
-0.432;0.041;-1.31;20
-1.167;1.19;-0.72;20
-0.395;-0.025;2.41;20
-0.741;-0.331;0.697;20
-0.32;-0.365;-0.955;20
0.558;-0.337;-0.579;20
0.267;-0.116;-0.37;20
0.398;-0.522;-0.081;20
-0.096;-0.867;-0.286;20
-0.884;-0.34;-0.995;20
-0.677;-0.187;-0.298;20
-0.178;-0.175;0.194;20
0.182;-0.063;0.209;20
0.209;-0.356;0.413;20
-0.702;-0.668;0.677;20
-1.06;-0.351;0.808;20
-0.389;-0.272;0.742;20
-0.335;-0.418;0.383;20
-0.569;-0.63;-0.008;20
-0.547;-0.27;0.307;20
-0.464;-0.51;0.593;20
-0.42;-0.289;0.956;20
0.255;-0.091;0.697;20
0.297;0.29;0.784;20
0.073;-0.21;0.564;20
-0.246;-0.722;-0.373;20
-0.5;0.033;-0.877;19
-0.363;-0.039;-0.509;20
1.511;1.163;1.255;20
0.741;0.654;0.019;20
0.878;1.035;0.051;20
0.678;0.593;-0.412;20
0.759;0.633;0.471;20
1.235;1.253;-0.381;20
0.698;1.048;-0.725;20
-0.057;0.62;-0.458;20
0.672;0.452;-0.669;20
-0.317;0.497;-0.455;20
0.253;1.116;0.089;20
0.782;0.442;-0.399;20
0.259;-0.279;-0.555;20
-0.018;0.149;-0.623;20
-0.063;0.326;-0.323;20
0.054;-0.389;-0.466;20
0.523;-0.359;0.175;20
0.768;0.118;0.317;20
0.495;0.035;0.182;20
-0.213;-0.194;0.349;20
-0.41;-0.228;0.155;20
-0.293;-0.386;0.02;20
-0.227;-0.233;0.193;20
-0.603;0.099;0.225;20
-1.172;-0.056;0.412;20
-1.178;-0.193;0.267;20
-0.864;-0.029;-0.252;20
0.198;1.055;0.471;20
0.637;1.15;-0.272;20
-0.848;-1.135;-0.141;20
-0.914;-1.308;0.639;20
-0.211;-1.201;0.694;20
-0.306;-0.51;0.282;20
-0.663;0.375;0.07;20
0.226;0.217;-0.149;20
0.093;-0.309;-0.085;20
-0.31;-0.465;0.039;20
0.811;0.833;-0.212;20
0.517;0.62;-0.324;20
0.038;0.157;0.171;20
0.696;0.141;0.68;20
0.199;-0.122;-0.23;20
-0.156;-0.256;-0.405;20
0.564;0.208;-0.335;20
0.598;0.875;-0.528;20
0.902;0.897;-0.964;20
0.92;0.443;-1.422;20
-0.687;0.091;-0.303;20
-0.812;-1.123;1.753;20
-0.362;-1.392;1.994;20
-0.541;-1.222;1.378;20
-0.681;-1.137;0.9;20
-0.467;-0.51;-0.181;20
-0.381;-0.172;-0.997;20
-0.136;0.463;-1.266;20
-0.273;0.537;-1.769;20
-0.608;0.643;-0.997;20
-0.295;0.242;-0.298;20
-0.235;-0.083;-0.04;20
-0.287;0.332;0.742;20
-0.133;0.232;0.812;20
-0.277;-0.28;0.584;20
-0.181;-0.116;0.765;20
-0.147;-0.266;0.147;20
-0.482;-0.371;-0.022;20
-0.132;0.14;-0.123;20
-0.274;-0.395;-0.611;20
-0.059;-0.373;-0.011;20
0.093;-0.754;0.162;20
-0.636;-0.616;-0.556;20
-0.535;-0.101;-0.52;20
-0.217;0.009;0.077;20
-0.538;-0.431;-0.202;20
-0.898;-0.478;0.913;20
0.357;-0.215;1.942;20
0.602;-0.391;2.677;20
0.777;0.257;2.125;20
0.072;-0.199;0.903;20
-0.976;0.85;-1.128;20
-0.214;1.352;-2.175;20
-0.329;0.061;-2.025;20
-0.483;-0.175;-2.137;20
-0.864;1.14;-2.091;20
-0.922;0.844;-1.708;20
-0.881;-0.02;-1.882;20
-0.459;-0.14;-2.237;20
-1.293;0.754;-2.084;20
-2.25;1.211;-0.664;20
-1.773;0.258;-0.281;20
0.11;-0.354;-1.495;74
-0.813;-0.47;-4.018;20
-1.216;-1.148;-3.719;20
-1.766;-3.103;0.73;20
-1.645;-6.599;1.434;20
-0.33;-5.835;0.583;20
0.213;-3.099;-1.102;20
-1.682;-1.664;-2.844;20
-3.381;-1.533;-1.953;20
-3.865;-3.191;0.612;20
0.078;-5.722;0.198;20
0.468;-6.704;-1.57;20
-0.5;-4.572;-0.893;20
-1.714;-2.576;-0.744;20
-2.397;-3.071;-0.974;20
-2.223;-4.407;-1.111;20
-3.411;-5.28;1.689;20
-3.621;-4.693;4.283;20
-1.749;-2.682;2.655;20
-0.486;-1.222;-1.899;20
0.384;-0.757;-4.973;20
0.473;-0.196;-5.833;20
0.027;-0.535;-3.844;20
2.319;-1.354;-2.089;20
2.76;-1.333;-4.1;20
1.659;0.567;-4.613;20
1.712;0.717;-1.644;20
1.869;-1.558;0.266;20
2.105;-2.277;-2.01;20
2.125;-2.004;-1.714;85
3.941;-1.765;-1.191;20
9.614;-4.76;0.046;20
4.806;-2.602;-1.298;20
-0.736;-0.945;0.37;20
-0.966;0.602;-0.602;20
0.346;0.02;-1.779;20
3.204;-0.658;0.319;20
1.983;-0.073;0.809;20
0.26;0.52;-1.274;20
0.57;1.285;-0.487;20
1.524;1.105;0.863;20
0.624;1.402;0.19;20
0.639;2.717;-3.84;20
3.871;2.076;-1.826;20
5.653;1.903;2.314;20
5.314;3.377;2.08;20
3.685;3.134;3.105;20
3.073;2.295;4.179;20
3.727;2.061;4.472;20
3.691;1.534;5.032;20
3.085;0.809;3.834;20
2.567;1.114;0.413;20
1.676;2.225;-0.839;20
1.103;2.431;0.268;20
0.795;1.026;1.55;20
1.045;-0.356;1.3;20
1.111;-0.778;-0.284;20
0.098;-0.46;-0.085;20
-1.512;0.339;-0.377;20
-1.678;1.929;-2.025;20
-1.971;2.602;-2.622;20
-3.611;3.271;-3.334;20
-4.832;3.964;-1.893;20
-5.412;3.977;-1.199;20
-5.785;3.316;-2.25;20
-7.975;1.762;1.51;20
-1.561;-2.167;17.643;20
2.984;-1.827;14.691;20
-1.298;0.601;1.185;20
-3.626;2.253;1.799;20
-2.575;2.433;0.934;20
-0.64;2.494;-0.769;20
0.501;2.067;0.661;20
-0.769;2.701;2.181;20
-1.612;3.343;1.827;20
-1.425;3.479;0.351;20
-0.513;3.262;-0.748;20
0.471;3.085;-0.859;20
-0.205;3.43;0.24;20
-0.352;3.222;1.66;20
0.697;2.135;1.742;20
0.878;1.954;0.341;20
0.775;2.319;-1.337;20
0.574;2.414;-1.859;20
0.387;2.266;-1.615;20
0.202;2.255;-1.298;20
0.309;2.021;-1.638;20
0.489;1.842;-1.461;20
0.41;1.751;0.191;20
0.046;1.651;2.349;20
-0.23;2.182;3.365;20
0.043;1.242;1.409;20
-0.191;1.997;-0.726;64
-0.354;1.732;-0.358;21
-0.439;1.358;0.32;19
-0.618;1.183;0.955;20
-0.879;1.118;0.791;20
-0.955;1.102;0.317;20
-0.837;1.003;0.52;20
-0.601;0.72;0.814;20
-0.085;0.527;0.478;20
0.249;0.458;-0.23;20
0.581;0.355;-0.576;20
0.889;0.268;-0.535;20
0.965;0.144;-0.22;20
0.401;0.221;-0.94;20
1.594;0.247;-0.052;20
1.88;0.037;0.474;20
2.452;-0.197;1.053;20
2.483;0.02;1.422;20
0.573;0.432;0.579;20
-0.359;0.326;0.111;20
-0.323;0.29;-0.122;20
-0.006;0.23;-0.488;20
0.487;0.225;-0.839;20
0.551;0.225;-0.722;20
0.211;0.178;-0.422;20
-0.125;0.174;-0.104;20
-0.093;0.16;0.333;20
0.105;0.088;0.408;20
0.23;0.089;0.024;20
0.288;0.179;-0.406;20
0.177;0.229;-0.435;20
0.445;0.2;-0.009;20
0.364;0.297;0.334;20
0.159;0.198;0.562;20
0.04;0.143;0.523;20
-0.314;0.085;0.48;20
0.161;0.063;-0.104;20
0.613;0.094;-0.506;20
1.059;0.21;-0.564;20
1.177;0.243;-0.173;20
0.664;0.234;-0.131;20
0.245;0.177;-0.435;20
0.269;0.186;-0.438;19
0.356;0.207;-0.095;20
0.396;0.209;-0.089;20
0.322;0.16;0.063;20
0.126;0.142;0.211;20
0.053;0.153;0.179;20
0.054;0.187;-0.129;20
0.604;0.182;-0.997;20
0.835;0.349;-0.219;20
0.435;0.193;-0.139;20
0.582;0.251;-0.703;20
0.528;0.278;-0.853;20
0.32;0.035;-0.718;20
0.688;0.064;-0.333;20
0.571;-0.012;-0.038;20
0.0;-0.087;0.234;20
-0.552;-0.069;0.481;20
-0.9;-0.114;0.699;20
-1.021;-0.095;0.722;20
-0.88;-0.066;0.577;20
-0.557;-0.037;0.213;20
-0.358;0.051;0.076;20
-0.236;0.041;0.161;20
0.029;0.021;0.01;20
0.173;0.021;-0.117;20
0.279;0.011;-0.083;20
0.307;0.0;-0.226;20
0.245;0.0;-0.063;20
0.12;-0.039;-0.062;20
0.064;-0.017;-0.158;20
0.096;-0.02;-0.12;20
0.041;0.026;0.014;20
0.053;0.033;0.187;20
0.097;0.067;0.142;20
0.019;0.11;-0.194;20
0.047;0.136;-0.247;20
0.259;0.193;-0.1;20
0.445;0.231;0.039;20
0.465;0.249;0.085;20
0.273;0.263;-0.099;20
0.23;0.223;-0.251;20
0.159;0.22;-0.243;20
0.252;0.171;-0.242;19
0.407;0.179;-1.207;20
0.635;0.237;-1.142;20

# Completed @Wed Jan 06 22:01:05 GMT+02:00 2021
