# Accelerometer Data File
# Started @Wed Jan 06 21:22:47 GMT+02:00 2021
#
#
# sensor Vendor: BOSCH
# sensor Name: BMI160 Accelerometer Non-wakeup
# sensor Resolution: 0.0023928226m/sec^2; Max Range: 78.4532; Min Delay: 2500 microseconds
# The sensor's attributes are the result hardware and the Android capabilities.
# It means that the Android may not utilize all features provided by the hardware.
#
# Some devices and Android versions save battery too much so the device may go to sleep.
# It just happens after couple of minutes from turning off the scree and it is easy to find it out.
#
# The following file provides the data from accelerometer in the m/s^2 format.
# The diff value is just a time delta between the samples
#
#
# data format:
# so we have 4 columns with values separated by the ";"
# X;Y;Z;time_from_previous_sample(ms)

# sensor speed set to:NORMAL
# units set to: m/sec^2
# gravity  filtered out
# Accuracy: HIGH
-1.361;6.147;4.591;0
-1.855;5.926;5.102;19
-1.728;5.356;5.434;20
-1.046;4.621;4.558;20
-0.366;3.831;3.973;20
-0.283;3.212;3.781;20
-0.855;3.389;3.685;20
-0.892;3.283;3.421;20
-0.399;2.562;2.914;20
0.139;1.868;2.614;20
0.148;1.726;2.676;20
-0.204;1.848;2.484;20
-0.245;1.666;1.971;20
0.038;1.485;1.391;20
0.329;1.155;1.554;20
1.15;0.483;1.606;20
1.259;0.283;1.226;20
0.526;0.615;1.207;20
-0.117;0.842;1.251;20
-0.507;1.027;1.103;20
-0.534;1.027;1.154;20
0.009;0.265;0.107;20
0.486;-0.399;-1.299;20
1.501;-0.452;0.105;19
1.313;-0.753;1.874;20
0.331;-0.33;2.058;20
-0.192;0.289;2.104;20
-0.052;0.334;1.253;20
0.537;-0.014;0.467;20
1.052;-0.463;0.153;20
1.586;-0.868;0.015;20
1.395;-0.908;-0.635;20
0.194;-0.315;-0.86;20
-0.338;-0.33;-0.539;20
-0.607;0.009;0.793;20
-0.626;-0.166;2.226;20
0.044;-0.761;1.639;20
-0.003;-0.481;1.147;20
-0.649;-0.158;0.71;20
-0.839;-0.357;0.631;20
-0.596;-0.349;0.747;20
-0.898;-0.026;0.879;20
-1.164;-0.203;0.798;20
-0.82;-0.216;0.178;20
0.105;-0.446;0.77;20
0.045;-0.3;1.271;19
-0.449;-0.181;0.405;20
-0.607;-0.207;0.028;20
-0.299;0.052;0.425;20
-0.535;0.502;-0.292;20
0.286;-0.472;-0.079;20
1.304;-1.363;2.32;20
0.556;-1.819;1.174;20
0.887;-2.143;1.645;20
0.107;-1.862;1.259;20
-0.006;-1.686;-0.018;20
-0.366;-1.649;-0.743;20
-1.8;-1.576;-1.983;20
-0.249;-0.284;0.976;20
2.578;-0.546;1.16;20
3.164;-1.325;1.405;20
0.491;-0.707;1.193;20
-0.581;-1.116;0.247;20
-1.659;-1.527;0.179;20
1.161;-0.277;1.155;20
0.279;-1.287;1.207;20
-0.398;-1.81;2.209;20
-0.209;-2.201;2.562;20
-0.697;-1.875;2.285;20
-5.85;3.257;-4.83;20
-4.892;2.556;-2.466;20
2.749;-5.701;-0.028;95
2.521;-4.292;-2.321;20
2.558;-3.82;-2.945;20
3.542;-4.621;-3.148;20
2.692;-3.443;-5.539;20
0.687;-2.388;-6.692;20
-1.332;-2.38;-4.727;20
-2.078;-3.079;-2.993;20
-2.524;-4.02;-1.903;20
-5.039;-3.639;0.242;20
-7.314;-2.544;2.785;20
-7.79;-2.717;3.535;20
-9.667;-2.635;4.126;20
-12.532;-0.646;2.4;20
-11.699;0.004;-1.308;20
-9.242;0.243;-3.736;20
-6.183;-0.557;-5.091;20
-4.715;-1.422;-3.021;20
-5.746;-0.575;-1.441;20
-6.498;0.31;-0.395;20
-5.945;0.639;-0.649;20
-4.9;0.972;-2.304;20
-3.858;1.137;-3.076;20
-1.226;0.172;-4.2;20
2.397;-0.972;-2.97;20
3.307;-0.642;-2.632;20
2.4;0.344;-3.222;20
4.247;-0.429;-3.995;20
6.839;-2.445;-3.727;20
3.195;-2.336;-0.909;20
-1.578;-1.389;1.007;20
0.084;-2.408;-2.114;20
3.52;-4.107;-1.935;20
2.638;-2.771;-1.48;20
-1.253;-1.211;-4.825;20
0.49;-2.621;-4.15;20
5.445;-6.119;-4.356;20
1.8;-5.216;-3.261;20
-9.174;0.363;4.177;20
-5.699;0.124;5.387;20
5.611;-5.159;-1.468;20
7.018;-3.895;-3.24;20
4.565;0.154;-1.187;20
-2.753;4.162;2.368;20
1.256;0.727;-2.079;20
2.577;-0.582;-1.886;20
-0.787;1.48;0.52;20
-0.421;1.85;0.291;20
1.45;-0.29;-2.294;20
1.581;-2.339;-2.756;20
1.656;-4.809;-0.286;20
-0.059;-3.806;-0.779;20
-0.687;-3.796;-2.428;20
1.155;-3.505;-2.724;20
-0.85;1.885;-1.529;20
1.343;-0.933;1.031;20
6.758;-7.997;2.189;20
0.185;-2.308;1.019;20
-5.147;4.004;0.855;20
0.649;4.145;1.809;20
11.127;-0.997;-0.961;20
4.443;-3.544;0.303;20
-0.308;-2.933;-1.192;20
-2.304;-0.939;-3.716;20
-1.957;-0.985;-0.292;20
1.634;-0.365;1.332;20
2.145;0.432;0.862;20
1.2;0.751;0.077;20
1.481;0.535;0.447;20
0.99;0.18;1.368;20
0.602;-0.072;-0.025;20
1.35;-0.33;-0.966;20
0.219;1.052;-3.207;20
-0.626;1.298;-4.158;20
0.417;1.44;0.87;20
1.035;3.708;4.987;20
-0.902;4.051;0.813;20
-0.243;0.474;-1.079;20
2.02;2.557;-1.225;20
0.074;-3.443;1.242;20
-3.569;-6.753;1.377;20
-1.757;-6.729;1.894;20
2.272;-2.156;1.694;20
1.879;-2.042;0.826;20
0.982;-5.033;-0.698;20
0.657;-2.964;-2.167;20
0.555;-0.255;-1.869;20
0.741;1.255;-0.479;20
1.106;3.893;0.704;20
1.097;2.853;2.076;20
-0.624;0.373;1.834;20
-1.409;1.76;-0.547;20
-0.716;5.219;-0.928;20
-2.395;2.563;1.527;20
-2.781;-1.804;-0.117;20
-2.77;-2.339;-0.916;20
-1.521;-1.84;-0.346;20
-0.575;0.475;-2.131;20
-0.994;2.642;-1.249;20
-1.265;0.937;1.188;20
-0.548;-2.704;-0.579;20
0.836;-2.845;-2.662;19
0.847;0.431;1.342;21
-0.297;1.373;3.762;19
-0.039;-0.182;1.254;20
2.066;-2.52;-1.38;20
1.614;-2.055;-1.33;20
1.338;0.638;-0.975;20
0.719;1.438;0.184;20
1.296;-0.412;-0.663;20
1.035;-0.942;-1.252;20
-0.741;-0.07;-0.198;20
-0.874;4.007;2.885;20
0.043;2.664;1.091;20
-0.696;-2.038;3.431;20
0.171;-0.951;-1.219;20
-1.687;-1.707;-0.892;20
-1.68;-2.769;-1.501;20
-0.468;-1.414;-3.278;20
0.093;0.36;-4.522;20
1.388;-0.537;1.205;20
2.465;3.993;4.999;20
1.388;5.888;3.311;20
0.59;3.143;2.094;20
-0.173;1.742;2.027;20
-1.232;2.269;1.274;20
-1.775;2.251;0.149;20
-0.008;-0.739;-0.436;20
1.66;-3.427;-0.626;20
0.35;-1.81;-0.505;20
-0.534;-3.498;-1.177;20
1.304;-6.563;-0.039;20
-0.566;-0.448;0.514;20
1.974;-0.007;0.544;20
0.504;2.675;3.204;20
-0.72;-1.367;2.467;20
-1.849;0.328;-1.109;20
-2.576;3.106;-2.147;20
-2.398;2.248;-2.758;20
-0.332;-0.063;-3.418;20
-0.963;0.4;-1.763;20
-4.829;-0.937;-2.984;20
-4.849;-6.884;-1.319;20
0.391;-2.287;-1.551;20
-2.001;3.624;-2.431;20
-1.544;4.201;0.336;20
-1.267;8.224;3.993;20
2.931;6.095;1.462;20
4.395;1.185;-0.79;20
2.354;-0.793;1.31;20
-0.418;-1.572;-1.01;20
-2.047;-1.708;-0.961;20
-1.702;0.663;-0.91;20
-3.341;0.95;-2.02;20
-2.09;-0.01;-1.374;20
-0.577;-0.337;-0.413;20
0.334;-2.263;-0.417;20
-0.755;-1.517;-3.251;20
1.307;3.681;-0.026;20
2.097;6.238;1.435;20
-0.55;3.221;-1.579;20
-1.332;-0.683;-1.479;20
-1.166;-0.848;-3.175;20
-1.429;0.605;-4.047;20
-0.611;0.471;-3.953;20
-0.237;0.183;-1.408;20
0.191;-0.199;0.866;20
0.303;0.907;2.077;20
2.123;1.29;5.433;20
6.235;-3.426;10.672;20
3.21;-6.927;8.316;20
-10.684;-1.509;-7.395;20
-10.985;3.632;-15.601;20
0.293;3.605;-3.183;20
2.403;0.343;10.824;20
2.231;1.949;7.664;20
1.581;2.94;-0.066;20
-2.401;1.283;-2.762;20
-2.079;1.125;-1.281;20
-1.293;0.855;-0.525;20
-0.894;1.017;-1.848;20
-0.391;1.437;-1.702;20
-0.267;1.181;0.181;20
-0.605;1.098;1.174;20
-0.342;1.007;1.611;20
0.138;0.536;1.443;20
0.784;-0.272;-0.699;20
0.065;-0.238;-1.765;20
-0.428;-0.492;-1.263;20
-0.432;-0.764;-0.253;20
-0.426;-0.774;0.136;20
0.381;-1.158;0.65;20
-0.495;-1.21;0.491;20
-0.329;-1.402;-0.271;20
0.033;-0.419;-0.348;20
-0.588;0.437;-1.716;20
-0.855;1.129;-2.004;20
0.092;1.05;-0.889;20
-0.395;0.38;0.441;20
-1.381;-0.795;0.744;20
-1.422;-2.063;0.848;20
-0.288;-2.49;-0.745;20
-1.094;-1.72;-4.135;20
-0.782;-1.873;-4.823;20
-1.771;-4.122;-4.009;20
-1.244;-6.293;-3.496;20
0.423;-0.489;0.557;20
0.926;4.811;2.467;20
-0.888;7.413;1.636;20
-1.455;8.109;-2.718;20
-0.621;3.215;-8.288;20
0.841;-2.81;-4.506;20
2.732;-3.795;2.321;20
4.127;-0.149;2.828;20
5.422;3.726;-2.524;20
5.833;3.186;-5.005;20
4.887;1.379;-1.163;20
3.318;3.048;1.889;20
5.483;5.205;2.847;20
7.106;3.201;2.008;20
6.251;3.125;-0.178;20
5.884;3.875;0.783;20
4.767;3.541;0.214;20
2.973;3.48;-0.62;20
2.868;3.421;-2.103;20
2.926;2.031;-8.742;20
0.251;-0.84;-8.038;20
-2.5;1.319;0.252;20
0.444;2.666;3.364;20
1.805;0.203;2.389;20
0.796;-1.591;-5.11;20
-1.136;-1.186;-4.164;20
-0.423;0.335;-1.925;20
-0.215;1.134;-6.321;20
-1.612;-0.162;-4.863;20
-1.112;0.349;0.029;20
1.357;1.711;-2.206;20
-0.432;2.525;-1.8;20
-2.357;2.533;0.77;20
-0.584;1.099;0.339;20
0.45;0.683;0.238;20
0.002;0.858;0.812;20
0.131;0.697;1.125;20
0.053;0.644;0.7;20
-0.313;0.373;0.132;20
-0.782;0.577;-0.023;20
-0.838;0.431;0.446;20
-0.646;0.185;0.762;20
-0.713;-0.191;0.597;19
-1.135;-0.538;-0.065;20
-1.994;-0.827;-0.304;20
-2.355;-1.141;-0.246;21
-1.686;-1.352;-0.016;20
-1.42;-0.76;0.09;19
-1.453;-0.764;-0.358;20
-2.504;-1.61;-2.114;20
-5.363;-3.801;-3.026;20
-4.434;-5.894;-0.974;20
0.562;-2.124;3.805;20
1.672;3.772;5.39;20
-0.821;2.97;-0.859;20
-0.81;-0.594;-1.476;20
0.685;-0.802;1.763;20
0.873;-0.454;0.996;20
-0.324;0.737;-0.325;20
-0.908;1.036;-0.761;20
0.365;0.363;0.116;20
0.32;1.252;0.493;20
-1.08;1.571;-0.31;20
-1.386;0.465;-1.144;20
-0.57;-0.178;-0.654;20
-0.287;0.253;-1.024;20
-0.715;0.021;-2.37;20
-1.025;-0.862;-1.525;20
-0.416;-0.933;0.789;20
0.968;0.466;1.367;20
2.089;1.212;0.819;20
2.753;0.692;1.297;20
2.67;0.448;0.663;20
1.637;-0.016;-1.241;20
0.646;-0.532;-1.928;20
0.601;-0.509;0.013;20
0.803;0.238;-0.512;20
0.369;0.669;-1.704;20
0.348;0.287;-0.406;20
1.264;0.543;-1.174;20
1.892;0.193;-1.223;20
2.651;0.57;-0.104;20
3.067;-0.111;2.348;20
2.916;0.274;2.249;20
3.506;0.169;1.347;20
3.205;0.696;1.602;20
2.701;1.503;1.554;20
2.636;1.239;0.222;20
2.305;0.781;-0.931;20
1.262;0.409;-0.776;20
1.123;0.474;-0.918;20
0.984;0.263;-0.559;20
0.817;0.247;0.123;20
1.108;0.272;-0.097;20
0.862;0.363;-0.322;20
0.454;0.458;1.1;20
1.107;0.104;0.925;20
0.712;-0.045;-0.542;20
-0.298;0.267;-0.085;20
-0.137;0.253;0.087;20
0.132;0.195;-0.385;20
-0.313;-0.005;0.041;20
-0.362;-0.084;-0.081;20
-0.867;-0.248;-0.051;20
-2.05;-0.221;-0.108;20
-2.817;-0.533;-0.026;20
-3.339;-0.609;-0.198;20
-3.419;-0.576;-0.459;20
-3.399;-0.527;-0.583;20
-3.706;-0.597;-0.544;20
-3.697;-0.984;-0.315;20
-3.476;-1.247;-0.618;20
-3.122;-1.459;-0.571;20
-2.588;-1.572;-0.272;20
-1.988;-1.432;0.034;20
-0.961;-1.394;0.201;20
-0.244;-1.345;-0.079;20
-1.084;-1.133;-0.918;20
-2.287;-1.095;-2.079;20
-2.396;-1.753;-2.229;20
-1.756;-1.761;1.145;20
-1.114;-0.384;3.411;20
-1.333;1.057;2.845;20
-0.434;0.99;1.133;20
0.995;0.264;0.643;20
1.51;0.007;0.54;20
0.531;0.226;0.464;20
-0.013;0.011;0.26;20
0.25;0.2;-0.338;20
-0.069;0.945;-1.268;20
-0.694;0.506;-1.7;20
-1.17;-0.036;-0.1;20
-1.62;0.265;-0.265;20
-1.016;0.919;-1.713;20
0.829;0.681;-0.06;20
2.516;0.863;0.371;20
3.545;0.699;0.054;20
3.068;0.368;1.308;20
2.782;0.555;0.95;20
3.36;0.614;0.457;20
3.806;0.854;0.077;20
3.025;-0.006;0.183;20
3.442;0.442;1.221;20
3.775;1.154;1.539;20
3.624;1.06;1.238;20
3.496;0.663;0.58;20
3.007;0.841;0.925;20
2.087;0.664;1.074;20
2.225;0.977;-0.083;20
0.992;1.491;-0.523;20
0.205;1.129;0.322;20
0.777;0.615;0.717;20
0.96;0.079;-0.04;20
0.476;-0.135;-0.704;20
-0.01;0.026;-0.638;20
-0.27;0.183;-0.55;20
-0.556;0.193;-0.709;20
-1.048;-0.114;-0.528;20
-1.693;-0.398;-0.022;20
-1.739;-0.787;0.216;20
-2.115;-0.676;-0.221;20
-3.335;-0.729;-0.494;20
-4.806;-1.4;-0.556;20
-5.395;-2.023;-0.716;20
-4.724;-1.873;-1.255;20
-3.896;-1.539;-1.489;20
-3.161;-1.521;-1.241;20
-2.399;-1.718;-0.759;20
-1.704;-1.636;-0.696;20
-1.083;-1.266;-0.564;20
-0.213;-1.318;-0.268;20
0.32;-1.473;0.303;20
-0.267;-1.035;0.93;20
-0.937;-0.573;0.285;20
-1.007;-0.376;-0.141;20
-1.352;-0.135;0.221;20
-1.752;-0.092;0.122;20
-1.719;-0.085;-0.116;20
-1.422;0.279;-0.376;20
-1.2;0.55;-0.793;20
-0.629;0.349;-0.018;20
0.092;-0.218;0.074;20
0.046;-0.33;-0.017;20
-0.046;-0.09;-0.489;20
0.161;0.531;-0.688;20
0.759;0.523;0.624;20
1.116;1.107;0.835;20
1.729;1.386;0.277;19
2.442;1.364;0.377;20
3.485;1.43;0.975;20
3.77;0.884;-0.038;20
4.169;1.134;0.722;20
3.612;-0.039;1.229;20
3.117;0.559;1.768;20
3.782;1.497;2.152;20
3.697;1.707;2.314;21
3.045;1.737;1.945;20
2.717;1.753;1.088;19
2.695;0.866;0.059;20
1.921;0.534;-0.632;20
1.272;0.506;-0.055;20
1.425;0.462;-0.248;20
0.832;0.263;-0.517;20
0.125;0.038;-0.077;20
0.078;0.17;0.264;20
0.377;0.006;-0.333;20
-0.167;-0.216;-1.224;20
-1.191;-0.233;-0.854;20
-1.741;-0.319;-0.406;20
-2.472;-0.361;-0.387;20
-2.63;-0.691;-0.665;20
-3.003;-0.764;-0.683;20
-3.487;-1.039;-0.608;20
-4.07;-1.407;-0.987;20
-3.814;-2.06;-1.408;20
-3.739;-2.16;-1.644;20
-3.576;-1.903;-1.592;20
-2.677;-1.646;-1.387;20
-1.842;-1.192;-0.804;20
-1.494;-0.765;0.204;20
-0.37;-0.843;0.272;20
0.116;-0.703;-0.274;20
-0.304;-0.762;0.039;20
-0.597;-0.824;0.432;20
-0.464;-0.737;0.607;20
-0.883;-0.135;0.229;20
-1.541;-0.145;-0.811;20
-1.869;-0.197;-0.525;20
-2.017;0.477;0.2;20
-1.992;0.765;-0.365;20
-1.12;0.21;-0.533;20
-0.07;-0.151;-0.361;20
0.531;-0.204;0.36;20
0.547;0.242;0.248;20
0.794;0.597;0.202;20
1.607;0.473;0.873;20
1.74;0.979;0.84;20
2.249;1.459;0.644;20
3.055;2.161;0.825;20
3.497;1.181;0.514;20
3.501;0.235;0.137;20
2.519;-0.236;0.583;20
3.142;0.466;1.246;20
4.023;1.206;1.635;20
3.832;1.474;2.183;20
3.679;1.641;1.721;20
3.65;1.882;1.544;20
3.172;1.192;0.674;20
2.499;0.352;0.003;20
1.43;0.293;0.154;20
0.888;-0.022;0.462;20
0.836;0.111;0.48;20
0.875;0.473;-0.255;20
0.436;0.921;-0.438;20
-0.32;1.053;-0.52;20
-0.715;0.812;-0.431;20
-0.928;0.017;-0.59;20
-1.816;-0.986;-0.876;20
-2.919;-1.105;-0.765;20
-3.177;-1.044;-0.66;20
-3.34;-1.093;-1.036;20
-4.228;-1.438;-1.265;20
-4.715;-1.849;-1.461;20
-4.267;-2.175;-1.807;20
-3.959;-2.117;-2.04;20
-3.35;-1.767;-1.853;20
-2.368;-1.437;-0.993;20
-1.198;-0.976;-0.23;20
-0.187;-0.469;0.387;20
0.367;-0.834;0.42;20
-0.337;-1.272;0.309;20
-0.549;-1.505;-0.219;20
-0.46;-1.128;-0.383;20
-0.819;-0.595;0.241;20
-1.47;-0.059;1.176;20
-2.047;0.729;0.569;20
-2.718;0.953;-1.05;20
-2.418;0.146;-2.079;20
-1.374;-0.542;-0.802;20
-0.15;-0.378;0.832;20
0.711;0.232;0.372;20
1.17;0.623;-0.298;20
1.737;0.108;0.918;20
1.733;0.205;1.35;20
2.543;1.286;-0.11;20
3.854;1.977;0.972;20
3.197;1.481;0.924;20
2.409;1.894;1.14;20
2.768;0.404;1.423;20
3.317;0.241;0.89;20
4.317;1.127;1.262;20
4.075;1.482;1.712;20
3.568;1.566;1.92;20
3.544;1.981;1.689;20
3.288;1.826;1.32;20
2.442;1.251;1.002;20
1.719;0.729;0.376;20
1.155;0.507;-0.085;20
0.625;0.079;-0.439;20
0.379;-0.109;-0.662;20
0.268;0.115;-0.538;20
-0.221;0.064;-0.456;20
-1.023;0.112;-0.876;20
-1.636;-0.09;-0.661;20
-2.259;-0.472;-0.06;20
-2.74;-0.392;-0.16;20
-2.768;-0.402;-0.062;20
-2.903;-0.856;-0.034;20
-3.719;-1.322;-1.251;20
-5.186;-1.987;-2.424;20
-5.588;-2.845;-2.421;20
-4.844;-3.138;-2.101;20
-3.156;-2.678;-1.845;20
-1.314;-1.789;-1.654;20
-0.417;-1.235;-1.049;20
0.359;-1.183;0.047;20
0.39;-1.058;0.531;20
-0.142;-1.204;0.377;20
-0.505;-0.769;1.449;20
-0.802;0.135;0.927;20
-1.976;0.313;-2.105;20
-2.559;0.077;-0.948;20
-2.245;0.828;0.842;20
-1.859;0.872;-0.205;19
-0.935;0.026;-0.9;20
-0.311;0.144;-0.603;21
0.195;0.462;0.136;20
0.49;0.737;0.204;20
1.245;0.855;0.49;19
2.061;0.735;1.081;20
2.648;0.901;1.637;20
3.582;1.654;1.633;20
4.377;2.152;0.618;20
4.097;1.476;0.278;20
2.525;0.125;0.942;20
2.607;0.384;1.335;20
3.122;0.781;0.921;20
3.767;0.968;1.944;20
4.0;1.427;2.159;20
4.269;1.865;1.275;20
3.423;1.738;1.289;20
2.947;1.146;1.018;20
1.978;1.034;1.011;20
1.092;0.411;0.809;20
0.334;0.176;0.21;20
-0.112;0.141;-0.868;20
-0.149;0.191;-1.185;20
-0.811;0.401;-0.159;20
-1.197;0.421;0.059;20
-0.791;0.107;-0.573;20
-1.095;-0.782;-1.031;20
-2.93;-1.226;-1.12;20
-4.362;-1.131;-1.18;20
-4.652;-1.417;-1.34;20
-4.808;-1.924;-1.581;20
-5.097;-2.335;-1.943;20
-4.807;-2.533;-2.057;20
-4.055;-2.389;-1.659;20
-2.121;-2.487;-0.892;20
-0.317;-2.206;-0.401;20
-0.365;-0.903;-0.277;20
-0.971;0.053;-0.842;20
-0.184;-0.158;-1.118;20
0.603;-1.119;-0.851;20
0.465;-1.665;0.072;20
-0.158;-0.942;1.947;20
-1.846;0.863;1.799;20
-4.914;1.557;-1.71;20
-5.751;0.069;-4.129;20
-2.457;-1.659;-1.01;20
-0.685;-0.271;0.828;20
1.228;0.531;1.075;20
1.577;0.974;0.683;20
2.189;0.566;1.479;20
3.339;1.314;-1.074;20
3.646;2.124;0.307;20
2.365;1.636;2.844;20
1.992;1.408;2.447;20
3.287;0.657;1.471;20
4.129;0.658;2.596;20
4.824;1.155;2.513;20
4.68;1.039;1.266;20
4.124;1.388;1.946;20
4.235;2.791;1.447;20
3.85;2.949;0.608;20
2.48;0.552;0.028;20
2.083;-0.179;0.197;20
1.881;0.286;0.404;20
0.831;0.57;0.152;20
-0.37;0.707;-0.597;20
-1.603;-0.061;0.145;20
-0.218;0.373;0.279;20
-0.377;0.282;-0.03;20
-0.941;0.534;-0.262;20
-1.642;0.358;-0.919;20
-1.998;-0.835;-1.239;20
-2.322;-1.905;-1.374;20
-2.95;-2.115;-1.301;20
-3.836;-2.443;-1.233;20
-4.988;-2.513;-1.88;20
-5.638;-2.549;-2.009;20
-5.124;-2.632;-1.961;20
-4.072;-2.291;-2.273;20
-2.475;-1.726;-1.934;20
-0.807;-1.109;-0.701;20
1.035;-0.836;0.849;20
1.511;-0.382;0.867;20
-0.056;-0.029;-0.467;20
-1.098;-0.436;-0.858;20
-1.165;-0.588;-0.259;20
-1.458;-0.372;-0.261;20
-1.965;0.315;0.446;20
-2.929;1.379;0.347;20
-3.433;1.118;-0.842;20
-2.075;-0.42;-1.204;20
-0.397;-0.923;0.082;20
0.407;-0.025;0.347;20
0.934;0.829;0.231;20
1.804;0.978;1.128;20
2.654;0.695;1.358;20
3.221;0.88;1.33;20
3.511;1.587;1.566;20
3.837;2.42;0.484;20
3.485;1.271;0.242;20
2.893;0.48;1.248;20
3.492;0.869;1.599;20
3.962;0.983;1.304;20
4.1;0.843;2.389;20
4.201;1.779;2.484;20
4.484;2.383;2.475;20
3.328;1.742;1.693;20
2.817;1.121;0.678;20
1.196;0.865;0.425;20
0.376;0.386;0.745;20
0.799;0.252;0.159;20
0.122;0.594;-0.38;20
-0.544;0.567;-0.872;20
-1.119;0.439;-1.298;20
-2.249;0.41;-1.213;20
-2.492;-0.208;-0.859;20
-2.659;-0.83;-1.122;20
-2.96;-1.137;-1.54;20
-3.871;-1.519;-1.408;20
-4.838;-2.533;-1.614;20
-5.012;-3.511;-1.908;20
-4.827;-3.69;-2.118;20
-4.166;-3.164;-2.277;20
-2.391;-1.957;-1.803;20
-0.494;-1.216;-0.909;20
0.523;-1.019;-0.273;20
0.052;-0.835;-0.095;20
-0.765;-0.68;0.774;20
-0.773;-0.334;0.748;20
-1.176;0.123;-0.386;20
-2.337;0.012;-1.594;20
-2.873;-0.297;-0.311;20
-3.118;0.474;0.735;20
-2.297;0.372;-0.776;20
-1.391;-0.028;-1.895;20
-1.696;0.465;-1.018;20
-0.713;0.378;0.166;20
1.039;-0.009;1.188;20
2.065;0.584;1.951;20
3.199;0.858;1.84;20
4.69;1.578;2.031;20
5.019;1.836;0.562;20
3.747;1.012;0.254;20
4.336;2.362;2.936;19
3.635;1.38;2.617;20
3.343;0.52;1.762;20
4.53;1.037;1.663;20
4.125;1.877;1.728;20
3.686;1.84;1.378;20
3.113;1.37;1.042;20
2.435;0.926;1.05;20
1.883;0.765;1.055;21
1.846;0.531;0.583;20
1.532;0.579;-0.003;19
0.613;0.59;-0.526;20
-0.724;0.525;-0.864;20
-1.598;0.313;-0.881;20
-1.722;-0.237;-0.877;20
-2.212;-0.703;-0.865;20
-2.799;-1.027;-1.127;20
-3.561;-1.47;-1.278;20
-4.705;-2.149;-1.734;20
-5.511;-2.74;-1.906;20
-5.654;-3.136;-2.284;20
-5.142;-2.831;-2.631;20
-3.632;-2.117;-2.493;20
-1.872;-1.528;-1.944;20
-0.688;-1.196;-0.734;20
0.548;-1.094;0.55;20
0.525;-0.521;0.631;20
-0.227;-0.404;0.046;20
-0.379;-0.629;-0.029;20
-1.069;-0.613;-0.649;20
-2.286;-0.468;-0.873;20
-3.03;0.087;0.556;20
-3.499;0.828;-0.38;20
-2.677;-0.017;-1.836;20
-1.717;-0.754;-1.225;20
-1.041;-0.334;0.017;20
0.125;0.431;0.285;20
1.202;0.893;0.961;20
3.16;0.937;2.144;20
4.055;1.691;2.231;20
4.715;2.293;1.659;20
4.258;1.038;1.687;20
3.908;0.634;2.242;20
5.253;1.218;2.285;20
4.432;0.805;1.619;20
3.441;1.229;1.246;20
3.58;1.401;0.966;20
3.539;1.535;0.729;20
2.868;1.784;0.904;20
2.456;1.744;0.368;20
1.792;1.608;0.324;20
1.326;0.904;0.913;20
1.519;0.285;1.227;20
1.96;-0.201;0.662;20
1.096;-0.431;-0.49;20
-0.971;-0.17;-0.939;20
-2.353;-0.009;-0.772;20
-2.751;-0.226;-0.813;20
-2.814;-0.529;-0.622;20
-3.074;-0.648;-0.331;20
-4.414;-0.859;-0.832;20
-5.986;-1.707;-1.734;20
-6.681;-2.666;-2.218;20
-5.931;-3.05;-2.615;20
-3.932;-3.107;-2.897;20
-1.667;-2.387;-2.594;20
-0.576;-1.46;-1.632;20
0.363;-0.944;-0.223;20
1.051;-0.715;0.519;20
0.068;-0.627;0.618;20
-0.725;-0.943;0.37;20
-0.874;-0.935;-0.377;20
-1.364;-0.708;-0.833;20
-2.642;0.129;1.168;20
-4.415;1.345;-0.397;20
-3.372;0.195;-3.213;20
-1.224;-1.212;-1.417;20
-0.772;-0.754;0.724;20
0.109;0.29;0.236;20
1.036;0.598;-0.029;20
2.575;0.592;1.733;20
4.236;1.371;2.594;20
5.494;2.59;1.925;20
4.608;1.87;1.351;20
3.212;2.075;1.826;20
4.285;1.434;1.973;20
4.148;0.616;1.194;20
3.884;0.96;1.525;20
3.804;1.122;1.907;20
4.171;1.405;1.809;20
3.677;1.997;1.264;20
2.718;1.7;0.663;20
2.071;1.366;0.469;20
1.375;0.992;-0.036;20
0.899;0.428;0.327;20
0.863;-0.136;0.779;20
0.315;0.155;0.313;20
-0.798;0.607;-0.398;20
-1.544;0.635;-0.641;20
-1.956;0.243;-0.48;20
-2.468;-0.222;-0.79;20
-3.523;-0.84;-1.185;20
-5.48;-1.694;-1.776;20
-6.559;-2.62;-2.314;20
-6.527;-3.274;-2.453;20
-5.441;-3.608;-2.525;20
-3.264;-3.4;-2.494;20
-0.752;-2.112;-2.064;20
0.045;-0.687;-0.756;20
0.2;-0.458;0.319;20
0.363;-0.525;1.128;20
0.458;-0.916;0.668;20
-0.451;-1.187;-0.685;20
-1.784;-1.488;-1.925;20
-2.42;-1.624;-1.392;20
-2.75;-0.567;1.215;20
-3.561;1.043;-0.055;20
-4.1;0.853;-3.141;20
-2.286;-0.678;-1.259;20
-0.572;-0.677;0.552;20
0.237;0.644;0.563;20
1.237;1.201;0.72;20
2.993;1.225;1.133;20
4.582;1.503;2.083;20
5.004;1.616;2.631;20
4.264;1.334;2.148;20
4.926;1.92;1.961;20
4.623;0.782;2.479;20
4.342;1.34;2.602;20
4.787;2.225;2.037;20
4.378;2.602;1.967;20
3.709;1.686;1.557;20
3.276;1.093;0.147;20
2.849;0.91;-0.171;20
1.893;0.401;0.345;19
0.967;0.404;0.619;20
0.952;0.855;0.158;20
1.206;0.785;-0.318;20
0.109;0.613;-0.189;21
-1.188;0.625;-0.166;20
-2.188;0.584;-0.212;19
-3.369;0.088;-0.495;20
-4.052;-0.743;-1.088;20
-4.78;-1.549;-1.675;20
-5.855;-2.459;-2.303;20
-6.054;-3.345;-2.763;20
-5.358;-3.471;-2.933;20
-3.718;-3.116;-2.82;20
-2.15;-2.375;-2.806;21
-1.271;-1.445;-2.036;20
-0.301;-1.038;-0.629;19
0.593;-0.977;0.727;20
0.508;-0.873;1.436;20
-0.055;-0.822;1.069;20
-0.586;-0.71;0.114;20
-1.291;-0.326;-0.101;20
-2.136;0.514;0.389;20
-3.893;1.26;-1.686;20
-3.612;-0.094;-2.387;20
-2.078;-1.119;-1.322;20
-1.971;-0.643;-0.547;20
-0.881;-0.188;0.0;20
0.831;0.183;0.541;20
2.557;0.818;2.167;20
4.5;1.892;2.719;20
5.559;2.789;1.721;20
4.247;1.484;0.602;20
3.195;1.31;0.05;20
4.225;1.679;1.861;20
3.194;0.877;2.906;20
4.634;1.212;2.455;20
4.69;1.837;2.223;20
4.363;2.024;2.669;20
4.309;1.774;2.283;20
3.526;1.301;1.518;20
2.13;1.201;0.963;20
1.406;0.837;0.075;20
1.403;0.497;-0.267;20
0.636;0.464;-0.439;20
-0.785;0.707;-0.52;20
-1.483;0.535;-0.666;20
-1.552;0.192;-1.02;20
-2.214;-0.123;-1.272;20
-3.347;-0.639;-0.707;20
-4.394;-1.686;-0.537;20
-5.205;-2.795;-1.839;20
-6.06;-3.186;-2.546;20
-6.577;-3.167;-2.88;20
-5.471;-3.135;-3.312;20
-2.83;-2.632;-3.183;20
-0.764;-1.61;-2.393;20
0.406;-1.168;-0.916;20
1.226;-1.032;0.143;20
0.929;-1.056;0.085;20
-0.183;-1.405;-0.651;20
-1.167;-1.269;0.183;20
-1.768;-0.437;0.721;20
-2.82;0.746;0.657;20
-4.151;1.277;-1.445;20
-3.68;-0.294;-2.488;20
-2.572;-0.808;-1.539;20
-1.168;0.055;0.414;20
0.528;0.808;0.981;20
1.696;0.913;0.941;20
3.352;1.229;1.677;20
4.918;2.054;2.236;20
4.769;2.506;0.727;20
4.749;2.497;2.554;20
3.671;0.335;3.952;20
4.537;0.856;2.28;20
4.71;1.613;1.677;20
3.927;1.713;2.613;20
4.808;1.899;2.608;20
4.426;1.767;1.175;20
3.117;1.369;0.275;20
2.641;0.639;0.898;20
2.25;0.008;1.237;20
1.329;0.255;0.232;20
0.387;0.645;-0.513;20
-0.327;0.9;-0.576;20
-1.0;1.245;-0.397;20
-1.676;1.248;-0.489;20
-2.2;0.28;-0.533;20
-2.959;-0.935;-0.376;20
-4.455;-2.195;-1.47;20
-5.943;-3.062;-2.809;20
-6.84;-3.405;-2.72;20
-6.551;-3.306;-2.687;20
-5.199;-2.859;-3.102;20
-2.627;-2.023;-3.328;20
-0.734;-1.146;-2.568;20
0.224;-0.645;-0.863;20
0.743;-0.156;0.598;20
0.684;0.02;1.185;20
0.428;-1.082;0.819;20
-0.783;-1.817;-0.718;20
-2.039;-1.321;-1.043;20
-3.18;-0.593;0.003;20
-4.399;1.026;-0.898;20
-3.757;-0.156;-3.442;20
-2.926;-0.88;-1.455;20
-1.872;-0.016;0.826;20
0.944;0.354;1.562;20
2.779;1.049;1.937;20
4.685;1.669;1.723;20
5.859;2.439;0.326;20
3.92;1.389;1.053;20
3.157;1.464;4.61;20
5.135;0.99;3.582;20
6.463;1.999;0.583;20
4.408;2.284;2.887;20
3.176;1.381;3.021;20
4.846;0.714;2.139;20
3.9;1.011;1.442;20
2.777;1.309;1.287;20
2.264;1.21;0.831;20
1.628;0.956;0.148;20
0.765;0.785;0.179;20
0.223;0.782;0.064;20
-0.383;0.9;-0.718;20
-1.108;0.879;-1.086;20
-1.706;0.569;-1.053;20
-2.605;-0.011;-0.574;20
-3.634;-1.271;-0.437;20
-5.301;-2.414;-1.254;20
-6.66;-3.283;-2.226;20
-7.194;-3.496;-2.764;20
-6.645;-3.523;-3.8;20
-4.489;-3.119;-4.158;20
-1.994;-2.091;-3.259;20
0.322;-1.123;-1.094;19
1.723;-0.75;0.114;20
0.675;-0.403;-0.526;20
-0.713;-0.898;-1.668;20
-0.885;-1.463;-0.613;20
-0.891;-1.19;1.929;20
-1.997;0.485;2.558;20
-3.737;1.404;-1.433;20
-4.933;-0.08;-3.629;20
-3.538;-1.502;-2.078;20
-1.376;-1.125;0.125;20
0.294;0.211;1.246;20
1.696;1.003;1.318;20
3.654;1.111;1.507;20
5.169;2.404;0.986;20
4.951;3.259;2.446;20
5.426;2.23;5.301;20
4.914;0.077;3.034;20
4.826;1.13;2.131;20
5.108;1.709;3.144;20
4.735;2.284;2.757;20
4.221;1.556;2.203;20
3.503;1.378;1.165;20
3.166;1.424;0.141;20
1.502;0.895;0.289;20
0.416;0.15;0.493;20
1.306;0.008;-0.989;20
0.291;0.361;-0.927;20
-0.824;0.935;-0.336;20
-0.892;1.264;-0.673;20
-1.538;0.775;-0.634;20
-2.331;-0.17;-0.124;20
-3.79;-1.125;-0.332;20
-5.429;-2.22;-1.135;20
-6.363;-3.104;-1.729;20
-6.664;-3.324;-2.584;20
-6.757;-3.328;-3.445;20
-4.615;-3.489;-4.092;20
-1.989;-2.616;-3.728;20
0.104;-1.531;-2.607;20
0.797;-0.319;-1.311;20
0.531;0.156;-0.072;20
0.232;-0.376;0.161;20
0.022;-1.037;0.481;20
-0.167;-1.272;2.132;20
-1.077;0.09;2.925;20
-2.973;1.644;-0.902;20
-4.695;1.238;-3.796;20
-3.579;-0.823;-2.036;20
-1.289;-1.258;0.102;20
0.497;-0.013;0.286;20
1.736;0.524;0.533;20
2.765;0.791;1.049;20
3.763;1.617;1.08;20
3.747;1.91;0.552;20
3.072;2.497;1.113;20
4.591;1.963;3.091;20
5.076;1.122;3.625;20
5.125;1.715;4.124;20
5.494;1.517;4.208;20
5.402;1.234;3.724;20
4.238;0.921;2.123;20
3.226;0.445;0.764;20
2.457;0.444;-0.198;20
1.332;0.578;-0.913;20
0.442;0.374;-0.701;20
-0.132;0.645;-0.392;20
-0.55;1.091;-0.781;20
-1.116;1.184;-1.167;20
-2.069;0.861;-0.658;20
-2.449;0.275;-0.372;20
-2.956;-0.377;-0.302;20
-3.98;-1.281;-0.492;20
-5.065;-2.207;-1.396;20
-6.003;-2.59;-2.394;20
-6.586;-3.056;-3.069;20
-5.865;-3.634;-3.81;20
-3.248;-3.124;-3.918;20
-0.622;-1.639;-2.856;20
0.89;-0.645;-0.802;20
0.766;0.001;0.881;20
0.614;-0.335;0.586;20
-0.035;-0.823;0.118;20
-1.099;-1.154;-0.807;20
-2.752;-1.086;-1.483;20
-3.632;-0.355;0.57;20
-4.164;0.969;0.709;20
-3.323;0.984;-1.258;20
-0.97;-0.502;-1.624;20
0.085;0.037;-0.079;20
0.713;1.282;1.245;20
2.385;1.315;1.599;20
3.662;1.403;1.04;20
4.838;1.625;0.326;20
4.477;2.262;2.236;20
5.271;1.575;4.918;20
4.851;0.298;2.529;20
4.987;1.062;1.261;20
4.564;1.779;3.06;20
4.586;2.351;3.739;20
5.313;2.295;2.559;20
3.702;1.753;1.32;20
2.594;0.983;0.908;20
1.882;0.056;0.433;20
1.396;-0.239;-0.224;20
1.052;0.032;-0.74;20
0.185;0.621;-1.16;20
-1.462;1.102;-0.96;20
-1.799;0.938;-0.519;20
-1.459;0.273;-0.351;20
-2.236;-0.422;-0.74;20
-4.778;-1.365;-1.048;20
-6.983;-2.724;-1.997;20
-7.593;-3.523;-2.472;20
-7.058;-3.813;-3.023;20
-5.043;-3.745;-3.884;20
-2.273;-2.611;-4.041;20
-0.5;-1.414;-3.031;20
0.603;-0.865;-1.506;20
0.813;-0.494;0.215;20
0.684;-0.609;1.214;20
0.016;-0.688;0.708;20
-0.979;-0.835;-0.508;20
-1.721;-0.947;0.469;20
-2.373;0.155;2.222;20
-3.358;1.285;-0.875;20
-3.583;-0.029;-4.175;20
-3.384;-1.125;-2.283;20
-1.577;-0.732;0.812;20
0.949;0.291;0.865;20
2.404;1.038;1.414;20
2.961;1.339;1.734;20
4.519;1.841;0.912;19
4.779;1.59;1.258;20
4.544;2.768;3.198;20
4.536;1.801;3.223;20
4.236;1.384;2.167;20
4.976;0.726;2.981;20
4.884;0.864;2.974;20
4.928;1.854;2.071;20
3.502;1.849;1.34;20
2.755;1.291;0.619;20
1.936;1.054;-0.019;20
1.251;0.764;-0.36;20
0.701;0.642;-0.078;20
0.861;0.569;0.269;20
0.322;0.521;-0.033;20
-1.136;0.341;-0.484;20
-2.085;0.145;-0.348;21
-2.176;0.114;-0.701;20
-2.834;-0.011;-0.751;19
-4.474;-0.885;-0.586;20
-6.305;-1.907;-1.165;20
-7.248;-2.598;-2.28;20
-7.272;-3.302;-3.214;20
-5.699;-4.341;-3.912;20
-2.878;-4.014;-4.206;20
-0.226;-2.421;-2.938;20
1.564;-1.245;-0.915;20
1.05;-0.545;0.348;20
0.311;-0.568;-0.302;20
-0.457;-0.914;-0.367;20
-0.959;-1.224;1.773;20
-1.352;-0.131;2.874;20
-2.847;1.317;-0.991;20
-4.658;0.687;-3.001;20
-3.707;-0.377;-1.724;20
-1.626;-0.384;-0.051;20
0.374;0.063;1.154;20
1.902;1.083;0.541;20
2.626;1.447;0.497;20
3.213;1.474;1.027;20
3.478;1.971;0.263;20
2.623;1.015;0.096;20
3.562;2.268;3.055;20
5.504;1.616;4.134;20
5.773;1.64;3.192;20
5.486;1.53;3.481;20
5.332;1.497;3.689;20
4.935;1.906;2.962;20
3.346;1.416;1.415;20
2.69;0.776;0.2;20
1.955;0.416;-0.321;20
1.229;0.426;-0.259;20
0.938;0.368;-0.244;20
0.366;0.56;-0.898;20
-1.123;0.732;-1.442;20
-2.065;0.45;-1.119;20
-2.186;-0.135;-0.654;20
-2.539;-0.71;-0.789;20
-3.897;-1.249;-0.861;20
-5.23;-1.987;-1.163;20
-6.044;-2.497;-1.622;20
-6.177;-2.558;-2.227;20
-5.52;-2.811;-2.828;20
-3.506;-3.06;-3.356;20
-1.804;-2.472;-2.932;20
-0.414;-1.575;-1.972;20
0.234;-0.646;-1.057;20
0.297;-0.297;0.427;20
0.166;-0.593;0.984;20
-0.076;-0.952;1.045;20
-0.362;-0.813;0.501;20
-1.927;-0.602;-2.793;20
-3.957;-0.704;-2.544;20
-4.491;0.209;1.879;20
-2.776;1.091;1.034;20
-0.7;0.074;-2.335;20
-0.352;-0.432;-0.342;20
1.06;0.147;1.351;20
2.064;1.053;1.513;20
3.02;1.879;1.539;20
4.833;2.249;1.18;20
4.448;1.681;0.9;20
4.09;2.112;2.009;20
4.412;0.552;2.625;20
5.26;1.018;2.804;20
5.234;1.483;2.888;20
4.917;1.475;3.037;20
4.467;1.804;2.792;20
3.632;1.796;1.607;20
2.503;1.411;0.806;20
1.449;0.947;-0.255;20
0.866;0.494;-1.387;20
0.715;0.231;-1.539;20
0.43;0.333;-0.493;20
-0.69;0.64;-0.232;20
-1.643;0.76;-0.623;20
-2.128;0.561;-0.429;20
-2.247;-0.044;-0.468;20
-3.061;-0.71;-0.572;20
-4.143;-1.409;-0.763;20
-5.15;-1.869;-1.337;20
-6.012;-2.241;-2.116;20
-6.181;-2.851;-2.708;20
-5.248;-3.687;-2.784;20
-2.908;-3.646;-3.133;20
-0.442;-2.266;-2.503;20
1.022;-0.961;-1.507;20
0.424;-0.455;-1.089;20
-0.523;-1.033;-1.879;20
-0.96;-1.841;-0.378;20
-0.771;-1.362;4.482;20
-0.556;0.44;4.76;20
-1.831;1.385;-1.849;20
-4.314;0.425;-4.238;20
-3.999;-0.824;-2.098;20
-1.616;-0.627;0.239;20
0.364;1.045;0.655;20
1.742;1.495;0.602;20
2.555;0.873;1.053;20
2.285;1.474;1.027;20
3.496;2.083;-0.189;20
3.925;1.23;-0.112;20
3.336;1.999;2.3;20
3.416;1.03;4.247;20
5.662;1.679;3.842;20
6.273;2.065;3.809;20
5.471;2.176;3.353;20
4.609;2.146;2.459;20
3.223;1.489;1.277;20
2.437;0.443;0.311;20
2.06;-0.036;-1.019;20
1.302;0.0;-0.766;20
1.385;0.167;-0.597;19
0.8;0.61;-0.235;20
0.065;1.265;-1.018;21
-1.433;1.36;-1.917;19
-3.234;-0.025;-0.688;20
-3.208;-1.055;0.919;20
-2.516;-1.247;0.814;20
-2.629;-1.532;-0.874;20
-3.914;-1.974;-2.137;20
-5.886;-1.96;-2.171;20
-6.815;-1.854;-2.437;20
-5.765;-2.555;-3.327;20
-3.813;-3.065;-3.307;20
-1.857;-2.446;-2.754;20
-0.214;-1.332;-1.506;20
0.453;-0.707;0.056;20
0.427;-0.813;0.619;20
-0.007;-1.09;0.033;20
-0.409;-1.446;-0.26;20
-0.782;-1.198;2.05;20
-1.297;0.43;2.567;20
-2.655;1.648;-1.651;20
-3.993;0.442;-3.853;20
-2.902;-0.94;-1.424;20
-0.445;-0.766;0.671;20
0.896;0.404;0.645;20
1.369;0.953;0.464;20
1.659;0.918;1.071;20
2.808;1.455;0.866;20
4.017;2.409;0.359;20
3.555;1.614;0.013;20
3.564;2.11;1.644;20
4.559;0.392;3.506;20
5.073;0.737;2.853;20
4.698;1.463;2.111;20
4.644;1.877;2.857;20
4.617;1.948;3.063;20
3.662;2.01;2.161;20
2.987;1.539;1.044;20
2.087;0.879;-0.032;20
1.078;0.273;-0.283;20
0.701;0.048;0.189;20
0.943;0.163;-0.228;20
0.243;0.617;-1.096;20
-1.557;0.838;-1.262;20
-2.46;0.409;-0.83;20
-2.481;-0.013;-0.318;20
-2.614;-0.412;-0.053;20
-3.349;-1.218;-0.438;20
-4.633;-2.131;-1.593;20
-6.028;-2.515;-2.253;20
-6.814;-2.529;-2.56;20
-6.281;-2.886;-3.048;20
-3.622;-3.02;-2.991;20
-1.041;-1.892;-2.299;20
0.638;-0.785;-0.573;20
1.316;-0.572;0.682;20
0.856;-0.647;0.728;20
-0.028;-1.101;-0.523;20
-1.282;-1.431;-1.163;20
-2.501;-1.532;-1.447;20
-2.935;-1.167;0.188;20
-2.799;0.359;2.345;20
-2.792;1.506;-0.698;20
-2.302;0.86;-2.879;20
-1.129;-0.374;-1.248;20
-0.273;-0.451;1.198;20
0.776;0.499;1.281;20
1.923;1.067;0.639;20
3.019;1.047;1.602;20
4.522;1.858;1.946;20
5.01;2.104;0.885;20
4.131;1.904;1.495;20
3.406;0.504;1.895;20
3.833;0.96;1.636;20
4.169;1.837;1.611;20
4.033;1.817;1.823;20
4.071;1.327;2.261;20
4.169;1.026;1.912;20
3.18;1.143;0.996;20
2.716;0.93;0.388;20
1.385;0.373;0.537;20
0.962;0.137;0.524;20
1.075;0.527;0.021;20
0.75;0.642;-0.782;20
-0.596;0.821;-0.635;20
-1.429;0.879;-0.686;20
-1.881;0.673;-0.934;20
-2.478;-0.058;-0.55;20
-3.575;-1.259;-0.391;20
-4.865;-2.258;-1.025;20
-5.62;-2.509;-1.659;20
-5.552;-2.476;-2.054;20
-5.236;-2.375;-2.146;20
-3.93;-2.711;-2.505;20
-2.094;-2.123;-2.819;20
-0.945;-1.113;-2.218;20
-0.175;-0.697;-0.888;20
-0.19;-0.6;0.416;20
-0.143;-0.65;0.825;20
-0.17;-0.707;0.466;20
-0.683;-0.992;-0.578;20
-1.19;-1.061;0.219;20
-1.313;-0.416;1.715;20
-1.589;0.571;0.672;20
-2.269;0.443;-2.244;20
-2.469;-0.573;-2.859;20
-1.801;-1.156;-0.662;20
-0.864;-0.579;0.289;20
0.116;0.08;-0.263;20
0.876;0.529;0.642;20
1.933;1.105;1.089;20
4.025;2.385;1.191;20
4.862;2.752;0.945;20
2.64;1.996;0.788;20
2.195;1.098;0.937;20
3.774;0.098;1.583;20
4.897;0.756;1.903;20
4.993;1.565;3.472;20
5.341;1.945;4.395;20
4.913;1.722;3.302;20
3.391;1.227;1.917;20
2.813;0.72;1.169;20
2.083;0.676;-0.057;20
1.042;0.634;-0.648;20
0.703;0.357;-0.896;20
0.165;0.483;-0.388;20
-0.392;0.862;-0.591;20
-1.189;0.905;-1.176;20
-1.999;0.452;-0.666;20
-2.41;-0.133;-0.255;20
-3.035;-0.695;-0.775;20
-3.805;-1.307;-1.204;20
-4.623;-1.942;-1.047;20
-5.375;-2.293;-1.427;20
-5.844;-2.439;-2.06;20
-5.119;-2.833;-2.721;19
-3.79;-2.862;-3.003;20
-1.943;-2.158;-2.498;20
-0.332;-1.183;-1.183;20
0.679;-0.674;0.263;20
0.667;-0.538;1.038;20
0.307;-0.687;0.65;20
-0.242;-1.051;-0.908;20
-1.563;-1.44;-2.342;20
-2.655;-1.535;-0.115;20
-2.482;-0.353;3.015;20
-2.299;1.093;0.818;20
-2.67;1.169;-2.268;20
-1.972;0.212;-1.256;20
-0.425;-0.496;0.748;20
0.61;-0.097;0.024;20
0.659;0.483;0.352;20
1.184;0.525;1.101;20
2.676;1.432;0.211;20
3.807;2.535;1.231;20
3.819;2.206;1.103;20
3.59;1.923;0.674;20
3.705;0.607;1.667;20
4.098;0.947;1.94;20
4.783;2.163;2.255;20
5.064;2.113;3.426;20
4.59;1.647;3.34;20
4.206;1.372;1.786;20
3.078;0.929;0.338;20
2.686;0.411;-0.691;20
1.327;-0.008;-0.37;20
0.599;0.078;0.233;20
0.673;0.475;0.428;20
1.336;0.615;-0.686;20
-0.392;0.909;-0.822;20
-1.765;0.969;-0.714;20
-2.261;0.717;-0.733;20
-2.367;-0.037;-0.729;20
-2.988;-0.807;-0.694;20
-4.119;-1.546;-0.782;20
-4.979;-2.193;-1.114;20
-5.218;-2.593;-1.472;20
-5.414;-2.633;-2.144;20
-4.823;-2.952;-3.133;20
-3.754;-2.859;-3.408;20
-2.447;-2.045;-2.285;20
-0.252;-1.174;-0.724;20
1.161;-0.315;0.947;20
1.269;-0.023;1.847;20
0.513;-0.301;0.791;20
-0.616;-0.68;-1.135;20
-1.091;-1.106;-1.66;20
-1.523;-1.409;0.409;20
-1.968;-0.261;2.343;20
-2.446;0.909;0.293;20
-3.113;0.397;-2.38;20
-2.455;-0.424;-1.062;20
-1.079;-0.511;-0.816;20
-0.15;-0.147;-0.812;20
0.151;0.406;0.249;20
1.293;0.917;1.042;20
2.421;1.213;1.125;20
3.83;2.137;1.306;20
4.795;2.411;1.447;20
4.069;1.946;1.625;20
4.119;1.596;2.297;20
4.007;0.563;1.862;20
4.378;0.972;1.743;20
4.74;1.086;1.439;20
4.156;1.277;1.153;20
3.462;1.602;1.503;20
3.14;1.768;0.933;20
2.487;1.248;0.255;20
1.48;0.834;0.001;20
1.599;0.613;0.169;20
1.642;0.623;0.622;20
1.089;0.474;0.482;20
0.008;0.392;-0.29;20
-1.501;0.245;-0.728;20
-1.804;0.13;-1.069;20
-1.425;0.212;-0.85;20
-1.315;0.231;-0.108;20
-2.091;0.126;0.066;20
-3.615;-0.556;-0.897;20
-6.196;-1.619;-1.762;20
-8.293;-3.236;-1.442;20
-7.802;-5.581;-1.72;20
-4.666;-6.295;-3.316;20
-2.457;-3.212;-3.644;20
-2.034;-0.502;-2.21;20
-0.557;0.3;0.114;20
0.731;1.231;1.631;20
0.595;1.949;2.322;20
0.848;1.62;2.93;20
1.335;0.311;2.642;20
0.949;-0.633;1.595;20
0.048;-1.111;1.425;20
-1.291;-1.433;1.051;20
-2.513;-1.165;-0.564;20
-3.128;-0.535;-2.28;20
-2.425;-0.408;-1.813;20
-0.566;-0.313;0.198;20
1.456;-0.567;4.654;20
1.905;-0.715;1.194;20
0.945;0.848;0.947;20
2.377;-1.698;3.692;20
-0.652;-0.963;2.35;20
0.178;0.154;-0.486;20
-0.673;-0.253;0.564;20
0.678;0.239;0.73;20
0.002;-0.405;-0.136;20
-0.784;0.506;-1.741;20
0.07;-1.45;-1.168;20
-1.676;-1.492;-0.023;20
-1.668;-0.103;-0.178;20
-0.796;0.02;0.188;20
-0.52;-0.099;0.43;20
-0.41;0.354;0.946;20
-0.033;0.622;1.11;20
1.095;0.284;1.063;20
1.367;0.109;1.576;20
-0.056;-0.203;1.295;20
-1.305;-0.624;0.327;20
-0.866;-1.094;-0.358;20
-0.501;-1.429;-0.514;20
-1.398;-0.833;-1.323;20
-1.219;0.359;-0.932;19
0.967;3.389;0.54;20
-0.006;1.22;1.795;21
-1.411;-3.521;0.072;20
-0.964;-2.9;-1.649;20
-0.393;0.515;0.423;20
-0.034;0.296;0.014;19
-0.68;0.324;1.02;20
1.901;2.715;2.332;20
2.562;1.609;2.942;20
0.637;-0.099;1.915;20
-0.514;0.816;-1.68;20
-2.623;1.816;-2.967;20
-1.977;1.001;-2.615;20
-1.208;-1.093;-0.085;20
-0.863;-3.894;1.126;20
-2.646;-1.461;0.573;20
-1.581;1.138;-0.391;20
-0.052;0.436;0.587;20
1.352;-0.605;1.706;20
1.587;1.697;2.18;20
1.034;2.702;1.388;20
1.099;1.071;1.497;20
1.112;-0.378;1.171;20
-0.508;-2.181;0.142;20
-1.779;-0.226;0.308;20
0.013;1.314;-0.064;20
-0.28;-1.216;-1.043;20
-1.046;-2.638;-1.426;20
-1.724;-1.32;0.009;20
-1.2;-1.192;-0.006;20
-1.543;-1.254;-0.393;20
-0.843;-1.385;0.467;20
-1.132;-1.906;0.191;20
-1.306;-0.707;0.008;20
-1.488;0.762;1.678;20
-0.979;-0.893;2.299;20
0.237;-1.287;2.341;20
-0.43;-0.94;2.217;20
-0.721;-0.4;1.508;20
-0.332;-0.871;1.54;20
-1.006;-1.062;1.873;20
-1.138;1.124;2.505;20
-1.729;2.473;0.036;20
-0.698;0.566;1.553;20
1.151;0.757;1.104;20
1.142;1.416;-1.004;20
2.433;-0.46;0.676;20
2.261;-0.692;2.669;20
1.416;3.688;0.9;20
3.286;3.688;-1.376;20
4.893;0.189;-1.79;20
1.362;1.284;0.913;20
1.04;4.217;3.346;20
3.008;4.263;1.83;20
3.391;0.556;0.976;20
0.803;-4.624;3.298;20
-2.314;-8.555;2.483;20
-4.926;-8.284;-0.539;20
-5.251;-7.796;1.064;20
-2.343;-6.934;0.714;20
-0.688;-5.432;-0.133;20
1.012;-6.564;2.646;20
4.123;-7.701;4.418;20
2.831;-4.795;-0.203;20
1.545;-0.81;-5.424;20
4.258;-1.419;-2.02;20
1.661;-3.051;1.471;20
-0.692;-2.254;2.878;20
-0.625;-1.714;0.96;20
0.428;0.765;2.119;20
-1.882;3.785;6.182;20
-2.543;4.021;6.381;20
0.545;1.754;2.582;20
2.33;0.955;6.494;20
-0.261;1.14;5.428;20
-3.926;2.651;1.556;20
-5.09;5.642;2.315;20
-4.242;5.448;4.52;20
-2.552;3.261;3.434;20
-0.193;1.811;0.721;20
2.126;0.112;0.017;20
3.202;-2.14;4.381;20
4.965;-2.75;9.037;20
3.397;-0.34;4.111;20
-0.281;0.161;2.266;20
0.179;0.623;3.492;20
2.117;-2.17;2.175;20
4.968;-5.872;-1.096;20
7.602;-3.974;-1.545;20
7.152;0.163;-0.946;20
4.818;2.559;-1.572;20
3.493;3.426;-1.341;20
4.778;3.528;-0.388;20
5.561;3.384;1.028;20
4.369;3.848;0.472;20
4.018;4.288;1.38;20
4.375;3.832;3.066;20
3.509;2.886;3.063;20
2.373;1.92;2.308;20
1.536;1.849;1.338;20
0.684;2.306;0.493;20
-0.067;5.87;0.325;20
0.952;8.474;1.536;20
3.638;6.952;1.521;20
5.948;2.994;0.702;20
10.059;0.103;-2.271;20
10.595;-1.042;-7.695;20
3.913;1.461;-5.498;20
1.303;3.533;2.597;20
0.896;1.927;5.329;20
-2.295;1.954;5.67;20
-4.279;3.302;7.032;20
-3.058;2.843;4.421;20
-1.495;1.91;2.454;20
-0.936;1.167;1.325;20
0.662;-0.357;-0.708;20
1.354;-0.459;-1.433;20
-0.483;1.655;-0.884;20
-1.453;2.596;-0.222;20
-1.083;2.041;2.194;20
-1.408;1.037;2.995;20
-0.937;0.562;1.244;20
0.28;1.501;-0.05;64
1.148;0.943;-0.161;20
0.526;0.563;0.505;20
-0.27;1.293;0.317;20
-0.49;0.589;-0.683;20
0.488;-0.427;-1.162;20
0.573;-0.226;-1.681;20
0.357;-0.699;-2.44;20
0.728;-1.201;1.365;20
-0.397;-1.081;4.187;20
-1.486;-0.864;3.763;20
-1.993;1.02;2.303;20
-2.065;1.75;-0.249;20
-0.715;0.999;-0.834;20
0.301;-0.262;-0.218;20
0.015;-0.882;0.632;20
-0.424;-0.623;0.137;20
-0.177;-0.528;0.344;20
0.156;0.203;-1.598;20
1.138;0.075;-2.931;20
1.009;0.099;-3.88;20
-0.087;1.778;-3.205;20
-1.086;2.917;-1.843;20
-1.792;3.031;-0.224;20
-2.142;2.543;1.11;20
-2.938;2.025;-0.801;20
-2.797;1.634;0.461;20
-2.954;1.012;3.29;20
-2.992;0.998;2.623;20
-1.736;1.605;1.408;20
-0.962;1.859;0.053;20
-0.064;1.516;-1.117;20
-0.933;1.946;-1.433;20
-0.741;1.841;-0.98;20
-0.516;1.048;0.763;20
0.35;0.117;1.395;20
0.795;-0.304;1.585;20
1.215;-0.529;0.508;20
1.803;-0.443;-0.529;20
1.922;-0.014;-1.036;20
1.78;0.443;-1.234;20
1.682;0.573;-0.965;20
1.26;0.503;-0.209;20
0.785;0.296;0.033;20
0.345;0.355;0.005;20
-0.196;0.423;-0.149;20
-0.703;0.486;-0.636;20
-1.145;0.596;-0.864;20
-1.258;0.442;-0.936;19
-1.258;0.244;-0.667;20
-5.522;1.617;3.835;20
-3.995;2.641;1.321;20
-0.042;0.576;-0.846;20
0.727;-0.78;-1.81;20
1.269;-0.931;-3.041;20
-0.132;0.346;-1.852;20
-1.653;1.727;-0.242;20
-1.459;1.96;-0.047;20
-0.744;1.022;-0.944;20
-0.575;0.409;-1.031;20
-0.858;0.538;-0.851;20
-1.243;0.916;-0.443;20
-1.105;0.86;-0.437;20
-0.818;0.521;-0.665;20
-0.391;0.169;-0.241;20
-0.39;0.123;0.039;20
-0.454;0.244;-0.873;20
-0.691;0.145;0.464;20
-0.391;-0.029;0.393;20
-0.363;0.177;1.134;20
-0.182;0.285;0.808;20
0.142;0.077;-0.159;20
0.584;-0.352;-1.27;20
0.55;-0.364;-0.441;20
0.642;-0.427;0.456;19
0.551;-0.307;0.957;20
0.887;-0.482;0.464;20
1.014;-0.584;-0.407;20
0.866;-0.354;-0.819;20
0.473;-0.018;-0.422;20
0.061;0.179;0.032;20
-0.005;0.077;0.268;20
0.127;-0.094;0.398;20
0.24;-0.215;0.317;20
0.253;-0.18;0.135;20
0.255;-0.112;0.053;20
0.077;0.106;0.04;20
0.171;0.043;-0.084;20
0.36;-0.142;-0.043;20
0.51;-0.236;-0.257;20
0.236;-0.079;-0.209;20
0.021;-0.032;0.155;20
0.022;-0.113;0.024;20
-0.033;-0.076;0.054;20
-0.809;0.549;-2.003;20
-0.658;0.471;0.634;20
-0.026;-0.262;1.269;20
0.325;-0.39;1.099;20
0.309;-0.115;0.189;20
0.053;0.145;-0.625;19
0.279;0.107;-0.938;20
-0.073;0.091;-0.063;20
0.102;-0.127;0.656;20
0.02;-0.163;0.976;20
0.169;-0.089;0.373;20
0.274;-0.11;-0.162;20
0.221;0.044;-0.281;20
0.147;0.038;-0.021;20
0.108;-0.071;-0.066;20
0.034;-0.057;0.027;20
-0.056;0.002;0.114;20
-0.147;0.063;0.247;20
-0.126;0.019;0.417;20
0.044;-0.119;0.369;20
0.081;-0.146;0.08;20
0.011;-0.146;-0.018;20
-0.236;-0.01;0.121;20
-0.182;0.016;0.032;20
-0.114;-0.036;-0.112;20
-0.04;-0.043;-0.308;20
0.01;-0.093;-0.23;20
0.023;-0.145;-0.261;20
-0.074;-0.127;-0.16;20
-0.181;-0.107;0.064;20
-0.208;-0.122;-0.059;20
-0.253;-0.074;-0.004;20
-0.18;-0.032;-0.003;19
-0.075;-0.083;0.227;20
-0.038;-0.079;0.18;20
-0.017;-0.07;0.089;20
-0.056;-0.039;0.105;20
-0.074;-0.043;0.082;20
-0.064;-0.042;0.14;20
0.01;-0.036;-0.038;20
-0.099;0.151;-1.149;20
-0.386;0.17;0.149;20
-0.28;-0.117;0.627;20
0.051;-0.206;0.757;20
0.039;0.004;0.53;20
-0.07;0.164;-0.158;20
0.081;0.104;-0.537;20

# Completed @Wed Jan 06 21:23:23 GMT+02:00 2021
