# Accelerometer Data File
# Started @Tue Jan 26 20:19:32 GMT+02:00 2021
#
#
# sensor Vendor: BOSCH
# sensor Name: BMI160 Accelerometer Non-wakeup
# sensor Resolution: 0.0023928226m/sec^2; Max Range: 78.4532; Min Delay: 2500 microseconds
# The sensor's attributes are the result hardware and the Android capabilities.
# It means that the Android may not utilize all features provided by the hardware.
#
# Some devices and Android versions save battery too much so the device may go to sleep.
# It just happens after couple of minutes from turning off the scree and it is easy to find it out.
#
# The following file provides the data from accelerometer in the m/s^2 format.
# The diff value is just a time delta between the samples
#
#
# data format:
# so we have 4 columns with values separated by the " "
# X Y Z time_from_previous_sample(ms)

# sensor speed set to:NORMAL
# units set to: m/sec^2
# gravity  filtered out
# Accuracy: HIGH
-2.39 1.499 7.63 0
-2.019 1.401 6.734 20
-1.727 1.472 5.827 20
-1.334 1.51 5.355 20
-0.685 1.264 5.22 20
-0.071 1.095 5.0 20
0.416 1.121 4.442 21
0.831 1.168 4.066 20
1.08 1.138 4.371 20
1.888 0.741 4.945 20
2.37 0.788 5.313 20
3.301 0.379 5.155 20
3.31 1.262 4.147 21
2.489 2.733 3.233 20
2.574 1.686 4.153 20
5.109 0.209 2.209 20
7.776 0.285 1.02 20
10.051 2.701 1.731 20
10.005 5.428 -1.278 21
8.849 2.492 -3.63 20
5.015 -3.974 -0.302 20
1.659 -6.078 2.01 20
-1.276 -7.436 0.893 20
-4.354 -3.392 4.576 21
-3.259 -0.763 2.144 20
-1.976 -2.504 -2.847 20
-1.91 -3.157 -5.488 20
-6.404 -0.618 -4.178 20
-12.82 4.289 -0.88 20
-10.772 4.694 -1.128 21
-4.594 0.077 -4.849 20
-3.712 1.242 -3.73 20
-4.007 2.482 -1.647 20
-3.617 1.9 3.005 20
-4.797 0.147 8.317 20
-4.218 1.027 6.387 21
-2.55 -0.963 6.111 20
-1.225 -1.449 4.816 20
1.518 -0.375 6.118 20
3.787 -0.368 5.627 20
4.316 -2.206 0.681 20
1.914 -1.589 -1.976 21
1.518 -2.178 -3.121 20
2.276 -3.763 -4.603 20
0.817 -4.089 -6.723 20
-1.193 -3.016 -8.416 20
-0.212 -3.445 -9.357 21
0.63 -3.952 -10.709 20
0.677 -4.282 -10.977 20
1.674 -4.867 -9.025 20
3.611 -5.689 -4.96 20
5.121 -6.094 -2.25 20
5.952 -5.39 -0.955 21
6.596 -4.301 0.038 20
7.761 -4.518 2.145 20
9.438 -4.894 2.366 20
10.629 -3.626 -1.041 20
13.427 -3.201 0.295 20
17.144 -4.025 0.339 21
15.285 -2.284 -1.712 20
11.161 -1.928 -3.479 20
8.195 -1.44 -1.71 20
5.651 -0.375 0.437 20
1.867 1.054 -2.954 20
-2.135 3.615 -14.883 21
-6.11 10.215 -31.383 20
-11.003 9.644 -16.405 20
-6.71 2.428 5.934 20
-4.791 4.724 7.343 20
-3.244 6.143 0.766 21
-2.668 3.428 4.82 20
-4.667 2.014 6.572 20
-4.385 0.366 2.614 20
-3.341 -1.785 -0.335 20
4.482 0.506 -11.646 20
5.234 -2.265 8.246 21
0.466 -6.533 15.534 20
0.883 -6.018 10.797 20
1.415 -5.084 8.214 20
6.987 -4.448 5.118 20
9.072 -0.826 -6.166 20
2.841 3.171 -11.107 21
-2.245 2.794 -8.136 20
-1.704 1.292 -1.521 20
-0.533 0.149 3.609 20
-5.141 2.512 0.05 20
-7.177 4.365 -3.606 20
-7.783 2.376 1.24 21
-7.714 1.153 2.854 20
-7.113 0.894 3.959 20
-4.787 0.088 2.323 20
-2.784 -1.817 2.483 20
-3.389 -3.282 1.487 21
-4.363 -4.112 3.899 20
-1.728 -5.031 12.644 20
1.322 -4.907 9.066 20
1.574 -3.672 -3.598 20
6.136 -7.367 -0.925 20
8.877 -4.494 -5.062 21
11.322 -0.705 -3.085 20
5.999 2.467 -1.626 20
0.526 3.363 -1.935 20
-1.783 4.946 -0.892 20
-3.543 6.654 -0.674 20
-5.549 7.239 -0.802 21
-5.764 5.996 -1.561 20
-5.493 4.581 -3.673 20
-6.317 3.806 -4.812 20
-5.815 3.3 -3.219 20
-3.864 3.095 -0.545 20
-2.503 2.493 -0.77 21
-0.017 0.396 -3.515 20
3.179 -2.222 4.776 20
7.918 -3.948 4.473 20
12.807 -6.289 1.173 20
7.165 -3.134 6.499 21
5.627 -0.507 1.518 20
7.693 1.063 -2.884 20
5.403 1.301 -2.93 20
1.319 1.73 -3.047 20
-3.521 2.404 -2.863 20
-4.6 1.581 -1.278 21
-2.763 -0.193 4.54 20
0.91 -2.129 5.524 20
0.158 -2.612 -2.539 20
-1.196 -1.678 -7.493 20
-12.324 6.075 -4.655 20
-10.602 4.36 -3.601 21
11.771 -7.976 6.238 20
3.259 -2.481 9.518 20
-2.449 0.895 -1.628 20
2.305 -5.429 -0.65 20
0.501 -3.457 6.177 20
3.551 0.148 12.644 21
5.451 -1.194 7.43 20
4.52 -1.924 5.147 20
2.882 0.154 -4.48 20
2.287 1.842 -5.916 20
10.79 2.009 -6.76 20
5.753 5.738 -6.819 21
-0.996 6.186 -3.824 20
-4.066 5.205 -2.383 20
-6.274 5.543 0.767 20
-13.287 6.054 1.725 20
-11.883 3.749 -0.454 21
-9.977 1.634 -2.984 20
-11.956 -0.277 -4.917 20
-4.744 -2.215 -1.668 20
-0.785 -0.189 0.242 20
-1.532 3.419 1.281 20
3.988 0.796 4.988 21
0.843 4.079 3.59 20
18.834 1.966 14.215 20
21.066 -8.809 9.901 20
3.346 -4.181 -4.567 20
-0.094 -2.887 -3.257 20
-0.844 -4.556 0.093 21
-3.18 -2.272 -1.444 20
-1.532 -0.961 -0.752 20
0.927 -0.291 1.226 20
0.892 0.352 1.485 20
-1.561 1.06 -0.627 21
-2.847 1.118 -4.736 20
-4.828 -0.161 -6.864 20
-7.866 -2.019 -6.732 20
-7.353 -3.544 -2.918 20
-6.064 -3.642 1.116 20
-6.205 -3.351 0.327 21
-5.384 -5.027 1.398 20
-2.886 -6.208 2.811 20
3.537 -4.999 0.221 20
9.065 -11.003 -0.01 20
3.086 -14.008 6.424 20
-2.194 -8.632 12.827 21
-2.819 -5.065 5.596 20
1.987 -3.782 -5.307 20
6.391 -2.554 -15.864 20
10.452 -2.124 -10.567 20
4.929 3.684 -2.681 20
-4.439 7.718 -0.957 21
-9.413 10.62 -1.799 20
-6.825 14.18 -2.057 20
-4.277 11.527 2.716 20
-3.987 7.476 1.768 20
-6.413 4.793 5.04 20
-5.81 1.271 5.008 21
-3.992 -1.86 1.884 20
-2.918 -6.894 -3.931 20
3.237 -17.139 -8.294 20
5.485 -16.71 -4.295 20
-5.615 -16.376 2.162 20
-9.734 -12.979 2.256 21
-0.486 -6.479 -1.33 20
0.245 1.723 -0.08 20
-3.315 5.575 2.531 20
-3.431 2.758 -1.185 20
-2.847 -0.895 -6.649 20
1.108 0.175 -7.197 21
-0.325 4.57 -4.522 20
-2.94 1.323 -14.048 20
-5.054 5.714 -11.028 20
-6.465 6.934 3.559 20
-2.162 2.132 7.455 21
-1.532 -0.821 4.286 20
-2.071 0.509 3.271 20
-0.158 0.606 2.043 20
0.9 -3.972 -0.317 20
-0.192 -7.451 8.079 20
-0.821 -8.364 1.429 21
-4.939 -17.792 -14.536 20
-9.151 -14.008 1.935 20
-2.516 -1.312 2.966 20
2.596 5.086 -1.797 20
4.203 5.931 -1.388 20
5.158 10.445 1.041 21
4.444 11.164 2.196 20
2.48 10.397 -0.034 20
0.751 9.629 -1.417 20
1.143 9.136 -0.122 20
1.387 8.638 0.679 20
1.565 5.979 2.989 21
0.298 2.427 5.199 20
-0.347 1.096 4.947 20
0.234 1.406 -2.429 20
2.58 0.796 -18.293 20
-11.41 -3.875 9.581 20
-20.23 -13.998 11.478 21
-8.634 -22.086 -4.129 20
0.889 -8.915 -0.491 20
1.845 0.395 2.218 20
4.563 1.485 5.299 20
7.918 -0.719 9.154 20
8.808 -6.977 12.846 21
6.769 -11.917 4.628 20
3.725 -14.477 -27.664 20
-1.202 -9.105 -19.443 20
-0.521 2.496 -2.839 20
-1.851 8.171 -5.273 21
-1.703 8.164 -2.055 20
1.642 7.772 3.962 20
5.488 7.523 7.976 20
5.416 9.099 4.764 20
1.649 10.248 0.493 20
-0.641 7.378 -12.398 21
1.703 -0.752 5.297 20
7.108 -7.125 9.993 20
5.412 -19.911 -1.511 20
-5.487 -35.835 -1.623 20
-6.655 -22.442 6.041 20
-5.09 4.133 3.061 21
-1.481 10.522 -1.431 20
-0.988 12.194 1.257 20
2.49 13.239 0.621 20
0.993 13.549 -1.547 20
0.635 13.104 -3.934 20
-2.933 16.847 3.12 21
-5.041 8.248 3.604 20
-1.622 8.73 6.883 20
-1.193 12.671 9.831 20
-1.903 6.695 9.784 20
3.089 -0.616 -10.664 20
16.177 -9.531 -30.628 21
6.589 -21.344 16.069 20
-11.012 -17.842 4.517 20
-7.427 -8.448 1.306 20
-2.927 1.74 5.532 20
-2.697 4.679 8.002 21
1.334 2.109 7.827 20
6.573 -1.175 3.782 20
13.66 -8.953 6.92 20
15.103 -14.018 -7.388 20
6.571 -9.312 -16.676 20
1.024 -2.863 -9.869 21
-1.742 3.547 -13.386 20
-4.571 6.545 -10.6 20
-2.413 6.022 -3.655 20
-0.953 6.14 1.735 20
-1.466 6.677 5.831 20
-1.647 6.673 6.606 21
-1.825 7.297 -0.461 20
1.465 3.972 -4.005 20
9.602 -5.805 1.155 20
11.729 -14.064 6.654 20
1.829 -26.201 4.253 20
-4.685 -25.252 7.592 21
-3.678 -4.487 3.629 20
-5.246 4.313 0.661 20
-3.865 8.786 -1.607 20
-1.829 13.825 -0.42 20
-1.258 15.963 -1.644 21
-1.206 15.536 -0.932 20
-2.491 12.197 0.536 20
-3.928 8.869 -0.769 20
-4.041 8.665 -1.115 20
-3.193 9.101 1.861 20
-3.04 9.288 5.795 21
-3.917 9.269 5.153 20
-3.767 7.764 0.586 20
-0.885 3.827 -7.972 20
9.107 -11.083 -3.081 20
1.705 -22.997 6.393 20
-3.445 -27.885 1.276 21
1.713 -10.229 4.085 20
2.302 -1.236 12.705 20
8.13 -3.324 7.576 20
14.221 -4.453 0.098 20
16.707 -3.816 -2.668 20
13.307 -0.824 -10.266 21
2.749 3.199 -11.747 20
-3.771 5.231 -7.513 20
-5.633 5.206 -12.828 20
-5.061 3.788 -7.458 20
-2.386 3.405 0.85 20
-2.18 5.615 4.687 21
-2.725 7.156 2.519 20
-2.905 7.369 -0.688 20
-4.139 7.031 -1.742 20
-0.925 4.032 -7.193 20
11.406 -4.358 10.312 20
22.013 -18.089 5.969 21
7.67 -27.775 4.163 20
2.004 -24.476 7.659 20
-3.121 -4.749 5.203 20
-10.674 4.166 -2.424 20
-8.332 8.402 -3.253 20
-3.834 11.778 -1.238 21
-4.632 14.235 -1.118 20
-4.307 14.534 -0.015 20
-4.491 11.378 -0.929 20
-4.688 7.983 -2.44 20
-5.032 7.736 -3.397 21
-5.046 8.086 -0.61 20
-4.417 8.269 3.38 20
-4.615 8.261 4.213 20
-4.796 7.465 2.071 20
-2.443 5.619 -4.939 20
3.518 -4.296 3.507 21
8.323 -20.935 5.301 20
6.18 -34.05 2.259 20
3.096 -18.655 -0.184 20
-5.403 -0.791 13.107 20
-1.519 0.193 11.236 20
9.209 -3.12 1.694 21
19.201 -4.41 -1.711 20
17.964 -0.985 -4.985 20
7.135 4.076 -15.812 20
-2.064 5.477 -8.17 20
-5.619 5.164 -11.096 20
-4.139 3.818 -7.938 21
-0.802 2.785 1.285 20
-2.595 5.18 3.301 20
-3.929 6.555 0.179 20
-4.392 6.225 -0.191 20
-4.183 5.315 -5.124 21
3.797 -0.39 3.174 20
12.104 -8.452 4.567 20
8.595 -14.914 5.362 20
2.615 -23.324 3.744 20
4.417 -19.463 5.495 20
-2.962 -5.213 3.805 21
-9.827 3.31 -1.087 20
-4.843 7.936 -1.823 20
-4.012 11.771 2.092 20
-5.381 13.336 0.432 20
-4.84 12.578 -0.906 20
-6.288 10.481 -2.322 21
-7.138 8.782 -3.172 20
-6.144 7.925 -2.458 20
-5.001 8.099 0.162 20
-4.768 8.85 1.416 20
-5.604 9.267 0.597 21
-5.467 7.939 0.305 20
-3.622 6.945 -7.327 20
4.574 -1.213 -3.075 20
13.109 -15.374 14.662 20
6.781 -25.921 6.601 20
2.904 -25.853 -3.698 21
-6.227 -11.607 2.869 20
-7.4 -0.432 10.092 20
2.689 -2.859 2.541 20
16.369 -8.329 7.026 20
19.49 -5.457 10.213 20
16.295 0.493 -14.083 21
7.87 10.184 -26.785 20
-2.394 11.237 -3.002 20
-7.997 5.987 -4.819 20
-5.132 2.601 -4.4 20
-1.889 3.373 0.383 21
-2.955 5.959 1.727 20
-3.981 6.963 -1.01 20
-4.527 6.353 -2.953 20
-2.602 3.314 -3.511 20
7.087 -4.028 4.786 20
13.672 -14.881 2.067 21
8.457 -21.383 9.585 20
5.671 -28.183 9.029 20
-1.717 -17.297 5.785 20
-11.848 -2.556 1.751 20
-12.766 7.745 -3.307 20
-4.637 12.751 -1.999 21
-3.559 15.229 0.483 20
-3.244 15.09 0.266 20
-3.709 13.314 -1.409 20
-5.354 10.374 -4.073 20
-6.095 8.209 -2.301 20
-5.597 7.767 -1.872 21
-4.871 9.011 -4.755 20
-3.837 8.672 -1.119 20
-3.83 8.059 1.607 20
-2.768 7.84 -2.235 20
1.266 2.395 0.575 20
3.72 -9.654 13.431 21
3.988 -25.636 11.989 20
3.186 -30.907 -2.283 20
-6.829 -13.984 -6.657 20
-7.44 -5.24 15.433 20
2.72 -4.499 11.904 21
15.916 -6.308 3.181 20
20.859 -2.219 -2.711 20
14.315 4.008 -16.566 20
1.528 6.453 -10.964 20
-1.556 4.128 -5.036 20
-3.612 4.147 -12.777 21
-3.648 3.577 -6.167 20
1.123 3.728 3.206 20
0.176 6.41 4.155 20
-2.205 8.546 -3.087 20
-3.117 8.525 -4.79 20
-3.827 7.641 -3.278 21
-1.327 5.152 -1.368 20
10.35 -5.871 7.083 20
17.609 -21.867 7.69 20
8.125 -33.842 8.061 20
0.317 -27.778 6.285 20
-8.696 -8.514 2.3 21
-14.645 3.448 -3.834 20
-8.563 10.871 -2.112 20
-4.365 13.121 1.589 20
-4.443 14.911 1.585 20
-4.363 15.063 -0.75 20
-5.346 11.776 -2.393 21
-5.643 9.397 -3.122 20
-5.284 8.572 -3.728 20
-4.512 8.709 -2.622 20
-3.342 9.694 -2.642 20
-2.493 9.393 0.085 21
-2.47 8.889 2.881 20
3.308 5.387 2.235 20
13.787 -8.293 10.474 20
6.079 -22.307 -7.27 20
-7.945 -23.332 5.824 20
-12.376 -15.178 14.193 21
-10.198 -7.278 2.915 20
3.029 -9.573 2.643 20
18.411 -14.051 5.435 20
18.695 -6.868 2.193 20
9.782 5.093 -15.775 20
3.449 9.594 -6.941 21
3.423 7.525 -0.197 20
-1.224 6.505 -9.866 20
-2.214 6.16 -10.663 20
1.667 5.206 -0.776 20
-0.501 6.841 -0.349 20
-3.931 8.201 -3.658 21
-5.827 8.646 -2.493 20
-5.443 7.749 -1.799 20
-4.06 5.691 0.575 20
3.02 -2.423 6.534 20
15.785 -23.112 -2.36 20
10.324 -41.224 7.111 21
-9.055 -31.304 11.108 20
-13.459 -6.778 6.886 20
-11.223 5.055 0.497 20
-4.517 10.664 -2.936 20
-0.579 12.98 0.608 21
-0.933 15.276 -0.054 20
-1.048 16.254 -0.266 20
-0.786 14.074 -3.15 20
-0.74 9.814 -5.534 20
-1.959 8.811 -3.719 20
-2.807 9.306 -2.287 21
-1.409 9.181 -1.56 20
-0.139 8.397 1.685 20
-1.789 8.219 2.482 20
-3.41 8.016 0.082 20
-2.509 3.45 3.446 20
3.939 -11.55 9.319 21
4.1 -31.866 5.709 20
-0.684 -31.9 -14.905 20
-11.093 -10.704 9.205 20
-8.835 -1.721 17.331 20
2.439 -4.19 12.985 20
16.31 -8.018 8.735 21
21.781 -4.633 -14.629 20
13.001 2.954 -24.747 20
0.132 6.787 4.43 20
-1.544 5.102 -5.621 20
-3.71 4.719 -14.06 21
-2.062 4.43 -6.535 20
2.966 4.407 3.504 20
0.725 7.041 0.62 20
-1.486 8.128 -5.906 20
-3.277 8.204 -3.584 20
-3.767 7.955 0.076 21
-2.014 5.499 -0.37 20
10.434 -5.683 5.431 20
21.33 -23.481 3.391 20
5.015 -27.43 9.058 20
-4.299 -26.813 7.773 20
-8.89 -9.704 6.819 21
-13.408 2.045 -1.334 20
-7.087 8.349 -4.508 20
-0.838 11.136 -0.384 20
-1.899 12.51 -0.709 20
-3.136 13.864 -0.828 21
-4.105 13.128 -2.27 20
-5.059 10.52 -2.299 20
-5.476 9.77 -2.345 20
-5.243 9.62 -2.885 20
-3.481 9.848 -3.803 20
-1.891 9.847 -2.084 21
-1.995 9.114 0.307 20
1.2 6.646 -1.29 20
11.286 -6.824 9.465 20
8.849 -22.673 -3.341 20
-8.715 -24.705 4.312 20
-11.306 -17.247 13.994 21
-7.867 -3.939 5.536 20
-3.76 0.447 4.743 20
8.708 -6.261 8.96 20
18.919 -10.949 3.256 20
14.569 -3.619 -12.257 20
4.104 5.159 -6.777 21
2.784 5.856 0.341 20
1.479 4.799 -6.714 20
-2.287 4.987 -12.232 20
1.843 3.061 -8.107 20
3.681 4.568 0.24 20
-0.434 6.823 -0.613 21
-2.149 7.085 -4.831 20
-2.971 7.011 -3.022 20
-3.198 6.212 -0.01 20
0.191 3.049 1.137 20
12.827 -10.941 5.064 21
12.159 -24.045 0.801 20
-4.993 -29.915 7.65 20
-9.379 -25.21 11.421 20
-11.14 -6.297 5.18 20
-12.932 5.031 -5.097 20
-15.065 16.024 1.6 21
-1.291 14.844 -1.004 20
1.804 11.811 3.914 20
1.832 11.428 -0.243 20
0.431 11.15 -3.722 20
-2.651 12.201 -4.835 20
-2.358 12.484 -3.882 21
-0.785 11.401 -3.338 20
3.026 8.577 -1.635 20
2.461 6.592 1.798 20
9.31 2.783 -0.942 20
21.905 -17.012 0.826 20
-0.324 -31.995 5.758 21
-20.337 -18.023 7.256 20
-16.232 1.399 7.199 20
-8.747 5.743 2.131 20
-1.348 2.282 1.592 20
4.674 -2.123 7.661 20
10.392 -7.238 6.287 21
15.738 -8.437 -7.716 20
12.289 0.977 -7.839 20
5.159 6.964 -3.552 20
-0.491 6.157 -6.083 20
-3.07 5.628 -8.877 20
-1.651 4.328 -9.21 21
-1.552 4.846 -4.128 20
-2.419 6.168 -1.011 20
-1.58 5.51 -1.055 20
-1.982 4.817 1.046 20
-1.885 2.323 -2.744 20
6.484 -14.442 5.677 21
6.519 -22.738 2.826 20
2.325 -13.915 4.113 20
-2.262 -10.889 6.14 20
-6.393 -8.205 4.23 20
-7.017 -0.41 2.425 21
-4.922 5.05 0.82 20
-3.348 8.305 3.36 20
-3.05 10.437 2.075 20
0.516 10.82 -1.342 20
-1.617 11.424 -2.025 20
-3.486 11.235 -4.198 21
-3.437 12.058 -4.673 20
-2.998 10.645 -5.736 20
0.48 7.698 -5.059 20
2.515 5.495 -1.865 20
5.467 1.075 1.658 20
13.727 -8.174 -3.778 21
17.473 -24.294 -2.977 20
-3.772 -12.922 8.724 20
-13.014 -2.721 15.311 20
-0.44 -7.52 1.711 20
10.873 -8.689 -4.429 20
5.786 0.665 -2.72 21
-1.221 6.454 2.085 20
0.97 4.401 -3.094 20
3.376 7.296 -7.918 20
2.568 9.196 -8.487 20
2.381 7.968 -9.238 21
-0.058 5.21 -3.541 20
-3.124 4.678 -1.671 20
-3.618 3.975 -2.909 20
-4.043 3.834 -0.999 20
-5.003 4.544 1.368 20
-3.222 1.405 4.463 21
4.104 -8.108 1.108 20
5.364 -9.721 -7.259 20
8.986 -8.723 -4.246 20
8.51 -6.693 1.602 20
3.509 -8.688 3.246 20
-0.245 -4.626 4.054 21
-0.637 -2.407 -0.786 20
-0.088 2.867 -3.952 20
-1.258 8.764 -4.264 20
-2.896 10.929 -1.696 20
-4.394 11.095 0.51 20
-4.687 10.298 1.44 21
-4.438 7.934 1.919 20
-5.454 6.112 2.796 20
-5.717 5.596 1.359 20
-5.467 5.472 1.451 20
-4.952 4.498 3.07 21
-2.954 2.502 4.257 20
-0.138 0.357 2.294 20
3.677 -0.747 -9.475 20
15.969 -8.811 -8.924 20
11.128 -6.882 7.268 20
5.438 -2.1 4.557 21
3.682 -7.868 5.432 20
2.096 -9.377 2.142 20
-0.887 -4.52 -0.165 20
0.298 -3.633 -4.628 20
4.675 -3.776 -5.726 20
4.503 -1.546 -3.974 21
4.427 2.106 -3.357 20
2.928 5.86 -2.78 20
-1.048 7.178 -1.917 20
-5.529 6.204 -0.734 20
-7.932 3.46 0.57 20
-7.848 1.602 0.049 21
-7.466 -0.042 0.411 20
-7.28 0.332 0.865 20
-5.541 -0.142 2.54 20
-2.374 -1.096 -2.29 20
3.112 -3.673 -7.289 20
10.8 -7.121 6.111 21
6.048 -4.18 3.232 20
0.907 -6.25 8.135 20
1.989 -11.728 4.066 20
6.747 -16.627 3.916 20
5.246 -12.019 0.139 21
2.27 -1.967 -2.713 20
0.655 8.213 3.312 20
-0.406 12.074 -1.9 20
-0.469 9.744 -1.72 20
-2.636 8.467 0.725 20
-6.826 9.783 3.035 21
-9.522 10.139 4.217 20
-11.685 11.503 1.747 20
-13.009 9.935 3.558 20
-10.716 5.246 3.793 20
-6.812 2.938 1.296 20
-2.444 1.536 0.104 21
7.262 -1.633 -6.662 20
19.721 -15.66 10.045 20
12.702 -16.763 0.201 20
3.043 -12.78 -4.244 20
-3.879 -12.575 8.44 20
-8.176 -8.455 7.568 21
-9.357 -2.014 -0.639 20
-7.285 -1.108 -3.214 20
-5.146 -2.103 1.794 20
2.693 -6.517 3.203 20
11.867 -8.392 -4.106 21
12.56 -1.764 -9.251 20
6.216 6.017 -7.093 20
-0.825 9.307 -3.505 20
-7.13 7.678 -1.647 20
-8.161 4.56 -1.998 20
-3.51 2.858 -1.66 21
-1.624 4.122 -0.101 20
-0.718 5.855 0.869 20
0.951 6.091 0.054 20
-0.301 5.348 -4.282 20
3.385 0.068 -4.557 20
8.746 -6.003 2.829 21
9.687 -16.165 5.209 20
3.119 -28.635 8.426 20
-1.631 -27.306 9.832 20
-5.187 -6.826 0.603 20
-8.518 4.256 -5.407 20
-4.903 7.73 -1.065 21
2.108 9.717 1.619 20
1.734 11.457 -0.267 20
-0.808 11.689 1.772 20
-2.329 11.309 1.028 20
-3.241 9.534 -2.204 21
-3.057 7.72 -3.771 20
-2.846 7.28 -3.372 20
-3.029 7.429 -1.218 20
-2.819 7.991 1.592 20
-3.102 8.791 2.687 20
-2.354 8.531 0.228 21
5.055 2.57 5.16 20
10.114 -17.356 9.54 20
4.918 -30.831 -3.788 20
0.8 -19.887 0.427 20
-9.858 -3.691 5.72 20
-12.703 3.067 2.839 21
-8.451 3.474 2.982 20
1.124 -1.031 9.867 20
10.69 -6.369 13.292 20
12.486 -8.123 -2.77 20
8.482 -2.117 -26.553 20
0.856 6.333 -5.577 21
1.296 7.862 -0.765 20
-0.913 5.185 -3.938 20
-3.911 3.725 -3.29 20
-4.253 3.941 -2.667 20
-3.31 5.049 -1.948 21
-3.434 6.069 1.066 20
-3.263 5.964 2.132 20
1.432 2.293 1.257 20
12.47 -13.46 -5.004 20
8.53 -31.181 -4.134 20
-7.334 -29.445 9.91 21
-8.942 -10.35 5.819 20
-5.036 -0.196 -2.642 20
-6.087 6.108 -0.026 20
-2.052 9.681 3.33 20
3.193 9.131 0.8 20
1.724 8.69 -2.308 21
-1.026 9.751 1.846 20
-1.583 10.278 2.338 20
-2.06 7.854 -0.195 20
-2.497 6.777 -0.859 20
-2.637 7.292 -0.736 21
-1.815 7.634 0.169 20
-0.73 8.032 0.417 20
0.027 9.019 -5.932 20
2.327 8.809 -9.595 20
9.263 2.124 1.883 20
14.679 -13.354 12.871 21
5.64 -30.027 0.334 20
-5.835 -24.404 6.607 20
-7.446 -3.406 9.874 20
-6.639 5.665 1.045 20
-5.36 6.326 -2.1 20
-3.231 5.566 0.082 21
2.447 1.359 5.743 20
6.82 -3.083 8.86 20
5.364 -3.62 2.127 20
3.9 -1.484 -14.843 20
2.398 1.936 -7.895 20
0.528 3.899 -1.114 21
-0.272 3.776 -3.107 20
0.694 3.373 -3.79 20
0.502 3.518 -3.758 20
-1.641 4.471 -4.225 20
-2.751 4.819 -1.326 20
-3.196 3.846 0.25 21
2.448 -3.273 2.461 20
7.934 -17.988 -0.283 20
-4.386 -29.163 -1.835 20
-12.035 -21.325 2.584 20
-7.004 -2.014 5.877 20
-5.207 5.305 2.387 21
-5.481 7.916 -1.609 20
-1.184 7.754 3.107 20
5.399 6.575 2.376 20
4.501 7.269 -2.257 20
0.293 9.906 -0.97 20
-0.179 9.959 0.087 21
-0.161 7.348 -0.966 20
-0.68 5.72 -0.466 20
-0.825 5.845 1.088 20
-0.51 6.595 2.239 20
0.215 6.757 2.774 21
2.632 6.023 2.3 20
7.599 4.965 0.852 20
15.898 -0.517 -3.622 20
18.573 -18.142 -20.19 20
-7.594 -22.293 -3.524 20
-13.593 -8.954 12.958 21
-7.312 -3.283 3.701 20
-3.856 -2.017 -1.377 20
-4.104 -0.343 0.484 20
-4.633 0.907 5.606 20
-1.551 1.318 12.509 20
3.398 1.316 13.354 21
4.742 1.279 6.184 20
4.936 -0.211 -1.334 20
6.159 -0.972 -16.37 20
3.919 1.834 -10.188 20
-0.223 4.395 -0.839 20
-0.138 3.089 -2.874 21
1.49 1.379 -2.434 20
0.513 1.627 -1.267 20
-0.376 3.247 -1.199 20
1.057 3.34 -3.981 20
1.404 2.661 -5.437 21
0.617 1.69 -1.804 20
1.105 -1.043 -0.675 20
6.652 -11.954 -1.648 20
-1.177 -18.545 -4.642 20
-12.158 -15.417 3.738 20
-9.737 -15.531 4.259 21
-4.895 -8.161 4.529 20
-4.457 -0.101 6.064 20
-2.026 4.27 4.619 20
1.968 6.598 1.637 20
2.12 9.159 -1.214 20
-0.076 12.475 0.564 21
-0.534 14.089 0.417 20
-0.841 11.912 -3.94 20
-1.328 8.037 -3.649 20
-1.504 6.946 -2.03 20
-1.422 7.062 -1.745 20
-0.663 6.707 -0.402 21
0.461 6.873 1.259 20
1.171 7.309 0.615 20
3.497 6.39 0.136 20
6.901 1.976 -3.484 20
11.661 -11.503 4.642 20
0.174 -23.676 -3.813 21
-13.584 -19.418 7.578 20
-8.369 -8.141 9.269 20
-5.102 -4.582 0.218 20
-2.201 -2.343 -0.676 20
2.222 -0.33 2.071 21
5.477 -0.125 6.477 20
4.867 0.644 8.947 20
4.193 1.702 -1.114 20
7.794 -0.784 -16.143 20
2.121 -0.26 -6.772 20
-3.929 1.072 -6.412 21
0.745 -0.498 -6.956 20
4.167 1.079 -2.725 20
1.362 4.641 -1.398 20
-0.966 6.255 -1.769 20
-1.488 6.981 0.015 20
-1.952 6.962 -1.773 21
3.382 0.969 3.104 20
10.176 -13.001 -3.527 20
3.978 -23.569 2.422 20
-10.006 -29.497 8.664 20
-7.414 -15.815 10.253 21
-4.87 -1.007 0.859 20
-5.623 4.843 -1.716 20
-2.122 8.215 0.317 20
0.027 10.998 0.514 20
-1.011 13.184 0.766 20
-1.902 13.959 -2.164 21
-2.658 14.275 -2.779 20
-3.078 13.238 -3.105 20
-2.412 10.204 -2.792 20
-2.414 9.324 -1.164 20
-2.453 9.245 -1.043 20
-1.643 8.76 -2.297 21
0.336 7.736 -1.789 20
3.532 3.644 0.028 20
9.722 -8.15 11.518 20
-4.541 -23.416 7.337 20
-9.927 -26.691 9.975 20
-5.282 -14.104 -4.071 21
-1.746 -6.483 -2.071 20
2.998 -2.074 8.997 20
6.626 -2.346 8.179 20
10.172 -5.159 4.593 20
11.694 -2.61 -11.612 20
10.301 0.849 -10.324 21
6.959 1.409 -2.024 20
2.917 3.368 -9.132 20
0.782 5.512 -8.527 20
0.598 6.384 -1.002 20
-1.42 7.216 0.083 20
-3.26 8.027 -4.247 21
-3.981 7.753 -3.083 20
-3.542 6.783 -0.19 20
1.705 2.692 2.965 20
13.293 -10.538 3.516 20
10.886 -22.135 -3.781 20
-5.908 -25.643 7.861 21
-6.382 -21.565 14.316 20
-7.061 -5.533 3.679 20
-10.436 2.067 -4.462 20
-6.23 5.801 -2.149 20
0.791 8.78 0.303 20
-0.449 12.158 0.348 21
-2.638 13.952 -1.37 20
-2.671 13.316 -3.578 20
-3.213 10.93 -3.11 20
-3.42 9.281 -1.797 20
-2.909 8.913 -3.072 21
-2.392 9.125 -2.073 20
-1.409 9.698 -0.939 20
-1.818 9.649 -0.467 20
-1.94 8.647 0.214 20
1.164 2.447 7.902 20
7.291 -11.06 9.469 21
0.146 -26.171 -2.47 20
-4.055 -26.932 2.693 20
-7.823 -11.62 7.307 20
-5.547 -2.417 4.761 20
4.014 -3.794 2.646 20
15.324 -8.522 3.093 21
16.715 -5.096 -1.928 20
13.069 1.754 -11.049 20
6.005 6.032 -6.505 20
-0.426 6.828 -3.416 20
-3.783 6.503 -8.122 20
-0.999 4.796 -6.71 21
1.655 4.713 -0.888 20
-0.202 6.57 -0.168 20
-1.575 7.058 -3.592 20
-3.278 6.697 -2.17 20
-3.829 6.023 -2.162 20
2.244 0.572 3.348 21
16.652 -16.714 0.435 20
11.343 -25.775 7.15 20
-7.467 -26.406 11.288 20
-5.681 -17.092 11.058 20
-9.81 -2.631 1.7 21
-11.783 4.371 -5.14 20
-5.312 9.304 -2.321 20
-1.374 11.299 -1.015 20
-1.336 12.485 -0.107 20
-1.627 13.118 -1.804 20
-2.027 10.918 -5.006 21
-3.389 10.367 -4.376 20
-3.874 10.051 -2.729 20
-3.903 10.206 -4.705 20
-3.055 10.155 -3.105 20
-2.152 9.439 1.174 20
-1.523 9.06 0.561 21
2.78 6.727 -0.542 20
10.576 -7.846 14.486 20
4.653 -21.813 3.888 20
-6.604 -29.753 -3.677 20
-11.577 -14.813 7.357 20
-10.092 -1.629 11.714 21
-3.662 -2.701 4.426 20
13.163 -10.054 3.067 20
22.778 -8.644 -0.003 20
15.144 2.156 -13.986 20
3.277 7.438 -4.533 20
-2.079 5.565 0.361 21
-3.419 3.93 -9.272 20
-1.939 2.459 -12.536 20
2.807 1.967 -4.407 20
1.582 5.522 1.161 20
-0.106 6.535 -2.632 21
-2.225 5.95 -2.44 20
-3.178 5.976 -0.835 20
0.386 2.888 3.253 20
14.803 -11.79 2.768 20
15.767 -23.726 7.998 20
-4.623 -25.82 9.045 21
-5.517 -22.742 9.027 20
-9.581 -6.485 5.852 20
-12.84 4.979 -3.36 20
-6.88 11.408 -4.368 20
-2.402 12.876 0.505 21
-1.581 13.809 0.321 20
-2.805 15.093 -1.707 20
-3.296 12.659 -4.071 20
-3.335 10.084 -3.89 20
-3.651 9.949 -4.053 20
-3.659 10.754 -6.584 21
-1.753 10.239 -1.944 20
-0.7 9.429 2.801 20
-1.605 9.57 2.674 20
-0.069 9.475 14.404 20
10.818 -13.576 5.965 20
13.373 -28.261 -13.712 21
-2.503 -30.413 -2.79 20
-12.411 -9.43 10.564 20
-7.477 -1.161 16.561 20
-4.205 -5.046 -3.725 20
9.284 -10.194 0.451 20
17.26 -2.528 3.328 21
15.654 4.929 -10.744 20
6.957 6.057 -10.683 20
-2.025 5.982 -5.303 20
-4.625 7.559 -7.403 20
-3.082 6.048 -8.523 20
-2.224 5.942 -4.527 21
-1.478 5.725 -3.376 20
0.025 4.477 -1.727 20
-1.091 4.603 3.545 20
-2.181 3.168 2.253 20
5.0 -6.287 4.559 20
14.057 -27.435 0.123 21
1.643 -31.483 8.933 20
-6.258 -14.079 9.751 20
-8.67 -1.626 4.57 20
-10.957 7.226 1.506 20
-2.656 10.289 -1.336 21
1.403 8.456 -1.015 20
-0.689 9.658 -0.086 20
-2.369 8.225 1.709 20
-2.542 4.052 -0.957 20
-1.945 10.619 -6.159 20
-3.382 16.559 -9.195 21
-0.884 15.25 -5.238 20
3.927 6.76 1.529 20
1.771 8.278 2.788 20
2.402 4.743 -1.853 20
9.997 -5.734 -2.612 20
14.671 -31.646 8.428 21
-6.894 -21.622 1.609 20
-8.395 -0.908 8.125 20
-1.388 1.435 10.822 20
-1.751 0.395 6.775 20
-1.386 3.544 -2.616 21
11.611 -2.309 -7.224 20
10.912 -1.339 -3.384 20
9.626 11.022 -2.183 20
10.434 12.279 -6.898 20
-0.877 7.03 -5.497 20
-8.118 3.833 -3.953 21
-5.432 4.141 -5.66 20
-4.6 4.732 -4.568 20
-4.08 4.269 -2.496 20
-2.555 3.049 2.558 20
-3.047 2.263 5.215 20
1.928 -4.395 7.494 21
16.415 -29.695 2.903 20
4.632 -25.299 3.371 20
-0.644 -3.799 4.576 20
3.936 -5.926 5.55 20
-1.359 -2.593 3.768 20
-6.915 3.579 0.95 21
-4.717 6.981 -3.807 20
0.221 9.661 -3.135 20
-3.607 9.911 0.0 20
-3.382 9.325 0.097 20
-2.891 8.722 -2.488 21
-5.417 9.027 -6.336 20
-6.346 9.278 -5.797 20
-4.424 7.246 -3.199 20
-2.736 4.012 0.828 20
-3.337 2.951 2.403 20
-2.794 3.007 0.996 21
5.37 -0.315 -10.882 20
16.467 -19.387 6.333 20
6.567 -15.196 15.044 20
3.006 0.451 2.344 20
3.646 -4.608 1.564 20
2.917 -4.94 3.753 21
1.653 -1.445 3.854 20
6.812 -1.488 -1.597 20
7.08 1.499 -0.292 20
4.099 7.491 -1.451 20
2.411 7.82 -2.351 20
-0.649 6.661 -4.009 21
-4.428 6.255 -5.743 20
-6.419 2.784 -4.834 20
-7.261 1.275 -4.34 20
-6.664 1.367 -3.462 20
-4.1 1.814 -1.335 21
-0.825 2.291 3.151 20
-1.055 0.216 3.006 20
6.056 -12.07 2.694 20
11.481 -17.783 1.608 20
4.027 -1.308 2.346 20
5.926 -3.171 10.399 21
2.583 -12.213 6.823 20
-1.331 -5.207 0.609 20
1.604 -1.377 -4.442 20
-1.673 4.057 -2.323 20
-2.745 7.182 -2.524 20
0.089 8.997 1.826 21
-2.167 8.363 2.637 20
-6.336 5.927 -4.395 20
-8.321 7.425 -6.724 20
-7.269 9.046 -1.823 20
-5.816 6.753 -0.177 20
-5.344 5.458 -1.953 21
-2.248 4.035 -1.635 20
2.432 1.952 -0.411 20
11.61 -5.54 -6.238 20
21.966 -20.905 9.824 20
-0.7 -5.327 6.357 21
-10.237 -1.207 10.808 20
-4.863 -10.663 2.875 20
-0.504 -7.055 -4.306 20
5.683 -3.499 -4.796 20
9.351 1.675 -3.32 20
7.907 8.025 -4.601 21
4.801 8.781 -3.203 20
1.324 7.711 -1.509 20
-2.156 7.712 -2.145 20
-5.9 5.675 -1.941 20
-8.227 3.807 -2.663 20
-8.711 2.39 -3.676 21
-6.956 0.859 -1.766 20
-3.928 -3.516 2.471 20
-1.129 -9.371 2.25 20
9.194 -12.3 -1.777 20
16.553 -5.037 -2.826 20
3.618 0.433 2.095 21
0.128 -6.567 3.569 20
0.755 -6.348 0.17 20
0.656 -2.55 0.071 20
-0.799 1.117 -0.073 20
-1.968 6.261 -1.486 21
-1.538 7.28 -1.866 20
-1.268 6.985 -1.781 20
-1.341 6.864 -0.85 20
-2.348 6.669 -0.062 20
-4.275 6.143 -1.002 20
-6.454 5.49 -0.309 21
-7.176 4.333 1.562 20
-6.408 2.806 1.934 20
-5.041 2.155 0.544 20
-2.823 1.12 -0.646 20
2.191 -3.555 -5.063 20
14.336 -11.129 -1.418 21
8.03 -7.899 7.532 20
4.976 -2.282 4.39 20
7.171 -5.262 -1.179 20
3.14 -4.106 -0.343 20
2.766 -5.396 4.517 20
1.866 -5.085 0.765 21
0.744 -3.253 -1.363 20
-0.203 1.282 -2.283 20
0.362 3.148 -3.32 20
0.097 4.786 -4.715 20
-1.451 6.421 -4.545 21
-3.744 5.74 -3.11 20
-5.735 3.454 -1.283 20
-6.459 2.623 -0.566 20
-6.663 3.353 -0.313 20
-5.03 3.218 1.541 20
-2.49 1.217 2.997 21
-1.465 -1.509 1.255 20
1.216 -3.895 -2.936 20
10.238 -8.848 -0.111 20
14.242 -12.43 1.609 20
7.43 -9.49 10.524 20
-3.863 -6.974 3.026 21
-3.358 -8.342 0.929 20
6.525 -6.688 0.388 20
5.86 0.674 -1.944 20
-0.728 7.887 -3.256 20
-3.708 10.608 0.242 20
-4.874 9.635 2.499 21
-5.234 7.495 1.828 20
-6.107 5.318 -1.4 20
-8.847 5.511 -0.585 20
-8.631 6.93 -1.596 20
-7.455 7.201 -0.47 21
-6.181 6.718 1.706 20
-3.849 4.987 2.691 20
0.692 3.956 1.009 20
6.241 0.529 -9.68 20
18.481 -15.751 3.082 20
18.297 -19.951 -4.312 21
0.548 -9.095 12.564 20
-13.541 -6.431 14.699 20
-8.757 -3.83 -3.354 20
-4.701 -0.015 -2.928 20
0.641 -2.585 -1.673 20
7.795 -3.969 -3.97 21
10.967 -4.694 -6.857 20
6.796 0.018 -2.844 20
-2.09 7.083 1.093 20
-4.356 7.793 -0.3 20
-3.716 5.052 -2.094 20
-4.808 3.301 -1.567 21
-3.383 2.736 -0.684 20
-2.333 3.359 -1.415 20
-2.458 4.881 -1.755 20
0.329 3.0 -3.918 20
1.866 -2.014 -9.276 21
6.804 -8.571 2.816 20
4.202 -14.982 8.077 20
3.758 -22.95 5.243 20
-5.863 -12.437 10.113 20
-6.016 -9.664 3.125 20
-3.384 -5.192 -4.806 21
-2.034 2.229 -8.186 20
0.846 5.814 -3.705 20
0.061 8.781 -0.283 20
-1.579 10.033 1.755 20
-3.152 9.277 1.632 20
-4.154 9.169 1.759 21
-5.537 9.278 2.366 20
-5.397 8.327 1.194 20
-4.683 7.966 -0.225 20
-3.555 7.913 -0.094 20
-2.285 7.146 0.6 21
-3.182 5.105 0.535 20
-1.863 2.154 -6.024 20
7.006 -7.154 -6.124 20
14.832 -22.77 17.495 20
3.568 -10.589 1.517 20
-1.544 -7.66 -0.335 21
-3.459 -8.643 4.542 20
-3.711 -3.283 2.091 20
-0.028 -2.752 -5.033 20
1.912 -3.234 1.079 20
0.716 -2.984 5.005 20
0.907 -1.827 3.877 21
5.767 -1.243 -3.747 20
5.541 2.006 -8.262 20
5.255 3.409 -7.559 20
2.355 4.953 -5.052 20
-4.425 6.255 -1.026 20
-3.65 5.14 -0.061 21
-1.401 5.78 -0.941 20
-1.092 6.094 -0.213 20
0.077 4.472 -1.117 20
1.304 2.237 -3.89 20
5.531 -2.233 3.678 20
7.929 -8.529 3.155 21
6.483 -15.729 5.094 20
-0.58 -20.498 7.993 20
-2.674 -19.076 3.809 20
-3.29 -9.306 -2.325 20
-6.62 0.381 1.977 20
-2.069 6.576 1.154 21
0.582 11.737 -0.23 20
-1.67 13.418 0.861 20
-0.938 12.324 -0.406 20
-2.806 10.697 -2.784 20
-6.234 8.916 -3.111 21
-7.639 8.188 -2.518 20
-7.675 8.201 -1.393 20
-7.338 8.2 1.576 20
-6.978 8.273 1.617 20
-7.067 7.95 -0.049 20
-5.185 6.454 0.309 21
1.184 1.057 0.379 20
13.503 -13.54 6.078 20
14.707 -30.938 -3.808 20
1.579 -27.803 -6.033 20
-3.191 -9.203 3.523 20
-4.543 0.692 14.278 21
-2.28 1.858 9.055 20
6.338 0.463 6.654 20
10.637 -0.525 1.907 20
10.884 -0.768 -8.614 20
7.952 0.352 -14.365 20
-2.147 3.238 -2.847 21
-5.66 3.089 -6.087 20
-3.712 -0.042 -7.016 20
0.147 -0.294 -0.592 20
0.057 4.829 0.589 20
-0.595 7.004 -1.372 21
-0.32 6.573 -1.692 20
-0.958 5.978 -1.68 20
4.824 0.142 2.109 20
14.854 -12.719 -0.052 20
5.273 -16.852 6.027 20
-6.471 -20.638 5.871 21
-3.892 -19.372 11.555 20
-7.168 -5.993 7.149 20
-9.532 1.215 0.031 20
-5.56 5.408 -5.715 20
-2.546 10.287 -0.946 20
-2.38 12.337 0.543 21
-2.325 12.884 -1.153 20
-3.1 12.449 -2.765 20
-3.691 10.137 -3.504 20
-3.565 9.188 -3.938 20
-4.739 9.752 -4.402 20
-4.938 9.879 -1.308 21
-3.418 10.176 -0.684 20
-1.226 9.223 3.547 20
5.1 4.262 -1.662 20
18.216 -14.055 0.948 20
-0.443 -25.477 -1.287 20
-17.773 -19.379 18.154 21
-13.32 -8.739 5.634 20
-7.476 -5.214 -5.537 20
7.101 -10.056 7.11 20
19.937 -12.338 11.159 20
19.206 -5.445 -4.963 21
10.035 5.785 -10.999 20
3.101 9.609 2.054 20
0.106 6.197 -1.061 20
-0.388 4.288 -8.239 20
-1.139 5.985 -10.845 20
-0.395 6.288 -5.678 21
0.991 5.961 -1.13 20
0.204 5.981 -1.564 20
-1.581 5.609 -1.184 20
-3.184 5.63 -2.053 20
0.529 1.846 1.286 20
10.518 -10.04 1.039 21
9.419 -19.677 -0.127 20
-2.047 -26.644 6.872 20
-9.196 -26.219 14.19 20
-9.648 -9.103 10.313 20
-11.236 2.864 -2.92 21
-4.181 7.383 -2.14 20
2.173 10.655 1.522 20
-1.501 12.323 -0.714 20
-2.086 12.19 -1.593 20
-2.651 12.922 -3.784 20
-4.771 12.115 -3.798 21
-4.751 9.925 -1.693 20
-4.2 9.564 -3.246 20
-2.329 9.552 -3.297 20
-0.632 10.086 -2.547 20
-0.778 10.49 -0.917 20
0.965 9.833 -2.757 21
13.483 -2.306 6.069 20
13.499 -19.58 2.437 20
-12.936 -25.808 0.085 20
-18.811 -20.97 10.914 20
-9.77 -7.006 3.529 21
-3.571 -1.013 0.669 20
6.648 -4.891 8.989 20
19.667 -10.879 10.843 20
19.311 -5.949 -5.127 20
7.973 5.265 -18.496 20
0.995 7.597 0.83 21
-0.662 5.311 0.491 20
-2.42 5.03 -9.664 20
-1.801 4.988 -10.541 20
0.757 4.13 -3.185 20
1.455 5.685 1.123 20
0.775 7.042 -0.62 21
-0.244 6.872 -2.43 20
-1.983 6.819 -0.893 20
-0.164 4.436 -0.276 20
12.798 -8.117 -1.623 20
14.974 -21.838 -0.111 20
-1.42 -28.231 8.982 21
-12.281 -27.594 12.604 20
-12.286 -10.575 5.605 20
-9.141 2.796 -5.131 20
-1.645 8.346 -1.034 20
1.358 10.944 3.654 20
1.054 12.359 -1.204 21
-0.465 13.749 -0.648 20
-1.242 13.461 -3.252 20
-3.002 10.536 -4.115 20
-4.448 8.633 -1.592 20
-5.232 8.499 -1.5 20
-4.687 9.011 -2.064 21
-3.048 9.339 0.087 20
-2.363 9.826 0.425 20
-1.56 10.197 -6.604 20
4.093 1.356 4.684 20
8.808 -12.795 11.145 20
-5.143 -23.685 1.266 21
-13.065 -24.792 5.391 20
-12.886 -14.291 10.669 20
-4.41 -8.578 3.621 20
10.702 -9.378 -2.466 20
21.396 -6.72 1.645 21
19.576 1.269 0.422 20
9.867 9.252 -12.854 20
1.296 10.371 -4.056 20
-1.316 7.518 -2.777 20
-3.028 5.389 -8.579 20
-1.522 3.968 -7.587 21
1.831 4.395 -1.486 20
1.176 6.599 -0.915 20
0.385 6.719 -1.947 20
-1.901 6.33 -2.071 20
-3.093 4.573 -3.41 20
3.185 -3.733 2.883 21
14.578 -24.263 -3.754 20
4.949 -35.159 11.055 20
-12.025 -29.651 13.742 20
-12.349 -10.152 7.363 20
-11.549 3.6 -1.114 20
-4.795 10.861 -0.608 21
-0.487 13.576 -0.135 20
-3.372 14.762 -3.045 20
-4.035 14.215 2.224 20
-1.601 11.56 1.216 20
-0.798 10.277 -3.126 21
-1.551 11.19 -5.163 20
-1.042 12.457 -5.41 20
3.628 11.231 0.44 20
5.317 9.899 4.313 20
3.171 8.842 0.657 20
4.466 6.261 -6.128 21
17.682 -11.06 0.928 20
5.367 -46.799 -1.378 20
-20.542 -27.279 -1.467 20
-8.148 1.56 11.259 20
-6.706 3.319 7.986 20
-1.767 0.801 2.479 21
5.461 -6.024 10.708 20
11.057 -13.149 6.147 20
14.16 -7.255 -15.444 20
9.872 10.724 -9.715 20
3.353 17.712 -5.063 20
1.019 12.772 -5.767 21
-0.859 8.981 -4.379 20
-2.64 8.346 -3.473 20
-2.315 7.177 -3.398 20
-2.541 6.614 -1.939 20
-2.519 6.399 -0.262 20
-1.534 3.989 2.43 21
-2.595 -0.895 4.841 20
-0.475 -10.417 -1.036 20
17.503 -23.16 -0.35 20
8.291 -6.332 3.651 20
-0.874 -8.11 5.579 21
-3.145 -11.507 5.86 20
-3.385 -4.218 2.728 20
-4.051 2.886 -0.206 20
-2.389 5.46 -0.513 20
-2.187 7.711 0.177 20
-3.188 8.455 0.541 21
-2.981 7.7 -0.814 20
-3.722 8.696 -3.191 20
-5.006 9.389 -2.822 20
-4.516 8.912 -1.345 20
-3.81 7.747 -1.629 21
-2.832 6.245 -2.177 20
-0.733 4.554 -1.496 20
4.488 1.285 -2.368 20
15.174 -12.518 -5.499 20
10.386 -25.627 12.664 20
-6.662 -14.113 2.778 21
-10.389 -2.019 7.937 20
-6.675 0.907 6.885 20
-4.285 -0.541 2.436 20
-4.026 -2.097 0.13 20
4.874 -9.618 6.783 20
13.541 -7.188 2.032 21
17.863 1.925 -4.41 20
14.708 10.084 -7.707 20
2.628 9.736 -6.872 20
-2.42 5.168 -5.934 20
-3.256 6.96 -6.887 20
-3.627 8.265 -5.219 21
-2.292 7.305 -4.186 20
-1.981 6.352 -3.185 20
-4.001 5.122 -0.269 20
-5.724 1.404 3.256 20
-2.908 -6.439 -0.451 20
8.61 -23.474 6.222 21
6.607 -19.934 5.818 20
3.208 -11.988 1.868 20
-0.831 -9.838 4.991 20
-2.41 -3.624 5.449 20
-3.441 1.118 3.091 20
-3.886 4.219 0.503 21
-4.961 5.808 -2.554 20
-4.819 8.664 -3.676 20
-5.128 9.93 -3.214 20
-4.583 8.283 -2.409 20
-3.409 7.382 -2.535 21
-3.007 8.625 -3.404 20
-2.62 10.147 -4.386 20
-2.22 10.62 -1.58 20
-1.207 8.723 2.777 20
-0.118 4.281 3.265 20
4.517 1.069 -3.033 21
10.74 -9.995 3.433 20
0.105 -27.925 4.873 20
-4.661 -16.429 -0.975 20
-1.866 0.71 1.303 20
-4.062 2.167 7.317 20
-4.755 0.605 8.241 21
-0.649 -0.439 5.97 20
6.366 -4.041 2.75 20
8.799 -6.8 0.127 20
7.162 -1.588 -2.748 20
9.154 0.963 -4.696 20
4.162 -0.107 -9.601 21
-3.95 1.863 -6.914 20
-2.454 4.811 -6.919 20
-0.078 7.07 -3.644 20
0.364 7.486 -2.057 20
-0.305 7.71 -2.184 20
-2.586 7.575 0.602 21
-3.562 5.716 -1.618 20
5.205 -6.978 1.902 20
9.016 -29.129 5.948 20
-0.519 -18.228 3.486 20
-3.505 -8.404 5.815 21
0.225 -8.424 8.286 20
-1.601 -3.19 0.093 20
-4.194 0.39 1.28 20
-5.467 5.025 0.245 20
-3.698 8.073 -0.958 20
-3.578 10.418 -0.653 21
-3.449 10.605 -1.642 20
-3.427 8.891 -2.907 20
-4.186 9.076 -3.457 20
-4.285 10.27 -3.698 20
-4.352 10.129 -3.091 20
-3.753 10.039 -3.526 21
-1.414 8.627 -1.353 20
0.281 7.292 -0.134 20
4.817 4.077 1.951 20
21.585 -16.315 13.607 20
10.035 -38.155 3.918 20
-15.976 -20.675 -5.604 21
-14.626 -0.933 9.856 20
-9.009 1.996 5.071 20
-6.446 3.086 5.771 20
-1.181 -0.18 11.858 20
7.855 -6.006 11.496 21
13.699 -8.84 -18.76 20
5.906 -3.564 -18.736 20
-0.071 5.602 3.465 20
3.18 6.609 -2.318 20
-1.561 6.153 -6.118 20
-1.34 5.307 -6.823 21
0.362 5.777 -5.515 20
0.22 7.769 -2.299 20
0.377 7.686 -1.623 20
0.825 6.495 0.684 20
-0.369 5.964 2.538 20
4.345 0.187 1.497 21
22.081 -23.654 -0.447 20
5.137 -34.655 7.293 20
-14.598 -26.447 15.078 20
-7.503 -5.987 9.318 20
-4.18 -3.485 -14.996 20
-8.322 1.476 -4.26 21
-5.83 9.556 6.671 20
-1.461 11.461 -0.353 20
1.107 11.175 -1.969 20
-3.331 12.817 0.409 20
-3.248 11.654 1.484 21
-1.235 8.544 -2.617 20
-3.391 7.556 -5.195 20
-1.053 7.578 -10.089 20
1.442 7.773 -8.183 20
7.011 7.863 2.929 20
14.796 7.337 5.835 21
10.705 8.988 -2.321 20
1.412 6.992 -3.831 20
4.14 -4.941 -0.112 20
9.605 -21.863 24.706 20
-2.886 -30.234 2.183 20
-7.655 -19.274 -10.185 21
-17.499 -2.876 9.811 20
-16.142 2.604 8.625 20
-8.67 3.428 -3.111 20
-0.337 1.541 -3.74 20
6.722 -1.624 -0.378 20
9.228 -2.936 4.586 21
7.139 -0.887 -2.829 20
2.385 3.495 -13.037 20
0.109 6.315 -0.563 20
0.098 6.218 1.73 20
-0.329 5.534 -2.163 21
-0.355 5.571 -2.197 20
0.644 5.068 -0.742 20
1.582 3.925 0.129 20
1.434 2.965 1.114 20
1.644 0.849 2.477 20
0.544 -0.222 0.373 20
-1.236 0.265 -3.1 21
-1.309 -0.449 -2.361 20
0.044 -1.995 -1.825 20
1.473 -2.31 -0.691 20
1.433 -1.144 2.091 20
1.747 -1.245 3.098 21
3.198 -4.119 0.718 20
-1.961 -4.281 -1.772 20
-8.989 -6.364 -1.64 20
-9.315 -9.759 4.513 20
-6.54 -8.801 0.597 20
-4.879 -3.044 -2.946 21
-1.431 -0.469 -1.701 20
1.246 1.116 2.69 20
0.878 2.973 3.469 20
0.005 4.049 -0.174 20
-0.281 4.847 -2.265 20
-0.039 5.3 -1.335 21
-0.626 5.065 1.738 20
-1.07 4.886 2.592 20
-0.665 5.174 -0.04 20
-0.094 5.629 -2.11 20
-0.104 5.728 -3.552 20
0.804 3.611 -2.843 21
2.793 1.135 -1.548 20
5.405 -0.745 -1.471 20
9.239 -2.529 0.396 20
10.206 -2.513 2.937 20
3.334 0.82 -1.461 20
0.239 1.378 -4.432 21
0.98 -3.9 -0.151 20
-1.135 -7.805 8.045 20
-3.287 -8.534 0.919 20
-4.338 -3.403 -4.182 20
-4.905 2.081 -2.283 21
-4.694 2.446 1.747 20
-3.904 2.059 5.669 20
-3.11 6.029 4.233 20
1.421 5.644 0.649 20
5.796 -2.23 0.651 20
2.217 -5.705 2.813 21
-1.373 -3.869 3.569 20
0.393 -0.502 -3.503 20
0.373 0.647 -5.401 20
-2.69 1.226 -1.256 20
-2.507 1.472 3.075 20
-1.597 1.276 4.451 21
-1.204 0.387 1.647 20
-0.073 -1.074 -3.775 20
0.82 -0.647 -3.958 20
1.839 -0.401 -1.221 20
2.119 -1.461 1.552 20
0.855 -0.879 3.048 21
0.327 1.288 1.198 20
1.968 2.518 0.705 20
1.193 -0.616 -2.704 20
-2.914 -0.504 -1.173 20
-2.344 0.576 1.104 21
-0.943 -0.473 2.153 20
-2.268 1.518 -1.939 20
-0.583 0.799 -1.392 20
2.307 -0.582 0.18 20
3.745 -0.204 -0.068 20
4.34 0.373 -0.585 21
0.427 1.157 1.976 20
-1.297 0.837 0.625 20
-1.49 -0.52 -1.517 20
-2.697 -0.679 -1.568 20
-1.755 -0.877 -2.265 20
0.134 -1.147 -1.95 21
1.198 -1.023 -0.77 20
1.331 -0.278 0.533 20
1.54 -0.781 0.687 20
-0.691 1.29 0.383 20
-0.488 1.202 0.217 20
1.39 -1.176 0.271 21
-0.441 0.894 -0.46 20
-1.647 1.535 -0.043 20
0.36 -0.045 0.678 20
0.885 0.103 0.543 20
0.516 0.207 0.513 21
0.05 -0.796 -0.678 20
0.065 -2.402 -0.975 20
0.629 -4.025 -1.289 20
0.215 -4.351 -0.026 20
-0.683 -3.254 2.921 20
-1.171 -3.62 1.695 21
-2.11 -3.144 1.357 20
-0.728 -2.659 3.757 20
1.609 -2.27 4.244 20
1.009 -2.082 1.486 20
-0.562 -0.748 0.669 21
-1.728 1.602 -2.219 20
-1.682 2.546 -0.746 20
1.715 1.983 1.682 20
9.253 -0.433 -5.829 20
11.137 0.088 1.275 20
6.438 0.277 6.817 21
1.738 0.248 2.943 20
-0.071 -0.229 2.252 20
-0.54 -0.363 4.758 20
-0.223 0.217 3.534 20
0.352 -0.612 1.9 20
-1.551 -0.609 2.307 21
-3.338 -1.693 0.449 20
-6.238 -0.993 -1.363 20
-7.253 0.921 -0.731 20
-7.121 3.247 0.02 20
-4.794 4.19 -1.602 20
0.906 4.593 -5.771 21
4.356 4.996 -8.57 20
1.682 4.77 -8.118 20
1.1 4.802 -5.116 20
1.846 3.989 -4.162 20
1.892 4.8 -8.664 20
0.924 6.517 -7.086 21
1.843 6.197 0.484 20
2.129 6.847 2.372 20
1.644 8.627 0.962 20
2.241 7.434 1.465 20
2.784 6.208 2.323 21
3.446 5.475 2.63 20
3.476 5.013 2.222 20
3.344 4.872 -0.284 20
2.624 4.997 -2.043 20
1.423 5.095 -1.522 20
-0.335 5.102 -0.546 21
-2.033 5.161 -0.386 20
-3.192 4.938 -0.589 20
-5.113 3.744 -0.265 20
-8.424 4.458 8.426 20
-8.243 4.025 14.266 20
-5.466 2.135 11.824 21
-2.817 0.486 7.779 20
-1.054 -0.791 5.731 20
-0.802 -0.354 3.903 20
-1.722 1.459 1.421 20
-2.815 3.223 0.395 20
-4.371 4.378 0.19 21
-4.582 4.604 -0.055 20
-3.439 3.342 0.157 20
-2.799 1.88 1.083 20
-2.371 0.765 1.494 20
-2.263 0.475 1.037 21
-2.72 0.919 0.655 20
-2.86 1.616 0.315 20
-1.81 1.357 -0.06 20
-1.131 1.017 -0.106 20
-1.296 1.34 -0.067 20
-1.391 1.495 -0.147 21
-1.267 1.285 -0.119 20
-0.98 0.788 -0.226 20
-0.995 0.698 0.072 20
-1.042 0.816 -0.424 20
-1.379 1.144 -2.66 20
-1.507 0.954 0.302 21
-0.987 0.569 0.462 20
-1.093 0.564 -0.672 20
-1.197 0.54 -0.965 20
-0.495 0.342 -0.884 20
-0.056 0.327 -0.513 20
0.227 0.18 0.154 21
0.332 -0.12 1.133 20
0.359 -0.338 1.306 20
0.56 -0.587 0.938 20
0.411 -0.414 0.883 20
0.217 -0.288 0.737 20
0.012 -0.106 0.766 21
0.196 -0.175 0.726 20
0.407 -0.371 0.548 20
0.606 -0.578 0.549 20
0.573 -0.516 0.755 20
0.55 -0.43 0.632 21
0.452 -0.35 0.526 20
0.469 -0.382 0.089 20
0.334 -0.363 -0.223 20
-0.043 -0.322 -0.287 20
-0.466 -0.359 -0.12 20
-0.672 -0.377 -0.108 21
-0.68 -0.268 -0.345 20
-0.75 -0.056 -0.39 20
-0.69 -0.003 -0.358 20
-0.642 0.055 -0.453 20
-0.688 0.095 -0.608 20
-0.479 0.156 -0.604 21
-0.379 0.445 -0.649 20
-0.343 0.497 -0.321 20
-0.262 0.413 0.139 20
-0.19 0.559 0.582 20
0.013 0.648 0.705 20
0.381 0.464 0.665 21
0.47 0.331 0.76 20
0.554 0.119 0.811 20
0.568 0.06 0.34 20
0.597 -0.081 -0.368 20
0.35 0.217 -2.481 20
-0.346 0.262 0.172 21
0.011 0.076 0.854 20
0.432 -0.038 -0.667 20

# Completed @Tue Jan 26 20:20:08 GMT+02:00 2021
