# Accelerometer Data File
# Started @Tue Jan 26 20:14:11 GMT+02:00 2021
#
#
# sensor Vendor: BOSCH
# sensor Name: BMI160 Accelerometer Non-wakeup
# sensor Resolution: 0.0023928226m/sec^2; Max Range: 78.4532; Min Delay: 2500 microseconds
# The sensor's attributes are the result hardware and the Android capabilities.
# It means that the Android may not utilize all features provided by the hardware.
#
# Some devices and Android versions save battery too much so the device may go to sleep.
# It just happens after couple of minutes from turning off the scree and it is easy to find it out.
#
# The following file provides the data from accelerometer in the m/s^2 format.
# The diff value is just a time delta between the samples
#
#
# data format:
# so we have 4 columns with values separated by the " "
# X Y Z time_from_previous_sample(ms)

# sensor speed set to:NORMAL
# units set to: m/sec^2
# gravity  filtered out
# Accuracy: HIGH
-1.4 4.578 6.531 0
-0.99 4.072 6.3 20
-0.497 3.68 6.041 20
-0.283 3.536 5.603 20
0.005 3.217 5.068 20
0.364 2.798 4.18 20
0.925 2.279 3.262 20
1.197 1.913 3.216 21
1.276 1.683 3.437 20
1.277 1.461 3.281 20
1.344 1.244 2.897 20
1.364 0.988 2.437 20
1.282 0.822 2.223 20
1.149 0.871 2.115 21
1.043 0.92 1.936 20
0.863 0.91 1.395 20
0.74 0.659 1.096 20
0.757 0.36 0.775 20
0.72 0.206 0.792 20
0.777 -0.019 0.713 20
0.999 -0.241 0.316 21
1.147 -0.4 0.265 20
0.655 -0.537 0.56 20
0.484 -0.408 0.709 20
-0.342 -0.237 0.314 20
-1.498 -0.58 0.414 20
-0.792 -0.373 1.177 21
-0.628 1.276 1.402 20
-0.941 1.728 0.466 20
-0.053 0.619 0.068 20
-0.266 -0.606 -0.438 20
-0.961 -0.873 -1.446 20
0.557 -0.387 1.155 20
-0.242 0.822 1.268 21
2.382 -2.11 1.784 20
7.462 -6.144 -0.543 20
8.755 -4.979 7.386 20
9.298 -5.167 11.0 20
7.075 -3.771 6.813 20
4.02 -2.111 2.813 20
3.206 -0.138 -1.624 21
1.005 1.841 -2.778 20
0.202 0.07 -3.102 20
3.687 -1.87 -1.015 20
6.802 -3.798 -0.267 20
4.102 -3.625 -2.487 20
1.572 -2.122 -5.125 21
0.154 -1.992 -6.184 20
0.953 -3.927 -6.374 20
2.257 -5.85 -6.526 20
2.077 -6.963 -6.186 20
1.921 -7.517 -5.371 20
2.559 -7.686 -3.715 21
1.742 -7.357 -2.024 20
1.497 -7.089 -0.976 20
1.765 -6.676 0.397 20
2.022 -5.98 0.126 20
1.815 -4.722 -2.039 20
0.769 -4.63 0.18 20
1.706 -7.284 8.811 21
-0.622 -6.463 12.397 20
-5.859 -3.611 9.027 20
-13.407 0.682 4.71 20
-18.448 6.048 2.522 20
-17.222 9.548 5.103 20
-11.462 10.603 8.551 21
-5.215 10.034 8.123 20
-2.565 10.014 3.891 20
-2.16 10.338 -2.866 20
-0.674 9.83 -7.771 20
0.231 8.606 -5.87 20
0.635 6.29 -1.931 21
0.998 3.887 -0.015 20
2.867 0.583 4.123 20
4.87 -3.359 9.09 20
5.245 -6.917 9.707 20
4.028 -9.284 8.286 20
3.671 -11.598 6.526 20
7.62 -16.495 1.221 21
9.665 -16.777 -3.874 20
7.452 -15.685 -2.81 20
2.589 -15.49 -2.596 20
0.092 -14.786 -4.809 20
-1.41 -12.014 -8.745 20
-3.289 -8.532 -9.768 21
-3.187 -6.853 -8.388 20
-2.609 -5.102 -9.619 20
-3.545 -1.914 -14.407 20
-4.546 1.592 -17.733 20
-4.618 4.563 -18.115 20
-5.628 6.961 -24.641 21
-7.853 6.293 -21.696 20
-5.738 3.915 -7.651 20
-12.022 16.802 -20.833 20
16.118 -3.319 -30.407 20
21.78 -9.724 -8.004 20
12.05 -10.742 22.289 20
6.166 -6.785 40.222 21
9.771 -2.174 18.131 20
3.527 3.462 0.903 20
-10.653 12.221 -11.919 20
-4.918 12.652 -19.564 20
8.278 5.462 -3.049 20
10.337 3.73 16.423 21
3.967 7.462 14.706 20
-3.711 10.448 0.513 20
-7.559 9.959 -2.702 20
-14.823 8.267 6.434 20
-21.465 4.161 4.424 20
7.718 5.64 -13.841 20
2.68 8.394 8.673 21
-0.633 5.81 -0.647 20
1.171 8.534 -15.958 20
3.723 -2.369 10.456 20
5.418 -7.72 -0.562 20
1.5 -6.797 -11.128 20
3.87 -9.772 -1.42 21
6.971 -8.993 -1.711 20
4.612 -4.327 0.678 20
5.067 -0.628 -8.811 20
3.89 2.411 -10.683 20
0.301 2.959 -1.474 20
-2.977 2.794 5.852 20
-3.026 2.433 6.953 21
-2.48 2.468 4.817 20
-3.208 2.984 4.195 20
-4.744 2.468 3.713 20
-7.173 1.551 0.574 20
-9.341 1.139 -1.1 20
-9.601 0.208 -0.056 21
-9.633 -0.166 -0.238 20
-7.041 -0.401 -5.554 20
0.483 -2.737 -9.537 20
9.811 -6.913 -0.809 20
8.097 -5.122 2.14 20
3.753 -2.829 0.096 21
4.441 -4.286 -0.926 20
5.34 -5.108 -0.575 20
5.259 -5.699 -21.387 20
-1.54 3.186 -4.818 20
2.231 1.173 6.852 20
7.229 5.913 -2.294 20
3.697 8.171 2.516 21
-3.59 7.591 6.386 20
-8.964 6.009 13.194 20
-8.856 2.34 18.985 20
-5.728 -3.346 21.277 20
-5.949 4.195 -28.099 20
3.502 3.347 -14.024 21
2.272 0.834 5.783 20
-1.378 1.626 8.503 20
3.696 -2.369 11.098 20
13.752 -9.721 15.759 20
13.339 -8.05 5.87 20
5.53 -5.104 -5.804 21
3.444 -4.658 -3.652 20
3.229 -1.758 2.27 20
7.99 1.267 -2.716 20
2.232 3.997 -1.862 20
-9.343 3.884 -0.298 20
-5.619 2.551 3.775 20
-4.29 6.64 0.36 21
-3.121 8.145 -0.76 20
-5.258 8.339 -5.151 20
-12.187 7.419 -7.613 20
-15.384 5.543 -8.839 20
-11.166 1.619 -9.165 20
2.105 -8.052 -1.925 20
8.112 -14.005 8.233 21
11.69 -14.569 17.194 20
9.023 -12.541 7.963 20
3.419 -12.966 4.935 20
-1.165 -5.861 12.55 20
-1.057 -0.515 3.989 20
-1.139 0.853 -3.103 21
14.857 -7.335 -14.879 20
17.64 -7.287 -13.684 20
4.001 5.078 5.916 20
-2.021 7.651 9.323 20
-9.947 5.176 5.418 20
-11.276 6.597 -0.127 21
-13.247 10.803 0.122 20
-16.044 13.049 2.167 20
-12.488 10.289 -0.33 20
-10.703 6.578 -2.244 20
-5.918 1.744 -1.33 20
4.153 -3.513 -3.978 20
12.874 -9.369 -16.321 21
11.733 -7.972 -24.195 20
4.681 -9.773 18.328 20
-0.62 -14.315 7.73 20
-2.468 -10.652 3.833 20
-4.733 -8.427 -0.476 20
-6.584 -3.227 -5.234 21
0.811 1.344 -11.458 20
5.285 2.969 -2.303 20
2.534 1.411 1.624 20
-0.03 1.662 -0.748 20
1.792 1.522 -1.3 20
-0.277 1.093 -0.907 21
-9.362 6.163 -3.957 20
-8.051 6.892 0.07 20
-1.778 3.529 4.364 20
0.871 2.344 2.914 20
-0.618 2.933 1.879 20
-3.154 3.92 3.416 20
-0.506 1.211 3.984 21
3.952 -3.745 4.388 20
6.752 -11.453 -11.642 20
1.698 -20.383 -1.643 20
-12.792 -19.265 4.684 20
-7.607 -10.976 4.309 20
5.649 -3.708 -5.239 21
5.19 5.061 -0.543 20
1.249 14.649 3.548 20
3.946 11.647 -0.395 20
4.054 12.427 -1.242 20
-1.887 12.212 3.306 20
-4.21 8.454 4.122 21
-3.944 6.353 2.099 20
-2.86 5.468 1.486 20
-2.244 4.076 1.174 20
-1.485 3.412 2.298 20
0.023 3.61 2.674 20
0.713 4.154 -18.014 20
1.86 -10.097 -7.317 21
-2.506 -20.365 15.775 20
-3.672 -18.945 -2.555 20
-1.301 -0.262 -3.296 20
-4.759 3.924 5.814 20
-2.847 3.169 7.869 20
1.212 -2.731 2.551 21
0.877 -9.512 -4.387 20
0.945 -10.869 -3.935 20
2.085 -8.053 -4.294 20
0.56 -3.005 -6.171 20
-2.205 4.036 -7.749 20
-7.472 10.184 -8.291 21
-6.897 10.349 -5.285 20
-1.089 7.443 2.944 20
1.287 6.74 6.209 20
-1.527 5.882 7.653 20
-1.055 4.458 7.617 20
0.483 1.198 5.852 20
-0.957 -4.548 2.055 21
-6.904 -17.026 -12.909 20
-13.906 -24.512 -9.801 20
-17.532 -13.983 -1.055 20
-2.958 0.572 8.029 20
7.09 4.506 1.248 20
9.876 4.256 -1.082 21
8.143 6.831 3.074 20
7.481 8.461 0.62 20
5.638 10.37 2.591 20
2.953 12.388 2.226 20
3.91 8.2 7.057 20
4.931 6.628 1.614 21
3.002 5.596 -7.519 20
2.661 6.317 -5.642 20
2.071 6.362 -0.263 20
-4.092 7.237 -1.293 20
-2.219 4.784 -11.665 20
5.451 -4.875 -6.008 21
4.072 -23.558 20.603 20
-9.111 -25.406 1.496 20
-3.62 -6.716 0.122 20
-0.79 6.227 7.89 20
0.107 6.136 5.56 20
-0.258 2.09 -0.12 21
3.697 -8.113 -1.807 20
8.967 -12.322 0.162 20
10.106 -9.1 -0.42 20
6.598 -4.978 -2.398 20
-0.683 0.04 -4.228 20
-4.446 5.353 -7.196 20
-5.269 7.547 -11.634 21
-3.171 4.595 -3.91 20
-4.983 5.455 -0.444 20
-3.517 6.556 2.613 20
1.594 6.802 -0.467 20
1.726 5.262 5.214 20
1.264 5.095 3.559 21
2.802 -0.204 2.836 20
6.499 -9.782 -2.582 20
4.028 -23.186 0.25 20
-2.941 -26.468 5.811 20
-2.321 -18.748 0.829 20
-1.578 -4.735 3.428 20
-2.175 10.281 2.387 21
4.764 12.166 1.105 20
3.585 11.257 3.89 20
2.456 12.18 3.645 20
0.917 13.419 1.506 20
-1.601 13.157 -0.291 20
-2.592 10.085 -1.189 21
-3.527 9.326 -2.165 20
-3.966 9.437 0.084 20
-2.44 8.78 3.303 20
-0.005 6.576 4.798 20
1.788 3.182 -0.454 20
10.212 -0.082 -23.503 20
20.289 -18.569 -6.576 21
-12.394 -28.268 28.742 20
-15.88 -21.699 -1.07 20
-1.904 -0.156 3.848 20
-1.115 6.204 8.831 20
0.264 4.646 2.375 20
5.342 -0.36 -6.543 21
15.556 -9.657 6.77 20
12.517 -7.461 3.863 20
8.525 -3.522 -5.243 20
1.554 -1.736 -11.717 20
-4.004 0.703 -11.039 20
-4.282 2.37 -9.098 21
-8.36 7.504 -0.306 20
-9.695 19.111 -2.015 20
-1.759 3.542 5.934 20
0.177 5.799 -0.775 20
0.815 4.606 -3.541 20
-0.417 3.275 -4.53 20
2.998 -5.833 -0.636 21
9.659 -16.846 4.773 20
7.747 -19.517 4.335 20
-4.037 -17.317 3.384 20
-3.739 -13.132 3.377 20
-2.611 -5.454 4.001 20
-4.079 0.814 0.565 21
-3.397 7.99 -0.351 20
0.853 12.768 0.628 20
2.231 13.923 1.483 20
0.859 12.352 2.286 20
-2.576 11.806 0.451 20
-4.854 12.383 -0.016 21
-4.103 12.082 0.793 20
-2.973 10.098 1.604 20
-3.128 8.355 2.787 20
-3.652 6.146 4.099 20
-3.558 3.227 -1.947 20
4.325 -0.29 -34.525 20
12.583 -24.56 16.183 21
0.189 -35.391 11.356 20
-6.165 -12.143 -3.249 20
-2.299 5.247 6.344 20
-1.524 9.236 12.192 20
2.413 7.123 4.145 20
6.447 -0.479 0.438 21
12.708 -12.571 8.147 20
13.097 -11.448 -6.514 20
11.238 -4.577 -6.956 20
3.036 -0.161 -8.131 20
-0.208 2.601 -9.455 20
-2.903 4.314 -8.608 20
-6.56 5.025 -6.01 21
-8.882 7.122 -1.166 20
-7.784 8.695 1.349 20
-4.393 8.565 2.506 20
-2.052 7.939 1.099 20
-0.939 6.436 -0.726 20
0.469 1.657 -9.266 21
8.675 -5.6 5.346 20
17.33 -13.082 5.087 20
9.524 -21.068 1.586 20
1.642 -30.741 4.307 20
-0.912 -12.828 5.425 20
-5.174 3.177 1.476 21
-4.167 7.344 -0.165 20
-3.998 10.46 -2.13 20
-3.693 12.958 -0.955 20
-2.987 13.999 0.97 20
-4.978 12.129 0.836 20
-7.087 9.0 -0.01 20
-7.95 8.47 -1.223 21
-7.245 9.96 0.386 20
-4.639 9.887 1.965 20
-4.36 8.312 2.454 20
-4.543 6.873 0.175 20
2.038 4.038 -7.825 20
19.321 -16.6 -1.995 21
3.657 -27.872 4.747 20
-7.435 -19.71 3.218 20
2.662 -2.287 7.895 20
3.381 3.788 11.06 20
3.694 2.436 3.991 20
8.574 -4.145 -2.358 21
9.905 -6.102 0.68 20
9.578 -4.189 -1.319 20
8.058 -2.597 -7.858 20
1.39 0.949 -9.273 20
-3.127 3.198 -8.553 20
-5.427 3.919 -8.918 21
-6.781 5.155 -5.486 20
-6.263 6.394 -1.699 20
-4.75 6.714 1.419 20
-2.848 6.517 3.664 20
-2.328 6.133 3.151 20
-1.899 4.689 -5.255 21
7.202 -3.031 0.375 20
15.097 -10.679 6.506 20
9.625 -17.101 5.247 20
1.106 -28.79 0.969 20
-3.314 -15.802 10.013 20
-4.534 1.417 2.488 20
-3.031 5.973 -1.475 21
-2.978 11.285 -0.866 20
-1.598 13.295 -0.814 20
-1.136 12.462 -0.853 20
-5.183 12.384 -0.768 20
-6.873 9.975 -1.098 20
-6.739 7.619 -2.39 21
-6.579 7.4 -2.151 20
-5.22 7.484 -0.021 20
-3.29 6.817 2.891 20
-2.629 6.474 4.669 20
-3.655 6.823 1.143 20
3.0 1.337 -12.139 20
13.583 -18.749 -1.698 21
-1.177 -25.623 7.16 20
-0.965 -20.991 -1.159 20
0.543 -2.278 5.337 20
-1.442 4.509 13.496 20
0.508 4.142 6.502 20
6.33 0.057 2.39 21
15.351 -6.202 2.653 20
13.533 -6.621 -7.455 20
4.522 -5.832 -6.992 20
0.541 -2.148 -4.713 20
0.534 1.806 -11.246 20
-2.481 2.315 -6.665 20
-4.16 2.2 -1.37 21
-3.561 5.063 -1.423 20
-3.013 7.2 -3.145 20
-1.575 7.267 1.767 20
0.224 7.749 0.978 20
0.652 7.716 0.412 20
-1.592 7.43 0.436 21
0.158 5.057 -4.648 20
9.63 -2.862 15.116 20
13.567 -12.741 6.005 20
4.587 -21.453 0.396 20
9.484 -33.071 6.785 20
0.684 -11.84 2.998 21
-8.105 3.432 -2.96 20
-3.198 6.418 -1.942 20
-2.518 8.54 -3.735 20
-5.222 10.279 -3.649 20
-8.179 11.052 -0.673 20
-9.231 10.22 0.616 20
-8.646 8.588 0.222 21
-8.504 7.102 -0.623 20
-8.345 6.859 -0.248 20
-7.263 7.407 -0.137 20
-6.987 8.457 -0.837 20
-7.2 8.463 -0.151 20
-5.516 7.296 0.41 21
0.064 1.702 0.885 20
4.65 -8.986 14.269 20
7.386 -20.617 12.96 20
12.518 -33.0 -6.054 20
13.166 -21.434 -3.838 20
-1.972 3.496 9.73 21
-1.57 6.156 1.433 20
3.961 0.938 2.226 20
9.66 -5.405 1.518 20
10.173 -4.748 -13.207 20
5.346 1.497 -19.438 20
-3.115 6.979 -14.215 20
-1.523 5.554 -4.153 21
0.386 4.501 2.104 20
-2.903 6.735 4.595 20
-4.823 7.926 4.925 20
-5.526 7.261 3.354 20
-3.686 6.297 -4.317 20
1.202 0.398 4.763 21
6.506 -9.894 -1.18 20
8.999 -31.3 -3.064 20
2.259 -35.037 12.824 20
-4.857 -8.635 5.934 20
-2.278 5.545 -2.704 20
-0.553 10.438 -1.507 21
-3.743 14.071 -0.313 20
-3.088 12.795 -0.934 20
-2.542 11.869 1.141 20
-5.651 11.7 -1.585 20
-7.1 10.78 -2.09 20
-6.687 9.719 -1.353 20
-5.926 9.461 0.213 21
-3.94 8.683 3.201 20
-2.766 8.174 3.532 20
-1.193 7.967 0.008 20
8.659 2.164 -11.492 20
16.057 -16.888 -1.279 20
-5.57 -24.879 10.893 21
-10.545 -21.429 14.872 20
-1.969 -8.636 4.953 20
-2.317 -0.024 -2.977 20
4.565 -2.954 1.131 20
15.222 -7.352 0.065 20
16.576 -5.422 0.697 21
10.391 0.612 -5.314 20
3.483 3.168 -8.363 20
-1.872 4.331 -10.778 20
-6.083 6.049 -10.325 20
-6.255 5.698 -6.311 20
-3.183 5.092 -1.032 20
-2.554 5.633 2.714 21
-2.245 5.557 4.797 20
-2.363 5.803 2.819 20
-1.7 5.787 -2.733 20
5.996 -0.068 -1.725 20
10.92 -8.368 1.721 20
5.613 -16.744 3.858 21
2.887 -27.015 6.782 20
-0.158 -14.405 8.27 20
-2.699 -0.619 -0.822 20
-2.082 5.319 -3.212 20
-2.107 11.709 1.687 20
-2.248 13.996 0.007 21
-1.46 12.735 1.848 20
-3.927 11.099 -0.274 20
-6.527 8.9 -2.968 20
-7.034 7.646 -2.462 20
-6.807 7.616 -2.686 20
-7.189 7.92 -2.035 21
-6.981 8.301 2.233 20
-6.77 8.587 3.556 20
-4.151 6.586 -1.906 20
5.993 -5.089 -5.247 20
18.054 -24.667 -7.633 20
-2.768 -26.617 8.223 20
-3.6 -14.23 14.259 21
-1.131 -1.693 7.572 20
0.197 -0.265 4.012 20
9.433 -4.507 1.421 20
17.747 -5.471 1.686 20
13.758 -1.127 -1.787 20
5.6 4.248 -12.109 21
-0.058 4.948 -5.838 20
-2.15 3.869 -6.941 20
-5.093 4.185 -7.734 20
-5.968 4.124 -5.799 20
-4.369 4.391 -1.965 20
-2.852 5.028 2.846 20
-2.237 5.493 3.1 21
-2.517 5.416 0.41 20
-1.386 3.626 -3.377 20
6.241 -2.41 2.358 20
13.439 -11.36 -0.83 20
7.68 -21.75 3.365 20
2.567 -28.332 14.52 21
-4.676 -13.145 7.081 20
-8.255 -0.469 -4.076 20
-3.822 4.775 -4.858 20
-0.323 9.56 1.967 20
-1.828 13.25 3.182 20
-2.979 13.529 0.029 20
-4.111 12.277 -0.82 21
-5.64 10.271 -3.312 20
-5.869 8.91 -2.83 20
-5.082 8.247 -1.849 20
-4.438 8.279 -1.644 20
-2.821 8.925 1.686 20
-3.046 9.695 2.089 21
-1.197 7.928 -4.468 20
10.134 -5.509 2.241 20
11.139 -23.087 -5.343 20
-12.09 -23.154 7.259 20
-6.243 -17.622 17.589 20
-1.438 -5.052 5.13 20
-1.051 -1.589 2.34 21
7.479 -5.679 1.033 20
18.644 -8.009 -3.565 20
14.846 -1.648 -3.577 20
3.246 6.357 -5.601 20
0.263 6.271 -5.089 20
-0.224 5.014 -7.833 21
-4.08 5.453 -7.44 20
-6.774 5.641 -6.623 20
-5.7 5.506 -4.205 20
-2.151 4.75 1.876 20
-0.881 4.989 2.792 20
-2.02 5.24 0.551 21
-1.38 3.455 -2.073 20
7.243 -5.315 -3.438 20
14.45 -19.897 0.693 20
4.386 -35.53 8.653 20
-7.513 -29.409 12.088 20
-10.494 -3.688 5.692 20
-4.462 6.347 -2.745 21
0.177 10.587 0.935 20
-0.088 14.782 0.095 20
-0.042 17.299 -2.084 20
-0.374 16.028 0.799 20
-3.295 12.082 -0.151 20
-5.236 9.019 -1.098 21
-5.253 7.781 -1.007 20
-5.312 7.749 -1.782 20
-4.494 8.817 -0.646 20
-3.741 9.798 1.196 20
-3.166 9.073 -1.35 20
4.137 0.066 -1.411 21
13.852 -23.101 -3.844 20
-7.093 -34.464 1.246 20
-6.716 -20.604 11.493 20
-2.321 0.244 1.552 20
-1.541 3.829 4.531 20
5.349 -2.019 7.122 20
16.435 -6.357 1.742 21
18.903 -3.682 1.883 20
10.702 3.218 -15.289 20
2.668 5.143 -6.089 20
-0.051 3.966 -0.509 20
-2.127 4.333 -7.909 20
-4.234 4.654 -5.904 21
-4.778 4.965 -1.73 20
-4.007 6.314 -1.014 20
-3.083 7.092 -1.598 20
-2.608 6.827 0.072 20
-3.391 6.276 1.195 20
-2.793 4.859 -2.352 21
7.097 -1.589 5.12 20
18.322 -16.332 -3.355 20
6.327 -32.401 3.622 20
-4.822 -32.673 16.014 20
-3.402 -10.642 -2.616 20
-6.069 3.609 -4.269 20
-1.937 9.166 2.633 21
-2.862 13.184 -1.546 20
-2.582 14.888 0.522 20
-2.057 13.979 3.037 20
-3.88 10.734 -1.211 20
-5.456 7.86 -2.655 20
-5.85 7.212 -2.851 21
-6.41 7.627 -2.857 20
-5.782 8.268 0.28 20
-4.449 9.282 1.878 20
-4.347 9.854 1.27 20
-2.569 8.867 -1.221 20
5.854 1.025 0.254 21
12.432 -16.979 11.178 20
4.517 -32.365 -0.031 20
6.736 -26.242 -3.037 20
-2.315 -4.262 3.71 20
-9.243 3.078 10.686 20
-3.698 1.929 5.213 21
4.951 -1.54 6.511 20
10.808 -4.48 4.075 20
11.824 -5.097 -12.128 20
6.188 -1.635 -12.922 20
-1.103 3.624 -5.412 20
-2.691 5.676 -8.062 20
-3.284 5.268 -5.831 21
-3.281 4.7 -1.557 20
-1.824 4.702 1.524 20
-1.816 5.528 0.893 20
-2.104 5.85 -0.636 20
-2.924 5.936 -5.945 20
2.315 1.185 0.752 21
10.666 -8.535 2.229 20
8.614 -18.847 4.449 20
-0.695 -31.778 7.292 20
-4.968 -19.927 8.462 20
-7.547 -0.096 -0.255 20
-6.111 5.445 -1.9 21
-1.408 9.171 2.303 20
0.124 11.454 0.297 20
-0.288 12.197 -0.075 20
-2.141 12.749 -0.147 20
-3.708 11.944 -1.34 20
-3.701 9.777 -2.193 20
-3.318 8.545 -2.194 21
-3.707 8.762 -1.854 20
-3.336 8.891 -0.836 20
-2.793 9.513 -1.173 20
-2.77 9.536 -1.144 20
-0.102 5.816 -6.354 20
9.734 -9.845 10.723 21
3.774 -25.673 0.012 20
-5.934 -29.269 11.812 20
-2.66 -12.958 9.322 20
-3.056 -0.969 -4.129 20
1.164 -0.848 -0.663 20
10.764 -4.144 5.465 21
14.532 -3.249 2.81 20
9.733 1.269 -3.274 20
4.782 2.916 -8.787 20
0.574 1.314 -3.676 20
-1.716 1.954 -6.335 20
-4.27 4.412 -8.082 20
-3.261 4.633 -5.941 21
-1.699 5.103 -1.305 20
-1.906 6.792 1.578 20
-1.554 7.467 1.532 20
-0.935 7.017 0.025 20
0.19 5.576 -2.844 20
8.676 -2.147 -0.041 21
11.29 -14.454 -7.523 20
-0.859 -25.694 4.026 20
-7.077 -37.528 18.281 20
-8.4 -16.133 4.958 20
-8.222 3.087 -5.631 20
-2.264 8.577 1.196 21
1.335 11.673 3.575 20
0.658 13.723 -0.845 20
-0.67 14.687 2.034 20
-2.593 13.18 -0.022 20
-4.231 10.491 -1.007 20
-4.556 9.226 -0.932 21
-4.255 8.607 -3.387 20
-3.981 8.874 -4.127 20
-2.888 9.263 -1.45 20
-1.987 9.822 -0.324 20
-0.279 9.098 0.897 20
8.397 -0.928 7.517 20
13.948 -20.933 -3.224 21
-6.791 -30.113 -2.527 20
-11.539 -18.195 16.033 20
-5.814 -1.547 0.776 20
-5.498 1.881 0.108 20
2.696 -4.015 6.966 20
16.666 -10.527 2.266 21
15.847 -5.919 -7.317 20
5.097 4.429 -4.42 20
1.528 6.056 -0.022 20
1.8 3.622 -2.116 20
-0.725 4.15 -6.074 20
-2.985 5.346 -8.178 21
-0.604 4.421 -6.0 20
0.212 4.503 -1.013 20
-0.743 5.835 0.235 20
-0.932 6.563 -1.631 20
-1.201 6.368 -1.75 20
-1.307 5.647 -3.848 20
6.336 -0.645 5.134 21
12.657 -12.436 0.311 20
3.328 -26.181 2.671 20
-6.673 -39.693 14.013 20
-8.56 -18.397 4.391 20
-10.218 2.578 -4.888 20
-3.703 7.301 -0.534 21
0.778 10.475 3.074 20
-0.491 13.414 0.595 20
-1.358 15.196 0.531 20
-2.02 13.745 -1.519 20
-3.567 11.306 -1.391 20
-3.688 9.854 -1.31 21
-3.328 9.569 -4.238 20
-3.282 9.811 -3.896 20
-2.691 10.22 -1.247 20
-2.808 10.712 0.918 20
-3.126 9.692 2.256 20
-0.847 4.271 -1.962 20
9.958 -15.175 11.445 21
6.302 -34.529 4.848 20
-1.449 -31.227 -4.029 20
-4.964 -9.365 -0.855 20
-9.543 1.645 9.343 20
-3.108 1.587 11.064 20
8.481 -4.263 13.358 21
17.445 -8.017 0.018 20
16.36 -3.429 -27.629 20
3.367 1.606 -6.049 20
0.078 4.039 -2.443 20
-1.041 6.423 -8.149 20
-3.893 6.468 -4.555 21
-1.418 5.552 -0.119 20
0.018 6.639 1.433 20
-0.739 7.597 0.529 20
-1.53 7.65 -2.643 20
-2.591 7.422 -6.52 20
1.503 2.969 0.37 21
10.552 -7.637 2.127 20
8.05 -21.242 2.436 20
-5.744 -35.292 14.132 20
-9.388 -24.465 7.736 20
-7.199 -2.233 -8.617 20
-1.611 5.544 -1.072 20
2.803 9.706 5.765 21
1.145 14.044 -0.666 20
0.082 14.176 1.208 20
-0.408 12.14 -0.13 20
-3.657 10.794 -2.057 20
-5.851 9.585 -1.073 20
-6.012 8.935 -0.963 21
-5.706 9.674 -2.782 20
-4.581 10.675 -2.939 20
-4.39 11.696 -2.811 20
-4.385 10.699 1.074 20
-2.221 6.494 -2.023 20
10.347 -11.982 8.728 21
7.71 -30.855 0.882 20
-6.722 -31.499 5.856 20
-9.303 -12.061 6.719 20
-4.572 -1.563 -0.82 20
5.207 -4.015 4.847 20
15.168 -7.251 6.458 20
15.65 -2.774 2.218 21
12.151 3.537 -9.649 20
5.427 5.503 -9.883 20
-0.953 4.047 -1.858 20
-3.181 4.565 -8.362 20
-3.387 5.471 -8.463 20
-0.61 4.883 -1.307 21
0.677 6.029 2.145 20
-0.035 7.263 0.898 20
-1.568 8.388 -3.968 20
-3.043 8.155 -3.97 20
-2.689 6.201 -7.109 20
4.174 -1.022 10.273 20
10.672 -17.529 3.741 21
3.76 -41.664 0.884 20
-8.263 -36.478 13.983 20
-7.92 -7.073 -2.734 20
-4.137 6.347 1.345 20
2.366 11.371 4.699 20
-0.961 14.831 1.562 21
-2.642 13.298 1.065 20
-1.532 11.545 0.135 20
-4.311 11.214 -2.684 20
-6.353 10.673 -2.405 20
-6.325 10.248 -2.915 20
-5.993 10.495 -3.313 20
-4.477 10.53 -1.214 21
-2.123 11.301 -1.69 20
2.208 10.188 1.533 20
11.245 -0.025 -9.757 20
8.997 -22.015 -4.909 20
-18.394 -26.283 23.63 20
-11.07 -18.832 15.038 21
-3.286 -3.433 -6.802 20
-4.581 0.641 -3.806 20
10.207 -7.962 6.439 20
22.559 -13.508 6.183 20
17.313 -5.858 -11.061 20
7.1 7.369 2.405 21
4.747 8.933 0.469 20
2.572 5.258 -7.612 20
-1.033 4.911 -9.52 20
-4.288 4.776 -7.369 20
-4.181 4.902 -0.632 20
-2.023 6.337 0.068 21
-0.596 7.191 -2.494 20
-1.12 7.405 -3.051 20
-2.442 6.79 -1.399 20
2.521 2.467 0.702 20
16.349 -11.486 6.707 20
9.091 -28.109 -1.111 20
-10.906 -40.307 12.585 21
-11.251 -18.423 9.236 20
-7.094 3.432 -5.869 20
0.149 8.14 1.504 20
3.585 10.154 2.932 20
-1.513 12.864 -1.411 20
-1.705 13.113 -0.863 21
-2.931 11.791 -2.471 20
-5.501 11.002 -2.0 20
-6.141 10.339 -0.183 20
-5.833 10.515 -3.784 20
-4.948 10.466 -5.579 20
-3.845 10.881 -2.511 21
-3.767 11.039 0.283 20
-3.894 10.48 2.538 20
-5.447 6.285 -2.355 20
8.856 -10.808 7.86 20
12.832 -29.723 3.906 20
-0.627 -36.03 -9.311 20
-2.352 -13.377 4.712 21
-6.049 2.21 12.664 20
-3.635 2.614 8.56 20
7.69 -4.523 9.058 20
18.445 -9.004 2.866 20
18.795 -3.871 -17.399 20
10.323 4.058 -12.735 21
1.412 6.492 1.18 20
-3.605 5.42 -7.453 20
-6.036 5.318 -8.43 20
-3.511 5.336 -2.926 20
-1.565 6.193 -0.01 20
-2.146 7.277 -1.246 20
-3.031 7.422 -1.141 21
-3.618 6.939 -0.559 20
-2.305 4.873 -1.827 20
8.495 -2.355 9.07 20
17.716 -19.515 0.186 20
3.649 -37.377 5.723 20
-6.372 -32.442 9.439 21
-5.034 -2.691 -4.073 20
-3.079 9.312 1.831 20
-3.873 12.49 1.014 20
-3.49 12.552 -1.756 20
-2.574 12.985 -0.506 20
-3.427 12.046 -0.009 21
-3.813 10.236 -1.632 20
-3.759 9.906 -2.838 20
-3.545 9.707 -4.96 20
-3.798 10.043 -2.5 20
-4.654 10.966 0.546 20
-5.243 10.404 2.088 20
-5.126 9.982 5.327 21
-5.307 8.742 -2.6 20
-1.066 -3.678 3.625 20
9.272 -18.792 7.553 20
7.82 -34.697 1.936 20
5.363 -29.869 -12.648 20
-6.118 -4.986 14.64 21
-7.623 2.281 10.259 20
1.609 -0.417 6.752 20
12.31 -3.417 8.209 20
14.642 -2.718 1.985 20
16.423 -2.446 -25.466 20
6.81 -0.022 -6.605 21
-3.057 4.656 -2.135 20
-4.831 4.561 -7.346 20
-5.038 5.066 -5.591 20
-2.98 6.241 -1.348 20
-1.341 7.506 0.44 20
-1.207 8.223 -2.1 20
-1.491 8.168 -4.304 21
-2.815 7.498 -2.235 20
-2.173 5.114 1.152 20
9.787 -3.99 8.242 20
19.532 -25.159 -0.127 20
2.006 -42.193 10.949 20
-9.493 -29.376 8.103 21
-10.764 -0.785 -5.068 20
-7.663 8.951 0.94 20
-2.857 12.713 3.183 20
-1.993 13.846 0.297 20
-1.462 15.96 -0.508 20
-2.419 14.549 -2.723 21
-3.497 11.143 -2.82 20
-4.083 9.904 -1.662 20
-4.556 9.955 -4.708 20
-4.277 10.139 -5.395 20
-4.151 10.28 -3.435 20
-4.342 9.711 1.774 20
-4.033 8.895 4.537 21
1.831 -2.176 11.728 20
13.708 -21.385 5.972 20
-0.365 -34.191 -3.505 20
-7.212 -22.36 0.184 20
-7.256 -4.161 9.523 20
-1.729 -1.626 3.152 21
11.275 -6.659 3.807 20
21.007 -8.114 4.694 20
17.076 -0.624 -4.514 20
8.307 6.49 -15.884 20
1.875 6.119 -1.545 20
-2.752 4.886 -5.011 21
-5.552 5.561 -8.386 20
-4.074 5.557 -5.072 20
-0.999 5.603 -0.822 20
-0.475 6.58 2.064 20
-1.486 7.871 -2.083 20
-2.417 7.834 -3.955 21
-3.275 6.427 -4.441 20
2.166 1.257 5.236 20
12.688 -9.979 5.894 20
9.53 -28.809 -1.818 20
-5.056 -40.074 17.227 20
-7.967 -18.465 1.92 20
-7.996 2.667 -4.353 21
-1.317 8.549 2.325 20
0.637 12.006 1.056 20
-1.922 14.005 -1.022 20
-1.786 14.008 0.987 20
-2.204 12.079 -1.954 20
-3.748 10.545 -2.942 21
-4.692 9.972 -2.102 20
-4.592 9.684 -4.115 20
-3.822 9.735 -3.177 20
-2.985 10.516 -0.926 20
-3.473 10.767 0.352 20
-3.395 9.703 0.916 21
-0.975 2.571 3.325 20
8.081 -13.639 10.571 20
1.849 -27.893 1.888 20
-2.972 -29.704 3.629 20
-3.775 -11.799 3.128 20
-5.273 -0.422 5.003 20
2.73 -1.367 4.973 21
16.037 -6.734 2.406 20
16.779 -4.11 -1.743 20
10.679 2.33 -9.683 20
4.743 4.348 -6.574 20
-0.083 3.984 -4.879 20
-3.875 5.274 -8.188 21
-4.089 5.314 -5.541 20
-2.003 4.931 -0.929 20
-1.481 6.134 -0.237 20
-1.92 7.198 -0.453 20
-2.357 7.746 -2.274 20
-2.768 7.17 -4.127 21
0.88 3.462 1.4 20
12.028 -8.044 2.908 20
11.671 -22.383 0.064 20
-2.446 -33.136 11.939 20
-7.182 -27.039 9.283 20
-9.797 -3.032 -3.756 20
-5.708 6.003 -1.257 21
0.635 9.693 2.447 20
-0.382 12.715 -0.505 20
-1.696 13.097 0.092 20
-2.16 11.86 -0.548 20
-4.027 10.855 -1.709 20
-4.835 9.929 -2.247 21
-4.259 9.372 -3.275 20
-3.885 9.838 -3.588 20
-2.871 10.292 -1.588 20
-2.556 10.682 -1.503 20
-2.456 9.945 1.669 20
2.687 5.051 4.113 21
12.071 -11.468 11.588 20
5.096 -27.04 -10.301 20
-12.384 -27.645 8.622 20
-10.975 -11.598 7.251 20
-6.409 -0.685 -3.774 20
1.898 -3.21 6.39 21
12.22 -8.688 12.047 20
15.334 -9.147 4.357 20
13.938 -1.653 -14.884 20
8.366 6.079 -8.538 20
3.552 7.159 2.057 20
0.254 5.676 -5.728 20
-2.265 5.906 -8.128 21
-1.543 5.824 -5.194 20
-1.309 6.427 -0.309 20
-1.984 7.501 0.142 20
-2.583 8.04 -1.268 20
-3.056 7.938 -2.095 20
-2.789 6.923 -4.634 21
3.392 2.479 1.57 20
11.459 -7.368 4.254 20
8.737 -20.695 0.989 20
-1.626 -38.412 11.148 20
-5.176 -27.696 4.818 20
-7.612 -0.836 -5.034 21
-5.102 7.166 3.025 20
-1.033 10.207 2.351 20
-2.725 11.318 -0.683 20
-1.849 10.725 -0.233 20
-3.124 11.701 -1.43 20
-4.038 10.749 -2.031 20
-3.852 9.477 -2.964 21
-3.255 8.883 -4.138 20
-2.839 9.366 -4.112 20
-2.883 9.861 -1.366 20
-3.235 10.114 -0.061 20
-4.076 9.627 0.93 20
-3.148 7.28 0.448 21
8.191 -8.224 12.52 20
6.63 -25.932 4.492 20
-3.139 -33.398 -8.465 20
-0.647 -14.419 2.339 20
-5.14 1.695 9.461 20
-3.382 3.498 6.965 21
5.79 -2.762 7.986 20
16.627 -7.197 2.656 20
13.254 -0.846 -7.701 20
5.084 4.964 -10.85 20
1.777 3.206 -0.96 20
-1.205 2.379 -4.577 20
-2.897 3.258 -8.056 21
-2.424 3.745 -5.622 20
-2.205 5.205 -0.537 20
-1.463 6.323 0.781 20
-0.827 7.139 -0.818 20
-0.844 8.12 -5.565 20
-1.622 7.48 -3.04 21
-2.374 6.37 -1.725 20
5.316 0.606 6.313 20
16.681 -15.179 3.854 20
6.501 -25.747 5.767 20
-7.308 -36.602 9.832 20
-3.906 -20.665 2.45 20
-5.697 0.325 -1.858 21
-3.254 7.67 2.559 20
-0.792 11.12 0.272 20
-2.711 12.804 -1.369 20
-3.374 12.132 -1.383 20
-4.381 11.138 -1.67 20
-5.616 9.912 -1.362 21
-5.337 9.063 -2.173 20
-4.32 9.244 -5.131 20
-3.474 9.839 -5.64 20
-2.941 10.459 -4.192 20
-3.309 10.871 -1.77 20
-2.819 9.605 3.471 21
2.184 4.05 3.768 20
15.183 -15.266 13.884 20
10.263 -31.343 -5.137 20
-4.526 -26.624 -3.429 20
-8.674 -6.791 8.053 20
-7.168 2.715 4.997 20
-3.45 2.683 3.952 21
5.992 -2.931 10.701 20
12.485 -6.478 7.671 20
11.776 -3.846 -13.71 20
6.282 0.782 -12.921 20
0.516 2.81 0.816 20
-1.693 3.944 -5.654 21
-3.192 4.345 -7.469 20
-0.057 3.382 -2.988 20
0.763 5.081 0.376 20
-0.623 6.77 0.827 20
-1.344 7.848 -2.525 20
-1.636 8.331 -6.593 21
-2.244 7.096 -1.622 20
-2.708 5.848 -1.886 20
4.082 0.72 5.748 20
17.566 -16.344 12.167 20
8.165 -37.804 -2.504 20
-10.028 -39.305 9.571 21
-8.331 -9.715 -2.353 20
-7.224 5.071 -2.73 20
-2.633 9.275 5.336 20
0.179 11.096 0.702 20
-0.62 14.356 -2.185 20
-1.071 14.384 -0.595 20
-1.701 11.025 -1.62 21
-3.17 8.293 -2.433 20
-3.814 8.231 -3.302 20
-4.243 9.163 -3.517 20
-3.629 9.896 -1.354 20
-2.964 11.017 -1.363 20
-3.259 10.889 0.424 21
-1.163 8.63 0.881 20
7.501 -5.847 13.364 20
11.06 -20.839 0.979 20
-3.877 -28.957 -10.452 20
-6.712 -18.336 5.977 20
-7.716 -1.055 9.799 21
-5.91 2.242 5.335 20
3.341 -3.561 7.831 20
16.606 -11.0 5.834 20
16.192 -5.683 -9.14 20
6.444 3.76 -14.715 20
1.518 4.488 1.53 20
-0.066 3.75 -2.612 21
-2.295 4.578 -7.189 20
-2.551 4.663 -5.642 20
-0.478 4.794 -1.732 20
-0.814 6.512 -0.528 20
-1.013 7.63 -2.834 20
-1.261 7.568 -3.066 21
-2.191 6.856 -1.556 20
-1.013 4.554 -0.368 20
10.133 -4.294 7.041 20
16.495 -21.101 -0.807 20
-0.899 -34.647 9.576 20
-8.648 -31.165 10.427 21
-8.507 -3.689 -4.048 20
-5.134 6.487 -0.146 20
-0.671 9.397 2.938 20
-1.777 11.465 -1.329 20
-2.034 12.002 -0.307 20
-1.969 11.904 -0.992 21
-3.091 10.5 -3.237 20
-3.811 9.12 -2.499 20
-3.606 8.794 -2.055 20
-3.026 9.228 -2.951 20
-2.186 9.51 -1.552 20
-2.011 10.308 -0.987 21
-3.334 10.536 -0.326 20
-4.647 9.721 -0.897 20
-3.32 1.404 5.722 20
6.516 -15.813 10.402 20
1.717 -35.443 4.092 20
2.813 -34.644 -12.578 20
-3.209 -5.718 2.369 21
-6.848 5.146 9.361 20
0.2 2.065 9.714 20
12.751 -4.877 11.181 20
17.381 -5.241 6.085 20
13.985 -0.3 -10.688 20
7.459 3.304 -25.715 21
1.5 3.122 1.819 20
-2.424 3.623 -2.264 20
-5.15 3.515 -7.915 20
-4.618 4.92 -3.221 20
-2.951 7.444 1.781 20
-0.937 8.371 0.471 20
-0.016 8.754 -1.818 21
-0.208 9.133 -5.353 20
-1.722 8.054 -1.956 20
-1.084 5.289 -0.161 20
9.061 -4.232 7.971 20
14.772 -23.645 -3.449 20
-2.169 -42.228 11.617 21
-8.81 -34.325 9.406 20
-8.052 -2.999 -6.349 20
-6.221 8.36 3.156 20
0.202 10.357 2.759 20
0.188 11.6 -1.259 20
-1.74 11.906 0.569 21
-2.193 10.621 -0.319 20
-3.375 10.326 -2.756 20
-4.629 10.434 -3.254 20
-4.916 9.992 -3.228 20
-4.189 10.34 -2.14 20
-2.748 11.18 -0.917 21
-2.034 12.187 -2.127 20
-2.022 11.326 -0.632 20
-0.904 10.323 0.161 20
4.658 6.486 -1.984 20
12.524 -13.084 17.927 20
7.4 -32.725 4.329 20
-1.793 -36.336 1.789 21
-4.651 -14.916 -0.213 20
-11.328 2.233 4.189 20
-6.183 4.784 2.845 20
2.553 0.994 6.687 20
12.23 -4.272 5.555 20
11.66 -3.56 -11.148 21
1.53 1.7 -8.606 20
-2.324 4.304 -2.536 20
1.193 5.023 -3.466 20
0.235 5.721 -4.702 20
-2.829 5.708 -2.701 20
-4.4 5.635 -2.006 21
-3.549 6.123 -1.249 20
-1.227 6.682 -0.191 20
0.184 6.706 -1.226 20
0.458 6.091 -0.946 20
0.578 4.857 -1.373 20
9.908 -3.816 3.321 20
15.421 -20.296 -6.179 21
-2.574 -31.06 5.204 20
-14.0 -26.833 14.176 20
-8.611 -7.644 -1.168 20
-8.489 2.393 -3.856 20
-7.789 5.98 -0.37 20
-1.556 7.551 4.793 21
3.15 6.998 2.617 20
3.13 7.363 -1.809 20
0.301 9.348 -0.572 20
-2.037 9.866 -0.549 20
-2.258 7.562 -1.494 20
-1.773 6.924 -1.731 21
-1.298 7.78 -1.234 20
-0.453 7.903 -0.451 20
0.111 7.857 -1.141 20
1.159 8.166 -5.774 20
4.186 7.942 -9.149 20
16.61 -4.629 9.66 21
18.2 -29.384 9.746 20
-9.738 -33.426 -4.722 20
-17.724 -8.518 8.066 20
-9.193 4.594 -0.613 20
-5.316 5.958 -3.406 20
-1.293 4.89 2.198 20
4.104 2.265 9.942 21
6.35 -0.147 12.445 20
3.682 -0.199 6.429 20
1.981 1.277 -1.922 20
2.486 2.277 -19.238 20
-0.058 2.327 -5.677 20
-3.368 4.057 4.51 21
-3.035 3.825 0.862 20
1.018 1.891 0.336 20
3.547 2.29 1.777 20
3.503 3.264 1.851 20
2.514 3.035 0.754 20
1.088 2.528 -1.31 21
0.138 2.064 -2.076 20
0.644 0.985 -3.091 20
4.607 -5.855 -5.114 20
0.36 -15.277 -6.899 20
-10.056 -16.002 1.668 20
-7.619 -3.56 4.478 21
-7.547 6.67 0.014 20
-3.752 4.491 2.662 20
1.831 -0.644 4.293 20
4.162 -1.916 1.568 20
3.931 0.28 -1.137 20
2.652 2.642 -0.771 21
1.96 3.958 0.03 20
2.136 4.684 -0.061 20
1.987 4.614 -0.391 20
1.961 3.665 -0.485 20
1.623 2.65 -0.206 20
0.628 2.402 0.562 21
0.779 2.16 0.081 20
0.668 1.916 -1.774 20
0.252 2.22 -2.804 20
0.005 3.136 -2.159 20
0.455 3.631 -1.152 20
1.123 3.749 -0.228 21
1.563 3.533 -0.029 20
1.825 2.949 -0.086 20
1.886 2.303 0.504 20
3.471 0.93 0.759 20
8.773 -3.246 2.891 20
16.066 -12.666 1.369 20
-1.163 -9.741 -9.394 21
-8.241 -1.448 -4.444 20
-7.221 2.387 0.527 20
-9.235 3.269 0.539 20
-8.684 2.242 1.651 20
-7.296 1.647 3.083 20
-5.225 1.07 4.34 21
-2.407 -1.108 6.036 20
1.002 -3.401 7.955 20
3.431 -4.949 8.949 20
4.342 -5.575 6.653 20
6.448 -5.632 -3.75 20
6.458 -5.19 -14.206 21
0.761 -2.088 1.011 20
1.019 -1.741 1.173 20
2.864 -1.192 0.349 20
2.347 -0.081 2.077 20
0.911 -0.038 2.223 20
2.788 0.592 -6.372 20
3.161 1.067 -11.017 21
0.204 2.575 -6.66 20
-1.39 4.81 -3.766 20
-1.111 5.746 -1.917 20
-0.355 6.016 -0.719 20
-0.641 6.046 0.312 20
-1.521 5.642 -0.512 21
7.189 -2.446 0.33 20
10.157 -16.615 -4.734 20
-8.4 -20.594 6.552 20
-15.598 -28.917 11.975 20
-6.734 -15.11 7.996 20
-0.957 1.067 -2.819 21
1.037 3.107 1.674 20
4.991 2.324 3.452 20
-1.404 7.771 -0.366 20
-6.259 11.06 -3.218 20
-5.728 10.891 -2.717 20
-5.646 10.854 -2.101 21
-6.114 10.547 -1.951 20
-5.91 10.497 -2.691 20
-4.813 10.284 -2.836 20
-3.754 10.243 -2.449 20
-3.15 10.745 -6.738 20
-1.851 9.798 -4.464 20
-0.151 8.231 0.314 21
2.364 6.386 2.01 20
13.725 -8.034 12.369 20
11.36 -32.222 9.942 20
-4.114 -35.349 -1.59 20
-6.236 -8.052 -6.717 20
-8.372 4.188 10.013 21
-3.986 2.812 4.038 20
5.391 -5.025 4.762 20
14.129 -8.02 1.56 20
12.809 -2.47 -5.22 20
10.845 1.777 -6.959 20
4.541 2.66 -4.513 21
0.16 2.849 -6.804 20
-2.062 3.795 -6.703 20
-0.25 4.655 -1.076 20
0.602 6.725 1.706 20
-0.391 8.012 -0.135 20
-1.018 9.238 -4.543 21
-1.457 9.252 -3.647 20
-1.96 7.684 -1.286 20
5.565 1.588 4.161 20
17.912 -17.093 5.15 20
4.052 -33.944 7.143 20
-12.703 -40.319 17.561 20
-9.982 -13.516 -0.467 21
-5.94 5.044 -6.888 20
-3.651 10.007 0.585 20
-0.727 11.761 -0.395 20
-1.281 13.299 -2.872 20
-2.852 14.707 -3.783 20
-5.078 11.661 -3.381 21
-6.839 10.027 -1.116 20
-6.4 10.716 -2.699 20
-4.844 11.212 -5.376 20
-3.631 10.932 -4.685 20
-3.054 11.177 -1.289 20
-3.143 10.92 3.306 21
-2.879 8.974 -1.534 20
7.52 -5.018 7.249 20
12.845 -28.05 10.827 20
-1.807 -39.347 6.379 20
0.102 -15.797 -8.571 20
-3.888 2.067 13.885 21
-5.01 3.208 3.308 20
7.699 -3.118 1.289 20
19.076 -7.59 2.29 20
12.595 -1.495 -0.862 20
5.049 3.172 -10.455 20
2.209 2.053 -4.721 20
-0.57 0.713 0.377 21
-2.861 2.069 -6.93 20
-2.465 4.374 -9.639 20
-0.368 5.978 -3.244 20
0.996 7.23 0.736 20
0.976 8.277 -2.12 20
-0.529 9.42 -6.377 21
-1.832 8.316 -1.402 20
-1.019 5.921 0.691 20
6.488 -2.789 3.737 20
8.005 -17.058 1.173 20
-1.125 -32.813 6.044 20
-6.596 -38.785 10.752 21
-8.0 -9.193 -2.581 20
-8.159 7.496 3.282 20
-0.405 10.655 4.21 20
0.501 11.793 -0.845 20
-0.803 12.41 1.561 20
-1.91 11.93 0.846 21
-4.1 10.499 -1.816 20
-5.485 9.607 -2.316 20
-5.066 9.528 -3.621 20
-4.29 10.0 -6.34 20
-3.65 10.725 -6.611 20
-3.554 11.138 -3.674 21
-2.768 10.106 2.745 20
1.098 8.468 5.033 20
11.173 -5.889 10.528 20
11.179 -25.564 -4.257 20
-9.881 -30.661 0.128 20
-14.343 -15.172 12.027 21
-8.331 0.336 -7.804 20
1.25 -1.411 2.856 20
11.613 -7.608 13.399 20
16.65 -10.53 12.749 20
14.084 -5.225 -0.96 20
9.94 4.787 -22.874 20
4.91 7.745 0.804 21
0.094 4.562 0.861 20
-1.109 3.927 -6.477 20
-0.345 4.992 -8.651 20
0.644 5.376 -3.442 20
0.084 6.913 1.438 20
-0.888 8.509 -4.093 21
-1.987 8.885 -6.033 20
-2.799 7.681 0.131 20
-2.097 6.478 -2.371 20
6.822 -0.454 7.151 20
12.608 -14.715 9.329 20
2.359 -35.217 -0.567 21
-10.499 -39.409 13.021 20
-10.827 -8.868 0.735 20
-7.116 5.704 -5.648 20
-2.334 8.673 4.085 20
-1.344 11.378 1.867 20
-2.52 12.642 -2.229 20
-1.652 12.818 -0.486 21
-2.845 11.478 -3.156 20
-3.86 9.716 -3.291 20
-2.862 8.778 -3.219 20
-2.008 8.759 -4.406 20
-0.919 9.286 -4.202 20
-0.187 9.748 -2.083 21
-1.593 10.067 0.351 20
-3.001 9.429 2.442 20
-1.49 5.92 3.053 20
5.59 -9.4 14.8 20
0.659 -24.802 7.21 20
-5.872 -32.217 -4.855 21
-5.58 -20.555 1.544 20
-7.383 -3.665 5.384 20
0.95 -0.629 2.733 20
13.133 -5.348 6.909 20
15.97 -3.668 4.17 20
11.324 2.133 -6.696 21
5.694 5.125 -13.738 20
1.721 3.623 -2.233 20
-0.184 3.418 -7.094 20
-2.5 4.167 -8.187 20
-0.982 4.589 -2.89 20
0.242 6.374 0.225 20
-0.441 7.942 0.415 21
-1.022 9.147 -3.79 20
-1.124 8.89 -3.698 20
-1.659 7.621 -3.08 20
2.939 2.532 2.597 20
13.729 -12.7 2.633 20
6.438 -26.683 6.442 21
-10.789 -40.402 10.974 20
-11.025 -22.814 -0.074 20
-10.207 1.921 -4.167 20
-1.731 9.264 3.249 20
3.717 10.577 2.409 20
0.749 12.779 -1.197 21
-1.392 13.983 0.039 20
-1.488 12.332 -1.217 20
-3.034 10.752 -2.117 20
-4.129 9.672 -1.127 20
-3.578 9.3 -2.353 20
-2.207 9.252 -2.598 21
-0.359 10.185 -2.106 20
-0.465 11.342 -2.734 20
-1.967 10.632 -0.427 20
0.387 6.477 -2.109 20
9.744 -10.945 16.346 20
7.702 -25.858 3.389 21
-6.177 -29.287 -8.919 20
-8.446 -14.367 0.745 20
-11.221 0.179 8.158 20
-6.484 2.123 6.197 20
1.796 -2.982 13.455 20
13.918 -10.288 15.902 20
15.932 -10.227 -7.68 21
9.973 -1.189 -28.232 20
3.377 5.444 3.18 20
1.86 5.961 0.37 20
-0.966 6.082 -7.518 20
-2.642 6.656 -7.398 20
-1.739 6.76 -2.659 21
0.294 6.72 -0.496 20
0.383 7.289 -4.085 20
-0.236 7.457 -5.542 20
-1.553 6.74 -2.213 20
-2.513 5.031 -2.282 20
4.91 -2.795 4.482 21
16.316 -21.328 0.549 20
3.068 -39.373 7.631 20
-14.481 -37.343 14.767 20
-12.934 -8.191 -0.772 20
-8.141 6.206 -3.996 20
-0.734 10.533 4.302 21
2.303 11.875 0.916 20
0.029 14.173 -0.166 20
-1.293 15.095 -0.367 20
-2.17 12.883 -1.656 20
-3.825 10.506 -0.566 20
-3.884 9.576 -1.979 21
-2.767 10.19 -5.962 20
-0.957 10.824 -2.561 20
-0.407 12.066 -0.979 20
-2.464 12.17 0.123 20
-1.728 10.753 -2.57 20
3.34 -1.509 6.984 21
9.944 -23.521 13.219 20
0.181 -37.325 3.463 20
0.411 -24.227 -13.565 20
-10.993 -1.338 6.757 20
-10.885 3.807 10.089 20
-2.564 -0.628 10.125 20
12.152 -8.27 10.939 21
18.7 -8.178 -5.418 20
12.596 0.432 -25.181 20
2.676 5.263 0.786 20
2.677 5.06 -0.19 20
0.021 5.969 -7.95 20
-3.037 5.952 -6.083 21
-1.302 5.798 -1.568 20
0.205 6.855 -0.816 20
-0.274 7.456 -3.113 20
-1.678 7.784 -4.539 20
-2.851 7.375 -2.427 20
-3.612 6.195 -2.639 21
2.455 0.949 6.032 20
17.784 -15.994 4.329 20
8.007 -29.663 3.724 20
-12.108 -33.539 11.283 20
-9.847 -15.072 -3.884 20
-5.846 1.927 -2.806 20
-1.152 7.768 4.42 21
1.398 9.883 1.385 20
0.437 11.591 -2.416 20
0.559 12.84 -0.885 20
0.316 11.955 -1.484 20
-1.336 9.606 -1.838 20
-3.108 8.348 -2.182 21
-3.957 8.341 -2.238 20
-3.15 9.171 0.742 20
-1.172 10.591 3.201 20
-2.127 11.425 -0.293 20
-3.21 11.03 -4.505 20
1.019 0.801 6.319 21
5.779 -18.06 8.792 20
-0.723 -35.28 -8.644 20
-2.524 -23.646 -6.521 20
-8.586 1.163 4.748 20
-9.14 5.594 7.844 20
-3.084 2.046 12.346 20
10.056 -6.794 16.66 21
17.156 -10.478 7.91 20
13.787 -3.588 -13.374 20
7.816 3.233 -24.977 20
1.474 4.24 1.912 20
-3.59 3.478 -0.581 20
-4.641 2.429 -4.593 21
-3.4 2.684 -5.358 20
-1.282 4.733 -2.239 20
-0.496 6.918 -0.552 20
0.381 7.511 -3.965 20
0.465 7.829 -7.775 20
-0.33 6.969 -1.101 21
-1.192 5.86 3.318 20
7.104 -0.703 6.528 20
16.893 -18.81 -2.629 20
-0.618 -24.949 6.705 20
-10.249 -36.935 8.792 20
-7.303 -16.807 1.721 21
-8.224 5.419 -0.908 20
0.061 10.579 4.175 20
3.849 10.787 -0.428 20
-0.269 11.502 -1.435 20
-1.313 10.651 -0.216 20
-2.452 10.209 -1.074 20
-4.548 10.148 -0.964 21
-5.309 9.57 -1.622 20
-4.67 9.527 -3.23 20
-3.981 10.026 -2.983 20
-2.833 10.683 -1.641 20
-2.905 11.475 -1.919 20
-3.031 10.699 1.15 21
2.65 5.629 -0.76 20
12.889 -16.261 13.448 20
5.678 -38.499 -2.054 20
-3.59 -28.783 -4.917 20
-8.677 -0.684 6.608 20
-11.58 6.963 4.8 21
-6.694 4.542 6.396 20
8.11 -6.497 13.076 20
19.545 -13.255 7.737 20
14.32 -4.991 -16.792 20
6.179 4.23 -13.69 20
3.077 4.729 4.572 21
-1.561 3.463 -2.568 20
-1.866 2.933 -5.829 20
-0.485 3.867 -4.612 20
-0.669 6.24 -1.389 20
-0.598 7.914 -2.18 20
-0.079 7.985 -8.02 21
-0.89 7.203 -4.993 20
-2.328 6.449 -0.248 20
-0.87 4.247 1.438 20
9.987 -6.018 8.447 20
11.038 -20.879 2.728 20
-6.71 -33.178 2.336 20
-9.185 -29.28 9.351 21
-7.66 -3.173 -3.352 20
-5.217 6.683 1.565 20
3.33 8.365 2.646 20
1.591 10.214 -0.207 20
-2.036 11.56 0.471 20
-2.02 11.691 -1.145 21
-2.844 11.434 -1.608 20
-3.226 10.245 -1.068 20
-2.935 8.984 -1.854 20
-1.937 8.501 -3.759 20
-0.775 8.848 -2.806 20
-0.126 9.709 -0.404 21
-1.72 10.362 -1.208 20
-4.165 9.218 -0.686 20
-3.03 4.917 1.363 20
6.769 -11.251 13.619 20
5.895 -29.456 5.782 20
-3.856 -33.231 -8.136 21
-6.803 -13.576 -1.408 20
-11.129 2.984 8.412 20
-6.081 5.061 7.844 20
4.792 -1.564 13.622 20
14.67 -7.58 13.959 20
16.211 -6.637 -8.629 21
11.153 -0.493 -28.982 20
3.223 4.331 1.675 20
-0.563 3.921 -1.085 20
-2.389 2.283 -8.214 20
-2.575 2.577 -6.392 20
-1.53 5.566 -0.195 21
-0.493 7.907 0.595 20
0.021 8.114 -3.391 20
-0.804 8.335 -5.294 20
-1.407 8.077 -2.749 20
-1.042 6.562 -2.218 20
8.36 -1.718 5.428 20
14.677 -18.406 3.046 21
0.392 -34.24 6.547 20
-11.736 -38.368 9.831 20
-9.739 -9.22 -4.507 20
-5.695 7.433 1.149 20
2.115 11.232 6.185 20
1.261 12.267 -0.722 21
-1.447 13.433 -0.162 20
-1.738 13.299 -1.107 20
-3.187 11.167 -3.075 20
-5.009 9.815 -2.272 20
-5.278 9.442 -2.325 20
-4.563 9.582 -3.83 21
-2.782 10.144 -3.641 20
-1.676 10.716 -2.315 20
-2.365 10.192 -0.533 20
-1.028 8.565 -3.104 20
7.156 -3.696 6.502 20
12.018 -21.824 13.044 20
-3.408 -31.605 2.87 21
-8.968 -23.404 0.239 20
-8.114 -4.495 7.774 20
-3.109 1.969 1.105 20
6.868 -3.018 4.189 20
15.788 -6.362 8.134 20
12.937 -1.336 2.635 21
8.295 3.839 -15.595 20
4.109 4.717 -8.839 20
0.561 3.659 0.801 20
-3.185 3.698 -5.472 20
-3.063 3.716 -7.23 20
0.022 4.578 -2.572 21
-0.394 6.724 -0.655 20
-1.236 7.893 -2.911 20
-1.634 7.703 -4.323 20
-2.486 6.965 -1.547 20
-2.675 5.507 -2.656 20
6.879 -2.273 7.66 21
15.324 -18.358 1.612 20
0.94 -25.773 4.005 20
-8.911 -29.131 13.429 20
-6.808 -13.028 2.926 20
-9.079 1.005 -3.556 20
-3.423 7.271 3.291 20
4.097 9.133 -0.138 21
1.687 10.438 -0.98 20
-1.887 11.686 -0.854 20
-1.761 11.36 -4.123 20
-2.799 10.338 -3.611 20
-3.899 9.328 -2.823 20
-4.173 8.915 -3.127 21
-3.695 8.905 -2.28 20
-2.452 9.511 -2.164 20
-2.664 10.537 -2.021 20
-3.924 10.391 0.196 20
-3.614 8.48 -1.873 20
4.454 -5.33 13.903 21
12.906 -23.157 11.844 20
0.814 -32.022 -4.388 20
-1.883 -22.115 -15.287 20
-5.703 -4.514 13.503 20
-7.131 1.897 9.813 20
-0.297 0.787 7.032 21
11.477 -3.406 9.42 20
13.813 -2.87 2.648 20
10.571 0.215 -17.629 20
4.357 2.323 -10.666 20
0.61 2.958 2.382 20
-1.791 2.338 -5.327 20
-3.171 1.848 -7.686 21
-2.921 2.868 -4.681 20
-1.986 5.701 -1.581 20
-0.878 7.332 -1.207 20
-0.249 7.468 -3.268 20
-0.155 6.701 -0.236 20
-0.463 6.253 -1.033 21
8.06 -1.074 1.949 20
14.144 -15.228 -6.814 20
-0.658 -20.591 6.411 20
-10.49 -32.707 12.919 20
-8.841 -19.739 6.643 20
-10.266 0.035 -4.231 21
-4.678 7.291 3.28 20
5.857 9.444 3.262 20
2.128 10.947 -1.457 20
-2.247 11.281 1.195 20
-1.677 10.643 -0.93 20
-2.607 11.223 -2.426 21
-3.795 10.523 -1.854 20
-3.948 9.324 -1.63 20
-3.322 9.44 -2.861 20
-1.772 9.783 -1.859 20
-0.476 10.607 -1.318 20
-1.592 11.299 -1.93 21
-2.241 10.62 -2.444 20
6.966 1.691 3.493 20
13.243 -20.975 16.966 20
-0.653 -36.457 -1.773 20
-2.382 -24.002 -10.583 20
-9.564 -1.187 7.952 20
-11.318 3.357 6.959 21
-2.858 0.167 6.321 20
11.986 -7.932 9.229 20
18.493 -9.353 -0.291 20
8.08 0.665 -15.509 20
0.343 5.557 -5.582 21
1.58 4.027 3.496 20
0.364 3.719 -2.812 20
-1.94 4.41 -4.553 20
-1.545 4.234 -3.414 20
-0.705 4.183 -4.757 20
-1.07 5.802 -4.641 21
-0.765 6.923 -3.472 20
0.119 6.707 -3.142 20
-0.569 6.269 -0.206 20
-1.238 5.543 1.008 20
9.289 -3.548 4.441 20
13.614 -18.491 -3.332 20
-3.312 -26.348 3.804 21
-13.469 -32.145 13.492 20
-11.896 -10.569 3.995 20
-9.329 3.005 -5.064 20
-2.922 6.216 2.606 20
5.721 6.403 5.381 20
5.874 7.36 -1.676 21
-1.625 11.177 -1.088 20
-1.906 10.152 -1.52 20
-1.647 8.529 -2.53 20
-2.903 9.235 -1.617 20
-3.589 9.56 -1.281 20
-3.314 9.05 -1.886 20
-1.823 8.899 -3.23 21
1.935 9.232 -2.696 20
4.62 10.221 -0.863 20
4.348 10.669 -1.242 20
8.712 4.948 2.412 20
11.432 -18.988 20.945 20
-4.756 -39.179 -0.412 21
-16.735 -27.208 -4.941 20
-13.07 -0.809 -3.203 20
-4.715 6.194 -0.919 20
-2.961 7.081 3.316 20
-2.194 4.094 9.4 20
6.514 -3.508 15.249 21
11.677 -8.017 6.884 20
8.118 -3.945 -19.449 20
1.488 3.503 -10.488 20
-0.391 6.223 0.567 20
-0.514 6.413 -0.661 20
-0.048 5.052 -0.313 20
-0.067 3.898 1.68 21
-1.356 3.73 0.265 20
-1.857 3.508 -4.031 20
-1.714 3.275 -6.122 20
-0.35 2.605 -4.904 20
1.46 1.956 -2.085 20
3.897 1.235 1.46 21
8.906 -3.732 5.893 20
10.729 -9.286 1.106 20
-1.605 -7.617 -2.22 20
-13.404 -9.266 5.751 20
-13.779 -18.099 2.531 20
-8.079 -13.588 0.484 21
-5.645 -1.857 -3.035 20
-5.62 3.724 -2.252 20
-1.936 4.783 2.907 20
3.127 4.135 4.595 20
5.731 4.159 1.499 20
4.138 5.276 -1.597 21
-0.319 7.505 -1.112 20
-1.964 7.986 -0.005 20
-1.108 6.53 0.07 20
-1.312 6.886 -0.815 20
-1.481 7.713 -1.937 20
-0.949 7.61 -2.612 20
0.767 6.851 -3.81 21
3.777 5.105 -3.763 20
9.774 2.268 -2.244 20
16.629 -1.429 1.09 20
7.171 -0.896 0.815 20
-1.527 -4.299 -2.247 20
4.683 -17.621 8.099 21
1.164 -20.04 2.274 20
-6.193 -2.92 -9.75 20
-8.732 3.61 -2.915 20
-9.659 3.956 4.883 20
-7.033 3.599 5.938 20
-2.928 2.013 4.881 21
-0.123 0.996 3.804 20
2.766 -0.577 3.984 20
6.101 -2.619 5.364 20
6.942 -2.523 3.319 20
4.484 -1.594 -11.119 20
2.274 -1.107 -5.384 20
-2.458 2.114 -1.12 21
-4.485 5.175 -0.023 20
0.811 2.252 4.376 20
1.92 0.444 1.888 20
1.573 1.193 -3.659 20
0.139 3.48 -2.993 20
-0.445 4.841 -1.332 21
0.258 2.244 -0.873 20
-0.819 -0.993 -0.908 20
0.013 -1.732 1.148 20
0.615 0.74 0.817 20
1.633 1.136 -0.141 20
-1.996 0.951 -0.198 21
-9.215 -0.512 -3.276 20
-5.695 -4.216 -2.64 20
5.601 -8.766 -0.673 20
4.938 -7.874 2.285 20
-0.253 -0.619 5.954 20
2.964 4.638 3.83 21
4.151 3.628 -2.433 20
2.246 3.203 -7.882 20
0.877 2.467 -6.658 20
-4.292 2.625 2.59 20
-0.973 -3.968 3.706 20
5.533 -5.206 -2.871 20
5.113 -3.877 -3.019 21
0.201 -0.389 -4.886 20
-1.969 2.42 -1.12 20
-1.272 1.304 3.71 20
-2.4 0.383 -1.513 20
-4.197 4.408 9.672 21
-4.581 4.892 11.52 20
-2.118 2.366 -1.866 20
0.751 2.321 -8.272 20
0.393 2.58 -5.265 20
-1.286 0.906 -1.804 20
-0.144 -1.853 -1.281 21
3.748 -4.606 -0.968 20
5.706 -6.825 5.581 20
2.923 -5.535 4.18 20
0.764 -0.521 -2.856 20
-0.152 2.952 -1.831 20
-0.642 2.195 1.331 20
-0.733 1.109 3.375 21
-1.2 0.556 4.042 20
-2.686 0.524 2.256 20
-3.09 0.614 0.491 20
-2.568 0.544 0.228 20
-2.046 0.278 -0.628 20
-1.542 -0.305 -2.292 21
-0.622 -0.839 -3.514 20
0.5 -1.139 -1.998 20
1.112 -1.062 0.725 20
1.173 0.266 2.054 20
-0.252 2.21 2.112 20
-2.098 1.691 2.146 21
-1.686 -0.376 1.768 20
0.634 -1.943 0.207 20
0.713 -1.55 -1.604 20
-1.389 0.357 -2.071 20
-1.987 2.104 -1.493 20
-0.857 0.46 0.473 20
-0.042 -1.448 2.258 21
-0.04 -1.68 2.202 20
-0.248 0.151 0.484 20
0.156 1.376 -0.372 20
0.093 1.001 -0.305 20
-0.2 -0.275 -0.104 20
-0.303 -1.138 0.022 21
-0.34 -0.85 -0.042 20
-0.122 -0.146 -0.072 20
0.409 0.381 0.234 20
0.807 0.422 0.456 20
0.826 0.247 0.37 20
0.702 0.282 0.298 21
0.494 0.411 0.288 20
0.468 0.474 0.742 20
0.152 -0.148 -0.726 20
0.094 -0.608 -0.986 20
-0.353 -0.04 0.076 20
-0.992 0.648 0.398 20
-0.891 0.519 0.474 21
-0.42 -0.179 0.507 20
0.141 -0.534 0.393 20
0.437 -0.295 -0.145 20
0.492 -0.147 -0.264 20
0.187 -0.182 0.341 20
-0.206 -0.416 -0.091 21
-0.334 -0.62 -0.422 20
-0.762 0.153 -0.095 20
-1.119 0.786 0.469 20
-0.535 0.664 0.517 20
0.052 0.292 0.677 20
-0.478 0.131 1.17 21
-0.803 -0.239 0.421 20
-0.223 -0.474 -0.72 20
-0.188 -0.306 -0.413 20
-0.785 0.09 0.261 20
-0.474 1.362 0.498 20
-0.636 1.56 1.391 21
-1.635 -0.016 0.736 20
-1.154 -1.321 -0.242 20
-0.94 -0.986 0.305 20
-0.205 -0.579 -0.554 20
0.875 -0.178 -0.822 20
0.263 -0.408 2.609 21
-0.93 -0.747 1.982 20
-0.844 -0.245 -0.356 20
-0.559 -0.354 -0.336 20
-0.846 -0.144 0.702 20
-1.682 0.934 0.892 20
-0.985 0.744 0.818 20
0.326 -0.237 1.812 21
0.973 0.583 1.144 20
2.751 1.167 0.471 20
2.017 3.256 -1.731 20
0.148 1.611 -2.811 20
0.267 -2.26 -1.346 20
-2.41 -5.177 1.347 21
-4.185 -1.238 2.137 20
0.889 1.916 4.415 20
3.594 -1.26 1.477 20
1.43 -4.025 -4.335 20
-0.201 -3.36 -3.264 20
1.73 -3.347 -0.091 21
3.012 -3.111 0.553 20
1.855 -2.516 0.698 20
-1.212 -2.652 -1.561 20
-3.122 -2.137 -0.592 20
-2.163 -1.802 2.711 20
-1.785 -0.184 3.606 21
0.872 1.062 -0.473 20
5.431 0.865 -6.339 20
8.639 0.813 -14.072 20
5.018 1.62 -9.203 20
1.886 -0.179 1.53 20
1.781 -0.616 7.483 20
1.849 0.531 9.139 21
3.251 1.204 7.248 20
4.254 1.802 7.215 20
3.781 1.844 6.55 20
2.014 1.653 4.506 20
-0.319 1.983 3.463 20
-0.647 2.085 3.407 21
0.075 2.253 2.428 20
0.524 1.892 -0.23 20
-0.418 0.944 -2.074 20
-2.006 0.606 -1.166 20
-3.418 1.056 -0.237 20
-3.915 1.897 -0.526 21
-3.741 2.831 -1.053 20
-2.86 3.477 -1.581 20
-0.138 2.644 -4.528 20
5.817 2.595 -8.71 20
5.311 3.687 -7.802 20
2.501 3.581 -3.394 20
4.083 2.982 -1.114 21
4.224 3.417 -1.815 20
1.624 6.399 -8.255 20
-0.324 7.568 -2.721 20
-0.928 7.909 1.571 20
-0.328 7.551 1.061 20
0.659 6.455 1.256 21
1.119 5.827 -0.013 20
1.233 5.451 -0.654 20
1.349 5.059 1.172 20
1.016 6.136 0.086 20
0.267 6.471 -2.571 20
-0.315 5.304 -2.273 21
0.328 2.053 0.56 20
0.291 0.513 3.345 20
-0.694 0.464 4.378 20
-1.983 0.838 5.626 20
-3.596 1.166 7.463 20
-4.232 0.954 9.5 21
-4.083 0.432 8.946 20
-2.607 -0.158 7.485 20
-1.644 -0.336 5.158 20
-0.572 -0.162 2.003 20
0.006 0.081 -0.132 20
-0.243 0.748 -0.71 20
-0.773 1.4 -0.339 21
-0.993 1.598 0.216 20
-1.463 1.637 0.744 20
-1.91 1.318 0.066 20
-1.684 0.705 -0.308 20
-1.227 0.309 0.899 20
-1.391 0.321 2.154 21
-1.838 0.645 1.652 20
-1.982 1.022 0.706 20
-1.799 1.176 0.454 20
-1.791 1.231 0.381 20
-1.761 1.475 0.017 20
-1.794 1.441 1.967 21
-2.541 1.455 2.186 20
-2.011 1.443 -0.142 20
-1.273 1.005 -0.878 20
-1.139 0.665 -0.211 20
-1.191 0.735 -0.002 20
-1.475 1.454 -0.4 20
-1.737 2.014 -0.49 21
-1.628 1.996 -0.566 20
-1.371 1.699 -1.583 20
-0.938 1.307 -1.386 20
-0.558 0.801 -0.773 20
-0.638 0.824 -0.626 20
-0.873 1.07 -1.193 21
-0.905 1.327 -1.675 20
-0.898 1.49 -1.463 20
-0.877 1.502 -1.252 20
-0.971 1.553 -1.016 20
-1.188 1.604 -0.934 20
-1.238 1.58 -1.149 21
-1.329 1.54 -1.319 20
-1.093 1.362 -1.273 20
-0.93 1.142 -1.135 20
-1.052 1.138 -0.944 20
-1.033 1.147 -0.752 20
-1.016 1.084 -0.63 21
-0.809 1.055 -0.377 20
-0.762 0.874 -0.55 20
-0.712 0.731 -0.497 20
-0.714 0.739 -1.605 20
-1.354 1.086 -1.503 20
-1.406 0.589 1.412 20
-0.772 0.276 -0.795 21
-0.848 0.298 -1.548 20
-0.724 0.425 -0.777 20
-0.149 0.21 -0.742 20
0.136 -0.017 -0.679 20
0.127 -0.058 -0.307 20
0.257 -0.145 0.018 21
0.442 -0.329 0.691 20
0.62 -0.511 1.385 20
0.817 -0.723 1.577 20
0.991 -0.905 1.434 20
0.957 -0.804 1.603 20
0.846 -0.57 1.665 21
0.798 -0.434 1.177 20
0.74 -0.444 1.094 20
0.739 -0.652 0.918 20
0.663 -0.75 0.692 20
0.487 -0.643 0.761 20
0.692 -0.898 0.67 21
0.826 -0.905 0.406 20
0.681 -0.713 0.59 20
0.587 -0.627 0.244 20
0.521 -0.482 0.097 20
0.325 -0.315 0.3 20
0.223 -0.171 0.469 20
0.171 -0.172 0.607 21
0.274 -0.137 0.557 20
0.283 -0.169 0.458 20
0.128 -0.19 0.205 20
0.05 -0.174 0.025 20
-0.031 -0.07 0.312 20
-0.166 0.094 0.199 21
-0.356 0.302 -0.325 20
-0.517 0.47 -0.359 20
-0.582 0.494 -0.284 20
-0.64 0.483 -0.571 20
-0.802 0.545 -0.938 20

# Completed @Tue Jan 26 20:14:54 GMT+02:00 2021
