# Accelerometer Data File
# Started @Tue Jan 26 20:22:02 GMT+02:00 2021
#
#
# sensor Vendor: BOSCH
# sensor Name: BMI160 Accelerometer Non-wakeup
# sensor Resolution: 0.0023928226m/sec^2; Max Range: 78.4532; Min Delay: 2500 microseconds
# The sensor's attributes are the result hardware and the Android capabilities.
# It means that the Android may not utilize all features provided by the hardware.
#
# Some devices and Android versions save battery too much so the device may go to sleep.
# It just happens after couple of minutes from turning off the scree and it is easy to find it out.
#
# The following file provides the data from accelerometer in the m/s^2 format.
# The diff value is just a time delta between the samples
#
#
# data format:
# so we have 4 columns with values separated by the " "
# X Y Z time_from_previous_sample(ms)

# sensor speed set to:NORMAL
# units set to: m/sec^2
# gravity  filtered out
# Accuracy: HIGH
-1.704 2.9 8.991 0
-0.872 2.179 7.315 20
-0.192 1.689 6.209 20
0.064 1.805 5.907 20
-0.099 2.17 5.385 20
0.343 1.625 4.745 20
0.695 1.202 4.307 20
0.985 1.088 4.446 21
1.12 1.234 4.486 20
1.126 1.326 3.697 20
1.218 1.314 3.428 20
1.411 1.137 2.396 20
1.585 0.961 0.66 21
1.717 0.783 -0.442 20
1.602 0.86 -0.659 20
1.252 0.981 0.394 20
0.734 1.139 0.813 20
0.281 1.133 0.219 20
-0.13 0.705 -0.248 21
-0.05 0.764 -0.254 20
0.213 0.98 0.079 20
1.063 0.574 1.03 20
-0.213 -0.593 0.322 20
0.372 -1.107 0.68 20
-0.632 -0.548 -0.437 21
-0.828 -0.506 0.418 20
-0.247 -0.513 -1.125 20
0.505 -0.322 -2.127 20
0.149 -1.18 -0.875 20
1.624 -2.612 2.389 20
1.371 -4.093 7.005 21
2.689 -2.918 5.861 20
6.188 -3.223 2.651 20
5.175 -3.888 7.049 20
3.73 -1.354 3.804 20
4.226 -0.219 -1.536 20
1.667 0.05 -2.728 21
-1.224 -0.786 -0.672 20
-2.755 -1.699 0.634 20
-1.716 -1.837 -0.694 20
-0.781 -1.891 -2.104 20
-2.225 -1.324 -1.934 21
-3.816 -0.707 -2.226 20
-3.544 -0.867 -2.482 20
-2.817 -0.918 -0.435 20
-1.466 -1.969 1.347 20
-0.856 -2.274 1.286 20
1.195 -3.114 1.198 21
2.41 -3.255 -0.15 20
1.874 -2.809 -0.782 20
1.805 -3.295 -0.893 20
2.776 -3.938 -0.603 20
4.091 -4.448 -0.752 20
4.195 -3.971 -1.237 21
4.284 -3.817 -1.924 20
3.457 -2.989 -2.562 20
3.249 -2.578 -2.911 20
3.767 -2.167 -2.868 20
3.731 -1.463 -2.866 20
3.321 -1.043 -2.98 21
2.972 -0.628 -2.764 20
3.084 -0.52 -2.686 20
3.142 -0.716 -2.23 20
2.658 -0.722 -1.936 20
1.551 -0.736 -1.988 20
0.46 -0.462 -1.94 21
0.19 -0.038 -1.981 20
0.656 0.195 -2.207 20
0.483 0.926 -2.051 20
-0.017 1.715 -2.092 20
-0.505 1.917 -2.299 21
-0.748 1.992 -2.996 20
-1.208 1.879 -3.27 20
-1.626 1.592 -2.859 20
-1.957 2.008 -1.846 20
-2.024 2.422 -1.478 20
-0.979 2.415 -1.085 21
1.649 1.783 -1.291 20
4.638 2.202 -4.32 20
7.139 3.105 -5.598 20
7.501 2.385 -2.998 20
5.942 -0.089 -1.183 21
3.358 -1.539 1.662 20
1.515 -2.668 1.355 20
0.538 -4.887 2.108 20
0.055 -5.711 1.175 20
-0.984 -4.461 2.282 20
1.081 -3.982 3.423 21
2.67 -5.285 5.23 20
2.327 -5.362 6.477 20
1.168 -6.044 4.943 20
-2.046 -6.347 5.49 20
-5.099 -6.081 8.255 20
-4.634 -6.997 7.996 21
-5.471 -6.636 4.583 20
-7.045 -5.382 -1.777 20
-8.801 -2.925 -9.445 20
-6.515 2.164 -30.495 20
-8.112 7.993 -14.853 20
-2.562 1.178 2.014 21
10.825 2.468 -2.261 20
14.796 8.918 -34.988 20
-1.871 2.58 -11.062 20
-7.078 -2.918 4.333 20
-2.002 -6.8 5.325 20
-0.235 -5.391 14.729 21
1.506 -5.702 15.388 20
8.752 -6.981 8.66 20
2.041 -5.143 5.017 20
-3.22 -5.245 3.097 20
-4.556 -3.89 6.993 20
-6.978 -0.257 6.906 21
-6.203 1.836 6.638 20
-2.101 4.746 4.301 20
1.843 7.281 -1.419 20
4.978 7.663 -4.051 20
3.743 7.809 -2.987 21
-0.621 7.429 0.062 20
-4.426 7.08 2.591 20
-5.254 6.51 4.656 20
-6.14 6.7 2.181 20
-4.8 6.815 -1.867 20
-5.654 7.349 -5.468 21
-7.342 6.394 -7.013 20
-2.091 4.172 -2.31 20
1.088 0.396 4.83 20
2.644 -2.486 9.56 20
3.636 -8.255 6.306 20
5.071 -14.43 -4.78 21
12.215 -11.607 -8.562 20
6.778 -5.604 -5.175 20
5.206 -2.611 2.78 20
4.605 1.077 1.493 20
0.764 3.457 -2.226 20
-0.79 3.139 -1.945 21
-1.638 2.094 -0.2 20
-4.223 2.614 0.539 20
-4.355 3.695 0.517 20
-1.382 3.914 0.95 20
-0.045 3.702 0.295 20
-0.437 2.165 -4.406 21
-4.789 1.517 -6.125 20
-5.692 -0.828 -2.691 20
-2.672 -3.298 0.001 20
-0.988 -3.656 3.414 20
2.236 -4.032 2.848 20
1.394 -4.493 -1.015 21
2.841 -4.609 -3.85 20
7.337 -3.992 -6.528 20
10.438 -0.644 -1.404 20
6.865 1.3 5.753 20
5.821 3.444 2.664 20
2.63 4.717 -0.318 21
-0.971 4.805 -1.019 20
-2.01 5.237 -2.25 20
-3.965 5.209 -1.195 20
-4.06 4.114 0.28 20
-4.782 4.069 1.925 21
-8.303 4.911 -0.004 20
-9.926 4.75 -0.692 20
-6.141 3.541 -3.977 20
-4.982 3.83 -4.161 20
-1.847 2.694 0.387 20
6.32 1.629 3.977 21
10.369 0.535 5.043 20
13.92 -0.546 4.804 20
9.721 -3.85 9.176 20
12.013 -6.203 3.703 20
5.822 -6.45 7.209 20
0.618 -7.848 7.066 21
-4.152 -7.827 -1.069 20
-4.152 -6.285 -5.606 20
-1.59 -2.714 -4.558 20
-0.271 0.293 -3.934 20
-2.551 1.852 -4.123 20
-3.58 3.42 -5.125 21
-2.528 4.632 -3.81 20
-3.084 3.748 -0.887 20
-5.028 3.856 -1.232 20
-4.515 1.138 -0.505 20
-3.418 -2.314 0.234 20
-3.928 -2.154 1.998 21
-4.092 -1.223 -0.865 20
-5.942 -0.322 -4.019 20
-2.866 -3.31 -5.055 20
13.447 -12.381 7.949 20
5.632 -11.969 21.696 21
-6.186 -10.776 11.431 20
-8.78 -10.128 -4.557 20
0.238 -10.725 -11.265 20
6.223 -1.546 -18.702 20
5.605 6.561 2.178 20
3.716 9.748 3.31 21
0.85 10.563 -5.394 20
-2.541 9.338 -3.418 20
-6.812 8.724 -1.244 20
-7.737 7.838 0.013 20
-6.364 5.491 0.605 20
-4.031 6.247 0.868 21
-3.182 7.98 4.241 20
-3.348 2.183 3.541 20
-1.203 -0.307 -0.029 20
5.566 -7.923 -20.414 20
2.525 -17.85 5.714 21
1.102 -20.795 7.747 20
2.475 -15.072 -7.982 20
-8.883 -1.791 -0.02 20
-10.588 0.59 4.095 20
-5.06 0.915 1.624 20
-0.029 -2.42 0.774 21
6.59 -10.884 5.651 20
10.467 -9.541 -4.074 20
8.327 2.679 -16.736 20
5.172 2.103 -12.792 20
-2.336 5.391 -5.629 20
-12.423 22.945 -3.626 21
-7.371 15.183 2.721 20
-3.924 1.563 9.298 20
3.309 -3.663 -1.443 20
3.683 -7.807 -12.097 20
-2.096 -9.195 2.601 20
1.234 -11.585 7.422 21
3.023 -17.599 7.01 20
-2.625 -15.861 5.947 20
-1.092 -11.017 3.519 20
-3.083 -9.186 4.664 20
-9.232 -2.837 2.462 20
-8.653 4.763 2.319 21
-2.422 9.933 1.067 20
1.98 12.357 -0.711 20
1.937 13.193 0.344 20
-0.467 11.958 -0.522 20
-0.983 11.65 -2.828 20
-0.264 11.968 -2.496 21
-0.369 10.2 -1.403 20
1.023 8.165 1.254 20
1.82 7.292 2.817 20
-0.601 7.693 2.591 20
-1.8 5.425 2.897 21
-0.419 2.028 -5.25 20
6.829 -8.441 -21.3 20
9.442 -27.903 24.381 20
-3.652 -15.047 4.103 20
-11.095 0.363 -4.331 20
-9.21 -3.01 5.111 21
-4.936 -4.544 4.602 20
-1.036 -2.17 5.612 20
3.967 -6.489 7.31 20
15.327 -12.949 -2.727 20
16.191 -9.612 -16.578 20
-0.135 1.606 -11.279 21
-5.069 8.75 -4.895 20
0.855 7.491 -8.215 20
-1.724 5.783 -7.162 20
-3.455 4.661 -3.318 20
1.846 3.738 -1.837 20
3.463 1.887 0.006 21
1.714 3.393 0.512 20
-1.354 6.259 3.406 20
-2.711 7.322 -0.289 20
3.908 -1.667 6.729 20
13.959 -15.882 11.862 20
2.59 -22.782 -3.622 21
-15.19 -24.27 -3.447 20
-1.723 -18.387 6.767 20
0.669 -0.4 8.522 20
-3.974 8.088 2.513 20
-3.658 11.108 -1.933 20
0.598 11.681 -0.892 21
0.855 13.039 -2.942 20
-1.413 13.488 -2.329 20
-2.527 13.463 -1.869 20
-2.878 12.58 -3.043 20
-3.064 10.994 -1.803 20
-1.734 8.517 1.229 21
0.241 6.713 4.739 20
0.795 6.632 5.011 20
0.245 6.199 1.405 20
0.712 4.933 -10.534 20
8.616 -4.388 0.218 21
8.162 -17.816 10.797 20
-5.548 -23.664 -1.02 20
-2.753 -14.778 0.881 20
-1.04 -1.609 7.235 20
2.198 1.022 8.859 20
10.936 -1.72 5.815 21
19.867 -4.761 3.666 20
15.763 -1.516 -1.27 20
5.221 2.474 -14.23 20
0.438 -0.592 -12.684 20
0.17 0.121 -0.312 20
-2.448 2.543 -9.06 21
-5.702 2.845 -10.004 20
-4.434 3.438 -2.538 20
-6.993 7.387 2.881 20
-5.923 10.082 4.095 20
1.544 7.25 0.67 20
1.764 4.912 -6.151 21
0.296 1.06 -6.435 20
5.107 -4.148 8.747 20
14.147 -13.036 9.03 20
8.261 -17.679 3.488 20
-2.906 -18.472 2.701 20
3.78 -13.496 7.642 21
-0.747 -3.318 3.54 20
-8.255 3.189 -2.235 20
-6.185 8.275 -2.533 20
-1.507 10.718 -0.223 20
-2.396 12.721 -1.615 21
-3.012 12.759 -0.996 20
-4.267 10.899 -0.985 20
-5.863 8.535 -1.354 20
-4.793 7.026 -1.139 20
-2.855 6.85 1.227 20
-3.007 7.471 4.989 21
-4.659 7.556 4.714 20
-5.467 5.878 1.177 20
-2.155 3.511 -7.326 20
9.506 -6.441 -0.339 20
11.022 -22.083 10.1 20
-3.104 -27.274 -4.804 21
0.366 -9.36 1.962 20
-2.127 2.234 3.107 20
-2.38 2.916 8.535 20
6.306 -1.534 12.287 20
17.039 -5.927 6.08 20
16.021 -1.624 -5.268 21
8.703 3.798 -13.225 20
1.007 4.718 -14.802 20
-2.387 2.772 -0.052 20
-5.455 2.322 -7.303 20
-6.966 1.562 -8.75 21
-6.199 1.576 -2.389 20
-3.345 2.403 1.126 20
-2.804 4.407 0.186 20
-2.465 5.663 -0.586 20
-3.076 5.875 0.286 20
-2.454 4.421 -3.044 21
9.67 -3.665 6.644 20
19.594 -12.593 5.449 20
5.424 -15.186 3.141 20
3.047 -23.837 1.869 20
2.352 -13.757 8.9 20
-8.804 -1.586 5.22 21
-11.253 1.736 -2.329 20
-5.432 5.698 -5.927 20
-0.885 9.52 -0.255 20
-3.444 12.927 -1.652 20
-4.313 13.486 -2.884 20
-3.33 11.551 -1.464 21
-3.422 8.848 -1.028 20
-3.373 6.588 -1.87 20
-2.956 6.138 -1.715 20
-2.166 6.212 2.06 20
-3.107 6.722 3.581 20
-5.388 7.367 1.22 21
-5.414 7.37 -4.015 20
-1.811 3.263 -1.164 20
4.033 -9.058 12.585 20
2.653 -25.197 8.888 20
11.162 -32.497 -1.828 20
1.5 -14.1 -0.637 21
-6.092 0.669 8.735 20
0.256 1.799 7.886 20
8.552 -1.364 3.065 20
17.142 -2.952 -2.186 20
15.982 -0.205 -10.884 21
3.099 3.777 -15.089 20
-3.371 4.716 -5.508 20
-5.63 4.109 -9.517 20
-5.004 2.84 -6.269 20
-2.186 2.554 -0.142 20
-1.786 3.896 3.256 21
-2.449 5.533 1.822 20
-2.827 5.794 0.163 20
-1.097 3.742 -4.401 20
10.25 -3.726 3.146 20
13.582 -8.28 6.57 20
2.74 -11.501 12.697 21
2.895 -24.787 1.03 20
3.06 -16.935 4.904 20
-7.459 -4.663 5.332 20
-11.338 1.16 -5.393 20
-6.705 7.467 -5.22 20
-4.605 11.987 1.434 21
-6.887 14.604 -2.917 20
-6.662 14.418 -2.797 20
-6.597 10.958 -1.575 20
-6.082 7.952 -1.698 20
-4.163 6.78 -1.252 20
-2.5 6.625 -0.952 21
-1.038 6.838 1.334 20
-1.118 7.124 2.406 20
-1.739 7.024 0.587 20
3.86 3.97 -5.343 20
15.629 -9.349 7.059 21
5.395 -22.423 -3.221 20
-10.552 -22.445 8.764 20
-9.352 -11.087 8.739 20
-6.99 -0.525 -2.978 20
-0.78 -1.011 -0.641 20
10.745 -7.427 7.688 21
17.415 -10.304 9.509 20
9.85 -2.543 1.277 20
3.611 5.431 -16.584 20
3.347 6.233 -9.131 20
1.499 4.247 -1.043 20
-2.619 3.605 -7.048 21
-3.535 3.785 -8.245 20
-1.98 4.411 -3.428 20
-1.422 5.658 1.14 20
-1.756 6.645 -1.032 20
-1.643 6.23 -2.212 20
-3.165 5.771 -3.036 21
-2.49 3.32 0.501 20
6.235 -4.207 5.622 20
11.327 -15.642 5.026 20
1.087 -28.878 3.553 20
-1.364 -31.505 4.717 21
-3.866 -10.167 8.493 20
-9.48 1.68 2.359 20
-8.562 7.462 -2.582 20
-0.697 10.754 -0.112 20
-0.782 12.768 0.069 20
-3.681 14.456 -0.765 21
-2.533 13.329 -0.736 20
-1.868 10.153 -2.098 20
-2.752 8.786 -3.598 20
-2.852 7.935 -3.059 20
-2.776 7.618 0.303 20
-1.69 8.109 1.251 21
-2.109 8.747 0.249 20
-3.017 8.258 -0.101 20
-1.189 7.014 -8.885 20
8.943 -4.19 11.928 20
6.44 -19.725 11.018 21
-0.006 -29.431 7.195 20
0.125 -19.382 -5.808 20
-11.356 -4.027 -2.901 20
-7.427 0.182 5.831 20
2.622 -3.259 11.748 20
10.947 -7.883 14.43 21
12.664 -7.815 -2.423 20
10.949 -0.82 -30.27 20
4.132 6.453 -3.952 20
1.125 8.345 -1.149 20
-2.828 6.517 -8.246 20
-3.669 5.014 -5.194 21
-0.646 3.809 0.065 20
0.403 4.304 -0.078 20
-0.83 5.195 -1.978 20
-2.304 5.637 0.062 20
-2.893 6.181 -2.826 20
5.5 0.932 1.83 21
15.225 -11.057 -0.928 20
4.695 -15.86 3.887 20
-6.178 -22.665 8.802 20
-3.316 -23.563 8.739 20
-4.213 -8.174 6.942 20
-10.258 1.486 -4.845 21
-6.852 6.117 -6.183 20
0.975 8.952 1.858 20
-1.016 11.683 0.495 20
-3.323 13.259 -1.652 20
-2.784 13.177 -1.818 20
-3.398 11.569 -1.906 21
-3.554 9.586 -2.733 20
-2.593 8.138 -2.47 20
-2.025 8.044 -0.182 20
-0.637 8.796 0.825 20
-1.332 9.426 -0.804 21
-2.244 8.643 -1.487 20
0.873 5.284 -6.933 20
10.888 -8.324 18.479 20
3.198 -26.024 4.502 20
-0.952 -30.611 3.323 20
-4.237 -13.01 -1.786 21
-12.129 1.624 2.712 20
-6.505 2.397 4.565 20
5.269 -4.337 11.962 20
13.267 -9.668 13.198 20
12.934 -7.979 -13.693 20
7.229 0.245 -21.771 21
2.705 5.983 2.042 20
0.977 6.29 -4.006 20
-2.435 5.314 -8.531 20
-3.364 4.681 -6.121 20
-0.781 4.189 -0.725 20
0.637 4.999 1.399 21
-0.252 6.34 -2.841 20
-1.003 7.075 -2.945 20
-1.329 7.245 0.382 20
0.139 5.76 -2.684 20
12.472 -4.338 4.819 20
15.725 -19.612 -1.776 21
-4.213 -26.21 6.616 20
-10.439 -28.688 12.418 20
-5.658 -12.064 5.021 20
-7.249 0.591 -3.815 20
-4.497 5.954 -3.123 20
2.443 9.304 0.722 21
1.61 11.696 1.038 20
-0.923 13.795 -0.195 20
0.298 13.263 -5.063 20
-2.609 11.268 -3.728 20
-5.462 9.283 -1.135 21
-5.353 7.79 -1.504 20
-4.609 7.567 -0.968 20
-3.165 7.522 1.351 20
-1.602 8.171 0.112 20
-1.94 8.587 -1.858 20
-1.929 7.877 -11.71 21
4.642 -2.066 4.491 20
4.111 -15.239 16.367 20
-9.549 -27.944 6.154 20
-6.943 -23.087 5.793 20
-3.573 -5.801 4.131 20
-0.279 -2.0 2.509 21
10.788 -6.784 0.033 20
19.957 -7.391 -2.145 20
13.323 0.585 1.986 20
3.494 6.669 -5.471 20
-1.75 5.663 -7.554 20
-2.931 2.184 -2.571 21
-3.408 2.125 -6.211 20
-3.578 2.631 -8.473 20
-2.394 3.275 -5.241 20
-0.9 5.145 1.338 20
0.204 6.273 3.203 20
1.141 6.702 -1.944 21
0.954 7.256 -3.517 20
-0.654 8.089 -6.018 20
4.742 1.692 2.254 20
14.851 -13.072 2.783 20
3.955 -22.559 4.874 20
-11.88 -33.83 8.972 21
-9.166 -26.383 8.506 20
-6.912 -3.774 -1.485 20
-6.426 6.352 -3.388 20
-0.551 9.304 1.298 20
5.236 9.535 1.304 21
1.892 11.216 0.124 20
-0.713 13.109 -0.364 20
-1.691 13.906 -2.637 20
-4.195 11.968 -1.854 20
-4.925 9.245 -1.554 20
-4.092 8.409 -2.138 21
-2.249 9.648 -0.186 20
-1.067 17.725 -1.071 20
-7.969 18.783 11.175 20
8.451 -0.3 -10.102 20
17.81 -13.467 -2.455 20
8.39 -21.513 7.827 21
-5.263 -19.515 1.012 20
-6.39 -13.957 3.959 20
-5.197 -2.299 6.118 20
-10.556 3.475 3.077 20
-3.697 -2.794 6.85 20
9.978 -10.157 7.439 21
14.894 -7.567 -2.26 20
12.495 1.036 -4.08 20
8.512 2.778 -4.95 20
2.883 4.08 -7.581 20
-3.473 8.734 -7.608 21
-6.056 7.897 -6.099 20
-6.668 4.779 -4.969 20
-4.111 3.113 -3.392 20
0.202 2.774 -0.856 20
1.003 4.493 0.231 20
0.094 5.167 0.322 21
-1.84 4.971 -3.68 20
1.444 1.74 -0.766 20
13.2 -11.56 -3.358 20
10.951 -22.686 7.642 20
-7.753 -34.832 11.394 20
-14.26 -15.13 6.922 21
-3.937 1.439 -2.441 20
-3.554 3.921 -4.633 20
2.098 6.948 2.949 20
7.661 9.604 1.446 20
1.87 13.49 0.206 20
-0.097 13.857 1.141 21
-1.299 10.44 0.591 20
-4.017 6.604 0.012 20
-8.632 8.369 -1.031 20
-7.036 11.105 0.757 20
-2.089 10.563 1.026 20
0.119 8.742 -4.843 21
-0.666 6.104 -7.903 20
0.823 3.607 -9.825 20
8.722 -10.493 11.94 20
7.768 -24.587 13.391 20
-8.8 -19.215 0.214 20
-5.171 -5.757 13.081 21
-10.452 5.959 1.334 20
-7.569 0.657 -3.078 20
3.701 -7.868 4.837 20
4.864 -10.936 12.571 20
4.517 -9.087 1.998 20
6.569 -5.016 -10.836 21
2.415 0.17 -8.642 20
-0.71 5.363 -9.035 20
-3.53 5.584 -10.432 20
-2.414 2.083 -8.468 20
1.235 3.276 -2.891 21
1.773 6.277 -0.996 20
2.344 6.764 -2.453 20
3.481 5.572 -4.115 20
0.992 5.353 -1.201 20
1.233 1.58 0.152 20
10.061 -13.21 8.736 21
5.056 -23.496 2.091 20
-7.576 -19.885 3.102 20
-5.363 -18.099 8.641 20
-0.558 -7.364 6.492 20
-9.316 3.502 0.99 20
-5.016 8.453 -1.958 21
4.535 7.625 3.682 20
-0.003 8.544 -0.781 20
-1.915 11.198 -4.297 20
-1.672 12.009 -3.759 20
-2.68 11.999 -2.15 20
-3.699 11.754 -0.877 21
-4.044 11.221 -0.293 20
-2.568 9.204 1.038 20
0.415 8.344 0.617 20
3.465 8.201 -2.212 20
3.11 5.616 -2.066 20
7.938 -1.551 -5.529 21
17.894 -23.761 -5.672 20
0.508 -34.545 5.708 20
-9.485 1.045 10.296 20
-9.422 -1.322 6.973 20
-4.638 -10.152 6.036 20
2.683 -9.549 -0.508 21
3.618 -3.435 -8.521 20
6.429 -1.5 -2.824 20
7.433 5.227 -0.086 20
7.091 5.819 -6.179 20
3.568 6.789 -6.145 20
-0.297 9.907 -6.828 21
-2.352 10.199 -5.908 20
-3.01 7.775 -3.392 20
-2.152 5.793 -1.953 20
-1.722 4.592 -0.26 20
-1.776 3.754 0.626 21
0.154 2.537 -0.107 20
1.255 0.291 -1.728 20
-0.336 -3.796 -0.839 20
-0.884 -9.119 -1.299 20
2.836 -10.585 -1.255 20
2.585 -11.607 -3.535 21
-3.744 -13.596 3.794 20
-8.66 -13.832 8.166 20
-6.888 -6.878 1.315 20
-2.021 0.704 -6.081 20
-0.881 9.466 -7.892 20
0.573 9.999 -5.512 21
2.27 7.235 1.047 20
3.251 6.322 6.742 20
2.21 7.593 5.912 20
-0.108 9.593 2.596 20
-2.111 9.828 2.129 20
-2.913 8.55 1.535 21
-3.833 7.633 1.726 20
-4.327 6.552 1.985 20
-2.858 3.329 0.042 20
1.631 -1.166 -1.516 20
7.884 -4.887 -5.926 21
11.959 -17.226 -1.785 20
2.644 -12.427 0.575 20
-2.254 -6.115 6.465 20
-2.247 -8.649 4.491 20
-2.537 -7.105 0.073 20
-2.279 -6.496 -1.072 21
-1.959 -1.304 -1.239 20
3.107 -0.759 -2.193 20
5.827 1.325 -6.395 20
5.074 6.968 -8.582 20
3.394 8.367 -5.855 20
0.898 8.065 -0.692 21
-1.139 7.202 1.625 20
-3.033 5.546 2.495 20
-3.613 5.503 1.78 20
-2.762 5.403 0.595 20
-1.063 3.248 -0.477 20
-0.187 -0.629 -3.217 21
-1.675 -4.684 -3.389 20
-0.143 -13.971 -2.968 20
1.593 -13.855 0.558 20
3.227 -11.837 2.36 20
-0.93 -14.547 4.519 20
-6.108 -12.144 4.606 21
-4.973 -5.214 1.429 20
-2.937 6.17 -4.538 20
-0.804 12.058 -8.812 20
2.106 9.263 -4.406 20
2.784 8.03 2.685 21
3.808 7.139 6.075 20
2.336 7.177 5.536 20
-1.773 8.926 2.477 20
-3.575 9.788 3.051 20
-3.881 9.557 3.356 20
-3.62 8.923 3.708 21
-4.062 7.384 4.355 20
-3.786 5.285 2.197 20
-0.99 1.387 0.075 20
3.437 -4.098 -5.461 20
13.733 -22.003 -3.296 20
9.984 -20.852 -0.636 21
-0.379 -3.658 -1.937 20
-1.316 -4.329 4.788 20
0.708 -5.761 2.447 20
1.614 -7.468 0.318 20
-0.907 -5.333 3.166 20
-0.062 -0.761 3.63 21
3.677 1.358 -5.517 20
5.161 5.044 -12.192 20
4.451 7.48 -9.58 20
0.177 8.563 -1.352 20
-4.484 6.333 1.968 20
-6.092 4.49 2.481 21
-5.036 5.35 1.817 20
-2.888 5.645 0.712 20
-0.391 4.438 1.546 20
0.624 1.215 -0.438 20
0.384 -3.737 -7.377 21
0.273 -12.479 -5.68 20
-0.791 -17.914 1.116 20
1.085 -18.807 4.477 20
-0.275 -14.593 9.9 20
-5.775 -7.345 2.669 20
-5.413 -0.346 0.828 21
-1.056 7.68 -7.093 20
5.976 8.65 -10.269 20
7.584 6.571 -2.61 20
5.282 6.884 5.194 20
1.121 8.065 5.991 20
-2.489 8.86 3.079 21
-5.658 9.505 2.43 20
-6.265 9.68 2.653 20
-5.888 9.736 1.655 20
-6.224 10.202 4.943 20
-5.891 9.51 8.622 20
-4.605 7.211 4.904 21
-1.42 1.602 -1.282 20
5.252 -7.534 -10.39 20
14.273 -24.636 -1.723 20
15.448 -24.225 -5.55 20
1.293 -5.307 0.495 20
-3.662 0.004 9.695 21
-2.072 -4.344 8.576 20
-0.543 -5.681 0.473 20
-1.096 -5.842 -0.895 20
0.679 -3.626 -1.772 20
5.102 -1.148 -5.022 21
5.083 2.008 -6.594 20
3.04 6.054 -5.437 20
1.002 8.346 -3.043 20
-1.919 8.602 -1.725 20
-5.205 7.158 0.175 20
-4.712 5.547 1.119 21
-3.355 5.495 0.652 20
-1.165 5.353 2.061 20
1.816 4.074 1.378 20
1.988 0.991 -4.435 20
1.248 -5.234 -5.108 20
1.847 -16.924 3.62 21
4.172 -21.079 -1.454 20
-0.921 -14.543 6.126 20
-11.789 -9.087 8.845 20
-9.256 -6.628 2.318 20
-2.617 -0.42 -9.344 20
3.072 8.305 -10.414 21
7.902 5.334 -4.58 20
7.058 4.755 4.069 20
3.097 7.694 6.14 20
1.041 9.268 4.704 20
-1.074 9.547 3.264 20
-4.892 10.284 2.254 21
-5.813 10.746 0.452 20
-4.923 10.779 0.385 20
-5.175 9.358 3.154 20
-5.722 7.153 4.639 20
-4.82 5.954 1.473 21
-0.962 4.042 -6.988 20
7.259 -9.269 -7.452 20
15.901 -27.308 5.935 20
12.883 -19.664 -6.06 20
-2.549 -5.182 3.634 20
-1.365 -3.944 17.903 21
-2.684 -1.674 9.149 20
-7.689 -1.53 -2.404 20
-4.229 -4.376 -3.979 20
4.084 -4.376 -1.499 20
9.97 -3.015 -2.847 20
9.579 -2.306 -3.819 21
7.078 0.323 -6.656 20
1.752 5.756 -6.808 20
-3.767 8.364 -0.545 20
-8.036 8.11 2.598 20
-7.455 7.523 0.792 20
-4.277 6.674 -1.026 21
-1.827 6.623 -1.589 20
0.291 6.004 -1.846 20
1.229 3.957 -4.314 20
3.45 0.0 -3.479 20
8.096 -5.504 2.816 20
11.04 -17.494 1.198 21
3.345 -25.71 14.764 20
-5.576 -28.671 3.885 20
-2.47 -11.13 -4.932 20
-0.047 3.808 -3.171 20
1.401 7.982 -0.663 20
3.104 9.262 3.33 21
0.752 11.708 3.941 20
-2.19 12.736 0.859 20
-3.603 11.322 -0.947 20
-4.982 8.802 -0.397 20
-5.943 7.277 -0.605 21
-6.341 7.584 -0.223 20
-6.3 8.229 1.193 20
-5.892 7.947 2.289 20
-5.024 7.81 -1.181 20
-3.118 7.232 -2.949 20
4.615 2.194 -3.681 21
19.56 -12.764 11.703 20
11.085 -30.755 -9.916 20
-8.633 -18.866 10.672 20
-6.364 -1.653 10.838 20
-6.312 3.267 0.499 20
-4.49 2.533 3.786 21
5.817 -3.331 11.566 20
14.762 -8.994 7.177 20
12.902 -7.394 -14.549 20
4.609 1.971 -8.004 20
2.702 5.432 2.383 20
-1.358 5.493 -5.963 21
-2.897 5.297 -7.195 20
-2.75 4.75 -2.922 20
-3.764 3.9 -1.992 20
-2.889 3.76 -0.995 20
-1.93 4.52 -0.693 20
-0.844 4.967 -4.213 21
-1.191 4.772 -2.757 20
-1.462 3.851 -5.609 20
4.966 -1.984 7.835 20
13.97 -12.459 3.61 20
5.84 -24.27 2.592 20
-6.812 -32.558 6.868 21
-6.271 -16.334 8.286 20
-6.607 0.312 0.897 20
-6.723 5.751 -3.472 20
-0.758 8.248 0.188 20
1.34 10.95 1.534 21
-0.803 13.744 -0.628 20
-0.938 14.086 -1.841 20
-1.952 12.759 -2.077 20
-3.976 9.718 -2.271 20
-4.149 7.478 -2.266 20
-3.45 7.017 -2.03 21
-2.995 7.178 -0.532 20
-2.286 7.236 0.803 20
-1.721 7.36 1.383 20
-0.162 6.632 0.302 20
8.863 -1.373 7.527 20
10.126 -17.619 -4.404 21
-9.377 -27.066 3.834 20
-8.48 -18.618 17.087 20
-7.106 -4.592 -5.467 20
-3.772 -0.709 -4.957 20
5.03 -4.135 7.264 20
13.661 -7.74 13.986 21
11.338 -5.629 6.808 20
5.925 1.094 -12.633 20
4.741 4.51 -11.993 20
2.348 5.027 -2.198 20
-2.445 4.44 -7.484 20
-3.244 3.323 -7.661 21
-1.217 2.577 -4.685 20
0.278 4.165 -0.706 20
-0.603 5.88 -1.377 20
-1.233 6.17 -3.495 20
-1.308 5.891 -0.34 20
-1.235 5.768 -2.93 21
5.776 0.088 4.425 20
16.012 -14.729 0.186 20
4.759 -22.634 1.096 20
-11.234 -28.324 7.558 20
-5.903 -17.207 11.058 20
-6.524 -0.709 2.005 21
-9.657 6.124 -2.898 20
-2.043 9.425 0.04 20
3.221 11.199 0.114 20
-0.201 14.009 -0.483 20
-1.194 14.68 -1.129 20
-0.829 11.401 -2.405 21
-2.606 9.084 -2.604 20
-3.24 8.287 -4.15 20
-3.619 8.22 -2.674 20
-3.098 8.036 1.04 20
-1.969 8.446 0.798 21
-1.828 8.173 3.249 20
0.508 5.747 0.337 20
9.585 -5.139 6.95 20
6.152 -22.086 -11.488 20
-9.806 -27.852 8.773 20
-4.777 -15.251 17.241 21
-6.561 -0.022 -2.911 20
-5.348 4.008 -3.501 20
4.163 -1.048 8.246 20
13.541 -7.513 14.336 20
13.25 -9.154 -1.315 20
6.778 -2.312 -17.785 21
2.675 4.696 -2.046 20
0.592 5.111 -1.576 20
-1.816 4.382 -7.981 20
-1.203 3.534 -7.459 20
0.796 3.051 -2.214 21
-0.49 5.516 -1.201 20
-1.827 7.252 -3.265 20
-1.323 7.219 -3.12 20
-0.721 6.57 -0.764 20
1.066 5.512 -4.704 20
9.599 -3.722 5.993 20
8.841 -15.943 3.658 21
-2.158 -23.022 1.119 20
-6.18 -26.547 5.449 20
-0.379 -13.274 9.811 20
-3.698 -1.864 0.24 20
-8.007 2.222 -1.357 21
-2.54 5.732 -0.238 20
1.072 9.649 -0.231 20
-2.353 12.852 0.101 20
-3.644 12.496 -0.378 20
-2.257 10.231 -0.78 20
-3.342 9.145 -1.551 21
-3.86 8.744 -2.84 20
-2.667 8.387 -3.32 20
-1.743 8.514 -2.498 20
-0.482 9.223 -2.692 20
-0.496 9.448 -1.132 20
-0.677 7.957 2.63 21
4.928 2.438 3.603 20
10.226 -13.211 10.23 20
-1.086 -29.862 -1.581 20
-6.251 -23.032 12.549 20
-9.288 -3.377 2.703 20
-10.041 3.766 -3.377 21
-2.474 -0.805 4.366 20
9.414 -8.227 10.856 20
14.516 -11.85 7.41 20
12.135 -5.282 -21.183 20
4.902 5.286 -9.287 20
0.798 7.525 1.875 21
-3.323 6.865 -6.808 20
-2.973 4.894 -7.46 20
2.025 2.475 -2.721 20
2.709 4.114 0.704 20
0.983 5.841 -1.51 20
-0.074 6.501 -5.195 21
-1.539 6.469 -3.742 20
-2.605 6.217 -0.479 20
-1.401 5.365 -2.237 20
10.277 -6.13 7.293 20
15.316 -26.985 -0.13 20
-7.211 -34.012 3.493 21
-15.485 -24.952 14.54 20
-7.822 -5.304 5.836 20
-7.742 3.694 -4.677 20
-3.848 6.5 -3.067 20
4.984 7.489 1.958 21
4.217 10.53 -0.966 20
0.304 15.52 -0.992 20
0.554 16.255 -3.228 20
-1.889 12.235 -2.224 20
-4.772 9.625 -2.372 20
-4.743 8.632 -3.4 21
-3.706 7.898 -0.85 20
-1.122 8.622 0.532 20
0.76 9.133 -0.928 20
0.63 8.192 -0.441 20
1.524 6.652 -8.374 20
11.936 -7.711 11.446 21
8.289 -26.882 4.424 20
-7.234 -29.808 5.952 20
-13.778 -10.606 1.159 20
-12.67 2.115 0.487 20
-4.942 2.04 2.187 20
2.425 -3.157 9.945 21
11.897 -9.365 14.592 20
13.501 -8.629 1.444 20
9.844 -0.022 -25.778 20
4.192 6.344 -3.349 20
0.472 6.658 3.802 21
-3.595 5.507 -3.478 20
-4.096 4.661 -5.909 20
-2.03 3.805 -5.312 20
-0.13 4.327 -2.754 20
0.641 5.725 -1.614 20
0.837 5.504 -2.522 21
0.613 4.815 -0.012 20
-0.553 5.239 -0.082 20
5.948 -1.228 -0.244 20
14.927 -17.02 -3.54 20
0.055 -21.385 2.056 20
-13.271 -24.151 8.525 21
-11.429 -17.154 12.929 20
-10.678 -1.436 2.1 20
-10.244 5.138 -6.461 20
-4.108 6.954 -2.163 20
4.397 6.593 4.245 20
7.526 6.632 0.933 21
4.186 7.849 -0.636 20
2.521 10.485 -1.234 20
0.273 12.36 -3.424 20
-3.169 11.588 -1.335 20
-3.311 9.172 -0.24 20
-1.344 7.914 -0.684 21
1.349 7.429 -0.743 20
6.388 7.165 -0.931 20
9.091 7.72 -4.063 20
4.812 9.999 -15.579 20
6.825 -2.187 10.76 21
2.797 -21.812 23.603 20
-11.787 -32.665 5.968 20
-10.235 -17.192 0.822 20
-8.929 1.948 -2.342 20
-6.738 6.055 -2.061 20
-4.434 5.171 1.212 21
2.502 -1.61 6.681 20
12.218 -10.586 2.475 20
8.78 -9.609 -9.512 20
0.525 2.165 -1.638 20
3.965 6.622 -1.214 20
3.831 6.486 -2.502 21
0.908 6.463 -2.248 20
0.636 6.008 -1.117 20
1.996 4.952 -0.529 20
2.779 3.446 -3.932 20
1.054 2.004 -6.712 20
-1.001 2.075 -5.944 21
-0.668 2.976 -4.91 20
-1.811 3.562 -0.506 20
-2.994 2.156 2.976 20
7.403 -6.902 10.222 20
17.61 -19.7 10.135 21
-1.598 -11.883 2.479 20
-9.458 -3.953 3.863 20
-0.926 -4.689 2.675 20
-6.102 -2.879 5.816 20
-12.22 1.204 0.838 20
-8.053 2.83 -2.528 21
0.29 3.293 -0.574 20
1.93 4.695 -2.358 20
-1.643 6.161 -3.541 20
-3.186 6.405 -2.941 20
-2.928 5.668 -2.565 20
-2.05 5.017 -3.289 21
-0.55 4.826 -5.051 20
1.512 4.168 -7.209 20
7.224 1.846 -8.84 20
10.042 0.973 1.033 20
1.591 3.034 10.972 20
-3.523 3.433 6.796 21
-1.718 -0.005 3.329 20
0.908 -13.156 6.073 20
0.093 -23.805 -4.395 20
-0.862 -6.116 -4.783 20
-1.36 6.799 0.431 20
-1.372 7.137 3.378 21
-0.537 6.438 5.918 20
-0.114 4.55 8.963 20
-0.262 -0.408 12.489 20
-1.631 -4.457 2.422 20
-2.244 -6.124 -20.504 21
-0.008 -3.918 -4.821 20
-0.518 2.753 0.679 20
0.143 3.155 -0.91 20
0.292 0.983 -0.513 20
-1.256 1.355 0.26 20
-1.773 2.232 -0.207 21
-0.832 2.201 -2.151 20
1.076 1.209 -3.149 20
2.251 0.394 -2.239 20
3.095 -0.468 -1.004 20
4.511 -0.874 -0.915 20
5.724 -0.474 -1.039 21
7.241 -1.897 -0.458 20
7.614 -2.876 0.268 20
4.634 -1.982 3.481 20
0.583 -3.256 4.106 20
-3.653 -5.005 3.052 20
-7.412 -5.306 4.737 21
-7.66 -3.872 4.858 20
-5.309 -1.387 1.755 20
-2.98 1.144 -0.338 20
0.894 1.751 -0.964 20
3.398 1.07 -3.261 20
0.831 1.532 -3.881 21
-4.009 3.267 -1.958 20
-4.915 4.206 -1.648 20
-3.358 5.381 -2.735 20
-2.665 5.558 -3.693 20
-1.751 4.873 -3.608 21
-0.899 4.912 -3.357 20
-0.389 4.781 -3.295 20
0.975 3.986 -2.759 20
3.6 2.791 -2.302 20
6.923 0.82 -0.72 20
8.429 -0.061 1.77 21
1.591 1.186 7.613 20
2.738 1.626 3.497 20
16.152 -9.275 0.098 20
7.047 -14.843 -1.784 20
-9.015 -2.575 -3.08 20
-11.108 0.26 -0.301 21
-8.971 -1.636 4.167 20
-6.377 -0.979 6.152 20
-5.283 -0.792 1.32 20
-1.867 -1.964 -3.028 20
1.958 -0.693 -3.142 20
2.917 1.878 -1.051 21
2.173 3.346 1.073 20
1.354 2.951 3.284 20
3.103 1.554 1.383 20
3.914 1.013 -1.427 20
2.19 1.819 -2.91 20
1.458 2.219 -1.839 21
2.547 0.598 0.054 20
2.144 -5.053 0.146 20
0.909 -8.09 -0.92 20
0.249 -0.902 0.497 20
-0.967 2.456 0.469 21
-1.614 2.745 0.185 20
-0.959 2.893 -0.143 20
-0.244 1.795 -3.076 20
0.441 0.169 -4.025 20
2.199 0.07 -2.743 20
1.341 0.233 -1.341 21
-0.226 -1.415 -0.23 20
-0.106 -2.853 -2.087 20
0.734 -7.365 0.173 20
-0.091 -8.642 3.333 20
-3.98 -7.064 7.034 20
-6.827 -4.131 3.01 21
-4.544 -4.854 -1.699 20
-0.839 -6.015 -1.466 20
-0.55 0.725 -1.675 20
-1.411 5.303 -2.685 20
-0.386 7.017 -3.406 21
0.801 7.831 -1.612 20
0.128 8.108 0.176 20
-0.738 8.326 0.717 20
-2.315 8.698 0.455 20
-3.927 9.051 -0.9 20
-4.024 9.122 -1.918 21
-4.143 8.741 -1.759 20
-4.153 7.504 -0.66 20
-3.477 5.551 -1.295 20
-0.18 -0.527 1.21 20
2.584 -6.496 -10.298 20
14.019 -20.254 15.662 21
9.249 -17.905 7.915 20
2.079 -6.872 0.897 20
-2.623 -8.781 4.912 20
-2.221 -6.277 0.15 20
-1.865 -3.243 -1.871 20
-1.909 -2.046 -1.488 21
0.909 -0.192 -3.633 20
3.435 1.042 -4.486 20
2.438 4.25 -5.76 20
1.921 7.662 -5.444 20
1.552 8.396 -4.499 20
-1.114 5.332 -2.262 21
-4.538 5.413 0.807 20
-4.164 6.286 0.972 20
-2.256 6.069 -0.601 20
-0.771 3.916 -1.321 20
-0.03 -0.903 -2.269 21
3.005 -6.635 -1.844 20
2.927 -13.487 -0.277 20
0.06 -14.213 -0.461 20
-2.381 -13.47 6.772 20
-6.662 -10.235 5.664 20
-6.142 -8.78 3.17 21
-3.506 -4.084 -5.304 20
-1.527 3.824 -10.511 20
2.484 7.917 -4.247 20
3.589 7.345 0.42 20
2.749 7.764 3.256 20
1.151 8.758 4.662 21
-0.333 9.421 4.172 20
-1.002 9.581 4.192 20
-1.126 9.412 2.837 20
-1.958 8.932 1.402 20
-3.163 8.961 1.521 20
-3.632 7.479 1.267 21
-1.552 3.81 -1.687 20
3.793 -1.05 -13.818 20
13.409 -17.453 -6.473 20
7.038 -19.354 5.665 20
-1.767 -3.512 6.333 20
-2.075 -8.926 8.365 21
-0.315 -9.568 3.689 20
-1.252 -3.455 -0.222 20
-1.784 -3.504 -3.302 20
0.603 -3.498 -4.325 20
3.221 -2.241 -5.6 21
3.291 1.964 -6.508 20
2.367 5.769 -4.9 20
2.188 6.628 -1.799 20
1.182 7.354 1.038 20
-1.382 8.244 0.897 20
-3.982 5.826 1.901 21
-4.122 5.015 0.402 20
-2.809 4.667 -2.214 20
-0.9 2.044 -4.478 20
-0.795 -0.147 -2.743 20
-0.819 -6.361 -0.546 20
1.166 -14.668 1.418 21
4.164 -17.204 3.596 20
-0.498 -12.985 8.609 20
-8.818 -8.032 5.277 20
-7.636 -5.198 -3.75 20
-3.035 0.708 -9.453 20
1.707 5.033 -8.535 21
3.694 6.175 -2.109 20
3.342 6.737 1.719 20
1.643 7.932 3.746 20
0.372 9.918 4.607 20
0.096 11.054 4.54 20
-0.299 10.231 5.082 21
-0.866 9.686 3.796 20
-0.988 9.196 2.338 20
-0.594 7.173 2.279 20
-1.069 5.919 2.185 20
-1.212 4.124 1.151 21
-0.828 0.766 -7.321 20
7.681 -15.942 -14.749 20
2.703 -22.282 7.109 20
-5.779 -6.764 2.302 20
-4.802 -8.798 9.938 20
-0.042 -11.171 3.606 21
3.93 -6.65 -3.523 20
4.095 -5.368 -4.885 20
3.703 -5.256 -3.178 20
1.507 -1.643 -0.202 20
0.55 2.125 -0.863 20
0.831 6.862 -3.448 21
1.205 8.019 -6.91 20
1.722 7.815 -6.17 20
-1.484 8.24 -1.808 20
-4.471 6.774 3.152 20
-5.481 5.982 5.113 20
-3.719 5.602 2.409 21
-0.49 5.121 -1.61 20
1.349 3.824 -2.342 20
0.309 -0.175 -3.453 20
0.951 -7.212 -1.094 20
1.056 -15.222 3.275 21
4.52 -19.844 2.145 20
1.134 -14.861 6.381 20
-8.365 -7.232 3.774 20
-7.197 -5.72 0.24 20
-3.377 1.211 -7.053 20
0.545 8.401 -9.43 21
2.979 8.065 -4.518 20
3.621 7.082 1.536 20
3.852 7.378 4.963 20
3.218 7.807 5.038 20
1.407 8.395 3.467 20
-0.007 9.114 4.679 21
-1.035 10.04 4.054 20
-1.393 10.799 3.924 20
-1.158 9.322 2.836 20
-0.491 4.438 0.655 20
1.235 -0.991 -3.17 20
7.154 -8.541 -18.768 21
8.485 -25.064 6.2 20
0.369 -13.966 3.062 20
-1.95 -4.446 7.749 20
-4.122 -5.663 12.974 20
-1.746 -5.265 1.882 20
-0.509 -3.544 -3.449 21
-0.359 -3.798 -4.163 20
0.375 -2.025 -4.74 20
3.412 -0.154 -3.15 20
3.226 3.107 -3.289 20
3.791 6.08 -5.526 20
4.259 7.734 -5.241 21
1.647 8.275 -1.291 20
-2.71 6.266 2.5 20
-4.42 5.954 2.735 20
-4.493 5.314 2.059 20
-2.444 4.198 2.051 21
0.033 2.122 0.015 20
-0.461 -0.407 -6.563 20
1.621 -6.993 -2.052 20
3.626 -17.574 -0.023 20
3.897 -19.576 2.654 20
-1.045 -12.852 9.003 21
-6.899 -7.209 2.743 20
-5.397 -3.757 -0.27 20
-1.328 4.293 -5.685 20
4.369 9.081 -8.583 20
5.499 7.179 -4.39 20
4.518 6.976 2.764 21
2.915 7.768 4.603 20
0.761 8.839 2.931 20
-0.908 9.497 2.254 20
-2.352 10.071 2.291 20
-3.559 10.286 2.552 20
-2.66 8.783 4.045 21
-2.226 7.196 4.291 20
-2.02 4.741 2.217 20
-1.266 -0.001 -5.153 20
5.881 -9.571 -12.653 20
7.992 -24.01 2.726 21
1.976 -14.634 0.418 20
-3.132 -4.741 11.255 20
-3.466 -5.444 15.824 20
-2.535 -4.662 5.389 20
-2.346 -4.416 -5.784 20
-1.148 -3.946 -8.959 21
4.125 -2.864 -3.654 20
3.206 0.88 -3.054 20
2.907 3.534 -3.604 20
3.42 4.694 -3.591 20
3.16 6.689 -4.911 20
1.359 6.835 -2.562 21
-2.351 5.655 0.272 20
-4.328 5.133 1.2 20
-4.492 5.281 1.274 20
-1.997 3.956 1.496 20
0.94 1.978 2.275 20
1.09 1.111 0.894 21
0.817 -0.025 -5.14 20
1.08 -12.486 4.497 20
-0.752 -19.857 -1.387 20
0.788 -13.839 6.723 20
-3.828 -10.25 4.251 21
-7.364 -8.069 2.347 20
-4.914 -3.651 -1.899 20
0.574 4.194 -7.474 20
5.809 7.821 -4.321 20
6.718 6.573 -1.192 20
4.772 7.604 0.822 21
1.925 9.37 2.244 20
-0.299 9.147 2.889 20
-2.225 8.351 2.986 20
-3.345 8.844 1.631 20
-3.515 10.232 0.754 20
-3.498 10.834 1.521 21
-4.049 8.61 3.73 20
-4.33 5.996 3.941 20
-2.273 0.94 -5.123 20
6.424 -9.256 -13.84 20
12.411 -26.886 1.595 20
3.822 -16.151 -2.638 21
-3.676 -1.247 14.506 20
-1.805 -2.966 10.106 20
-0.842 -3.736 0.622 20
0.494 -7.401 -2.252 20
1.164 -7.021 -2.749 21
3.139 -4.201 -1.235 20
4.768 0.081 -4.278 20
5.125 4.484 -8.488 20
1.827 8.52 -7.891 20
-2.119 9.578 -3.965 20
-5.158 6.686 0.887 21
-4.815 4.224 3.066 20
-3.699 4.47 1.257 20
-2.689 4.799 0.359 20
-0.939 5.727 0.056 20
0.577 5.415 -1.503 20
0.448 1.077 -4.996 21
2.292 -7.343 -2.837 20
3.043 -14.588 6.548 20
3.155 -15.708 1.784 20
0.74 -17.312 0.239 20
-7.916 -10.502 4.128 21
-9.235 -6.293 5.002 20
-4.028 0.779 -6.921 20
6.328 6.788 -8.204 20
8.472 5.583 -2.649 20
5.15 6.695 2.211 20
3.052 7.776 4.814 21
0.22 8.762 3.001 20
-3.794 10.074 0.329 20
-5.958 11.253 2.752 20
-4.841 11.158 3.705 20
-4.203 9.361 2.947 20
-2.826 7.629 3.417 21
-1.62 6.543 1.918 20
-2.04 5.658 -4.176 20
0.864 -0.189 -20.792 20
8.5 -14.546 20.483 20
9.47 -28.612 3.384 20
-0.626 -23.651 4.128 21
0.419 -5.306 10.349 20
-5.618 5.87 8.725 20
-10.483 4.709 -4.366 20
-3.669 -3.136 -1.972 20
8.013 -10.051 4.912 20
7.699 -6.179 2.237 21
4.226 -0.712 -2.923 20
6.873 1.426 -6.529 20
7.22 4.304 -9.388 20
1.919 8.308 -5.357 20
-2.76 7.833 -0.587 20
-7.268 6.174 0.454 21
-6.061 5.583 0.156 20
-0.772 4.936 -0.083 20
2.129 5.052 -2.168 20
2.302 4.459 -4.571 20
0.689 1.971 -7.188 21
3.669 -3.145 6.194 20
9.246 -10.82 2.865 20
5.544 -19.673 2.953 20
-8.096 -26.894 7.821 20
-4.854 -22.005 5.439 20
-3.207 -2.475 0.273 21
-5.115 5.936 1.569 20
-0.199 8.897 -2.819 20
3.824 10.252 -1.237 20
1.917 11.193 1.447 20
-0.27 11.117 -0.301 20
-1.14 10.277 -0.104 21
-2.94 8.811 -1.094 20
-4.641 7.993 -2.701 20
-5.08 7.676 -2.267 20
-4.606 7.368 0.108 20
-3.514 7.5 1.839 20
-2.712 8.466 2.294 21
-2.05 8.184 -2.076 20
4.147 0.988 -2.697 20
10.554 -11.898 3.27 20
-1.138 -24.403 -7.868 20
-8.833 -21.607 12.481 20
-1.779 -5.515 6.759 21
-2.412 2.472 0.387 20
2.852 0.409 5.542 20
13.197 -5.501 7.965 20
16.909 -7.793 2.344 20
6.424 -1.035 -7.221 21
0.946 1.586 -8.874 20
-0.48 1.13 -1.911 20
-2.853 2.483 -5.359 20
-4.286 3.002 -6.906 20
-6.315 2.475 -4.256 20
-4.703 2.629 -0.73 21
-0.869 4.325 0.75 20
0.433 5.984 -1.077 20
1.565 6.073 -0.631 20
1.619 6.246 -0.369 20
2.453 4.585 -0.75 20
11.125 -3.485 -0.841 21
12.045 -13.186 -7.152 20
-4.623 -15.314 11.036 20
-12.064 -27.037 12.63 20
-5.56 -22.413 4.541 20
-5.472 -2.611 -2.207 20
-3.922 4.91 -2.448 21
2.896 6.126 1.89 20
5.767 8.416 1.731 20
1.137 12.446 1.021 20
-0.629 13.209 -1.906 20
-2.056 11.56 -3.706 21
-5.473 9.531 -1.296 20
-7.073 8.356 0.258 20
-6.859 7.447 0.433 20
-5.709 7.174 0.499 20
-3.353 7.5 1.023 20
-2.283 8.361 -3.002 21
-2.856 8.646 -7.363 20
-2.916 8.15 -21.074 20
2.461 -3.744 9.67 20
7.546 -17.827 24.12 20
2.189 -23.926 9.915 20
-2.128 -21.557 -4.007 21
-8.029 -6.744 -4.415 20
-3.854 -1.59 5.9 20
6.711 -5.182 2.999 20
14.629 -7.223 3.986 20
11.161 -2.184 7.263 21
6.569 1.8 0.968 20
6.841 4.146 -17.815 20
3.689 6.963 -13.007 20
-2.727 6.593 -1.709 20
-7.688 3.861 -2.95 20
-8.209 2.399 -3.791 21
-3.054 2.595 -0.581 20
1.161 3.97 2.095 20
1.967 4.97 0.765 20
0.354 5.225 -2.495 20
4.124 0.21 -0.78 20
13.42 -10.616 -2.907 21
7.874 -15.968 0.481 20
-9.559 -19.136 12.788 20
-8.51 -24.77 10.74 20
-5.147 -10.136 3.541 20
-7.709 2.396 -4.891 20
-3.454 7.156 -2.093 21
3.291 9.333 1.792 20
2.91 12.442 0.228 20
0.052 13.16 1.188 20
0.292 13.159 -0.775 20
-0.512 11.468 -3.136 20
-3.777 9.483 -1.716 21
-4.803 8.616 -0.275 20
-4.081 8.643 1.647 20
-2.284 8.736 2.254 20
-1.873 8.791 -1.597 20
-2.024 8.173 -4.457 20
0.804 6.234 -12.588 21
6.458 -4.905 12.523 20
2.809 -20.838 10.579 20
-3.646 -32.05 7.337 20
-6.478 -18.33 9.574 20
-9.901 0.005 -2.705 21
-3.954 1.091 -3.243 20
9.852 -6.612 5.831 20
16.833 -9.528 10.355 20
11.672 -3.827 0.644 20
8.004 2.503 -18.234 20
5.992 7.153 -12.364 21
0.975 7.938 -1.415 20
-3.789 4.591 -3.52 20
-5.54 2.936 -4.06 20
-3.425 4.061 -1.207 20
0.681 5.037 1.396 20
1.911 5.893 -2.283 21
0.835 6.326 -4.228 20
-2.024 6.685 -4.669 20
-1.05 4.022 -1.402 20
10.045 -5.348 4.77 20
12.063 -17.869 3.267 20
-7.013 -23.764 6.316 21
-9.493 -27.176 8.3 20
-3.312 -11.406 3.623 20
-6.387 1.52 -3.73 20
-4.036 6.391 -1.589 20
1.472 9.699 2.478 21
0.65 12.494 0.527 20
-1.199 13.441 -0.575 20
-0.357 12.765 -1.58 20
-1.337 10.508 -1.618 20
-3.049 8.944 -2.338 20
-3.313 8.343 -3.105 21
-2.822 8.013 -1.35 20
-1.184 8.009 1.115 20
-0.477 8.638 0.106 20
-1.322 8.438 -0.843 20
-0.756 7.219 -9.148 20
8.759 -2.768 9.984 21
7.592 -18.982 11.21 20
-2.37 -30.696 -1.332 20
-2.613 -20.851 -0.755 20
-9.883 -3.465 2.677 20
-6.894 2.743 0.781 20
-0.607 1.08 4.573 21
8.691 -4.531 10.827 20
11.987 -6.915 9.649 20
8.028 -3.177 -6.184 20
6.831 1.251 -23.285 20
4.272 4.278 -2.159 21
-1.522 5.725 -0.624 20
-3.914 4.519 -4.729 20
-2.869 3.597 -3.667 20
-1.843 4.386 -0.754 20
-0.49 5.688 0.17 20
0.289 6.339 -2.099 21
0.661 6.348 -2.049 20
-0.458 6.974 -2.894 20
3.045 2.54 1.898 20
11.327 -8.898 -1.632 20
6.027 -18.262 -2.728 20
-7.513 -24.136 9.921 21
-8.553 -29.128 11.057 20
-7.286 -10.481 2.968 20
-8.28 3.131 -3.05 20
-2.23 6.545 -0.559 20
4.117 7.165 1.206 21
3.391 8.641 0.247 20
-0.287 11.573 1.669 20
-0.761 12.067 -1.507 20
-2.364 10.427 -1.953 20
-3.992 9.221 -1.678 20
-4.371 9.029 -2.929 21
-3.857 8.821 -3.141 20
-2.182 8.717 -1.783 20
0.401 9.537 -0.904 20
0.037 9.291 -1.441 20
-0.196 7.859 -1.215 20
6.301 2.013 0.641 21
13.971 -14.725 14.287 20
4.142 -25.694 -4.714 20
-10.645 -19.126 0.87 20
-15.556 -4.929 3.67 20
-8.49 0.712 -0.094 21
-3.021 -0.663 3.299 20
5.753 -5.756 11.772 20
12.616 -9.912 14.892 20
7.984 -6.776 0.913 20
5.439 0.688 -22.959 20
6.778 4.65 -5.041 21
2.407 6.328 4.277 20
-3.372 5.689 -3.633 20
-2.523 4.061 -4.552 20
-1.417 3.897 -4.129 20
0.144 3.595 -3.242 20
0.1 4.482 -3.461 21
-0.621 5.741 -4.365 20
0.081 6.001 -3.109 20
0.12 6.001 0.301 20
-0.713 5.4 1.415 20
8.15 -3.012 7.002 20
16.314 -19.723 0.457 21
0.684 -27.847 -2.421 20
-14.734 -25.916 10.698 20
-13.985 -11.7 12.78 20
-12.48 0.624 -4.488 20
-9.518 7.236 -7.199 21
-2.894 9.613 1.41 20
4.339 9.309 4.003 20
5.772 9.135 -2.726 20
1.228 10.093 -0.987 20
-1.376 10.179 -1.648 20
-1.732 7.701 -1.349 21
-2.945 6.718 -0.686 20
-1.861 7.117 -0.997 20
0.331 2.63 0.549 20
10.828 -6.894 -3.086 20
15.93 -2.58 -5.863 20
6.11 8.888 -0.721 21
4.645 11.093 -1.798 20
3.331 -0.457 -6.577 20
12.085 -22.246 -2.864 20
-5.363 -11.374 3.574 20
-16.585 9.946 13.55 20
-7.866 4.131 10.21 21
-5.074 -1.402 4.189 20
-5.94 0.02 0.965 20
-4.016 0.486 -3.722 20
5.032 -5.35 -2.555 20
4.486 -3.776 4.726 21
3.585 0.708 4.361 20
8.038 -1.443 -3.393 20
6.143 -1.555 -6.432 20
3.742 -1.21 -2.055 20
-0.601 1.556 2.022 20
-2.502 3.867 3.9 21
-6.404 5.539 -1.368 20
-5.348 5.024 -2.74 20
-2.129 4.504 0.344 20
1.395 0.882 1.761 20
2.85 -1.646 4.075 20
1.597 -2.766 0.468 21
1.759 -2.528 -8.245 20
-1.613 0.138 -6.608 20
-2.976 0.45 -1.736 20
0.427 -2.761 1.194 20
2.997 -6.661 1.37 20
3.083 -8.644 -0.543 21
-1.678 -5.337 0.394 20
-5.611 -2.326 2.524 20
-6.729 -1.572 0.348 20
-3.764 -0.639 1.124 20
-0.678 2.085 2.493 21
0.639 3.761 1.517 20
1.108 1.06 3.079 20
1.458 1.584 -0.328 20
1.058 2.618 -1.744 20
0.228 2.707 0.353 20
-0.322 2.824 1.055 21
0.233 5.097 0.13 20
-0.443 8.192 -0.559 20
-0.937 4.514 -0.434 20
-1.917 1.169 -1.4 20
-2.672 1.0 -0.915 20
-1.454 -0.047 -0.8 21
-0.487 -0.638 -2.192 20
0.307 0.415 -2.867 20
3.508 0.08 -2.438 20
10.248 -4.944 -0.431 20
12.006 -2.104 1.884 21
6.584 4.8 -1.016 20
1.452 5.872 -4.855 20
0.583 1.562 -5.801 20
0.097 -4.786 4.417 20
-0.767 -10.581 15.654 20
-2.152 -10.814 11.361 21
-6.439 1.872 -5.193 20
-9.462 5.943 -8.479 20
-9.755 2.69 -2.44 20
-6.24 2.236 2.896 20
-2.121 1.77 4.467 20
-0.421 -5.637 2.979 21
4.195 -11.789 1.961 20
4.163 -8.074 3.752 20
-0.693 -4.434 0.717 20
-2.948 -3.514 -2.767 20
-0.424 -3.027 -1.848 21
1.948 -2.858 0.009 20
2.484 -2.074 -0.668 20
2.076 -1.011 -2.47 20
-2.718 0.894 -2.965 20
1.737 0.899 -2.414 20
9.618 -0.155 -4.052 21
8.757 0.989 5.26 20
4.943 2.244 10.777 20
1.568 2.308 9.277 20
-0.769 1.226 7.36 20
-2.646 0.491 5.382 20
-4.533 0.179 4.384 21
-5.767 -0.252 3.314 20
-6.846 -0.466 2.431 20
-6.843 0.142 0.465 20
-5.525 0.281 -2.618 20
-5.419 0.96 -4.814 21
-4.713 2.03 -8.3 20
-1.301 2.332 -12.047 20
2.894 0.893 -9.801 20
3.543 2.186 -10.474 20
3.628 2.989 -5.975 20
4.507 3.772 0.266 21
5.05 3.262 -0.366 20
3.101 2.125 -4.374 20
1.833 4.736 -6.407 20
1.6 6.453 -1.446 20
0.701 7.233 0.942 20
0.654 6.977 0.068 21
2.426 6.001 0.38 20
4.199 4.645 1.338 20
4.361 4.437 0.396 20
3.423 5.435 1.488 20
2.005 6.375 2.063 20
0.575 7.229 0.852 21
0.977 6.802 0.567 20
0.957 5.716 -1.1 20
-0.518 5.431 1.407 20
-1.238 4.662 1.221 20
-1.349 3.6 0.918 20
-2.169 2.844 2.022 21
-4.056 2.824 4.759 20
-6.311 3.197 10.011 20
-6.892 3.309 14.712 20
-4.378 1.294 10.703 20
-2.453 0.095 6.177 20
-2.932 1.026 4.867 21
-3.665 2.639 4.109 20
-3.583 3.138 2.062 20
-2.763 2.104 1.021 20
-2.452 1.67 2.404 20
-3.067 1.908 3.727 21
-3.772 1.672 2.546 20
-3.677 1.302 0.208 20
-3.029 1.385 -1.174 20
-4.362 1.829 -2.512 20
-6.019 3.062 -2.873 20
-5.592 3.709 -3.099 21
-3.606 2.637 -3.375 20
-1.634 0.808 -1.934 20
-1.178 0.576 -1.326 20
-1.049 0.915 -1.631 20
-0.875 0.858 -1.535 20
-0.945 1.206 -1.438 21
-1.036 1.657 -1.341 20
-0.934 1.681 -1.392 20
-0.705 1.34 -1.378 20
-0.561 1.189 -0.923 20
-0.546 1.363 -0.553 20
-0.716 1.613 -0.676 21
-0.54 1.548 -2.443 20
-1.092 1.715 -1.36 20
-1.666 1.409 1.728 20
-1.883 1.525 2.012 20
-1.902 1.601 0.733 21
-1.505 1.426 -0.907 20
-0.544 1.126 -0.98 20
0.251 0.616 -0.103 20
0.729 0.096 0.122 20
0.85 0.032 -0.053 20
0.814 0.236 0.143 21
0.67 0.21 1.577 20
0.273 0.079 3.722 20
0.158 -0.047 4.885 20
0.316 -0.035 3.28 20
0.806 -0.474 1.056 20
1.849 -1.502 0.196 21
2.63 -1.977 -0.204 20
2.878 -1.93 -0.44 20
2.394 -1.688 0.028 20
1.76 -1.42 0.393 20
1.159 -0.844 0.27 20
0.502 -0.165 0.124 21
0.105 0.155 -0.122 20
0.023 0.275 -0.149 20
0.178 0.224 -0.293 20
0.35 0.02 -0.374 20
0.151 0.126 -0.25 20
-0.036 0.322 -0.475 21
-0.189 0.592 -0.865 20
-0.494 0.83 -0.996 20
-0.815 0.93 -0.696 20
-0.887 0.889 -0.646 20
-0.878 0.845 -1.006 21

# Completed @Tue Jan 26 20:22:38 GMT+02:00 2021
