# Accelerometer Data File
# Started @Sun Jan 24 21:11:14 GMT+02:00 2021
#
#
# sensor Vendor: BOSCH
# sensor Name: BMI160 Accelerometer Non-wakeup
# sensor Resolution: 0.0023928226m/sec^2; Max Range: 78.4532; Min Delay: 2500 microseconds
# The sensor's attributes are the result hardware and the Android capabilities.
# It means that the Android may not utilize all features provided by the hardware.
#
# Some devices and Android versions save battery too much so the device may go to sleep.
# It just happens after couple of minutes from turning off the scree and it is easy to find it out.
#
# The following file provides the data from accelerometer in the m/s^2 format.
# The diff value is just a time delta between the samples
#
#
# data format:
# so we have 4 columns with values separated by the ";"
# X;Y;Z;time_from_previous_sample(ms)

# sensor speed set to:NORMAL
# units set to: m/sec^2
# gravity  filtered out
# Accuracy: HIGH
-0.464;4.692;6.843;0
-1.016;4.698;6.038;19
-1.049;4.574;6.086;20
-0.504;3.554;5.308;20
0.403;2.353;4.744;20
0.77;1.863;5.104;20
0.332;2.269;5.414;20
0.668;1.912;4.737;20
0.876;1.956;3.879;20
1.355;1.098;2.486;20
1.214;0.98;2.0;20
0.738;1.222;2.219;20
0.499;1.245;1.544;20
0.523;0.889;0.484;20
0.193;0.758;0.795;20
-0.213;0.966;1.365;20
-0.247;0.903;1.779;20
0.162;0.488;1.414;20
0.423;0.308;1.178;20
0.215;0.585;1.617;20
0.088;0.553;1.791;20
0.015;0.608;1.493;20
0.143;0.468;0.912;20
0.044;0.34;0.68;20
-0.01;0.297;0.928;20
-0.1;0.288;0.887;20
-0.041;0.271;0.691;20
0.119;0.17;0.942;19
0.285;0.091;0.618;20
0.147;0.086;-0.132;20
-0.034;0.311;-0.322;20
-0.312;0.361;-0.082;20
-0.114;0.32;0.258;20
0.181;0.094;0.843;20
0.311;-0.104;0.35;20
0.239;0.107;0.03;20
-0.002;0.179;0.52;20
-0.046;0.222;0.348;20
0.003;0.109;0.017;20
-0.138;0.076;0.011;20
-0.205;0.17;-0.205;20
-0.02;0.235;-0.521;20
0.016;0.06;-0.18;20
-0.033;-0.022;0.01;20
-0.135;-0.256;-0.239;20
-0.087;-0.119;-0.795;20
-0.547;0.122;-0.021;20
-0.698;0.137;0.692;20
-0.736;0.121;0.108;20
-0.497;0.213;-0.086;20
-0.189;0.284;-0.236;20
-0.184;0.281;-0.026;20
-0.032;0.4;0.012;20
-0.263;0.59;-0.042;20
-0.556;0.528;0.562;19
-0.36;0.226;1.395;21
-0.513;0.155;-0.5;19
-0.6;-0.216;-1.183;20
-0.589;-0.215;-0.795;20
-0.853;-0.361;-0.23;20
-0.773;-0.711;-0.379;20
-0.543;-0.56;-0.765;20
-0.591;-0.485;-0.65;20
-0.258;-0.424;-1.23;20
-0.22;-0.963;-0.924;20
0.066;-1.373;-0.369;20
-0.379;-1.135;-0.045;20
-1.081;-1.162;0.668;20
-1.149;-1.195;0.992;20
-0.981;-0.847;1.534;20
-0.6;-0.27;1.941;20
-1.69;0.264;1.766;20
-1.578;-0.478;-0.945;20
-2.59;-0.693;-3.38;20
-2.409;-0.247;2.007;106
-3.532;-0.992;1.287;20
-0.797;-1.255;0.304;20
1.619;-4.15;-0.614;20
-0.944;-3.178;-1.813;20
-2.66;-3.197;-5.159;20
-2.06;-5.27;-6.762;20
-3.078;-6.671;-5.263;20
-4.394;-7.181;-1.06;19
-6.69;-5.389;-0.631;20
-4.896;-4.41;-2.53;20
-4.753;-3.678;-3.672;20
-7.788;-2.368;-4.788;20
-10.706;-1.032;-8.355;20
-10.28;0.19;-8.298;20
-9.056;1.531;-3.514;20
-8.748;2.495;-0.655;20
-6.355;1.525;-2.651;20
-6.741;3.17;-6.536;20
-6.8;3.384;-7.271;20
-4.615;3.203;-5.933;20
-3.841;2.816;-3.54;20
-3.623;1.96;-2.285;20
-3.205;1.708;-1.769;20
-1.927;1.859;3.917;20
-1.514;2.037;7.839;20
-3.465;1.706;2.746;20
-4.608;1.044;-4.436;20
4.32;-3.423;-4.063;20
10.667;-6.259;0.326;20
7.14;-2.701;-0.07;20
2.623;0.716;2.118;20
2.572;2.059;0.466;20
5.367;-0.419;-3.473;20
5.027;-0.045;-1.882;20
3.366;0.925;-0.6;20
4.116;-0.049;-1.431;20
5.688;-2.57;-2.411;20
5.356;-1.97;0.253;20
3.363;-0.146;2.196;20
0.623;1.041;-0.727;20
-0.055;1.424;-2.478;20
0.836;1.348;-0.469;20
-0.622;1.416;-0.075;20
-1.308;2.023;1.038;20
-2.598;2.881;1.281;20
0.931;-0.138;0.179;20
2.354;-1.165;1.424;20
-0.351;-0.285;1.206;20
-2.065;1.441;0.805;20
-2.785;2.508;2.001;20
-3.36;2.917;1.43;20
0.426;1.599;1.832;20
2.604;0.974;1.988;20
1.613;-0.037;0.976;20
0.915;-1.018;3.552;20
-0.482;-1.186;3.723;20
-1.988;-2.208;-0.583;20
-0.048;-5.486;-6.939;20
0.467;-4.019;-0.45;20
-8.623;1.052;0.293;20
-2.825;-2.819;-2.424;20
2.805;-5.428;-0.403;20
-1.642;-1.876;0.083;20
-4.429;0.696;6.786;20
-2.938;-0.352;9.749;20
0.948;-2.263;6.945;20
2.188;-3.423;1.784;20
0.682;-2.434;-2.147;20
-2.041;-0.669;0.248;20
-2.158;-1.248;-0.437;20
1.262;-3.793;0.653;20
2.55;-3.607;1.028;20
2.974;-3.171;1.733;20
3.393;-5.204;0.635;20
4.211;-4.722;-3.282;20
5.334;-1.587;0.378;20
4.526;0.034;5.374;20
3.802;-0.315;4.973;20
0.526;0.826;-5.146;20
-3.214;2.157;-3.368;20
3.231;0.721;3.703;20
3.346;0.854;0.709;20
3.522;0.225;-2.577;20
4.457;-2.289;-0.61;20
2.416;-5.078;2.022;20
-0.147;-0.142;-1.816;20
2.678;-0.052;0.93;20
-0.495;-0.237;-2.109;20
-6.835;0.088;-3.216;20
-10.123;0.797;8.12;20
-7.763;1.817;9.158;20
-0.942;-0.207;-2.291;20
2.254;-4.843;-8.566;20
2.669;-6.411;-3.465;20
0.481;-7.059;1.993;20
-5.109;-5.907;-7.789;20
2.242;-3.104;-7.491;20
9.184;-1.033;-0.843;20
5.687;0.027;-3.566;20
4.987;-0.253;-3.873;20
4.999;-0.245;-4.137;20
1.414;2.105;-1.201;20
-0.514;2.981;1.43;20
-2.972;3.588;3.564;20
-2.418;3.361;4.421;20
0.315;1.811;1.603;20
2.804;1.518;-1.068;20
5.143;-1.925;-3.626;20
2.919;-3.074;-5.801;20
-1.964;-2.919;0.42;20
-3.712;-3.658;3.854;20
-0.342;-2.88;2.08;20
1.989;-3.353;1.311;20
-4.601;-3.831;-2.178;20
-6.086;-2.081;-4.125;20
-6.367;0.72;0.814;20
-6.636;0.816;7.794;20
-5.086;1.01;6.104;20
0.003;0.974;2.603;20
1.671;-0.142;0.76;20
3.017;-3.017;-2.497;20
2.862;-7.917;-4.528;20
5.316;-12.649;-7.15;20
11.765;-9.972;-5.547;20
6.766;1.504;0.291;20
-0.92;8.369;7.7;20
0.494;7.31;2.467;20
3.239;5.344;-1.043;20
1.52;5.174;0.259;20
2.989;1.983;-2.933;20
5.963;-1.481;-4.241;20
6.759;-1.675;-1.663;20
5.676;0.572;-0.106;20
2.739;1.31;2.331;20
-3.359;-0.359;7.843;20
-15.265;-1.451;7.514;20
-14.892;-4.272;-5.189;20
-6.95;-4.317;2.506;20
6.281;-0.149;1.285;20
11.53;4.172;2.776;20
6.785;4.609;-2.513;20
-0.487;3.145;-11.25;20
0.416;-3.621;-4.347;20
3.32;-4.169;1.302;19
2.85;1.708;-0.259;20
1.888;4.196;-1.438;20
3.631;-0.192;-0.296;20
6.191;-8.695;-5.818;20
3.472;-5.342;-0.495;20
2.368;-3.018;1.869;20
2.133;-0.815;-4.395;20
-3.193;6.572;-3.832;20
-5.051;6.04;-0.814;20
0.377;-4.217;-2.294;20
5.943;-5.99;0.836;20
5.564;-1.496;2.234;20
3.354;-2.333;-0.921;20
-0.107;-3.428;1.518;20
-5.861;-1.022;4.145;20
-8.77;-0.081;6.01;20
-7.802;1.435;7.411;20
-3.288;1.412;7.653;20
-1.383;-1.955;9.986;20
-2.853;-1.624;2.614;20
-5.043;0.53;-2.587;20
-4.049;1.499;-3.176;20
0.38;-3.008;-4.518;20
1.791;-7.652;-7.992;20
0.185;-8.985;-13.15;20
-7.387;-6.338;-11.583;20
-10.227;-3.636;10.287;20
3.21;-4.03;14.695;20
3.48;-1.848;-1.138;20
0.224;1.652;-0.188;20
4.528;3.627;-1.107;20
10.563;5.453;-3.331;20
12.995;7.76;-2.0;20
10.283;10.824;-4.743;20
6.092;13.419;-3.231;20
1.611;14.751;-3.423;20
-4.187;15.02;-4.331;20
-4.495;7.828;1.473;20
-4.582;2.425;15.738;20
-6.496;-1.559;5.879;20
0.709;-5.65;-1.852;20
3.894;-14.61;-1.223;20
7.555;-25.378;-4.522;20
5.122;-15.512;-5.993;20
1.659;0.444;-0.137;20
-1.68;0.876;2.734;20
-13.221;-1.485;-5.007;20
-19.88;-5.435;-33.71;20
-13.584;-11.954;-14.025;20
-13.151;-7.783;61.666;20
0.103;3.502;12.96;20
0.472;11.65;-14.26;20
-9.347;15.72;11.885;20
-3.51;13.367;-1.973;20
0.518;11.748;-2.578;20
1.678;10.487;5.02;20
1.864;8.069;3.003;20
-1.78;2.856;-1.568;20
-6.321;-4.317;-5.085;20
-1.91;-24.362;-14.845;20
1.454;-45.271;-24.545;20
1.108;-30.483;-7.448;20
5.106;5.028;42.087;20
2.235;11.909;13.919;20
10.631;5.596;-6.142;20
15.6;6.093;-5.627;20
13.697;8.491;-6.209;20
12.092;11.572;-3.413;20
11.37;15.559;2.671;20
5.764;19.039;-3.375;20
-3.748;16.562;-8.354;20
-12.076;10.477;3.45;20
-5.145;3.781;1.731;20
3.113;1.462;3.32;20
2.808;-9.057;8.045;20
11.05;-36.142;-0.343;20
10.559;-30.214;-9.424;20
-3.207;-3.049;-8.029;20
-6.258;0.569;-15.979;20
-7.674;-6.16;-22.209;20
-14.379;-14.566;31.878;20
-10.126;-3.8;33.617;20
-0.034;11.47;-11.696;20
-10.082;17.097;3.766;20
-7.474;14.046;-1.868;20
-3.352;13.008;-2.371;20
-2.069;12.901;3.356;20
0.595;10.999;3.48;20
-1.647;7.448;-0.552;20
-5.32;1.626;0.531;20
-4.954;-10.085;-6.362;20
5.796;-43.393;-29.861;20
1.804;-49.676;-26.338;20
9.822;-10.25;21.718;20
3.347;17.644;43.88;20
6.369;11.902;4.779;20
13.584;7.208;-7.301;20
11.85;9.715;-4.372;20
9.854;13.896;-0.444;20
7.797;16.84;1.885;20
1.887;16.221;-6.269;20
-5.107;14.618;-8.904;20
-4.146;9.221;-5.515;20
-4.404;2.416;-0.082;20
-3.509;3.377;8.312;20
-1.959;-7.032;14.334;20
5.741;-34.792;5.536;20
11.8;-30.838;-12.167;20
3.486;-2.711;-10.291;20
-2.499;-1.179;-26.466;20
-2.066;-8.807;-21.73;20
-7.141;-7.07;32.641;20
-9.639;-2.955;15.67;20
-4.189;7.611;-7.525;20
-7.991;16.364;6.658;20
-9.947;14.607;-1.156;20
-4.641;13.398;-1.792;20
-2.566;13.587;2.862;20
-1.322;11.665;5.952;20
-3.113;8.06;3.015;20
-6.434;1.41;1.36;20
-6.377;-5.224;-5.215;20
1.402;-32.317;-20.387;20
10.532;-60.711;-24.9;20
13.491;-27.692;15.475;20
3.732;18.033;41.677;20
0.511;18.459;11.39;20
9.883;10.572;-6.357;20
11.913;9.676;-4.34;20
9.202;13.018;-4.117;20
8.803;15.735;-0.042;20
3.773;15.44;-4.076;20
-3.973;14.092;-6.471;20
-5.955;9.837;-5.13;20
-5.653;3.949;-0.848;20
-3.691;3.884;6.84;19
-4.249;-2.566;10.845;20
5.038;-29.108;4.058;20
15.54;-34.435;-6.545;20
3.202;-8.57;-14.203;20
-3.317;-5.136;-29.379;20
-5.051;-11.438;-15.976;20
-14.362;-9.664;47.487;20
-8.678;2.228;-6.836;20
-1.823;15.175;3.164;20
-8.363;17.127;3.719;20
-7.915;15.517;-2.866;20
-4.135;14.134;0.43;20
-2.631;12.722;4.645;20
-2.191;10.793;5.297;20
-5.329;4.239;2.799;20
-5.988;-0.948;-1.628;20
-5.758;-11.79;-10.637;20
2.231;-47.223;-24.457;20
13.594;-54.378;-14.477;20
12.131;-3.275;32.158;20
1.712;21.4;33.636;20
4.87;14.077;-1.609;20
11.583;9.841;-6.232;20
9.938;11.097;-3.903;20
10.434;14.482;0.097;20
11.044;16.205;1.286;20
-0.302;15.773;-7.849;20
-6.908;12.714;-5.356;20
-6.592;6.26;-4.191;20
-5.584;1.714;1.582;20
-6.567;3.52;11.54;20
-5.477;-15.036;14.353;20
11.043;-37.217;-6.25;20
13.82;-18.335;-19.917;20
2.727;-1.654;-13.574;20
0.622;-7.203;-19.015;20
-3.488;-7.74;-4.863;20
-8.749;-7.192;35.108;20
-6.921;-3.075;-14.996;20
-4.271;10.868;10.203;20
-8.824;16.108;1.773;20
-8.371;14.452;-3.054;20
-4.569;14.635;-1.632;20
-3.338;14.04;4.897;20
-3.539;11.86;8.109;20
-7.762;5.351;5.763;20
-9.263;-0.241;-1.394;20
-7.105;-7.491;-15.598;20
0.423;-35.761;-20.95;20
11.917;-59.826;-16.322;20
17.911;-19.73;28.467;20
5.543;19.514;43.566;20
4.198;15.447;0.866;20
11.151;10.242;-8.402;20
8.667;11.85;-3.448;20
8.747;15.272;1.428;20
9.92;15.496;1.345;20
2.359;14.601;-7.018;20
-5.43;12.848;-4.593;20
-4.118;7.555;-6.012;20
-4.566;3.378;-0.926;20
-6.768;2.827;9.37;20
-2.825;-17.634;13.266;20
10.832;-35.71;-6.6;20
12.205;-17.854;-14.366;20
2.354;-4.083;-14.024;20
0.661;-8.571;-22.669;20
-4.251;-6.263;10.565;20
-7.075;-3.315;27.276;20
-10.427;5.2;-10.302;20
-8.793;13.957;2.04;20
-8.632;14.956;-2.216;20
-5.727;14.213;-3.741;20
-4.417;13.734;2.289;20
-5.506;13.505;9.623;20
-6.184;11.838;7.605;20
-6.831;4.501;3.787;20
-9.707;-2.058;-3.677;20
-7.488;-17.789;-24.235;20
3.364;-50.283;-24.856;20
15.222;-52.839;1.256;20
19.575;-5.111;30.309;20
12.738;18.64;37.613;20
4.555;16.086;1.353;20
7.35;13.315;-7.599;20
7.773;13.864;-2.993;20
7.379;14.372;-1.214;20
2.403;14.39;-3.079;20
-4.774;15.111;-4.996;20
-4.853;10.894;-3.116;20
-2.404;2.854;-11.299;20
-3.92;4.074;5.062;20
-7.224;-2.926;15.363;20
1.71;-30.156;8.965;20
14.119;-28.442;-17.983;20
9.24;-4.384;-8.705;20
3.349;0.118;-18.254;20
0.815;-6.212;-19.413;20
-8.909;-5.362;20.726;20
-12.462;-7.836;12.934;20
-6.149;4.311;-6.328;20
-6.306;15.761;6.903;20
-9.112;15.91;-2.546;20
-5.663;14.362;-1.496;20
-4.338;13.501;3.633;20
-3.641;11.67;9.487;20
-6.073;9.203;5.046;20
-10.526;1.849;1.89;20
-9.807;-5.949;-7.427;20
-1.373;-28.147;-29.082;20
4.782;-55.672;-23.658;20
20.631;-39.798;14.47;20
12.085;10.863;49.275;20
-1.0;18.293;25.882;20
7.934;10.983;-8.667;20
11.017;11.282;-9.051;20
7.723;14.384;-6.988;20
9.037;17.755;-0.52;20
6.163;16.904;-2.635;20
-0.885;13.668;-6.103;20
-2.92;10.238;-1.89;20
-1.078;5.463;-0.625;20
-3.512;5.796;2.966;20
-4.862;-3.074;8.456;20
5.745;-31.792;2.259;20
11.063;-31.185;-19.834;20
3.168;-9.383;-8.267;20
-3.334;-4.788;-13.781;20
-1.946;-7.084;-13.351;20
1.145;-3.17;42.336;20
-5.251;2.633;-4.442;20
-10.848;9.812;-3.366;20
-12.489;13.203;-2.82;19
-9.644;14.0;-2.249;20
-5.672;13.801;0.611;20
-4.777;13.108;7.607;20
-7.076;12.485;10.339;20
-10.189;5.797;4.081;20
-9.239;-4.022;-4.034;20
-4.199;-12.97;-19.313;20
7.377;-39.741;-23.549;20
13.083;-58.475;-9.246;20
18.268;-17.169;28.695;20
9.238;19.031;41.982;20
3.759;14.907;5.703;20
9.193;10.978;-8.951;20
8.356;12.463;-4.796;20
6.673;16.188;-3.948;20
6.825;17.062;-0.849;20
2.544;14.262;-3.289;20
-4.697;12.584;-5.021;20
-3.958;8.245;-5.39;20
-2.106;4.553;-3.51;20
-4.453;4.078;4.746;20
-1.858;-5.306;9.734;20
5.495;-24.539;4.6;20
12.63;-26.067;-8.877;20
7.359;-12.312;-18.096;20
2.932;-10.402;-25.123;20
-2.668;-6.009;2.507;20
1.808;-3.522;38.047;20
-11.156;2.161;-13.849;20
-17.742;10.358;2.035;20
-13.035;13.306;-0.659;20
-7.59;13.506;-2.269;20
-4.35;12.671;1.771;20
-4.971;12.833;8.689;20
-8.124;11.379;7.835;20
-9.017;2.407;4.135;20
-8.264;-4.92;-6.54;20
1.056;-20.817;-26.059;20
8.459;-49.132;-25.928;20
16.931;-43.604;12.7;20
15.659;5.131;33.328;20
7.375;19.287;26.681;20
7.075;13.771;-1.055;20
8.534;12.193;-7.544;20
5.904;14.718;-4.377;20
5.822;16.593;0.339;20
0.967;15.899;-3.469;20
-4.268;14.122;-5.159;20
-4.12;8.512;-5.062;20
-3.727;4.455;-2.16;20
-5.799;4.188;6.62;20
-2.692;-9.577;11.48;20
11.857;-33.824;-2.092;20
15.621;-22.655;-10.908;20
4.678;-3.676;-9.821;20
0.069;-4.525;-24.87;20
-3.839;-5.152;-10.174;20
2.608;-5.461;42.188;20
-7.232;0.216;-11.075;20
-16.543;8.891;-1.527;20
-13.371;12.529;1.207;20
-10.199;14.002;-2.258;20
-6.678;13.537;1.166;20
-5.463;12.224;9.949;20
-8.551;11.862;9.333;20
-11.031;5.206;3.864;20
-10.816;-4.481;-2.032;20
-3.53;-16.427;-25.604;20
10.482;-46.823;-32.595;20
17.174;-55.958;3.794;20
18.054;-5.838;40.074;20
6.756;21.213;37.483;20
4.41;14.756;-2.684;20
8.272;12.754;-8.599;20
6.507;14.275;-5.338;20
5.783;17.069;-1.904;20
5.308;17.367;0.221;20
-0.767;14.6;-3.67;20
-6.539;11.307;-4.018;20
-3.022;5.88;-3.218;20
-2.341;5.203;-1.007;20
-4.648;3.111;4.325;20
1.169;-16.693;0.236;20
11.933;-29.341;-6.332;20
12.732;-15.925;-3.045;20
8.785;-7.0;-15.547;20
6.126;-8.135;-19.52;20
-2.98;-3.65;28.178;20
-3.163;-3.442;4.9;20
-19.357;4.514;-9.352;20
-16.315;9.847;4.365;20
-11.445;12.674;-2.47;20
-8.393;13.379;-2.412;20
-5.921;12.571;5.206;20
-8.281;13.082;11.735;20
-10.839;7.699;9.084;20
-10.404;-3.455;-0.552;20
-7.725;-11.336;-17.911;20
6.676;-32.728;-27.876;20
14.436;-56.262;-9.63;20
20.465;-25.683;22.267;20
8.641;16.713;40.164;20
2.945;15.607;13.049;20
9.584;10.411;-9.273;20
8.264;11.696;-7.544;20
5.126;15.114;-5.218;20
6.524;18.988;4.86;20
5.535;19.204;1.522;20
-1.182;15.104;-7.736;20
-5.655;10.442;-5.043;20
-4.042;5.39;-1.648;20
-4.416;5.694;1.056;20
-2.148;-6.56;4.74;20
9.703;-32.896;-5.333;20
13.821;-26.297;-5.548;20
5.162;-7.964;2.002;20
-0.575;-5.917;-16.152;20
-2.274;-8.425;-21.947;20
3.275;-7.026;41.13;20
-9.433;1.706;-4.746;20
-17.236;7.822;-4.744;20
-15.282;11.912;-3.62;20
-11.483;13.791;-1.85;20
-6.577;13.352;1.207;20
-8.097;14.354;10.385;20
-10.683;12.972;11.873;20
-12.665;3.942;4.544;20
-10.154;-5.826;-5.327;20
-2.177;-14.438;-24.525;20
13.773;-40.905;-30.931;19
16.645;-57.373;-4.858;20
18.497;-14.274;28.91;20
5.725;22.006;48.029;20
3.853;15.541;7.675;20
9.985;10.761;-11.575;20
7.869;13.15;-9.072;20
5.06;17.584;-3.928;20
7.038;21.328;8.254;20
3.318;18.214;-1.75;20
-5.212;13.862;-8.937;20
-5.73;7.847;-5.416;20
-3.911;5.147;-0.942;20
-5.141;2.929;2.774;20
2.623;-20.927;0.625;20
14.966;-36.765;-6.963;20
11.861;-15.483;-0.926;20
2.814;-2.694;-1.123;20
2.49;-7.025;-19.592;20
-2.394;-6.342;4.604;20
1.206;-4.602;27.361;20
-15.551;3.235;-14.422;20
-15.393;9.718;0.19;20
-13.631;13.442;-3.461;20
-9.77;14.003;-2.802;20
-7.245;13.5;6.264;20
-11.733;14.868;12.856;20
-12.403;11.547;9.184;20
-8.884;0.574;2.369;20
-9.552;-8.335;-12.198;20
0.729;-26.303;-31.453;20
10.994;-54.559;-22.484;20
20.217;-45.675;16.121;20
17.037;6.044;37.735;20
5.416;20.863;31.46;20
4.187;14.025;-3.782;20
8.214;12.683;-10.325;20
6.702;14.351;-8.205;20
5.515;17.89;-4.63;20
6.5;19.617;1.186;20
2.166;15.978;-3.895;20
-4.949;11.105;-5.467;20
-4.501;6.135;-1.277;20
-4.648;5.673;0.975;20
-2.946;-2.726;5.55;20
8.798;-28.945;-1.062;20
16.649;-33.202;-3.183;20
7.014;-11.324;0.159;20
1.102;-4.681;-15.172;20
-3.47;-5.191;-21.101;20
-2.97;-3.786;39.434;20
-6.148;-0.825;0.666;20
-15.281;8.176;-4.898;20
-16.008;13.764;-2.345;20
-11.309;13.866;-2.399;20
-5.844;12.794;0.677;20
-5.344;12.53;7.556;20
-9.199;12.903;8.501;20
-9.329;7.15;3.324;20
-10.153;-2.602;-1.056;20
-8.614;-11.625;-19.871;20
7.877;-35.989;-34.683;20
12.41;-57.032;-7.961;20
20.761;-25.152;26.538;20
11.176;17.215;44.471;20
1.695;16.625;15.093;20
8.239;10.47;-11.413;20
8.877;11.605;-10.576;20
4.891;15.334;-5.972;20
4.84;18.578;3.255;20
4.127;17.328;-1.505;20
-2.369;15.039;-7.507;20
-5.445;9.607;-4.031;20
-3.265;5.158;-1.048;20
-3.214;5.284;2.053;20
-1.265;-2.263;5.858;20
10.813;-26.153;1.322;20
18.228;-32.31;-1.59;20
7.704;-12.73;-10.32;20
4.176;-10.263;-26.497;20
-2.715;-6.339;-1.85;20
-4.815;-2.005;42.048;20
-11.09;2.674;-15.856;20
-15.321;11.037;0.54;20
-14.36;13.383;-1.173;20
-9.404;12.573;-2.134;20
-5.826;11.977;1.959;20
-7.359;12.483;8.781;20
-9.906;11.465;8.317;20
-10.056;3.4;4.592;20
-10.93;-4.806;-4.717;20
-5.765;-17.067;-26.08;20
9.969;-48.042;-30.509;20
13.185;-52.646;3.19;20
18.334;-4.621;37.907;20
8.213;20.461;40.525;20
4.244;14.155;-0.988;20
9.287;11.303;-12.031;20
6.854;13.86;-9.292;20
4.982;17.773;-3.062;20
6.914;20.187;4.511;20
2.721;16.926;-4.448;20
-6.62;12.767;-6.323;20
-5.083;4.236;-2.707;20
-3.604;5.595;0.505;20
-2.705;0.883;4.473;20
6.894;-22.137;0.169;20
16.813;-32.341;-5.364;20
11.564;-15.219;1.911;20
1.792;-4.34;-3.57;20
-1.894;-6.277;-27.439;20
-7.148;-3.614;4.691;20
-5.795;-1.724;41.259;20
-7.589;3.354;-14.621;20
-10.954;12.349;-2.183;20
-14.059;13.999;0.246;20
-9.966;12.31;0.463;20
-5.546;11.517;4.731;20
-7.762;11.71;7.444;20
-9.316;8.847;4.811;20
-7.958;0.738;1.415;20
-9.335;-6.482;-8.087;20
0.109;-23.56;-32.772;20
12.475;-53.467;-25.784;20
20.824;-43.813;16.048;20
16.241;6.995;39.226;20
3.785;18.901;31.929;19
4.068;11.587;-5.553;20
7.663;12.239;-9.46;20
4.596;15.064;-6.785;20
3.871;17.514;-5.108;20
1.052;17.591;-1.21;20
-3.989;15.555;-3.922;20
-4.493;10.904;-4.651;20
-2.503;4.34;-4.054;20
-2.528;6.133;2.311;20
-1.598;-0.007;5.73;20
7.803;-22.957;-0.596;20
16.509;-31.203;-5.18;20
11.193;-13.024;-1.12;20
5.417;-5.527;-19.577;20
-3.679;-4.218;-14.804;20
-6.368;-5.491;43.368;20
-8.202;-1.841;-3.769;20
-15.057;7.666;-3.442;20
-14.252;11.992;-1.334;20
-11.115;12.74;-3.242;20
-5.853;12.278;1.658;20
-6.55;12.736;7.356;20
-9.528;12.528;7.86;20
-8.189;5.497;3.722;20
-7.858;-3.695;-0.733;20
-5.985;-13.678;-21.803;20
9.909;-42.319;-34.246;20
19.113;-57.773;-4.239;20
17.737;-13.326;26.085;20
4.424;20.465;45.305;20
3.311;15.152;12.652;20
9.735;9.914;-11.771;20
8.149;12.154;-12.269;20
4.415;15.682;-5.887;20
3.18;19.928;1.675;20
3.858;19.252;0.361;20
-3.646;15.449;-10.739;20
-6.694;9.142;-3.173;20
-3.472;4.81;0.819;20
-3.577;4.351;1.724;20
-0.255;-7.285;4.428;20
11.556;-30.813;-3.4;20
16.786;-27.935;-4.183;20
6.436;-10.108;-5.6;20
-0.219;-7.008;-19.594;20
-3.931;-4.561;-1.187;20
1.284;-3.257;37.662;20
-8.908;1.25;-8.422;20
-15.114;8.382;-1.17;20
-16.283;12.039;-1.532;20
-10.439;12.014;-2.112;20
-5.97;12.253;-0.23;20
-9.012;13.781;6.349;20
-11.247;12.351;9.933;20
-9.267;3.688;7.182;20
-10.576;-6.319;-3.89;20
-7.035;-17.406;-26.347;20
12.289;-39.54;-27.746;20
18.069;-52.607;1.362;20
20.041;-13.889;23.15;20
11.561;19.254;37.556;20
4.961;17.055;11.008;20
8.291;12.469;-9.763;20
6.563;13.949;-8.383;20
5.7;17.513;-0.974;20
3.414;17.876;0.884;20
-2.364;15.602;-4.0;20
-6.179;12.687;-5.888;20
-4.166;6.574;-5.307;20
-3.665;6.495;-0.695;20
-2.042;-1.279;2.051;20
9.661;-28.786;-1.736;20
14.48;-30.629;-5.629;20
6.654;-8.417;1.688;20
0.636;-2.623;-5.948;20
-0.865;-5.838;-25.072;20
-1.218;-7.641;31.525;20
-1.696;-4.382;11.222;20
-15.516;6.666;-7.615;20
-16.239;11.974;-3.054;20
-13.317;12.464;-1.839;20
-8.122;12.514;-1.879;20
-7.995;13.539;3.991;20
-12.81;14.188;10.163;20
-11.761;10.035;8.047;20
-3.723;2.782;1.63;20
-4.528;-4.893;-3.766;20
-5.317;-22.886;-30.229;20
10.666;-58.622;-31.009;20
22.291;-47.626;10.216;20
17.927;0.951;25.366;20
8.817;18.935;36.539;20
3.997;12.928;9.405;20
9.405;11.279;-10.371;20
7.637;15.373;-8.847;20
4.644;18.887;-6.39;20
0.721;19.243;-1.178;20
-2.439;16.654;-2.417;20
-3.674;13.033;-2.835;20
-7.748;6.536;-2.967;20
-6.915;5.792;8.188;20
-2.44;-4.49;10.206;20
16.862;-37.585;-3.846;20
21.093;-27.398;-4.664;20
4.483;-5.282;-5.869;20
-3.676;-3.169;-13.908;20
-8.944;-6.44;-28.104;20
-7.295;-4.589;8.366;20
3.724;-3.632;35.082;20
-6.653;4.358;-11.158;20
-14.239;14.055;-5.857;20
-15.846;14.588;0.115;20
-11.737;13.427;0.88;20
-7.495;13.679;5.662;20
-7.489;12.503;9.259;20
-11.233;7.631;6.071;20
-10.366;-3.15;1.372;20
-5.626;-8.261;-13.647;20
8.749;-25.946;-32.004;20
13.391;-57.68;-26.393;20
15.639;-38.692;19.029;20
3.738;14.068;60.719;20
4.159;15.035;21.273;20
11.252;9.67;-14.968;20
9.189;13.507;-9.252;20
6.069;17.179;-12.29;20
5.318;22.712;-0.865;20
7.078;24.877;6.975;20
1.129;20.609;-12.114;19
-7.033;11.009;-8.106;20
-4.107;3.735;0.09;20
-3.49;2.78;1.064;20
3.167;-8.754;4.487;20
18.021;-38.445;4.59;20
17.724;-28.458;3.208;20
1.306;-4.208;-0.18;20
-2.335;-3.281;-27.055;20
-3.169;-7.148;-21.014;20
0.029;-11.743;46.901;20
-8.967;-1.546;1.019;20
-15.735;10.23;-5.013;20
-16.326;14.092;-1.558;20
-12.973;13.541;-0.177;20
-9.224;12.478;3.688;20
-7.092;11.497;8.271;20
-7.032;10.792;7.5;20
-7.508;8.052;0.946;20
-7.596;-0.623;-0.723;20
-8.863;-10.04;-12.817;20
4.87;-31.346;-35.153;20
15.124;-56.613;-13.936;20
20.064;-33.612;16.159;20
8.295;13.311;41.695;20
3.307;16.303;28.233;20
7.952;9.509;-10.725;20
9.548;13.031;-11.649;20
5.924;16.187;-7.584;20
4.59;19.874;-0.517;20
5.931;20.7;8.256;20
-2.071;17.205;-5.411;20
-9.858;12.604;-9.203;20
-4.157;7.875;-3.831;20
0.005;3.497;-2.012;20
-0.844;2.516;0.07;20
7.151;-19.244;1.661;20
12.885;-34.449;-2.596;20
6.23;-14.091;-0.301;20
-0.435;-3.793;-3.313;20
-0.769;-7.867;-24.276;20
-1.106;-8.989;-1.188;20
5.118;-6.397;40.548;20
-6.99;2.882;-7.047;20
-13.642;8.126;-3.361;20
-18.507;11.69;-1.753;20
-13.873;12.955;-2.243;20
-8.257;13.091;1.166;20
-8.456;13.675;10.866;20
-10.117;11.723;10.428;20
-11.854;0.845;1.678;20
-9.509;-8.58;-14.031;20
2.932;-22.406;-32.935;20
18.608;-55.672;-26.567;20
21.236;-46.983;16.534;20
5.913;8.476;54.086;20
1.827;18.048;27.631;20
7.709;11.067;-12.15;20
8.812;13.5;-12.209;20
6.214;16.041;-11.193;20
4.728;20.521;-3.893;20
6.924;24.062;12.991;20
4.449;21.188;-8.187;20
-4.584;13.914;-13.364;20
-6.862;6.887;-2.005;20
-4.479;4.208;1.351;20
0.254;-0.886;-0.808;20
13.947;-29.406;-6.606;20
18.475;-39.886;0.862;20
2.56;-12.019;12.028;20
-2.449;-4.746;-4.074;20
-3.642;-8.882;-30.732;20
-3.608;-9.866;32.521;20
-5.269;-3.668;23.898;20
-10.613;8.816;-10.918;20
-16.226;14.515;-5.499;20
-13.351;14.242;-1.651;20
-8.877;12.973;0.178;20
-6.193;12.696;4.843;20
-8.631;13.302;6.896;20
-10.111;10.837;4.523;20
-6.101;2.564;2.591;20
-8.365;-6.165;-4.098;20
-5.914;-20.398;-29.12;20
13.666;-54.847;-31.63;20
20.936;-52.31;5.65;20
15.369;-1.455;30.417;20
4.411;21.387;45.636;20
6.244;12.304;1.621;20
10.598;10.839;-13.084;20
6.709;14.675;-11.845;20
3.121;19.653;-8.235;20
4.67;22.093;7.291;20
2.405;18.835;0.109;20
-7.549;13.942;-9.346;20
-5.82;8.874;-4.16;20
-1.415;4.915;0.104;20
-2.238;3.834;-0.38;20
5.654;-15.645;-4.688;20
16.683;-39.71;-4.452;20
10.149;-21.351;4.055;20
0.754;-2.072;2.874;20
0.849;-4.283;-21.764;20
-2.607;-8.663;12.157;20
-2.163;-7.044;30.696;20
-9.454;4.922;-7.197;20
-14.737;11.43;-3.444;20
-15.182;12.54;-2.039;20
-11.01;12.577;-1.964;20
-7.733;13.055;1.504;20
-9.435;13.602;8.289;20
-10.106;10.001;7.538;20
-7.009;0.776;2.16;20
-9.197;-7.525;-10.926;20
-1.208;-24.988;-32.579;20
17.046;-54.751;-23.196;20
23.312;-43.73;12.936;20
12.514;8.372;36.992;20
4.515;20.802;31.29;20
8.271;12.301;-5.443;20
9.132;13.122;-12.295;20
4.78;17.387;-6.383;20
5.635;20.32;3.777;20
3.525;18.346;2.86;20
-5.532;15.436;-8.597;19
-8.831;11.49;-8.569;20
-2.724;3.72;-7.341;20
-2.799;4.237;0.293;20
-0.583;-5.366;4.412;20
11.936;-30.276;0.799;20
17.714;-28.656;-1.789;20
7.08;-8.636;0.486;20
-0.321;-4.601;-11.408;20
-5.019;-6.413;-23.934;20
-1.178;-8.214;38.033;20
-3.772;-3.633;8.76;20
-14.668;7.229;-5.232;20
-17.032;12.642;-6.054;20
-13.932;13.777;-3.219;20
-8.287;13.115;-0.439;20
-6.963;13.763;5.834;20
-9.763;13.452;11.182;20
-10.587;9.384;5.489;20
-7.092;-0.583;-0.098;20
-8.435;-9.461;-14.884;20
2.087;-28.655;-35.537;20
15.67;-56.548;-18.291;20
22.255;-37.921;15.454;20
13.018;11.231;41.198;20
4.561;18.199;31.695;20
6.301;11.052;-7.493;20
9.004;12.505;-13.526;20
6.146;16.246;-9.144;20
5.801;19.83;2.036;20
5.063;19.544;4.208;20
-2.576;15.858;-6.231;20
-6.227;11.553;-7.927;20
-4.653;5.996;-5.147;20
-4.57;5.161;1.996;20
0.5;-6.339;4.358;20
12.62;-34.174;-4.375;20
14.599;-28.094;-7.223;20
5.727;-6.064;4.987;20
0.251;-4.056;-12.801;20
-1.873;-5.908;-17.974;20
5.055;-10.045;44.262;20
-12.466;-1.204;-2.519;20
-18.776;8.081;-7.189;20
-16.808;12.406;-4.654;20
-12.596;14.028;-1.96;20
-7.51;13.634;1.782;20
-9.419;15.005;10.068;20
-12.287;13.627;10.335;20
-7.427;5.477;3.567;20
-6.273;-3.73;-3.507;20
-6.182;-11.931;-20.188;20
9.807;-40.453;-35.464;20
19.53;-58.189;-7.642;20
18.31;-19.072;23.936;20
7.642;18.666;46.219;20
4.683;14.128;14.09;20
10.353;9.833;-13.019;20
8.209;13.862;-11.312;20
3.921;18.687;-5.291;20
5.552;21.096;7.037;20
1.357;18.811;2.631;20
-8.958;16.402;-8.02;20
-7.014;9.074;-8.367;20
-2.564;3.836;-4.543;20
-2.35;4.321;1.693;20
5.052;-13.069;2.203;20
18.614;-38.502;-1.322;20
16.389;-24.137;4.217;20
-0.035;-3.096;-1.439;20
-6.881;-4.992;-28.358;20
-7.518;-11.609;7.788;20
-7.372;-8.7;42.953;20
-7.42;6.601;-9.865;20
-16.632;14.944;-6.49;20
-13.03;14.126;-2.357;20
-7.655;12.977;-2.188;20
-5.305;12.705;3.081;20
-8.484;13.476;8.21;20
-10.756;10.973;7.521;20
-7.768;2.938;2.442;20
-7.079;-6.235;-6.99;20
-1.984;-21.781;-30.586;20
17.179;-56.286;-26.495;20
25.958;-47.781;8.025;20
11.304;5.506;27.346;20
2.186;21.455;44.67;20
7.278;11.731;0.745;20
8.147;12.337;-11.704;20
5.134;15.059;-8.269;20
3.911;17.986;-6.931;20
3.914;19.943;0.638;20
-0.159;17.925;-2.053;20
-6.802;13.468;-8.1;20
-3.369;5.819;-5.015;20
-2.424;4.696;-0.874;20
-2.136;2.01;2.498;20
8.319;-22.86;2.884;20
20.358;-40.53;-3.505;20
10.151;-15.607;-3.674;20
-2.22;-2.874;-10.637;20
-4.083;-7.207;-16.942;20
-5.986;-11.367;44.706;20
-7.129;-1.46;6.275;20
-13.065;10.228;-10.439;20
-14.466;13.743;-4.596;20
-11.586;12.819;-0.523;20
-8.724;12.574;-1.04;20
-6.511;12.936;4.891;20
-10.111;13.231;8.118;20
-10.37;9.138;4.87;20
-9.126;-1.617;3.141;20
-10.977;-13.063;-16.437;20
4.248;-35.983;-38.181;20
19.451;-58.594;-11.46;20
24.653;-31.542;16.304;20
9.847;15.804;42.927;20
2.151;19.516;30.11;20
7.849;11.83;-10.26;20
8.002;13.542;-10.299;20
4.688;17.177;-11.764;20
3.81;20.148;-3.279;19
5.35;20.444;6.342;20
-0.076;16.444;-3.186;20
-8.304;11.831;-10.301;20
-4.365;7.166;-6.078;20
-3.579;4.744;-2.079;20
1.392;-4.942;0.006;20
13.681;-33.79;-1.775;20
15.228;-32.308;-1.666;20
3.738;-6.914;4.685;20
-1.787;-2.202;-9.313;20
-1.147;-7.339;-23.939;20
2.481;-12.512;41.446;20
-3.747;-3.892;6.402;20
-14.678;7.694;-7.714;20
-16.642;12.666;-5.985;20
-14.422;14.064;-3.026;20
-8.342;13.255;-0.078;20
-7.385;14.016;7.108;20
-13.164;14.712;10.166;20
-10.405;9.459;6.56;20
-6.56;-0.706;0.212;20
-8.711;-9.311;-16.072;20
1.469;-29.851;-34.101;20
19.382;-59.041;-14.03;20
24.602;-36.297;16.686;20
7.584;14.122;38.8;20
2.135;19.376;30.506;20
8.374;11.596;-7.232;20
9.475;12.329;-11.634;20
5.515;16.156;-12.441;20
3.452;20.948;-2.105;20
7.27;21.74;11.491;20
3.193;17.742;-5.225;20
-6.646;12.154;-13.365;20
-5.718;5.749;-5.886;20
-4.573;3.978;0.943;20
2.026;-10.588;0.988;20
17.068;-41.502;-4.491;20
13.556;-27.811;1.147;20
-0.822;-3.048;5.322;20
-1.193;-4.473;-5.769;20
-1.009;-8.525;-26.837;20
0.365;-7.735;41.871;20
-5.017;-0.489;3.079;20
-13.682;8.877;-11.507;20
-16.522;13.372;-5.212;20
-13.799;12.844;0.034;20
-8.583;13.083;0.809;20
-11.836;14.955;7.508;20
-13.88;13.641;10.213;20
-9.573;7.82;6.363;20
-5.962;-1.352;1.243;20
-10.277;-9.92;-15.117;20
0.542;-31.529;-41.529;20
16.168;-59.052;-15.778;20
25.527;-38.353;18.509;20
15.34;12.431;46.725;20
3.561;20.008;31.762;20
4.85;12.24;-8.81;20
7.465;13.299;-12.717;20
4.213;17.292;-10.84;20
2.662;20.737;-4.381;20
4.134;20.39;2.614;20
1.291;15.529;-3.2;20
-4.234;9.729;-5.348;20
-3.127;5.263;-1.646;20
-2.443;5.578;1.204;20
1.379;-7.21;1.435;20
14.411;-35.622;-7.426;20
15.469;-26.853;1.335;20
3.287;-4.137;3.487;20
1.565;-5.45;-21.339;20
-5.08;-8.635;-4.672;20
-3.315;-9.429;41.866;20
-10.619;3.125;-7.452;20
-13.143;12.854;-4.995;20
-14.185;14.676;-3.044;20
-11.242;13.859;-1.425;20
-7.263;13.443;3.96;20
-11.847;15.078;7.395;20
-12.383;10.848;7.296;20
-8.098;0.6;2.798;20
-9.699;-8.93;-10.07;20
-2.487;-23.769;-32.791;20
15.303;-51.26;-22.6;20
21.232;-48.924;8.385;20
12.443;1.68;33.666;20
3.429;19.818;39.166;20
8.305;11.094;-3.724;20
10.732;12.042;-11.534;20
5.996;15.393;-8.373;20
4.107;19.659;-3.297;20
6.963;22.212;8.706;20
1.252;19.26;-6.188;20
-7.537;13.824;-10.355;20
-4.746;6.468;-4.268;20
-1.145;3.508;-1.384;20
-2.676;3.234;1.155;20
5.751;-18.956;-0.134;20
15.99;-36.983;-5.256;20
8.637;-17.656;0.053;20
1.329;-2.082;2.162;20
1.19;-5.274;-17.396;20
-0.625;-7.558;-2.348;20
4.477;-7.839;29.059;20
-11.434;1.264;-8.91;20
-16.215;10.197;-5.904;20
-19.294;13.832;-4.048;20
-11.498;13.074;-0.067;20
-9.167;14.532;5.422;20
-13.525;15.276;11.735;20
-11.955;11.372;10.861;20
-7.937;2.043;4.911;20
-9.584;-7.041;-7.536;20
-4.943;-20.491;-36.308;20
12.181;-53.107;-33.63;20
20.636;-53.207;9.574;20
21.408;-3.166;34.746;20
8.282;21.811;49.364;20
4.112;13.374;2.98;20
9.175;11.174;-14.334;20
5.455;16.123;-10.986;20
2.697;19.855;-5.526;20
4.288;21.362;3.583;20
3.519;17.868;0.327;20
-4.764;13.591;-9.206;19
-5.557;8.373;-6.237;20
-2.248;5.386;0.429;20
-2.823;3.455;1.776;20
6.164;-19.926;0.001;20
20.436;-40.439;0.868;20
11.797;-17.363;4.72;20
2.725;-2.997;-10.558;20
-0.647;-5.963;-25.875;20
-6.694;-9.116;32.788;20
-6.6;-4.348;13.214;20
-10.498;7.478;-7.415;20
-15.069;13.806;-3.782;20
-15.047;14.271;-2.44;20
-10.356;13.087;0.713;20
-8.035;13.65;6.245;20
-10.946;13.443;9.394;20
-11.031;8.179;6.178;20
-6.892;-2.075;1.037;20
-8.273;-12.114;-17.918;20
3.486;-33.154;-38.433;20
16.183;-58.931;-12.472;20
24.191;-33.505;20.505;20
8.403;13.72;46.587;20
4.104;15.532;22.45;20
8.521;11.213;-10.965;20
7.63;14.817;-10.532;20
4.931;16.968;-10.469;20
4.763;21.569;0.79;20
6.1;22.137;6.485;20
-0.625;17.662;-10.802;20
-7.938;12.685;-11.837;20
-3.652;6.439;-1.73;20
-2.441;4.003;0.462;20
-2.635;-1.034;2.718;20
10.555;-31.991;0.511;20
17.825;-37.827;-3.897;20
4.685;-9.415;3.091;20
-0.245;-2.864;-9.678;20
-1.788;-6.702;-19.471;20
-3.692;-8.502;44.286;20
-1.725;-1.175;5.266;20
-10.152;7.332;-8.586;20
-17.627;13.002;-5.069;20
-13.997;13.144;-2.516;20
-10.043;13.158;-2.881;20
-10.226;14.134;3.639;20
-11.834;14.162;10.67;20
-7.701;9.185;8.169;20
-7.974;0.412;1.402;20
-11.114;-9.153;-13.874;20
1.091;-28.928;-42.275;20
12.195;-58.346;-21.775;20
22.566;-44.343;17.658;20
12.229;7.931;50.428;20
4.023;18.739;33.675;20
8.883;11.895;-10.256;20
9.224;13.552;-12.744;20
5.574;17.34;-11.849;20
3.8;21.673;-1.734;20
5.186;22.186;4.026;20
-0.226;17.059;-6.081;20
-7.919;13.156;-9.302;20
-2.917;6.795;-2.667;20
-1.778;4.447;0.138;20
-1.25;1.37;0.79;20
7.042;-22.447;2.492;20
20.436;-40.569;-0.518;20
10.167;-18.478;0.613;20
0.617;-5.402;-17.445;20
-1.528;-5.998;-8.198;20
0.247;-9.654;38.751;20
-14.099;1.456;-3.028;20
-16.763;9.18;-5.765;20
-15.945;12.83;-3.656;20
-11.022;13.569;-2.924;20
-6.533;13.566;-0.684;20
-11.37;15.825;7.862;20
-12.984;14.309;11.964;20
-8.801;4.908;6.658;20
-9.958;-5.639;-3.581;20
-5.39;-17.979;-29.623;20
10.839;-50.359;-40.702;20
15.291;-56.314;0.574;20
16.341;-10.013;35.764;20
2.821;19.892;55.519;20
6.803;10.715;1.532;20
11.056;10.853;-15.635;20
8.523;14.366;-13.873;20
5.933;19.997;-11.737;20
6.713;25.67;9.367;20
7.943;24.554;6.24;20
-1.017;16.555;-11.195;20
-6.271;10.215;-10.166;20
-2.442;4.586;-0.994;20
-2.709;4.003;1.086;20
0.513;-5.036;2.198;20
15.096;-40.269;0.471;20
16.868;-36.214;-1.128;20
0.542;-7.536;2.949;20
-2.674;-4.396;-28.461;20
-0.919;-7.664;0.121;20
4.989;-6.501;38.536;20
-12.091;3.438;-2.062;20
-18.604;9.437;-6.898;20
-16.077;12.091;-3.011;20
-11.236;13.713;-2.896;20
-6.106;13.956;-0.469;20
-9.685;15.553;9.479;20
-12.325;13.991;11.782;20
-8.361;6.976;3.649;20
-8.924;-2.862;-3.03;20
-9.856;-14.379;-26.796;20
6.404;-41.809;-40.973;20
12.958;-58.071;-5.3;20
22.323;-22.581;30.366;20
11.974;16.385;54.326;20
3.832;12.643;9.787;20
9.768;11.279;-14.065;20
8.899;15.293;-9.263;20
5.717;19.339;-5.555;20
8.129;23.138;8.847;19
4.738;20.901;2.378;20
-3.898;15.125;-9.85;20
-8.682;11.378;-12.129;20
-5.082;6.058;-6.734;20
-4.039;3.656;0.305;20
3.131;-9.678;2.122;20
15.176;-39.217;0.075;20
15.448;-29.944;1.814;20
0.676;-2.331;7.242;20
-3.431;-0.531;-12.225;20
-6.539;-6.764;-24.679;20
-9.309;-11.794;43.796;20
0.383;-2.062;6.941;20
-9.026;12.107;-11.377;20
-13.703;14.779;-3.137;20
-12.999;14.036;-0.512;20
-9.914;12.227;0.911;20
-7.916;11.888;6.505;20
-9.621;11.232;8.94;20
-10.67;5.21;3.926;20
-9.288;-5.203;-3.046;20
-4.52;-13.214;-20.963;20
12.349;-36.832;-37.054;20
20.518;-57.916;-9.599;20
16.047;-23.063;29.595;20
-0.78;17.942;52.115;20
5.565;12.506;7.208;20
10.12;11.751;-12.247;20
9.147;13.892;-12.906;20
7.186;17.912;-13.306;20
5.497;23.753;8.221;20
7.763;25.605;9.235;20
2.304;21.02;-16.968;20
-6.254;10.616;-13.719;20
-4.447;4.464;-0.92;20
-3.142;3.09;1.898;20
-2.655;-1.129;3.286;20
11.815;-33.12;5.799;20
18.149;-43.28;0.616;20
3.01;-14.767;-3.698;20
-3.13;-3.213;-19.752;20
0.008;-6.587;-20.483;20
3.774;-11.236;43.028;20
-12.494;0.373;1.223;20
-17.751;8.198;-4.653;20
-16.959;13.911;-7.402;20
-12.775;14.604;1.153;20
-5.53;13.94;1.51;20
-6.631;15.98;6.843;20
-9.794;15.302;10.438;20
-9.136;10.236;5.039;20
-8.078;0.927;0.51;20
-11.86;-10.972;-14.955;20
0.577;-30.41;-40.473;20
12.323;-58.162;-20.306;20
18.625;-42.03;21.369;20
8.318;9.398;59.844;20
1.616;13.79;25.427;20
7.635;9.172;-15.557;20
9.487;13.61;-11.949;20
7.706;15.962;-11.392;20
6.364;20.504;-2.509;20
6.465;23.752;11.129;20
5.143;20.487;-2.008;20
-1.877;14.385;-11.481;20
-4.101;6.151;-4.885;20
-3.846;5.156;-0.406;20
-3.115;4.259;2.827;20
5.289;-15.569;3.35;20
19.175;-42.538;-3.1;20
9.994;-24.813;-1.184;20
-2.351;-5.934;-14.193;20
-2.381;-5.742;-24.015;20
-1.509;-8.994;45.737;20
-4.523;-2.42;10.825;20
-11.198;7.402;-5.969;20
-18.866;13.58;-6.42;20
-13.137;13.88;-2.186;20
-6.507;13.382;-1.504;20
-7.309;14.198;4.182;20
-10.157;13.537;11.081;20
-9.167;10.277;7.785;20
-8.718;0.83;2.418;20
-13.098;-9.57;-10.383;20
-2.949;-26.136;-36.408;20
11.341;-53.505;-28.818;20
15.739;-47.913;7.62;20
17.99;1.479;43.953;20
5.474;20.122;41.694;20
8.108;12.239;-7.343;20
10.641;12.497;-12.484;20
7.482;16.548;-11.397;20
5.813;20.216;-1.425;20
7.142;21.422;8.067;20
1.969;19.021;-5.991;20
-6.881;13.95;-10.978;20
-3.397;7.055;-2.289;20
0.148;2.824;0.828;20
-2.462;4.92;1.023;20
-0.243;-7.135;6.837;20
13.257;-36.495;-3.093;20
13.984;-30.392;-9.997;20
2.653;-8.383;-9.504;20
2.011;-6.266;-22.531;20
-1.001;-8.647;22.767;20
-2.55;-5.676;17.955;20
-9.496;4.239;-0.294;20
-16.062;10.774;-4.313;20
-15.288;13.459;-4.283;20
-8.975;13.219;-1.142;20
-7.601;14.413;0.905;20
-10.872;15.449;8.929;20
-11.193;13.697;11.296;20
-6.508;5.273;4.682;20
-10.35;-4.586;-2.842;20
-9.142;-18.45;-31.18;20
10.465;-48.129;-35.146;20
14.673;-54.882;3.815;20
17.692;-10.794;30.139;19
9.392;18.602;40.345;20
5.098;14.073;7.756;20
10.198;11.769;-10.948;20
8.238;13.768;-5.31;20
5.856;16.968;-0.761;20
6.518;18.097;3.799;20
1.238;16.596;-3.572;20
-4.629;15.102;-7.238;20
-3.495;10.164;-5.893;20
-0.308;3.857;-6.287;20
-1.892;5.532;1.35;20
-2.214;-1.104;7.944;20
8.133;-28.167;3.243;20
16.103;-32.467;-11.648;20
7.279;-12.027;-7.441;20
-0.054;-5.919;-13.7;20
-4.102;-5.439;-11.467;20
0.96;-7.905;43.353;20
-5.661;1.286;-4.719;20
-11.772;8.24;-1.945;20
-15.736;11.818;-3.615;20
-12.738;12.837;-1.576;20
-10.623;14.533;-4.068;20
-12.883;15.35;5.429;20
-10.292;13.354;15.334;20
-9.05;4.649;7.913;20
-10.469;-5.484;-4.306;20
-6.018;-15.161;-26.071;20
11.19;-40.437;-31.79;20
19.18;-57.536;-4.264;20
16.891;-16.193;28.237;20
5.388;19.929;44.968;20
5.688;14.373;8.192;20
10.477;11.079;-10.966;20
7.909;13.906;-7.903;20
4.464;17.331;-7.24;20
4.824;19.811;0.912;20
4.1;19.205;0.14;20
-1.38;14.723;-4.769;20
-3.79;8.859;-4.928;20
-1.82;4.175;-2.517;20
-3.072;6.09;1.524;20
-1.814;-1.122;2.924;20
10.145;-30.341;-2.369;20
17.676;-35.629;-8.786;20
7.977;-11.11;-0.596;20
0.349;-4.139;-11.493;20
-4.971;-3.84;-6.745;20
-3.556;-9.57;44.578;20
-6.365;-1.373;-1.668;20
-14.731;8.924;-7.475;20
-16.229;12.794;-4.58;20
-12.733;14.188;-2.693;20
-8.525;13.772;-1.169;20
-9.145;13.863;5.467;20
-10.609;13.71;11.269;20
-6.115;8.201;6.348;20
-5.974;-0.69;0.243;20
-11.924;-10.126;-12.39;20
1.765;-40.189;-45.816;20
12.455;-58.844;-16.491;20
20.995;-29.003;22.024;20
12.632;14.238;44.636;20
3.782;15.884;26.75;20
9.421;9.167;-9.54;20
10.077;12.172;-10.108;20
5.408;16.103;-9.987;20
4.1;19.41;-4.664;20
4.093;20.071;1.69;20
-0.528;15.975;-1.529;20
-7.057;12.495;-3.409;20
-4.027;4.791;-1.82;20
-3.284;4.614;-0.342;20
-2.041;3.445;2.86;20
5.104;-14.208;2.74;20
17.613;-34.261;-3.787;20
14.142;-21.122;0.782;20
3.8;-5.971;-5.746;20
-0.63;-4.485;-30.019;20
-4.331;-5.705;13.523;20
-3.202;-7.618;24.653;20
-9.99;1.51;-4.239;20
-15.027;10.528;-4.718;20
-14.072;13.136;-1.161;20
-10.731;13.937;-1.728;20
-9.16;14.147;2.134;20
-10.533;13.836;9.719;20
-8.324;11.269;7.788;20
-6.638;2.314;1.358;20
-9.503;-6.844;-11.682;20
-1.178;-21.51;-30.396;20
16.027;-51.797;-24.687;20
18.656;-47.557;12.487;20
11.668;3.367;41.611;20
3.997;18.658;29.02;20
6.322;12.431;-3.346;20
7.973;14.092;-11.083;20
6.38;15.283;-11.426;20
5.561;16.38;-4.363;20
7.529;19.947;18.699;20
2.171;18.965;-0.277;20
-8.195;14.604;-19.463;20
-7.013;8.373;-7.33;20
-1.047;1.337;-2.022;20
-1.699;3.515;3.461;20
4.783;-20.189;2.863;20
19.35;-44.237;-4.677;20
10.695;-10.915;5.748;20
0.659;1.302;4.373;20
-0.984;-3.215;-9.277;20
-2.347;-3.975;-14.457;20
-5.17;-0.081;-0.188;20
0.361;2.891;34.786;20
-3.113;2.63;-0.58;20
-7.432;8.714;-5.608;20
-9.386;11.563;-0.504;20
-9.901;12.352;-3.714;20
-12.241;13.404;-1.376;20
-13.305;12.598;6.953;20
-9.607;9.025;10.451;20
-1.861;2.806;1.625;20
-2.193;-3.234;-8.171;19
-9.991;-19.242;-29.144;20
6.553;-47.182;-30.339;20
16.119;-43.846;11.219;20
13.677;-7.818;32.962;20
11.872;9.576;25.173;20
9.003;8.295;5.684;20
4.476;9.966;-6.661;20
3.798;11.281;-7.948;20
2.933;11.567;-3.797;20
4.351;13.791;4.665;20
5.096;14.848;8.473;20
-4.423;12.19;-1.02;20
-14.378;11.762;-4.756;20
-14.894;8.745;-8.571;20
-8.963;-1.438;-19.778;20
-2.063;-9.676;7.497;20
2.86;-26.411;2.644;20
7.638;-22.832;-12.582;20
7.76;-1.868;7.941;20
5.055;5.661;12.832;20
2.945;3.383;3.854;20
3.966;0.156;-4.951;20
5.637;1.348;-8.949;20
3.766;3.455;-7.019;20
-0.923;3.996;1.135;20
-3.082;2.158;5.551;20
-4.806;-3.365;10.562;20
-4.983;-1.15;-0.751;20
-7.031;5.608;-5.207;20
-10.224;9.877;1.547;20
-13.311;11.993;2.43;20
-9.573;9.186;5.729;20
-2.525;2.819;2.344;20
0.667;-4.322;-3.885;20
0.691;-9.745;-9.192;20
4.91;-14.546;-13.691;20
10.544;-17.589;-0.94;20
15.44;-11.82;10.144;20
12.223;-1.173;7.857;20
6.772;4.216;5.312;20
3.521;4.53;2.802;20
0.321;4.629;0.508;20
-1.595;4.761;-1.055;20
-0.154;4.595;-0.909;20
1.766;5.563;-1.713;20
1.141;8.803;-2.158;20
1.02;10.111;0.845;20
6.017;7.455;15.175;20
0.709;-0.652;5.242;20
-10.893;-1.596;-3.016;20
-18.432;-2.398;-10.278;20
-13.45;-4.872;-17.128;20
-6.182;-4.206;-5.403;20
0.413;-5.937;5.561;20
6.066;-4.058;13.678;20
7.514;-3.269;3.522;20
6.185;-1.195;-4.543;20
6.28;-0.168;-6.512;20
4.951;-0.406;-3.381;20
2.807;-1.695;0.347;20
1.737;-0.735;-0.84;20
1.468;2.292;-2.772;20
1.63;3.985;-2.326;20
1.501;2.539;1.001;20
1.705;1.168;3.872;20
2.097;0.819;3.644;20
1.348;2.681;0.986;20
-0.965;5.5;0.1;20
-2.781;5.282;-0.236;20
-1.015;1.563;-0.454;20
-0.931;-0.002;-2.263;20
-2.78;0.89;-2.118;20
-3.46;1.144;1.298;20
-1.992;-1.626;2.326;20
-1.321;-2.699;0.218;20
-0.993;-2.838;1.699;20
-1.01;-1.011;3.639;20
-1.76;2.024;1.229;20
-0.815;0.351;-0.514;20
0.169;-2.773;-1.323;20
1.215;-5.024;-3.676;20
2.187;-3.524;-4.365;20
2.117;0.191;-1.013;20
4.632;-2.412;-0.147;20
6.308;-1.468;1.954;20
3.131;2.28;4.591;20
0.664;1.742;3.046;20
1.447;0.653;-0.309;20
0.226;2.054;-2.041;20
-0.511;2.942;-1.994;20
-0.111;2.673;-2.728;20
0.473;2.199;-2.779;20
1.236;1.427;-1.317;20
1.147;0.099;0.713;20
1.181;-1.529;2.088;20
1.636;-2.59;3.664;20
0.733;-3.051;4.755;20
-1.931;-1.912;3.333;20
-5.745;0.37;2.929;20
-7.059;0.397;2.944;20
-3.902;-1.446;-1.523;20
-0.673;-1.655;-5.349;20
2.391;-0.836;-7.763;20
5.618;-2.57;-6.241;20
5.619;-2.296;2.627;20
0.9;0.527;7.256;20
-8.123;2.485;1.776;20
-10.195;2.245;-4.637;20
-5.06;2.629;-1.328;20
-1.952;2.359;2.381;20
-3.007;1.3;-0.045;20
-3.081;-0.054;-6.357;20
-2.068;-1.068;-7.569;20
-0.402;-2.975;-2.709;20
-1.135;-2.427;-0.082;20
-2.233;0.011;0.303;20
-1.031;0.0;-0.184;20
-0.6;0.694;0.299;20
-0.771;2.338;-0.292;20
-0.127;2.665;-1.546;19
0.689;1.003;-3.631;20
0.532;-0.055;-5.562;20
-0.152;-0.72;-5.849;20
-4.856;1.14;-2.204;20
-9.631;2.701;1.314;20
-9.285;1.672;-1.078;20
-8.283;0.004;-5.427;20
-5.958;-1.797;-4.91;21
-4.047;-3.088;-3.6;20
-2.823;-3.831;-3.682;19
-2.243;-3.597;-3.557;20
-1.501;-3.754;-2.11;20
-0.049;-5.05;-0.588;20
1.098;-5.623;-0.836;20
1.281;-4.177;-2.843;20
2.257;-2.836;-2.742;20
3.421;-1.457;-0.049;20
4.192;-0.231;3.027;20
4.383;1.332;5.312;20
3.936;2.624;5.55;20
3.958;2.72;4.359;20
3.784;2.698;3.979;20
3.231;3.4;3.93;20
2.738;4.127;4.124;20
2.028;4.473;5.082;20
7.209;5.235;21.681;20
-2.693;6.355;14.662;20
-5.809;5.012;1.74;20
-1.08;4.58;4.802;20
-1.666;4.051;4.248;20
-0.432;3.971;6.292;20
0.647;4.41;8.196;20
1.632;3.473;8.478;20
2.676;2.667;6.539;20
2.946;4.765;4.335;20
1.142;7.402;0.107;20
0.083;8.207;-0.754;20
2.399;6.082;2.302;20
3.718;3.721;3.428;20
4.131;3.075;3.02;20
4.837;3.764;1.506;20
4.495;3.728;1.185;20
3.168;3.551;0.996;20
2.006;3.849;0.32;20
1.521;4.146;-0.196;20
1.293;4.011;0.39;20
1.151;3.61;0.461;20
0.54;3.652;0.132;20
-1.432;4.675;0.005;20
-2.308;4.924;1.074;20
-0.984;4.082;1.695;20
0.221;3.204;0.667;20
0.956;2.428;-0.196;20
1.296;1.698;0.111;20
0.791;1.914;1.176;20
0.673;1.673;1.696;20
0.75;1.219;2.046;20
0.636;1.403;1.865;20
0.704;1.312;1.123;20
0.343;1.673;0.331;20
-0.1;1.96;-0.904;20
1.789;0.693;-1.385;20
0.909;-0.52;-0.507;20
-4.027;2.933;-0.331;20
-2.982;2.109;0.932;20
-0.386;0.266;1.044;20
0.81;-0.139;-0.31;20
0.276;0.092;-0.458;20
-0.529;0.24;0.057;20
-0.461;0.259;0.381;20
-0.314;0.27;0.647;20
-0.392;0.105;0.645;20
-0.118;-0.056;0.533;20
-0.194;0.328;0.667;20
-0.449;0.451;0.458;20
-0.182;0.263;0.171;20
0.081;0.347;-0.104;20
-0.064;0.071;-0.243;20
-0.387;-0.119;-0.08;20
-0.53;0.252;-0.484;20
-1.079;-0.501;-0.111;65
-1.495;0.289;-1.826;20
-0.881;0.263;-1.525;20
-0.659;-0.383;-0.495;20
-0.944;-0.477;0.846;19
-0.904;-0.112;0.945;20
-0.667;-0.286;0.348;20
-0.711;-0.206;0.701;20
-1.26;0.212;2.23;20
-0.812;-0.001;2.359;20
-0.24;0.033;1.4;20
-0.297;0.101;0.492;20
-0.345;-0.039;-0.146;20
-0.431;-0.369;-0.326;20
-0.568;-0.67;-0.352;20
-0.346;-0.617;-0.693;20
-0.178;-0.507;-1.022;20
-0.161;-0.524;-0.525;20
-0.286;-0.23;0.481;20
-0.039;-0.12;0.762;20
0.097;-0.256;0.709;20
0.107;0.096;0.678;20
-0.127;0.142;0.943;20
-0.16;0.031;1.165;20
-0.083;-0.043;0.902;20
-0.021;0.003;0.648;20
-0.154;0.057;0.48;20
-0.087;0.119;0.363;20
0.215;-0.022;0.137;20
0.354;-0.129;-0.018;20
0.213;-0.213;-0.001;20
0.114;-0.06;-0.186;20
0.058;-0.209;-0.547;95
0.168;-0.221;-0.615;20
-0.057;-0.158;-0.461;20
-0.021;-0.137;-0.395;20
0.06;-0.141;-0.379;20
-0.158;-0.025;-0.27;20
-0.3;0.036;-0.045;20
-0.158;-0.035;0.045;20
-0.049;-0.088;-0.172;20
-0.182;0.116;-0.437;20
-0.28;0.219;-0.296;20
-0.123;0.126;-0.202;20
-0.044;0.139;-0.242;20
-0.106;0.147;-0.302;20
0.011;0.132;-0.477;20
0.196;0.03;-0.457;20
0.042;0.109;-0.254;20
-0.386;0.426;-0.058;20
-0.453;0.37;0.16;20
-0.231;0.133;-0.116;20
-0.098;-0.052;-0.762;20
0.084;-0.407;-0.157;20
-0.144;0.053;0.095;20
-1.912;1.46;0.105;20
-1.693;0.68;0.823;20
0.901;-0.81;0.109;20
2.581;-0.349;-2.033;20
2.424;0.508;-2.66;20
0.59;1.33;-1.682;20
-0.964;1.624;0.072;20
-0.928;0.914;0.978;20
-0.902;0.57;1.482;20
-0.415;0.22;-0.11;65
-0.271;0.17;-0.343;20
0.082;-0.146;-0.503;20
0.255;-0.286;-0.799;20
0.328;-0.304;-0.586;20
0.0;0.046;-0.972;20
-0.222;0.315;-0.857;20
-0.305;0.239;-0.202;20
-0.309;0.203;0.428;20
-0.205;0.304;0.643;20
0.235;0.174;0.639;20
0.273;0.098;0.723;20
-0.124;0.333;0.45;20
-0.218;0.362;0.225;20
0.112;0.143;0.141;20
0.308;-0.126;0.233;20
0.187;0.052;-0.259;20
0.318;-0.156;-0.438;20
0.369;-0.025;-0.482;20
0.302;-0.179;-0.344;20
0.029;-0.061;-0.221;20
-0.078;0.048;-0.103;20
-0.067;0.192;-0.562;20
0.015;0.235;-0.504;20
0.073;0.124;0.184;20
0.137;-0.009;0.525;20
0.067;0.065;0.518;20
0.06;0.021;0.564;20
-0.007;0.017;0.654;20
-0.123;0.084;0.442;20
-0.036;0.092;0.159;20
0.046;-0.019;-0.03;20
0.052;-0.058;-0.059;20
-0.043;-0.014;-0.032;20
-0.105;0.025;-0.122;20
-0.099;-0.033;-0.259;20
-0.153;-0.055;-0.186;20
-0.14;-0.04;-0.178;20
0.017;-0.048;-0.105;20
0.071;-0.019;-0.033;20
-0.028;0.057;0.033;20
-0.041;0.105;0.151;20
0.017;0.095;-0.016;20
0.015;0.104;0.076;20
0.017;-0.028;0.256;20
0.048;-0.128;0.266;20
0.094;-0.121;0.007;20
0.029;-0.068;-0.226;20
0.012;-0.099;-0.17;20
-0.023;0.181;-0.629;20
-0.223;0.212;-0.448;20
-0.162;0.0;-0.272;20
-0.303;0.115;0.249;20
-0.124;0.035;0.756;20
0.155;0.024;0.517;20
0.366;-0.014;-0.029;20
0.187;0.035;-0.074;20
0.034;0.003;0.05;20
-0.091;0.199;-0.127;20
-0.097;0.128;-0.3;20
0.011;0.085;-0.416;20
0.058;0.02;-0.244;19
-0.087;0.031;0.039;20
-0.097;0.045;0.194;20
-0.04;-0.006;0.046;20
-0.038;-0.001;-0.04;20
-0.343;0.149;-0.015;20
-0.292;0.149;-0.053;20
0.026;-0.014;-0.022;20
0.308;-0.136;-0.029;20
0.354;-0.169;0.097;20
0.288;-0.17;0.237;20
0.109;-0.124;0.266;20
-0.033;-0.022;0.112;20
0.002;0.041;-0.09;20
-0.043;0.125;-0.081;20
-0.041;-0.014;0.057;20
-0.061;-0.056;0.147;20
-0.078;0.03;-0.054;20
-0.044;0.055;-0.184;20
0.036;-0.007;-0.165;20
0.035;-0.064;-0.044;20
0.028;-0.066;0.027;20
0.031;-0.085;-0.025;20
0.04;-0.038;-0.054;20
0.037;-0.017;-0.064;20
0.078;-0.028;-0.028;20
-0.025;0.054;-0.032;20
-0.111;0.116;-0.189;20
-0.074;0.19;-0.168;20
-0.086;0.149;0.029;20
-0.281;0.111;0.11;20
-0.477;0.18;0.106;20
-0.462;0.182;-0.074;20
-0.36;0.233;-0.32;20
-0.258;0.131;-0.244;20
-0.224;0.003;0.088;20
-0.203;-0.039;0.193;20
-0.143;0.068;0.009;20
0.039;0.046;-0.214;20
0.153;0.009;-0.084;20
0.082;0.043;0.168;20
0.011;-0.046;0.128;20
-0.187;0.084;-0.725;20
-0.282;0.148;-0.609;20
0.073;-0.171;0.306;20
0.154;-0.086;0.632;20
-0.087;0.211;0.145;20
-0.036;0.101;0.158;20
-0.016;0.158;0.027;20
0.068;0.032;-0.069;20
0.05;-0.025;-0.005;20
0.064;-0.123;0.144;20
0.052;-0.123;0.009;20
-0.037;-0.074;-0.184;20
-0.046;-0.06;-0.005;20
-0.001;-0.113;0.236;20
-0.075;-0.006;0.069;20
-0.019;0.116;-0.248;20
-0.102;0.151;-0.186;20
-0.248;0.192;-0.051;20
-0.368;0.21;-0.065;20
-0.27;0.149;-0.275;20
-0.498;0.231;-0.892;20
-0.104;0.148;-0.003;20
-0.347;-0.13;0.348;20
-0.411;0.348;0.185;20
-0.201;0.321;-0.429;20
-0.005;0.369;-0.561;20
0.221;0.278;-0.172;20
0.508;-0.144;0.399;20
0.745;-0.394;0.692;20
0.82;-0.409;0.541;20
0.858;-0.372;0.154;20
0.662;-0.259;0.136;20
0.309;-0.199;0.333;20
0.073;-0.047;0.34;20
-0.051;0.053;0.108;20
-0.096;0.085;-0.098;20
-0.121;0.038;-0.225;20
0.0;-0.002;-0.372;20
0.106;-0.062;-0.343;20
0.105;-0.058;-0.176;20
0.108;-0.037;0.042;20
0.106;0.051;-0.354;20
-0.434;0.37;-0.927;20
-0.12;0.272;-0.401;20
0.001;-0.137;0.262;20
0.178;-0.107;0.678;20
0.006;0.188;0.215;20
0.137;0.031;-0.094;20
-0.024;-0.017;-0.241;20
-0.078;0.147;-0.088;20
0.053;0.022;-0.067;20
0.164;-0.046;0.088;20
0.034;0.01;0.366;20
0.056;0.034;0.208;20
0.122;0.033;-0.096;20
0.155;0.024;-0.132;20
0.196;-0.133;-0.019;20
0.077;-0.104;-0.287;20
-0.136;-0.069;-0.093;20
0.005;-0.115;0.332;20
0.059;-0.074;0.219;20
0.068;0.078;-0.138;20
0.042;0.141;-0.246;20
-0.066;0.113;-0.153;20
-0.03;0.076;-0.149;20
0.026;0.013;-0.045;20
-0.003;-0.041;0.111;20
0.026;-0.024;0.126;20
0.036;0.003;-0.042;20
0.046;-0.131;0.066;20
0.112;-0.178;0.239;20
-0.014;-0.038;0.118;20
0.012;0.019;-0.216;20
-0.018;0.055;-0.213;20
-0.066;-0.062;0.275;20
0.195;-0.248;0.317;20
0.311;-0.245;0.115;20
0.263;-0.165;0.185;20
0.152;-0.081;-0.018;20
0.092;0.03;-0.125;20
0.123;0.098;-0.237;20
0.145;0.107;-0.181;20
0.096;0.049;0.117;20
0.025;0.054;0.159;19
-0.116;0.125;0.285;20
-0.216;0.133;0.404;21
-0.133;0.039;0.232;19
0.028;0.011;-0.061;20
0.052;-0.032;-0.195;20
-0.019;-0.004;0.113;20
-0.157;0.06;0.25;20
-0.2;0.113;0.019;21
-0.131;0.176;-0.203;19
-0.155;0.15;-0.105;20
-0.14;0.072;0.087;20
-0.075;-0.041;0.052;20
-0.088;-0.044;-0.176;20
0.003;-0.044;-0.28;20
0.014;-0.056;-0.099;20
-0.064;-0.033;0.068;20
-0.053;0.014;-0.062;20
-0.036;0.076;-0.269;20
-0.19;0.174;-0.249;20
-0.342;0.214;-0.071;20
-0.402;0.273;-0.069;20
-0.31;0.252;-0.346;20
-0.081;0.149;-0.286;20
-0.004;0.058;-0.148;20
-0.203;0.103;0.099;20
-0.374;0.189;0.161;20
-0.252;0.192;-0.15;20
-0.122;0.162;-0.296;20
-0.125;0.151;-0.269;20
-0.297;0.211;-0.208;20
-0.357;0.22;-0.144;20
-0.297;0.145;-0.08;20
-0.235;0.191;-0.102;20
-0.357;0.288;-0.137;19
-0.417;0.255;-0.113;20
-0.24;0.139;-0.228;20
-0.258;0.224;-0.239;20
-0.281;0.222;-0.246;20
-0.273;0.231;-0.301;20
-0.254;0.212;-0.337;20
-0.193;0.192;-0.472;20
-0.1;0.112;-0.435;20
-0.118;0.08;-0.354;20
-0.148;0.122;-0.141;20
-0.204;0.122;0.175;20
-0.267;0.165;0.325;20
-0.167;0.147;0.236;20
-0.061;0.133;0.102;20
-0.389;0.359;-1.156;20
-0.51;0.433;-0.623;20
0.25;-0.35;0.503;20
0.211;-0.239;0.363;20
-0.233;0.018;0.147;20
-0.43;0.313;-0.265;20
-0.038;0.092;-0.174;20
0.091;0.113;-0.05;20
-0.147;0.143;-0.11;20
-0.251;0.165;-0.092;20
-0.11;0.036;-0.082;20
0.13;-0.127;0.007;19
0.224;-0.178;0.142;20
0.341;-0.268;0.117;20
0.27;-0.147;0.024;20
0.267;-0.119;-0.037;20
0.356;-0.186;0.036;20
0.283;-0.147;0.141;20
0.11;-0.01;0.248;20
0.048;0.008;0.324;20
0.117;-0.057;0.259;20
0.134;-0.147;0.111;20
0.29;-0.288;0.071;20
0.284;-0.254;0.0;20
0.115;-0.179;0.083;20
-0.014;-0.074;0.158;20
-0.084;0.043;0.016;20
-0.065;0.07;-0.111;20
0.062;0.012;-0.086;20
0.035;-0.029;0.097;20
0.059;-0.093;0.089;20
0.142;-0.15;0.0;20
0.155;-0.209;0.074;20
0.13;-0.252;0.176;20
0.2;-0.163;-0.174;20
0.217;-0.139;-0.212;20
-0.009;0.028;0.221;20
-0.306;0.197;0.343;20
-0.457;0.33;0.061;19
-0.361;0.261;-0.099;20
-0.265;0.113;-0.074;20
-0.367;0.091;-0.052;20
-1.023;0.56;-2.004;20
0.135;-0.416;0.596;20
0.532;-0.753;1.047;20
0.008;-0.113;0.607;20
-0.628;0.484;0.01;20
0.101;0.125;-0.162;20
0.334;0.016;-0.001;20
0.103;0.022;-0.044;20

# Completed @Sun Jan 24 21:11:57 GMT+02:00 2021
