# Accelerometer Data File
# Started @Sun Jan 24 21:12:57 GMT+02:00 2021
#
#
# sensor Vendor: BOSCH
# sensor Name: BMI160 Accelerometer Non-wakeup
# sensor Resolution: 0.0023928226m/sec^2; Max Range: 78.4532; Min Delay: 2500 microseconds
# The sensor's attributes are the result hardware and the Android capabilities.
# It means that the Android may not utilize all features provided by the hardware.
#
# Some devices and Android versions save battery too much so the device may go to sleep.
# It just happens after couple of minutes from turning off the scree and it is easy to find it out.
#
# The following file provides the data from accelerometer in the m/s^2 format.
# The diff value is just a time delta between the samples
#
#
# data format:
# so we have 4 columns with values separated by the ";"
# X;Y;Z;time_from_previous_sample(ms)

# sensor speed set to:NORMAL
# units set to: m/sec^2
# gravity  filtered out
# Accuracy: HIGH
-3.426;5.192;7.823;0
-2.19;4.286;7.205;19
-1.235;3.574;6.225;20
-1.447;3.357;5.101;20
-3.306;2.525;5.555;20
-1.83;1.731;4.946;20
1.464;1.837;3.479;20
3.332;1.465;2.513;20
2.83;1.276;2.283;20
1.22;1.06;3.608;20
1.29;0.589;4.86;20
2.619;0.195;4.186;20
2.066;0.179;3.582;20
1.728;0.244;2.262;20
1.236;0.662;1.112;20
0.781;1.007;0.686;20
0.454;0.978;0.508;20
0.617;0.663;0.37;20
0.735;0.528;-0.007;20
0.47;0.442;1.254;20
0.647;0.29;1.497;20
0.872;0.183;1.455;20
0.677;0.33;1.272;20
0.402;0.4;0.961;20
0.294;0.383;0.76;20
0.044;0.419;0.553;20
0.04;0.396;0.052;20
-0.331;0.554;0.324;20
-0.093;0.416;0.854;19
0.269;0.202;0.585;20
0.127;0.187;0.293;20
0.08;0.227;0.309;20
-0.03;0.225;0.054;20
-0.181;0.381;-0.09;20
-0.02;0.368;0.052;20
0.276;0.144;0.137;20
-0.039;0.127;0.006;20
-0.26;0.303;0.147;20
-0.243;0.258;-0.03;20
-0.271;0.267;-0.333;20
-0.432;0.284;-0.494;20
0.016;0.143;-0.257;20
0.223;0.299;0.041;20
0.051;0.364;0.367;20
-0.113;0.074;0.066;20
0.003;-0.04;-0.423;20
-0.087;0.238;-0.446;20
-0.139;0.365;-0.431;20
-0.427;0.008;0.394;20
-0.137;0.098;0.933;20
0.027;0.025;0.816;20
-0.058;0.012;0.383;20
0.036;0.244;0.172;20
0.025;-0.007;0.493;20
-0.157;0.062;0.369;20
-0.171;-0.025;-0.159;20
-0.36;0.06;-0.384;19
-0.911;0.209;-0.458;21
-0.878;0.222;-0.367;19
-0.803;0.098;-1.135;20
-0.788;-0.241;-0.735;20
-0.213;-0.342;-0.694;20
-0.119;-0.488;-0.595;20
-0.214;-0.241;0.009;20
0.152;-0.404;-0.347;20
0.097;-0.618;-1.141;20
0.245;-0.851;-1.403;20
0.247;-0.813;-0.738;20
-0.18;-0.492;-0.35;20
-0.677;-0.467;0.022;20
-0.365;-0.916;0.341;20
0.646;-0.705;0.933;20
0.438;-1.109;2.218;20
-3.594;-0.078;0.933;20
-5.726;1.086;-0.707;20
-6.383;0.862;-1.545;20
0.003;3.173;-2.832;96
-3.513;1.424;2.702;20
-5.313;-2.507;4.89;20
-6.353;-1.996;0.274;20
-3.806;-1.335;-3.616;20
-3.761;-1.714;-8.885;20
-3.933;-2.276;-10.366;20
-1.741;-5.15;-10.248;20
-0.472;-8.93;-6.412;20
-0.242;-10.715;0.116;20
-1.569;-10.238;4.222;19
-4.424;-8.811;-2.906;20
-6.916;-7.141;-5.457;20
-10.096;-5.592;-8.078;20
-14.084;-4.369;-4.687;20
-14.747;-0.571;-5.454;20
-5.841;1.484;-11.744;75
-3.238;1.295;-6.976;20
-2.064;1.084;-1.9;20
-1.816;2.615;-2.854;20
-2.567;3.553;-2.98;20
-2.926;3.098;-3.334;20
-1.205;1.162;-0.892;20
0.834;-0.795;2.776;20
0.883;0.333;-1.044;20
5.402;0.519;2.604;85
4.514;-0.063;-1.539;20
2.858;-0.285;-2.402;20
1.733;1.396;-2.132;20
0.014;2.843;-0.435;20
0.696;2.6;0.731;20
0.165;2.566;-1.676;20
-0.594;1.758;-3.117;20
2.006;0.795;-1.538;20
1.189;0.774;-0.392;20
-0.561;1.313;0.349;20
1.436;-0.659;1.015;20
0.482;-2.488;-0.692;20
0.365;-3.673;-2.216;20
-0.639;1.484;0.113;20
1.227;-0.326;5.951;20
2.527;0.767;6.281;20
1.121;1.574;2.552;20
0.351;2.074;-0.151;20
-1.869;2.403;-1.839;20
-0.859;1.671;0.155;20
-0.935;1.498;2.524;20
1.329;-0.574;3.084;20
0.485;-1.515;0.536;20
-0.682;-1.986;-1.158;20
-1.377;-0.861;0.548;20
2.186;-0.108;4.667;20
3.084;0.337;4.315;20
2.392;0.333;2.452;20
-0.695;1.531;1.959;20
-1.925;3.489;4.21;20
-0.717;2.098;2.489;20
-0.21;-0.381;-1.226;20
-2.013;-1.065;-0.677;20
-3.87;-0.605;1.966;20
2.251;-7.081;-0.301;20
-2.316;-9.165;-3.895;20
-6.154;-4.357;-2.693;20
-3.223;-0.191;0.628;20
1.58;-2.548;-0.514;20
2.69;-0.81;1.986;20
1.78;1.974;3.368;20
0.88;1.735;0.64;20
-0.548;-1.714;-3.287;20
-3.731;-2.155;-2.445;20
-8.604;-2.291;-3.343;20
-1.407;-7.292;-1.103;20
16.019;-9.187;6.324;20
19.46;-3.443;5.178;20
2.099;7.38;-0.092;20
-3.629;9.462;-0.234;20
2.526;4.088;1.239;20
3.157;1.366;4.502;20
-3.774;5.465;3.259;20
-4.194;4.0;5.052;20
-1.863;-2.243;5.556;20
0.203;-6.943;5.694;20
-1.968;-1.887;7.828;20
-10.462;7.659;4.866;20
-7.45;3.987;-0.729;20
-2.048;-1.619;-2.086;20
-5.715;0.342;-4.212;20
-4.76;-2.136;-5.692;20
5.969;-9.05;-3.023;20
13.452;-11.756;2.321;20
8.813;-6.116;0.321;20
1.44;-1.149;1.309;20
-0.076;-1.485;-1.439;20
2.662;-1.666;-4.932;20
0.371;2.555;-5.381;20
-2.127;4.503;-5.623;20
-1.882;3.55;-2.603;20
2.3;1.095;-0.258;20
4.629;-0.49;-1.726;20
3.55;0.655;-3.026;20
5.693;1.551;-1.675;20
3.927;2.261;1.193;20
1.801;1.793;2.858;20
-4.464;1.152;3.952;20
-9.237;3.307;1.953;20
-5.504;0.993;-0.794;20
5.663;-7.477;-7.594;20
9.827;-10.869;-7.255;20
-1.462;-11.353;-0.312;20
-5.561;-11.766;3.681;20
1.561;-6.778;-0.61;20
-1.114;0.639;-4.794;20
-3.709;0.536;2.739;20
-1.061;-0.901;-0.007;20
1.448;-1.037;-1.679;20
-0.069;0.762;1.245;20
0.612;3.905;2.171;20
0.266;4.883;-0.786;20
0.884;1.394;-2.231;20
6.151;-3.393;-2.209;20
8.138;-4.974;-1.184;20
3.87;-2.258;0.54;20
0.501;-0.465;-1.208;20
0.374;-0.509;-2.171;20
0.817;-0.225;-0.458;20
-2.825;-1.397;0.102;20
-5.393;0.234;1.696;20
-5.483;2.36;5.148;20
-5.321;2.018;6.25;20
-1.882;-0.041;0.287;20
1.369;-1.398;-1.631;20
3.256;-1.54;-2.339;20
2.598;-1.768;-2.614;20
-1.597;-4.631;-7.669;20
-7.108;-5.431;-3.246;20
2.226;-4.948;2.817;20
7.656;-4.121;2.139;20
6.966;-2.952;-1.97;20
3.865;-1.2;-5.468;19
3.675;2.88;-0.127;20
3.355;6.921;4.231;20
1.545;5.821;0.982;20
0.474;3.896;0.026;20
1.614;1.799;-1.052;20
3.695;1.724;-0.332;20
3.865;2.658;0.573;20
2.538;4.231;4.049;20
-1.326;3.228;4.966;20
-10.759;-2.313;2.298;20
-14.366;-2.873;-1.302;20
-4.799;-1.159;3.309;20
5.412;-1.771;-1.296;20
5.735;-3.532;-5.036;20
0.806;-3.483;1.016;20
0.592;-1.863;-3.166;20
4.444;-1.745;-8.869;20
2.768;-0.098;-0.966;20
0.715;1.178;3.346;20
-0.908;3.932;-1.11;20
-1.768;4.108;-2.223;20
-0.772;-0.732;-0.537;20
-0.278;0.054;2.062;20
2.997;3.631;-0.769;20
3.258;7.024;-1.68;20
1.001;9.023;1.258;20
-3.341;-4.887;-5.296;20
-4.247;-11.166;-6.159;20
-2.518;-5.91;0.693;20
-5.224;2.773;8.385;20
-4.234;-0.351;5.899;20
-2.48;-2.021;6.458;20
-3.094;-2.007;8.809;20
-4.65;-0.797;4.38;20
-6.179;-0.737;1.99;20
-5.772;-2.804;-2.371;20
-0.279;-3.728;4.698;20
0.017;-3.142;-3.371;20
0.091;-0.211;-11.321;20
9.501;-2.604;-3.674;20
9.129;-2.469;3.855;20
5.646;-0.21;1.05;20
4.234;2.75;-1.658;20
3.371;4.092;2.042;20
2.018;4.188;1.103;20
-1.891;5.597;-0.423;20
-2.515;3.491;-2.778;20
1.213;1.67;-4.173;20
6.764;0.039;-2.809;20
8.86;1.214;-3.048;20
10.475;-1.468;-0.611;20
3.617;-6.534;6.277;20
-13.374;-3.321;23.951;20
-32.911;7.779;2.575;20
-8.966;-0.391;-5.137;20
8.796;-0.127;3.28;20
10.372;-3.152;-7.064;20
11.061;-10.506;-0.338;20
3.994;-8.64;7.402;20
-5.627;2.231;-8.67;20
1.359;6.895;-8.26;20
7.299;4.479;-9.719;20
8.3;-0.198;-5.328;20
5.801;-3.85;-1.098;20
2.14;-3.594;3.603;20
-0.278;1.07;3.78;20
1.18;6.943;1.619;20
2.319;8.15;-0.355;20
4.458;3.075;-2.866;20
0.768;-9.085;-5.595;20
-7.751;-9.642;-5.057;20
-6.822;2.786;-0.031;20
-0.662;1.902;5.15;20
2.864;0.851;8.968;20
4.399;1.001;10.575;20
5.533;-3.074;2.877;20
2.483;-7.171;-6.92;20
0.07;-1.67;-6.872;20
2.217;0.924;3.677;20
1.361;-6.903;8.671;20
-5.283;-9.865;0.164;20
-3.327;-1.552;-3.28;20
5.658;0.497;-0.002;20
8.684;-0.701;-4.284;20
7.611;2.6;-7.249;20
5.477;1.568;-9.656;20
2.622;1.321;-6.634;20
0.825;1.385;6.296;20
-3.388;6.571;7.69;20
-3.527;3.983;1.79;20
-2.53;1.012;4.028;20
0.139;0.253;3.563;20
4.736;0.459;-0.576;20
4.075;2.023;1.509;20
4.556;3.783;1.615;20
3.566;3.764;-3.597;20
-1.57;3.858;-0.29;20
-1.827;0.038;-2.732;20
-2.226;-1.453;-5.693;20
-2.316;0.973;-0.486;20
-3.632;4.553;1.897;20
-1.594;0.416;7.067;20
3.176;-1.712;7.16;20
0.593;0.836;-2.136;20
2.81;-4.339;-4.32;20
8.421;-5.763;7.083;20
3.631;-3.973;0.836;20
-7.185;-4.322;-18.713;20
-1.146;-6.927;-5.965;20
1.876;-2.47;3.38;20
1.906;-1.533;-1.455;20
-0.114;1.124;-5.235;20
-2.383;-3.193;-5.654;20
-9.059;-5.138;3.515;20
-17.348;-4.029;14.812;20
-11.153;1.312;7.937;20
-3.945;10.327;-1.355;20
-9.115;10.706;1.99;20
-9.673;7.589;6.321;20
0.583;2.521;6.816;20
5.229;-5.125;-1.533;20
3.102;-9.865;-6.479;20
1.477;-11.112;-10.212;20
-0.326;-9.962;-7.267;20
2.198;-10.334;-4.708;20
9.914;-11.815;-10.129;20
12.437;-6.901;-5.93;20
10.967;2.875;8.05;20
6.477;7.964;9.356;20
1.59;7.224;1.286;20
1.476;10.518;-3.718;20
4.724;12.592;-0.403;20
3.665;12.92;1.85;20
2.807;14.758;2.847;20
-1.202;15.962;-0.533;20
-6.241;9.384;-3.019;19
-7.171;-2.116;7.923;20
-7.09;-6.02;13.277;20
-10.553;-10.508;0.998;20
-12.236;-9.173;-10.86;20
-3.576;-8.658;-9.211;20
9.874;-0.775;2.161;20
4.945;-4.16;-5.772;20
6.035;-14.36;-14.78;20
2.282;-8.737;-9.262;20
0.853;-0.235;6.813;20
1.149;-2.493;23.164;20
-9.07;1.134;11.186;20
-11.88;3.843;2.636;20
-7.848;11.804;15.181;20
1.426;9.088;1.488;20
0.936;5.28;-3.474;20
-5.051;1.011;-1.283;20
-7.085;-6.331;-0.898;20
-4.749;-10.41;-0.757;20
2.337;-13.698;-9.257;20
7.845;-13.219;-10.41;20
12.556;-8.023;-5.607;20
12.734;-2.719;-1.124;20
7.442;3.832;2.193;20
1.006;7.914;1.819;20
1.541;8.763;-0.824;20
4.757;8.676;-0.606;20
3.442;13.157;-0.729;20
0.698;14.347;-2.258;20
-6.017;13.231;-3.222;20
-7.319;7.904;-0.078;20
0.645;1.157;7.044;20
2.372;-4.115;15.051;20
-4.61;-1.271;7.771;20
-4.199;-4.85;-6.53;20
-1.006;-10.503;-11.838;20
2.623;-10.513;-11.965;20
0.427;-5.515;-13.918;20
-5.652;-4.15;-13.257;20
-10.698;-7.627;6.32;20
-5.427;-8.086;13.695;20
10.401;-6.476;14.378;20
-1.446;5.97;15.898;20
-6.54;14.849;7.758;20
-8.206;14.204;9.41;20
-6.874;9.835;10.414;20
-3.734;4.781;0.996;20
-1.344;3.662;-9.168;20
0.471;0.896;-7.273;20
-1.229;-4.181;-4.874;20
-5.601;-10.272;-16.277;20
-8.654;-20.641;-19.239;20
-6.344;-25.56;-1.538;20
4.459;-9.919;23.007;20
-3.323;7.338;10.66;20
-1.926;8.532;3.613;20
12.961;3.705;0.412;20
12.049;6.336;-1.478;20
9.882;9.458;-2.263;20
8.223;11.241;-8.302;20
1.722;12.918;-12.61;20
-2.729;13.098;-4.156;20
-6.709;12.763;9.062;20
-3.08;6.168;11.543;20
1.914;3.369;4.156;20
2.332;2.916;-1.577;20
3.14;-6.348;-3.998;20
7.347;-26.0;-7.347;20
10.056;-38.317;-17.457;20
-7.757;-18.68;-33.597;20
-10.773;-6.815;-3.098;20
-12.205;-6.239;44.309;20
-8.156;4.379;-0.327;20
-5.023;14.626;1.313;20
-8.388;17.208;2.262;20
-3.289;14.605;0.087;20
-0.024;12.894;-1.333;20
0.642;12.114;-0.654;20
-1.504;10.585;0.389;20
-4.747;5.025;2.409;20
-4.781;1.256;0.855;20
-4.601;-15.236;-9.69;20
1.994;-52.64;-22.019;20
7.07;-43.241;-14.022;20
11.906;8.674;36.349;20
7.02;16.821;23.043;20
9.112;8.712;-5.513;20
18.355;21.69;7.115;20
11.643;16.841;-2.004;20
3.892;5.71;-3.649;20
-6.017;7.021;-16.258;20
-8.772;7.697;-16.525;20
-8.149;5.98;2.285;20
-17.415;-7.138;37.267;20
2.554;-16.84;1.398;20
10.407;-7.504;-13.296;20
9.728;0.286;1.885;20
10.181;-8.098;-5.422;20
17.592;-8.547;-19.609;20
12.901;-8.371;-14.906;20
-9.986;-7.198;44.633;20
-27.6;-4.678;7.005;20
-12.282;6.189;-1.898;20
-6.841;12.217;-3.539;20
-8.304;15.788;-0.205;20
-5.565;15.908;-0.735;20
-4.039;14.004;1.356;20
-3.745;10.163;0.711;20
-5.248;2.164;2.574;20
-6.428;-3.771;1.355;20
-6.506;-19.324;-16.1;20
0.866;-47.685;-29.232;20
5.486;-39.35;-12.199;20
11.666;2.539;33.883;20
6.218;15.594;32.189;20
9.694;8.994;-4.849;20
11.178;9.759;-5.923;20
11.416;12.411;4.263;20
14.084;12.77;3.994;20
9.759;15.365;-12.995;20
-2.056;16.545;-12.247;20
-6.132;12.092;-4.272;20
-6.401;3.731;0.953;20
-4.269;4.037;9.404;20
-3.969;3.286;8.675;20
-2.412;-14.435;5.557;20
8.942;-37.55;-1.964;20
1.578;-25.816;-27.399;20
-3.949;-11.411;-48.463;20
-1.804;-14.269;-2.348;20
-12.002;-7.616;37.622;19
-10.28;5.765;-1.011;20
-5.197;15.52;4.289;20
-7.887;17.609;0.671;20
-4.753;16.661;1.395;20
-0.962;14.745;2.715;20
0.449;13.641;2.562;20
-1.126;12.894;3.957;20
-4.612;7.251;5.036;20
-7.729;0.768;4.063;20
-11.309;-10.448;-11.449;20
1.646;-49.115;-31.913;20
8.135;-54.949;-16.159;20
13.614;-7.295;18.957;20
8.077;16.062;56.827;20
6.34;11.591;3.983;20
13.176;9.613;-7.021;20
10.343;13.17;-2.371;20
10.154;15.962;-2.341;20
8.761;17.276;-3.552;20
0.203;16.484;-2.845;20
-5.659;13.286;-4.753;20
-5.789;5.966;-6.326;20
-3.626;5.022;4.322;20
-5.322;3.129;10.483;20
-1.739;-17.065;8.932;20
13.04;-37.659;-3.264;20
6.213;-20.061;-18.576;20
-2.973;-6.678;-38.08;20
-1.013;-14.14;-17.085;20
-11.987;-12.756;39.276;20
-10.443;2.836;0.0;20
-5.346;15.766;2.94;20
-8.629;17.984;-0.19;20
-6.488;16.686;-1.37;20
-2.864;15.198;1.468;20
-1.042;13.266;5.374;20
-1.1;12.011;8.929;20
-9.491;6.815;4.905;20
-12.815;-2.267;2.364;20
-7.034;-11.997;-11.602;20
5.91;-41.743;-32.922;20
8.154;-55.668;-17.132;20
13.604;-15.309;15.676;20
7.291;17.993;56.862;20
5.32;14.639;7.613;20
13.117;9.87;-7.172;20
11.947;11.733;-4.891;20
10.25;15.417;-3.037;20
14.177;18.343;7.694;20
6.156;17.028;-4.652;20
-7.636;14.937;-7.522;20
-8.582;7.926;-7.425;20
-4.932;4.605;1.645;20
-5.881;2.102;7.635;20
-1.276;-19.724;8.284;20
16.842;-40.945;-7.396;20
7.5;-20.826;-14.239;20
-6.017;-5.631;-17.51;20
0.599;-11.583;-19.075;20
-11.085;-10.23;36.941;20
-12.503;4.656;3.411;20
-5.563;14.686;-0.844;20
-6.65;15.733;0.151;20
-5.176;15.675;-1.517;20
-2.334;14.785;-0.218;20
-1.152;13.916;2.092;20
-3.747;13.303;5.415;20
-10.301;10.778;4.686;20
-9.894;2.635;5.81;20
-9.416;-6.71;-6.231;20
-3.664;-29.869;-33.449;20
5.661;-59.967;-19.234;20
14.448;-37.419;-0.458;20
13.678;8.106;46.968;20
3.421;18.028;35.31;20
8.639;12.618;-8.243;20
11.824;12.665;-8.326;20
10.928;14.826;-7.298;20
10.493;18.046;-2.588;20
10.198;17.168;1.266;20
-0.251;14.981;-2.661;20
-5.665;9.887;-5.766;20
-4.743;4.737;-1.246;20
-5.422;5.639;7.516;20
-7.745;-5.932;10.503;20
8.575;-37.943;-3.928;20
13.73;-33.56;-22.842;20
-4.245;-8.789;-21.454;20
-2.365;-9.7;-12.884;20
-5.015;-9.536;27.753;20
-9.244;0.586;8.616;20
-5.956;10.684;-2.116;20
-7.506;15.076;0.091;20
-9.004;16.07;-1.245;20
-6.413;15.353;-0.58;20
-4.066;14.408;2.032;20
-4.817;14.097;6.468;20
-9.585;11.172;7.244;20
-10.563;1.845;7.365;20
-10.106;-6.723;-5.819;20
-3.214;-27.44;-36.187;20
5.864;-56.591;-23.475;20
15.814;-44.563;-0.928;20
17.242;3.099;49.321;20
2.636;18.498;36.998;20
8.732;13.207;-9.866;20
12.443;13.568;-5.603;20
10.556;15.788;-3.71;20
10.977;18.21;2.528;20
8.387;16.799;-0.358;20
-1.65;14.586;-3.539;20
-6.146;10.411;-7.206;20
-4.626;5.832;-4.982;20
-4.754;6.937;5.275;20
-8.254;-0.426;11.607;20
6.935;-28.234;-5.345;20
22.094;-38.417;-23.041;20
-1.072;-17.393;-19.445;20
-6.669;-11.102;-12.395;20
-3.693;-11.967;36.155;20
-10.783;3.033;-0.697;20
-10.667;14.284;-1.785;20
-8.354;15.134;-1.62;20
-6.358;15.742;-0.444;20
-4.416;15.162;-0.335;20
-4.83;15.476;1.601;20
-7.04;14.29;9.405;20
-9.641;10.445;8.167;20
-8.953;1.917;5.259;20
-9.728;-6.99;-10.808;20
-3.702;-29.726;-35.273;19
6.117;-58.793;-17.247;20
16.511;-40.196;0.782;20
19.48;5.1;46.507;20
6.612;18.776;35.582;20
6.874;14.831;-7.058;20
11.121;15.107;-8.874;20
10.302;16.455;-2.744;20
10.052;17.811;2.359;20
5.63;16.941;-1.998;20
-4.369;14.046;-3.249;20
-6.228;7.938;-8.53;20
-4.857;4.14;-3.222;20
-7.068;5.233;9.937;20
-6.381;-12.664;13.139;20
20.078;-41.015;-8.64;20
13.247;-23.851;-21.389;20
-8.407;-5.094;-21.259;20
-1.249;-12.413;-18.448;20
-5.065;-11.734;28.203;20
-10.069;0.79;8.051;20
-4.572;11.35;-1.017;20
-7.896;15.993;-1.799;20
-8.658;17.282;-2.471;20
-5.277;15.811;-1.107;20
-2.977;15.094;2.12;20
-5.997;15.299;7.831;20
-11.32;13.639;8.001;20
-9.049;5.351;7.306;20
-10.268;-3.061;-0.877;20
-7.331;-19.69;-33.71;20
0.499;-51.093;-28.489;20
12.809;-56.67;-1.651;20
18.968;-11.461;27.344;20
8.458;17.353;59.633;20
1.985;15.773;3.635;20
10.285;13.027;-11.071;20
10.945;14.969;-5.909;20
10.008;17.659;-3.742;20
8.746;17.514;-1.412;20
3.247;15.603;-2.539;20
-3.113;12.124;-4.126;20
-5.743;5.574;-8.704;20
-3.776;6.148;4.236;20
-6.03;5.727;10.783;20
-2.829;-12.528;8.189;20
22.33;-40.375;-15.346;20
14.271;-27.833;-22.271;20
-7.586;-10.48;-14.258;20
-4.631;-9.315;-5.137;20
-10.53;-8.528;39.514;20
-8.513;3.795;-1.84;20
-6.373;13.018;-3.45;20
-7.085;15.022;0.001;20
-6.439;16.001;-2.07;20
-6.181;16.902;-4.532;20
-6.796;16.125;0.247;20
-8.251;13.297;9.368;20
-11.614;8.96;9.572;20
-9.267;-0.729;6.51;20
-7.59;-9.918;-17.29;20
-0.493;-33.321;-36.879;20
8.49;-58.149;-10.034;20
22.023;-37.502;5.588;20
19.357;7.844;48.41;20
3.919;18.827;25.936;20
6.584;15.398;-5.923;20
9.802;15.809;-7.396;20
10.553;17.469;-7.066;20
10.571;19.262;-1.716;20
6.541;17.29;-1.227;20
-3.551;14.406;-3.176;20
-6.436;7.164;-6.886;20
-4.738;2.931;2.361;20
-6.627;6.747;13.838;20
-9.028;-8.788;13.907;20
14.768;-41.196;-20.098;20
16.376;-30.245;-34.895;20
-4.942;-7.853;-5.097;20
-2.35;-8.021;-4.695;20
-8.242;-8.612;33.377;20
-8.944;1.043;3.819;20
-8.761;12.826;-3.461;20
-8.541;14.116;-3.238;20
-7.257;15.407;-2.209;20
-4.27;14.886;-1.572;20
-4.175;15.135;0.083;20
-8.207;15.394;10.11;20
-11.065;12.613;10.311;20
-10.374;2.256;4.86;20
-9.492;-6.308;-10.119;20
-3.198;-21.353;-33.463;20
6.111;-53.838;-22.523;20
14.464;-53.878;-1.404;20
17.209;-5.419;34.825;20
5.258;20.769;49.269;20
4.323;16.042;-3.158;20
11.455;14.168;-8.603;20
10.812;15.371;-4.673;20
11.531;17.234;1.546;20
13.821;17.774;4.823;20
4.098;15.042;-5.026;20
-5.282;11.718;-6.442;20
-4.771;6.124;-9.124;20
-3.72;6.005;-0.116;20
-9.443;3.555;6.662;20
-2.512;-25.448;7.162;20
20.893;-45.346;-12.088;20
3.594;-16.257;-19.845;20
-5.835;-3.796;-13.445;20
0.198;-8.121;-0.849;20
-9.561;-8.494;38.783;20
-10.668;6.238;-5.371;20
-7.07;14.704;-1.41;20
-5.458;15.325;-1.785;20
-4.41;15.791;-3.331;20
-4.165;15.428;-1.506;20
-5.928;15.411;0.88;20
-8.399;13.71;8.462;20
-10.969;10.248;8.832;20
-7.393;1.522;5.739;20
-9.864;-8.421;-14.929;20
-7.017;-34.86;-40.36;20
6.678;-60.496;-8.525;20
19.976;-37.023;6.56;20
16.771;8.127;49.275;20
5.92;17.977;28.266;20
6.223;16.141;-7.099;19
9.296;15.704;-9.039;20
8.726;16.535;-8.892;20
9.199;17.915;-4.227;20
12.474;14.571;-1.276;20
1.588;12.883;-2.045;20
-4.792;9.499;-3.27;20
-4.166;3.446;-1.399;20
-5.737;6.665;3.239;21
-8.844;2.907;10.864;20
0.48;-22.027;4.668;19
17.233;-41.433;-15.949;20
1.634;-25.568;-32.132;20
-1.887;-13.001;-25.09;20
-2.854;-9.901;27.707;20
-11.481;-3.54;1.972;20
-10.533;8.864;5.306;20
-8.049;14.165;-1.228;20
-6.629;15.674;-1.741;20
-4.326;16.772;-0.155;20
-3.761;16.334;-0.685;20
-6.964;16.356;4.945;20
-11.379;14.229;11.009;20
-9.275;5.071;10.602;20
-8.104;-2.647;-0.415;20
-6.914;-16.322;-27.379;20
0.925;-45.628;-25.887;20
15.801;-55.458;-3.977;20
20.031;-10.7;23.675;20
16.083;16.645;47.614;20
5.539;17.23;8.755;20
8.072;15.0;-7.134;20
8.662;16.022;-5.22;20
9.673;17.507;2.121;20
9.206;15.465;-0.331;20
1.223;14.081;-3.667;20
-6.479;10.808;-8.248;20
-6.042;5.122;-6.296;20
-6.706;4.349;3.888;20
-8.176;-6.751;11.608;20
7.193;-33.661;0.708;20
16.04;-31.11;-16.973;20
4.93;-9.684;-19.838;20
3.208;-8.136;-15.655;20
-4.12;-6.873;25.109;20
-11.588;-3.312;-2.68;20
-11.99;9.287;2.44;20
-7.365;14.9;-1.293;20
-6.916;14.856;-0.62;20
-4.838;15.317;-0.83;20
-4.707;15.521;0.418;20
-8.102;15.375;9.153;20
-13.85;12.953;9.486;20
-12.795;1.042;7.423;20
-9.724;-8.179;-4.583;20
-1.626;-17.856;-26.365;20
5.588;-43.927;-22.403;20
10.744;-55.943;-7.378;20
19.639;-13.532;26.873;20
7.801;18.874;52.59;20
2.277;16.34;3.096;20
10.576;12.216;-9.232;20
10.122;14.314;-8.712;20
8.457;17.458;-3.784;20
12.971;19.03;-0.07;20
8.476;16.148;-5.655;20
-4.924;13.895;-5.62;20
-6.219;6.583;-2.163;20
-4.133;4.224;3.089;20
-7.547;4.979;7.068;20
-6.119;-11.569;11.389;20
12.321;-37.239;-4.485;20
10.347;-28.675;-17.366;20
-2.001;-11.22;-31.726;20
3.37;-15.011;-19.399;20
-7.465;-11.663;34.366;20
-14.372;2.902;0.708;20
-10.22;12.652;1.978;20
-10.848;16.399;-2.115;20
-7.247;16.975;-1.55;20
-4.155;16.886;-0.983;20
-3.815;16.275;3.87;20
-6.523;15.293;13.099;20
-10.111;12.59;9.029;20
-5.228;5.413;3.683;20
-6.63;-2.494;-0.66;20
-8.3;-21.559;-37.9;20
-2.391;-54.966;-29.563;20
12.633;-52.017;2.724;20
20.575;-6.368;34.876;20
15.726;15.665;52.883;20
4.023;15.06;0.665;20
9.747;16.01;-10.806;20
9.805;18.33;-3.288;20
10.364;17.146;-0.555;20
9.519;15.184;-0.402;20
1.686;13.439;-2.734;20
-3.727;8.833;-10.465;20
-3.99;4.541;-3.882;20
-6.912;6.562;9.598;20
-11.065;-8.866;16.303;20
9.688;-44.606;-0.285;20
12.649;-27.876;-25.646;20
-3.027;-1.08;-16.832;20
1.699;-8.153;-25.745;20
-5.048;-9.882;7.57;20
-9.241;-5.183;18.405;20
-4.003;6.435;-1.979;20
-5.758;17.237;-1.197;20
-9.393;17.393;-1.873;20
-4.862;15.723;0.051;20
-2.237;14.858;1.456;20
-4.518;14.478;8.319;20
-9.176;13.494;11.336;20
-10.1;9.749;6.334;20
-9.482;0.53;5.72;20
-12.412;-7.723;-12.452;20
-2.34;-26.37;-37.63;20
-0.026;-53.898;-17.751;20
16.126;-50.143;0.108;20
23.545;-3.849;46.814;20
6.735;17.771;49.122;20
1.747;17.046;-5.086;20
10.159;15.053;-9.28;20
9.376;16.068;-7.586;20
8.581;17.755;-4.243;20
10.65;16.385;-1.512;19
5.153;14.36;-4.09;20
-3.235;12.855;-7.622;20
-1.786;6.344;-2.707;20
-3.181;6.061;1.249;20
-8.727;4.499;6.04;20
-2.697;-18.723;11.058;20
16.634;-42.163;0.259;20
2.341;-24.25;-31.08;20
0.374;-16.664;-42.296;20
0.211;-15.42;19.461;20
-12.3;-2.594;12.183;20
-12.739;9.887;3.499;20
-6.509;15.446;-2.904;20
-9.49;17.704;-1.719;20
-4.728;16.802;-0.344;20
-3.254;16.536;-0.109;20
-5.143;17.45;7.736;20
-8.887;16.19;13.085;20
-10.494;8.854;7.023;20
-11.129;-2.528;1.676;20
-7.575;-13.898;-24.916;20
2.825;-39.438;-32.751;20
4.26;-59.069;-9.231;20
19.04;-31.915;15.425;20
4.701;13.79;69.26;20
0.615;16.253;16.833;20
12.247;10.993;-14.569;20
13.506;13.078;-13.095;20
11.629;17.084;-9.179;20
11.368;21.969;7.599;20
14.808;20.751;4.88;20
5.242;16.78;-14.295;20
-4.959;11.674;-3.118;20
-3.467;6.43;1.33;20
-3.577;4.968;1.43;20
-7.945;4.195;5.823;20
-5.553;-18.647;9.112;20
16.852;-50.517;-6.087;20
3.664;-27.607;-17.071;20
-5.394;-9.841;-21.575;20
2.606;-12.24;-16.964;20
-1.676;-4.526;33.919;20
-11.575;5.582;-1.007;20
-9.29;11.772;-1.137;20
-10.557;16.644;-3.526;20
-7.82;16.616;1.109;20
-4.617;16.086;0.265;20
-5.0;16.728;1.142;20
-9.457;15.519;12.959;20
-12.989;11.169;10.365;20
-8.128;0.494;5.487;20
-9.221;-8.286;-11.927;20
-0.833;-23.387;-32.705;20
6.282;-48.401;-15.182;20
15.823;-54.429;-4.104;20
21.353;-8.918;33.98;20
2.846;20.326;49.694;20
3.363;14.287;-2.909;20
12.312;12.619;-10.798;20
9.266;16.297;-4.841;20
9.758;18.246;4.505;20
12.346;17.967;4.332;20
5.618;15.185;-6.517;20
-4.347;12.897;-3.852;20
-4.676;8.606;-6.532;20
-3.505;5.421;-3.249;20
-6.8;5.56;3.679;20
-4.342;-12.809;7.394;20
13.162;-40.377;-12.452;20
6.551;-26.034;-19.68;20
-0.73;-8.845;-9.705;20
2.325;-7.67;5.302;20
-4.699;-5.075;28.461;20
-13.151;6.623;-7.661;20
-9.468;11.04;-0.019;20
-7.273;12.845;0.158;20
-6.533;14.572;-1.491;20
-4.963;15.193;-1.561;20
-5.538;15.314;3.785;20
-9.613;13.699;9.601;20
-12.623;6.165;8.541;20
-10.632;-3.467;-2.111;20
-5.738;-13.505;-24.977;20
2.433;-34.369;-24.749;20
12.318;-57.614;-7.872;20
24.625;-30.673;16.778;20
10.385;15.047;52.439;20
0.962;18.408;12.116;20
8.045;13.008;-7.392;20
8.527;14.544;-5.269;20
8.033;17.315;-2.345;20
7.389;17.502;-2.897;20
4.123;15.756;-3.506;20
-2.019;12.794;-4.04;20
-2.395;6.308;-9.963;20
-2.554;4.983;-0.914;20
-7.078;6.785;8.013;20
-9.121;-8.152;14.589;20
12.905;-40.404;-4.463;20
12.317;-33.399;-31.1;20
-3.246;-10.548;-26.832;20
2.59;-10.612;-6.828;20
-0.639;-8.934;34.237;20
-15.147;5.553;-1.139;20
-10.422;10.955;3.085;20
-8.308;14.635;-3.705;20
-6.294;16.683;-2.884;20
-3.929;17.089;-1.235;20
-4.564;16.906;0.058;20
-8.45;15.546;10.778;20
-13.253;12.812;10.537;20
-7.523;2.855;7.213;20
-8.737;-5.363;-5.445;20
-3.896;-20.298;-29.661;20
3.605;-48.516;-19.96;20
13.317;-55.145;-4.77;20
20.635;-10.961;18.652;20
9.516;17.243;54.114;20
3.116;15.639;6.567;20
11.14;12.898;-9.971;20
9.428;15.364;-5.085;20
8.283;17.275;-0.21;20
9.235;16.569;0.633;20
4.923;14.276;-2.715;20
-2.052;12.56;-2.409;20
-2.905;7.692;-4.921;19
-3.641;5.476;-2.344;20
-8.485;6.25;2.52;20
-5.817;-11.171;7.173;20
13.699;-39.516;-7.018;20
10.216;-28.03;-19.767;20
-0.392;-11.149;-14.625;21
0.822;-9.35;-4.106;20
-7.325;-6.57;36.654;19
-13.481;4.726;-5.155;20
-11.068;12.14;-0.558;20
-8.048;15.455;-5.03;20
-7.069;17.172;-2.261;20
-4.911;15.674;0.842;20
-4.14;14.948;5.18;20
-7.602;14.925;10.326;20
-8.226;10.432;5.865;20
-6.049;0.732;3.058;20
-10.976;-8.334;-11.263;20
-3.07;-32.363;-33.459;20
4.137;-54.498;-17.042;20
15.788;-39.896;3.013;20
17.982;2.181;41.41;20
5.104;16.74;34.223;20
6.605;12.544;-5.394;20
11.488;12.839;-7.194;20
8.11;14.988;-4.972;20
8.103;16.494;-2.217;20
8.985;16.345;-0.724;20
3.608;14.489;-2.557;20
-3.034;11.481;-2.696;20
-5.087;5.064;-3.194;20
-3.88;6.819;1.693;20
-8.138;7.26;7.761;20
-6.004;-11.376;12.758;20
14.609;-42.828;-9.073;20
9.041;-32.579;-41.13;20
-2.161;-11.615;-30.349;20
1.068;-12.195;22.821;20
-10.602;-7.367;6.657;20
-12.476;7.521;4.706;20
-8.743;13.396;1.095;20
-10.85;16.905;-2.599;20
-6.572;17.575;0.221;20
-1.864;16.255;1.421;20
-3.379;16.639;6.701;20
-8.586;15.212;12.154;20
-9.357;7.915;6.008;20
-10.096;-1.611;0.522;20
-9.742;-11.505;-17.079;20
3.891;-37.351;-27.177;20
4.504;-56.512;-15.844;20
15.786;-29.985;5.49;20
17.83;10.526;57.317;20
4.887;18.211;24.382;20
9.491;12.869;-11.112;20
10.437;14.43;-5.161;20
9.378;16.264;-0.184;20
10.512;17.755;5.275;20
6.005;16.103;-4.68;20
-2.742;14.484;-7.068;20
-4.274;10.588;-4.641;20
-1.536;4.06;-5.97;20
-2.714;5.877;2.115;20
-7.824;2.186;9.976;20
-0.113;-26.615;9.536;20
16.542;-43.563;-22.723;20
3.61;-20.519;-31.791;20
2.388;-10.82;-13.227;20
0.461;-10.661;28.329;20
-14.567;-2.903;2.895;20
-14.876;9.587;6.739;20
-6.278;12.884;-1.29;20
-6.041;14.903;-2.89;20
-4.604;16.401;-0.361;20
-4.241;17.067;-1.735;20
-6.145;17.337;3.888;20
-9.683;14.782;12.612;20
-8.792;8.434;7.388;20
-6.175;-1.285;2.081;20
-7.408;-13.203;-21.796;20
0.637;-41.842;-29.344;20
6.719;-52.359;-9.859;20
20.783;-21.394;17.493;20
15.825;11.134;48.885;20
2.223;13.93;11.785;20
8.563;11.5;-7.432;20
8.448;14.392;-2.657;20
7.56;15.458;-1.505;20
6.908;16.204;-1.264;20
4.3;15.536;-2.485;20
-0.865;12.892;-2.254;20
-3.463;7.84;-8.979;20
-3.3;6.228;-0.395;20
-5.546;5.94;5.676;20
-5.696;-10.193;11.686;20
14.176;-43.173;-6.192;20
10.691;-28.505;-27.447;20
1.964;-6.24;-14.669;20
2.872;-4.756;-4.955;20
-6.398;-9.172;34.284;20
-16.995;-1.061;-6.679;20
-13.515;10.281;2.233;20
-8.477;14.242;-3.061;20
-5.926;15.058;-1.635;20
-3.227;15.128;-1.823;20
-5.56;16.487;0.027;20
-8.829;15.644;12.095;20
-11.505;12.666;9.372;20
-7.065;2.419;4.636;20
-7.093;-6.174;-9.502;20
-4.185;-19.358;-29.432;20
3.852;-47.606;-16.569;20
18.799;-55.714;-5.335;20
20.227;-9.783;25.212;20
7.808;18.978;49.002;20
2.562;15.976;3.49;20
9.597;12.768;-10.14;20
8.452;14.902;-4.153;20
9.426;15.889;1.225;20
10.359;15.679;1.531;20
5.206;14.325;-3.802;19
-2.265;12.75;-3.603;20
-3.675;6.342;-6.243;20
-4.812;6.878;-0.184;20
-9.772;5.964;6.541;20
-5.197;-17.538;9.092;20
16.521;-42.693;-14.059;20
8.059;-23.545;-22.835;20
-0.866;-8.951;-17.229;20
1.667;-8.511;-7.07;20
-3.996;-5.394;32.119;20
-8.959;0.802;-3.974;20
-10.514;11.072;3.162;20
-7.792;14.872;-3.298;20
-6.202;15.116;-2.009;20
-4.633;15.456;-1.26;20
-6.065;15.238;-0.472;20
-10.762;15.295;10.798;20
-11.706;12.504;10.865;20
-8.308;2.541;6.825;20
-9.491;-6.228;-9.198;20
-5.788;-20.302;-30.2;20
2.391;-44.781;-14.863;20
14.081;-53.9;-3.623;20
22.034;-13.951;22.448;20
17.942;15.54;44.364;20
6.034;16.497;5.808;20
7.74;15.063;-7.153;20
7.425;16.883;-2.844;20
9.442;17.174;2.454;20
7.361;15.698;-0.108;20
2.193;14.689;-2.322;20
-3.228;11.944;-3.385;20
-3.397;5.972;-11.065;20
-5.073;6.778;-1.069;20
-9.239;3.97;5.435;20
-0.19;-24.287;7.024;20
16.144;-41.053;-19.471;20
0.521;-13.95;-19.238;20
-0.218;-5.581;-5.226;20
4.729;-9.673;2.236;20
0.725;-8.565;32.348;20
-13.848;4.07;-8.498;20
-14.746;10.144;-2.894;20
-10.671;14.327;-5.543;20
-8.276;16.45;-1.153;20
-5.588;16.379;-2.683;20
-5.363;16.44;1.381;20
-9.932;16.298;14.709;20
-10.368;10.9;11.418;20
-5.765;0.125;5.001;20
-9.199;-7.27;-12.246;20
-2.645;-25.873;-34.663;20
6.173;-51.589;-15.439;20
14.505;-49.237;-1.1;20
17.83;-4.584;32.097;20
8.065;17.077;47.807;20
5.56;14.298;-2.532;20
11.521;14.177;-12.413;20
9.852;16.517;-5.237;20
9.362;17.284;3.351;20
8.241;16.06;-0.596;20
4.254;14.601;-3.555;20
-2.623;11.931;-3.641;20
-4.756;5.853;-4.894;20
-5.788;7.837;1.683;20
-7.977;5.324;5.962;20
0.35;-16.493;4.463;20
19.24;-42.347;-18.685;20
3.4;-28.568;-22.148;20
-4.996;-12.202;-10.932;20
1.352;-7.278;18.705;20
-5.455;-3.113;19.555;20
-15.756;8.33;-6.772;20
-10.464;13.629;-1.391;20
-7.809;15.058;-2.269;20
-5.926;15.652;-1.723;20
-4.715;15.32;-1.357;20
-7.048;15.588;5.039;20
-10.375;13.574;14.76;20
-9.98;6.383;8.703;20
-10.76;-2.764;-0.831;20
-8.533;-11.784;-22.204;20
2.383;-32.102;-28.93;20
7.071;-51.639;-8.022;20
22.676;-41.361;5.868;20
22.2;4.707;40.425;20
8.241;19.487;29.138;20
3.814;15.708;-5.519;20
8.633;14.674;-3.509;20
9.492;16.686;2.487;20
7.467;16.33;1.074;20
2.591;15.715;-5.345;20
-3.089;14.212;-3.756;20
-3.914;9.458;-9.378;20
-4.085;6.156;-8.934;20
-5.891;6.107;3.758;20
-7.24;-9.335;9.671;20
9.829;-39.855;-6.109;20
10.757;-25.825;-22.381;20
0.893;-3.073;-7.91;20
8.194;-7.522;-2.473;20
-2.291;-6.248;39.206;20
-12.587;-1.27;-3.706;20
-18.193;8.277;-3.178;20
-10.384;12.904;-0.777;20
-6.776;14.666;-3.42;20
-3.906;15.461;-3.581;20
-3.414;15.862;-1.931;20
-5.647;14.73;7.784;20
-10.605;11.127;10.425;20
-9.666;2.148;4.428;20
-9.397;-6.464;-11.317;20
-4.993;-21.788;-31.171;20
4.968;-50.618;-18.432;20
19.008;-53.553;-3.92;20
19.388;-5.506;35.381;20
4.87;19.326;44.242;20
3.835;14.222;-2.988;20
10.616;12.164;-9.512;20
8.446;15.182;-4.885;20
8.177;16.656;1.673;20
10.401;16.851;3.011;20
6.118;14.838;-6.911;19
-1.057;13.091;-5.7;20
-2.631;7.349;-4.106;20
-3.407;3.971;-1.973;20
-8.741;7.246;5.985;20
-9.649;-9.74;15.196;20
9.282;-38.953;-6.354;20
14.186;-32.029;-31.533;20
-2.065;-12.238;-16.294;20
2.381;-11.364;-14.475;20
1.397;-7.662;28.592;20
-17.537;4.103;-2.446;20
-14.563;9.55;6.292;20
-6.544;12.422;-2.738;20
-6.252;14.802;-2.316;20
-2.658;14.826;-0.478;20
-3.321;15.651;-2.398;20
-4.42;14.959;6.113;20
-7.706;13.991;12.094;20
-8.712;8.791;8.048;20
-8.393;0.855;3.614;20
-9.377;-8.67;-19.254;20
-5.087;-35.938;-29.628;20
7.225;-60.192;-8.678;20
21.904;-34.953;5.42;20
19.263;7.033;48.552;20
1.797;18.138;33.06;20
4.711;14.899;-6.819;20
9.742;14.147;-8.316;20
8.077;15.61;-8.345;20
6.903;16.289;-5.596;20
7.073;16.081;-4.299;20
0.749;14.276;-1.804;20
-3.938;10.016;-2.47;20
-4.062;3.622;-2.098;20
-5.872;6.173;4.561;20
-9.918;-0.34;12.638;20
3.293;-28.268;4.838;20
17.031;-37.683;-15.788;20
1.858;-12.53;-21.544;20
3.614;-9.352;-26.135;20
-0.308;-7.088;12.734;20
-10.692;-2.559;20.097;20
-15.504;6.889;-2.908;20
-9.019;14.017;3.642;20
-7.697;15.735;-3.243;20
-4.318;15.985;-3.082;20
-3.093;16.051;2.949;20
-3.256;14.347;11.605;20
-7.71;12.72;9.27;20
-8.832;6.151;2.015;20
-9.587;-1.931;-2.627;20
-7.613;-15.2;-22.606;20
2.006;-45.055;-29.767;20
5.167;-56.331;-11.664;20
20.112;-18.85;22.065;20
11.228;16.119;58.219;20
2.165;15.85;10.902;20
12.04;10.973;-11.622;20
11.767;13.827;-5.566;20
9.817;16.342;0.807;20
10.357;16.452;3.736;20
4.721;15.4;-5.476;20
-3.708;13.817;-4.058;20
-5.301;9.762;-5.84;20
-3.659;4.368;-5.342;20
-5.397;5.598;4.733;20
-9.831;-5.737;13.0;20
3.701;-35.18;-2.653;20
17.258;-33.865;-25.566;20
5.179;-9.288;-14.647;20
5.078;-7.975;-12.249;20
2.759;-6.699;16.761;20
-6.431;-4.552;6.666;20
-18.141;6.761;1.94;20
-9.926;11.525;-0.349;20
-8.356;14.835;-2.259;20
-5.267;15.443;-1.097;20
-4.952;15.168;-2.984;20
-7.94;15.098;5.342;20
-10.523;14.235;15.433;20
-8.09;7.299;7.932;20
-7.137;-1.084;1.122;20
-8.279;-9.606;-19.509;20
-0.729;-35.392;-26.764;20
7.945;-58.838;-10.107;20
21.554;-35.088;8.082;20
16.46;10.896;42.137;20
6.188;18.958;28.638;20
4.431;14.773;-5.855;20
8.263;13.906;-5.425;20
7.107;15.15;-2.937;20
8.196;15.724;-1.458;20
6.904;14.134;-2.196;20
0.641;13.022;-1.442;20
-4.318;10.981;-5.78;20
-3.953;6.709;-6.87;20
-5.19;4.522;3.03;20
-7.98;-4.29;11.224;20
1.134;-29.221;-0.425;20
14.595;-33.54;-22.334;20
4.546;-10.643;-13.161;20
5.048;-6.314;-12.802;20
0.426;-3.572;0.441;20
-8.748;-4.071;30.312;20
-17.991;3.385;-6.355;20
-12.508;10.866;3.031;20
-5.466;13.947;-2.463;20
-3.272;15.107;-3.247;20
-3.273;14.642;-2.621;20
-4.405;13.982;5.736;20
-8.224;13.715;11.788;20
-9.745;5.859;8.586;20
-9.303;-2.99;-4.907;20
-5.422;-12.953;-21.0;20
2.637;-42.71;-25.189;20
14.365;-58.532;-8.574;20
18.023;-17.188;20.633;20
7.884;17.205;51.956;20
2.846;16.073;10.196;20
9.107;12.368;-9.04;20
9.067;14.238;-5.989;20
7.932;15.304;-3.79;20
7.932;15.714;-3.262;19
5.209;15.566;-4.717;20
-0.496;13.712;-3.902;20
-3.4;7.276;-3.238;20
-3.347;4.474;0.806;20
-5.737;7.336;6.74;20
-9.9;1.096;14.793;20
2.08;-28.536;2.189;20
18.479;-45.877;-32.541;20
-5.214;-20.76;-37.464;20
-1.534;-11.097;-10.638;20
4.953;-9.908;36.801;20
-15.605;3.752;-6.405;20
-11.815;10.477;8.304;20
-8.033;13.823;-0.179;20
-6.206;15.474;-2.893;20
-3.843;16.063;-1.094;20
-2.346;16.009;-1.494;20
-1.622;14.531;4.808;20
-5.11;12.838;10.752;20
-9.709;7.023;8.374;20
-9.729;-1.216;-1.28;20
-6.143;-11.46;-18.516;20
-0.021;-39.173;-21.565;20
12.118;-59.193;-10.909;20
19.379;-23.334;10.155;20
15.15;12.139;50.074;20
2.301;16.837;20.254;20
6.495;14.213;-7.057;20
8.613;14.672;-6.25;20
7.161;15.537;-4.405;20
5.921;16.04;-4.382;20
4.342;15.083;-3.565;20
-0.397;13.027;-1.969;20
-3.21;7.641;-5.156;20
-3.658;5.042;1.203;20
-6.802;6.334;7.395;20
-7.866;-4.738;10.702;20
5.021;-31.508;-1.651;20
13.5;-35.218;-26.687;20
1.72;-13.994;-26.616;20
2.867;-7.092;-10.467;20
3.762;-4.606;35.994;20
-10.985;0.493;-7.317;20
-14.713;6.84;5.118;20
-8.458;10.796;-0.769;20
-7.498;14.017;-1.977;20
-4.9;15.032;-2.09;20
-3.736;15.053;-1.717;20
-6.425;14.671;8.636;20
-10.319;14.308;13.074;20
-8.097;4.503;8.847;20
-6.768;-2.699;-3.252;20
-6.63;-12.04;-22.121;20
0.377;-39.54;-26.139;20
10.149;-57.527;-9.992;20
19.696;-22.934;18.979;20
13.449;13.235;51.143;20
2.036;16.203;13.015;20
7.933;12.625;-6.898;20
8.692;13.916;-5.217;20
7.894;14.859;-6.055;20
8.7;15.902;-3.574;20
7.871;15.398;-3.016;20
1.187;13.341;-1.483;20
-5.152;9.064;-2.792;20
-4.971;7.832;-0.355;20
-6.794;7.581;6.178;20
-7.613;-2.516;9.559;20
6.646;-32.544;-1.244;20
14.113;-40.757;-19.603;20
-4.495;-16.392;-30.781;20
-0.044;-7.569;-14.049;20
0.932;-3.628;26.436;20
-4.488;0.669;10.874;20
-11.08;7.08;-6.087;20
-8.743;12.154;2.44;20
-7.761;14.41;-1.537;20
-4.59;14.539;-0.601;20
-2.514;13.869;-0.202;20
-4.793;13.349;5.442;20
-10.473;12.917;10.341;20
-9.062;4.617;8.298;20
-7.349;-2.217;-5.277;20
-8.02;-12.333;-18.625;20
0.435;-42.574;-17.15;20
17.257;-58.283;-10.489;20
18.284;-15.931;18.752;20
10.562;16.754;45.63;20
3.786;17.039;9.407;20
7.555;14.498;-5.095;20
7.024;14.588;-1.882;20
7.794;14.409;-4.354;20
8.968;14.424;-2.539;20
4.822;14.003;-2.164;20
-2.668;12.637;-4.19;20
-2.99;7.036;-10.243;20
-2.372;4.834;-0.584;20
-5.487;6.131;8.414;20
-11.005;-2.456;15.032;20
3.157;-31.824;-1.862;20
14.718;-37.94;-32.688;20
-2.094;-11.261;-22.02;20
0.723;-4.202;-5.706;20
1.593;-5.224;31.836;20
-8.254;-1.922;0.235;20
-11.997;6.574;1.244;20
-8.853;10.968;1.245;20
-6.646;13.894;-2.248;20
-3.353;14.703;-1.103;20
-2.58;14.195;-1.629;20
-5.58;13.928;3.869;20
-8.381;13.003;8.896;20
-8.864;4.338;9.412;20
-11.203;-3.093;-4.535;20
-7.323;-14.486;-20.587;20
3.947;-41.541;-23.899;20
14.258;-57.691;-6.788;20
18.186;-18.143;18.124;20
14.069;14.705;47.756;20
2.684;17.333;13.321;20
6.844;13.944;-6.516;20
7.733;15.063;-5.304;20
6.897;15.821;-3.775;19
6.982;15.299;-3.271;20
5.958;14.384;-4.502;20
-0.853;13.092;-4.306;20
-2.363;7.919;-6.525;20
-3.181;5.196;-1.977;20
-6.37;7.106;5.528;20
-9.829;-2.81;15.009;20
4.405;-31.772;1.058;20
12.845;-35.729;-32.479;20
-2.198;-12.345;-24.594;20
1.641;-7.174;-6.743;20
3.971;-6.221;29.378;20
-2.99;-3.279;0.373;20
-13.473;6.006;2.757;20
-11.491;10.704;-0.72;20
-9.974;14.495;-1.857;20
-6.835;15.514;-1.122;20
-6.499;15.892;-4.912;20
-7.08;15.623;6.156;20
-7.023;13.336;15.632;20
-8.802;3.905;9.114;20
-9.284;-5.54;-10.747;20
-4.624;-19.638;-28.666;20
4.644;-47.171;-15.897;20
20.267;-55.42;-2.189;20
20.746;-9.48;31.397;20
10.731;18.235;35.24;20
4.158;16.131;0.267;20
7.416;15.197;-4.068;20
7.207;16.161;-0.391;20
8.062;15.397;-1.376;20
7.98;15.265;-2.812;20
3.211;14.851;-4.014;20
-2.318;12.796;-3.218;20
-3.526;7.673;-4.39;20
-3.413;4.689;0.019;20
-6.599;6.674;8.613;20
-11.954;-3.8;15.112;20
2.799;-36.496;-0.766;20
15.164;-40.332;-39.28;20
-2.336;-10.76;-26.901;20
1.467;-6.172;-5.18;20
0.35;-5.21;26.124;20
-7.206;-2.811;-0.046;20
-11.631;7.615;0.225;20
-7.284;11.252;1.035;20
-7.008;13.854;-3.567;20
-5.441;14.954;0.391;20
-3.575;15.395;-0.02;20
-7.353;16.298;9.456;20
-9.308;14.468;12.56;20
-3.558;6.443;1.438;20
-5.954;-2.699;-5.882;20
-11.429;-15.66;-20.077;20
1.57;-43.619;-10.513;20
16.882;-53.413;-7.663;20
16.878;-15.785;17.768;20
10.087;15.09;39.073;20
4.954;14.564;10.629;20
5.217;12.681;-8.735;20
9.162;12.255;-4.377;20
8.658;13.018;-1.413;20
10.097;13.283;9.143;20
11.575;14.604;11.417;20
-1.476;15.063;-11.9;20
-13.863;15.516;-7.568;20
-10.316;10.095;-1.665;20
-7.284;-0.133;-13.065;20
-7.176;-1.206;7.426;20
-9.783;-30.783;5.019;20
11.544;-39.073;-15.245;20
11.034;-0.089;-1.824;20
9.222;5.234;7.515;20
9.065;1.045;11.996;20
0.58;-1.465;10.066;20
1.111;-4.123;-10.339;20
4.35;-4.271;-22.443;20
-1.153;0.409;-5.383;20
-13.124;0.974;34.903;20
-10.744;2.633;9.06;20
-6.464;6.714;-13.312;20
-5.653;10.747;-6.599;20
-6.16;13.904;-1.636;20
-7.286;15.31;-1.002;20
-5.574;13.477;4.614;20
-4.71;10.612;6.136;20
-5.16;4.801;3.612;20
-11.752;-2.877;-10.225;20
-10.764;-22.831;-32.363;20
8.354;-45.755;-9.508;20
14.78;-37.129;-2.887;20
10.064;-3.491;41.539;20
8.518;10.374;35.128;20
5.077;6.819;-3.963;20
3.86;5.745;-9.785;20
5.503;6.175;-8.507;20
6.349;7.53;-5.452;20
6.075;10.019;0.63;20
8.8;10.028;8.941;20
2.401;6.421;5.274;20
-7.016;4.201;1.573;20
-13.899;2.474;-7.683;20
-8.145;1.41;-19.493;20
-4.517;2.48;-0.054;20
-5.624;2.694;12.674;20
-4.624;-5.134;8.688;20
1.525;-12.886;-7.325;20
9.685;-8.473;-16.848;20
10.545;-0.652;-5.265;20
4.06;0.67;2.148;20
2.067;-0.899;3.369;20
5.057;0.199;-3.394;20
6.022;1.268;-7.651;20
4.622;2.296;-0.732;20
4.848;3.878;1.726;20
4.432;5.685;2.252;20
2.456;5.517;7.24;20
0.537;3.385;8.366;20
-3.856;0.981;6.49;20
-7.849;-2.283;2.706;19
-6.016;2.073;-5.126;20
-7.508;3.713;0.232;20
-7.755;0.412;2.479;20
-5.848;-1.142;-0.797;20
-6.229;2.285;0.629;20
-6.44;2.956;4.684;20
-4.434;0.325;1.184;20
-3.029;-4.074;-4.097;20
0.499;-10.516;-7.688;20
4.745;-14.46;-8.955;20
8.371;-11.093;-4.577;20
10.609;-4.529;0.788;20
7.301;1.36;7.009;20
0.985;6.92;12.172;20
-3.086;9.462;6.395;20
-2.141;4.221;-1.382;20
1.614;2.285;-2.524;20
3.637;2.598;-3.102;20
5.761;1.594;-4.926;20
5.771;2.787;-0.742;20
4.976;4.08;1.476;20
5.518;4.435;1.1;20
4.957;2.187;0.514;20
2.51;0.597;3.743;20
-0.758;-2.222;8.847;20
-9.614;-4.608;3.978;20
-12.658;-0.389;-6.019;20
-9.39;1.229;-8.302;20
-5.851;0.457;-5.982;20
-2.866;-0.441;-0.009;20
1.434;-1.641;2.546;20
1.814;-2.12;-3.408;20
0.266;-5.581;3.277;20
-1.088;-2.011;7.326;20
1.012;-1.857;1.721;20
2.394;-3.222;-3.392;20
0.223;-0.397;-7.811;20
-1.264;0.944;-7.243;20
-0.426;-0.16;-4.619;20
0.719;0.706;-3.843;20
2.665;1.377;-1.693;20
4.899;1.319;4.866;20
6.669;3.186;14.736;20
4.713;0.623;-6.978;20
4.422;1.296;-6.705;20
3.726;3.214;0.454;20
4.194;1.737;1.967;20
2.807;0.729;1.227;20
-1.921;-0.255;-2.155;20
-8.83;-0.538;-6.816;20
-14.036;1.313;-8.458;20
-12.477;3.474;-2.341;20
-6.654;6.705;4.931;20
-1.8;5.623;9.476;20
1.6;4.442;13.084;20
-0.333;3.946;-1.392;20
-0.343;-0.904;-10.726;20
1.825;-5.999;-10.017;20
4.139;-6.716;-6.914;20
2.317;-4.574;-2.143;20
-2.497;-2.728;-0.353;20
-4.515;-2.503;-4.08;20
-2.169;-3.574;-3.227;20
-0.77;-2.665;-0.197;20
0.185;-1.482;-0.585;20
1.693;-0.818;-1.781;20
3.703;-0.161;-2.812;20
3.501;1.407;0.659;20
-3.734;3.26;6.94;20
-9.38;4.698;8.35;20
-7.457;3.053;5.381;20
-5.497;-0.024;3.678;20
-3.979;-3.71;0.92;20
-2.687;-5.51;-3.166;20
-1.941;-5.149;-5.907;20
-1.243;-3.509;-6.616;20
-0.442;-1.267;-4.447;20
1.137;-0.064;0.58;20
2.26;0.665;3.521;20
2.811;1.347;3.79;20
3.286;1.719;2.74;20
4.229;1.976;1.707;20
4.68;2.199;2.105;20
4.623;1.597;2.988;20
4.221;1.5;2.79;20
5.08;1.083;4.402;20
8.502;0.453;11.398;20
2.318;2.846;12.172;20
-6.907;4.491;1.777;20
-8.217;4.395;2.611;20
-5.431;3.626;5.777;20
3.515;0.512;2.535;20
7.757;-0.937;5.062;20
4.41;1.115;4.972;20
-0.685;4.958;6.191;20
-2.561;6.777;8.996;20
-1.863;5.987;8.247;20
-2.069;6.02;3.199;20
-1.45;7.839;-0.503;20
-0.13;7.359;-0.312;20
2.01;3.676;1.68;20
2.919;1.558;3.047;20
3.336;1.769;3.857;20
3.205;2.038;2.315;20
2.482;2.673;0.238;20
1.298;3.8;-0.39;20
1.179;3.66;0.928;20
2.315;3.056;1.549;20
2.222;3.783;0.637;20
0.732;4.511;-1.001;20
-0.349;5.064;-1.156;20
-0.377;5.006;-0.372;20
-0.212;4.122;0.05;20
0.186;3.41;0.744;20
0.23;3.073;1.312;20
-0.321;3.001;0.784;20
-0.633;2.979;0.287;20
-0.598;2.761;0.287;20
-0.055;2.446;0.042;20
0.415;1.828;0.452;19
0.332;1.658;1.204;20
0.187;1.568;0.782;20
-0.352;1.793;0.15;20
-0.265;1.646;0.081;20
0.092;0.964;0.799;20
0.385;0.516;1.487;20
0.549;0.356;0.413;20
0.291;0.622;-0.994;20
0.478;0.496;-1.145;20
0.415;0.383;-0.595;20
-0.012;0.591;0.292;20
0.101;0.633;0.635;20
0.36;0.436;0.695;20
0.054;0.604;0.686;20
0.071;0.655;-0.111;20
0.167;0.635;-0.641;20
-0.317;0.584;-0.012;20
-0.518;0.194;0.435;20
-0.378;0.088;1.092;20
-0.961;0.582;1.761;20
-0.974;0.623;1.154;20
0.228;-0.198;0.081;20
0.671;-0.424;-0.273;20
-0.258;0.441;-0.22;20
-0.857;0.915;-0.323;20
-0.536;0.407;-0.088;20
0.034;0.2;-0.157;20
0.28;0.273;-0.324;20
0.056;0.239;-0.126;20
-0.207;0.426;0.045;20
-0.048;0.468;-0.31;20
-0.067;0.357;0.15;65
0.412;0.425;-0.106;20
0.401;0.503;-0.487;20
0.736;0.618;-1.06;20
0.741;0.532;-1.212;20
0.699;0.433;-0.543;20
0.547;0.246;-0.086;20
0.237;0.263;-0.108;20
-0.049;0.472;-0.807;20
-0.043;0.364;-0.598;20
0.158;-0.047;-0.136;20
0.193;-0.088;0.497;20
0.006;0.033;0.305;20
0.055;-0.062;0.091;20
0.427;-0.315;0.169;20
0.565;-0.22;0.036;20
0.178;0.023;0.175;20
-0.144;0.159;0.376;20
-0.058;0.254;0.303;20
0.101;0.206;0.078;20
0.398;0.106;0.09;20
0.281;-0.053;0.456;20
0.122;-0.179;0.79;20
0.126;-0.174;0.703;20
0.186;-0.164;0.145;20
0.206;-0.14;-0.342;20
0.172;-0.195;-0.175;20
0.228;-0.22;0.249;20
0.149;-0.199;0.298;20
0.302;-0.178;0.169;20
0.395;-0.198;-0.038;20
0.331;-0.05;-0.372;20
0.207;0.105;-0.488;20
-0.093;0.319;-0.311;20
-0.353;0.334;-0.18;20
-0.204;0.266;-0.141;20
0.068;0.121;-0.171;20
0.098;-0.058;-0.039;20
0.214;-0.204;0.025;20
0.241;-0.355;0.239;20
0.111;-0.271;0.297;20
0.049;-0.138;0.032;20
0.152;-0.145;-0.166;20
0.026;-0.005;-0.113;20
-0.208;0.137;-0.043;20
-0.354;0.219;0.11;20
-0.359;0.172;0.107;20
-0.229;0.164;0.045;20
-0.17;0.162;-0.127;20
-0.032;0.126;-0.185;20
0.084;0.163;-0.682;20
-0.133;0.055;-0.768;20
-0.208;0.123;-0.572;20
-0.312;0.146;-0.327;20
-0.406;0.133;0.05;20
-0.226;0.05;0.608;20
-0.139;0.032;0.602;20
-0.201;0.131;0.316;20
-0.277;0.201;0.104;20
-0.287;0.141;-0.085;20
-0.259;0.196;-0.326;20
-0.322;0.201;-0.475;20
-0.311;0.178;-0.378;19
-0.119;0.027;-0.236;20
0.029;-0.074;-0.088;20
-0.093;-0.046;-0.007;20
-0.13;-0.037;-0.027;20
-0.073;0.025;-0.005;20
-0.153;0.031;0.037;20
0.034;-0.063;0.113;20
0.017;-0.048;0.309;20
-0.077;0.04;0.28;20
0.008;0.051;0.055;20
0.166;-0.061;0.062;20
0.185;-0.121;0.26;20
-0.018;-0.009;0.224;20
-0.142;0.052;0.048;20
-0.041;-0.027;0.099;20
0.069;-0.145;0.22;20
0.09;-0.146;0.188;20
0.039;-0.066;0.029;20
-0.001;0.0;-0.029;20
0.035;-0.029;-0.134;20
0.087;-0.08;-0.098;20
0.03;-0.009;-0.059;20
-0.131;0.042;-0.321;20
-0.068;-0.085;-0.236;20
0.041;-0.105;-0.026;20
-0.05;-0.05;0.009;20
-0.057;-0.013;0.028;20
-0.037;-0.032;0.11;20
-0.04;0.011;0.123;20
-0.206;0.129;-0.053;20
-0.283;0.138;-0.132;20
-0.13;0.081;-0.153;20
-0.001;0.033;0.016;20
0.058;0.024;0.098;20
-0.039;0.126;0.051;20
-0.073;0.166;-0.127;20
-0.073;0.162;-0.335;20
-0.433;0.335;-0.541;20
-0.481;0.306;-0.41;20
-0.265;0.215;-0.315;20
0.123;-0.151;0.1;20
0.138;-0.195;0.504;20
-0.17;0.072;0.358;20
-0.016;0.133;0.011;20
0.143;0.121;-0.273;20
0.045;0.102;-0.228;20
-0.092;0.137;-0.253;20
-0.073;0.081;-0.335;20
0.015;-0.019;-0.162;20
-0.002;-0.088;0.086;20
-0.122;-0.002;0.127;20
-0.196;0.125;-0.063;20
-0.193;0.164;-0.254;20
-0.231;0.141;-0.125;20
-0.225;0.133;0.006;20
-0.142;0.045;0.015;20
-0.286;0.233;-0.56;20
-0.416;0.212;-0.545;20
-0.085;-0.021;0.338;20
0.013;-0.104;0.592;20
-0.122;0.147;0.237;20
0.01;0.164;-0.005;20
0.058;0.143;-0.004;20
-0.006;0.084;0.106;20
-0.072;0.034;0.054;20
0.071;-0.089;-0.023;20
0.34;-0.26;-0.085;20
0.293;-0.222;0.106;20
0.237;-0.115;0.053;20
0.357;-0.028;-0.145;20
0.337;0.031;-0.174;20
0.177;0.017;0.058;20
0.021;-0.005;0.199;20
0.104;-0.013;0.115;20
0.207;-0.128;-0.03;20
0.085;-0.135;0.369;20
-0.043;-0.04;0.386;20
0.062;0.029;-0.098;20
0.308;-0.035;-0.201;20
0.233;-0.064;0.005;20
-0.087;0.108;0.107;20
-0.281;0.249;-0.569;20
-0.199;0.114;-0.556;20
0.121;-0.08;0.01;20
-0.018;0.037;0.132;20
-0.077;0.138;0.084;20
0.106;0.1;0.016;20
0.087;0.046;0.062;20
0.019;0.066;0.088;20
0.058;0.028;0.067;20
0.182;0.015;-0.019;20
0.169;0.017;-0.166;20
0.17;-0.044;-0.031;20
0.14;-0.049;0.177;20
0.131;0.041;-0.037;20
0.058;0.092;-0.465;20
0.108;0.032;-0.187;20
0.021;-0.023;0.17;20
-0.062;0.006;0.323;20
0.026;-0.099;0.124;20
0.076;-0.09;0.029;20
0.108;-0.085;0.048;20
0.107;-0.061;0.069;20
0.101;-0.028;0.057;20
-0.053;0.08;0.058;20
-0.093;0.124;-0.005;20
-0.033;0.039;-0.076;20
0.026;-0.032;-0.081;20
0.009;-0.009;-0.171;20
-0.019;-0.102;-0.136;20
0.011;-0.123;0.103;20
-0.03;-0.054;0.102;20
0.004;0.028;-0.048;20
0.072;0.054;-0.069;20
0.003;0.074;-0.013;20
-0.033;0.066;-0.032;20
0.098;-0.021;-0.143;20
0.198;-0.113;0.049;20
0.067;-0.102;0.225;20
-0.05;-0.018;0.262;20
-0.09;0.047;0.085;20
-0.144;0.138;-0.025;20
-0.226;0.202;-0.023;20
-0.123;0.157;-0.205;20
-0.14;0.066;-0.222;20
-0.138;0.123;-0.147;19
-0.121;0.081;-0.205;21
-0.17;0.095;-0.16;19
-0.29;0.198;-0.075;20
-0.217;0.197;-0.092;20
-0.109;0.247;-0.14;20
-0.18;0.325;-0.079;20
-0.222;0.368;-0.245;21
-0.204;0.369;-0.413;19
-0.108;0.258;-0.322;20
-0.1;0.25;-0.132;20
-0.297;0.365;-0.119;20
-0.316;0.363;-0.172;20
-0.207;0.336;-0.215;20
-0.193;0.305;-0.298;20
-0.15;0.33;-0.361;20
-0.206;0.244;-0.358;20
-0.123;0.136;-0.264;20
-0.109;0.21;-0.363;20
-0.016;0.113;-0.359;20
0.036;0.025;-0.031;20
-0.143;0.006;0.063;20
-0.312;0.168;0.003;20
-0.267;0.157;-0.14;20
-0.207;0.12;-0.234;20
-0.285;0.175;-0.328;20
-0.403;0.23;-0.335;20
-0.484;0.289;-0.291;20
-0.473;0.262;-0.218;20
-0.326;0.261;-0.343;20
-0.21;0.27;-0.36;20
-0.286;0.289;-0.176;20
-0.25;0.173;0.026;20
-0.04;-0.021;0.081;20
0.114;-0.065;0.072;19
0.082;-0.016;0.007;20
-0.014;0.023;-0.046;20
-0.324;0.3;-0.682;20
-0.211;0.34;0.141;20
0.135;-0.119;0.129;20
0.101;0.114;-0.185;20
0.111;0.085;-0.321;20
0.087;0.042;-0.012;20
-0.099;-0.018;0.208;20
-0.015;-0.075;0.087;20
-0.008;-0.052;0.136;20
-0.057;-0.034;0.319;20
0.043;-0.083;0.29;20
0.122;-0.069;0.151;20
0.154;-0.038;-0.015;20
0.242;-0.07;0.016;20
0.393;-0.233;0.021;20
0.427;-0.269;0.08;20
0.263;-0.199;0.058;20
0.045;-0.095;0.271;20
0.108;-0.101;0.294;20
0.241;-0.082;0.116;20
0.254;-0.036;-0.01;20
0.062;0.118;-0.011;20
0.05;0.036;0.065;20
0.079;-0.009;0.101;20
0.022;-0.063;0.127;20
0.033;-0.067;0.162;19
0.15;-0.102;0.024;20
0.125;-0.088;-0.035;20
0.042;-0.001;-0.015;20
0.042;0.016;-0.029;20
0.117;-0.003;-0.014;20
0.073;-0.089;0.07;20
-0.012;-0.075;0.177;20
0.035;0.003;-0.065;20
-0.044;0.056;-0.209;20
-0.21;0.059;0.122;20
-0.282;0.1;0.189;20
-0.179;0.166;-0.118;20
-0.086;0.164;-0.278;20
-0.003;0.009;-0.439;20

# Completed @Sun Jan 24 21:13:38 GMT+02:00 2021
