# Accelerometer Data File
# Started @Sun Jan 24 21:14:38 GMT+02:00 2021
#
#
# sensor Vendor: BOSCH
# sensor Name: BMI160 Accelerometer Non-wakeup
# sensor Resolution: 0.0023928226m/sec^2; Max Range: 78.4532; Min Delay: 2500 microseconds
# The sensor's attributes are the result hardware and the Android capabilities.
# It means that the Android may not utilize all features provided by the hardware.
#
# Some devices and Android versions save battery too much so the device may go to sleep.
# It just happens after couple of minutes from turning off the scree and it is easy to find it out.
#
# The following file provides the data from accelerometer in the m/s^2 format.
# The diff value is just a time delta between the samples
#
#
# data format:
# so we have 4 columns with values separated by the ";"
# X;Y;Z;time_from_previous_sample(ms)

# sensor speed set to:NORMAL
# units set to: m/sec^2
# gravity  filtered out
# Accuracy: HIGH
-3.324;6.768;4.24;0
-2.405;5.405;3.849;19
-1.641;4.457;3.763;20
-0.994;3.694;3.479;20
-0.84;3.07;3.761;20
-0.565;2.109;5.208;20
-0.563;1.963;5.994;20
-0.394;1.847;6.186;20
-0.133;1.78;4.823;20
0.227;1.351;3.797;20
0.591;1.038;3.104;20
0.72;1.327;3.421;20
0.667;1.631;2.21;20
0.421;1.617;1.522;20
0.199;1.546;0.852;20
0.183;1.917;1.603;20
2.02;1.139;2.228;20
0.349;0.958;1.214;20
0.831;0.097;1.402;20
1.258;0.163;1.429;20
2.087;0.48;0.31;20
1.223;0.082;0.08;20
0.106;0.801;0.543;20
0.155;0.839;-0.269;20
0.667;0.624;-0.513;19
0.635;0.638;-0.444;20
0.853;0.467;-0.314;20
1.013;0.279;0.235;20
1.033;0.222;0.535;20
1.222;0.109;0.521;20
1.184;0.234;0.65;20
0.716;0.493;0.065;20
0.656;0.511;-0.785;20
1.02;-0.037;-0.693;20
0.835;0.162;-0.38;20
0.721;0.076;0.227;20
1.37;-0.317;0.931;20
0.579;0.446;0.387;20
0.496;0.507;-0.43;20
0.437;0.356;-0.783;20
0.162;0.352;0.069;20
0.415;0.196;0.323;20
-0.081;0.606;0.507;20
0.345;0.269;0.611;20
0.176;0.289;0.227;20
0.181;0.174;0.18;20
-0.191;0.125;0.167;20
-0.006;0.228;-0.77;20
0.522;0.246;-0.383;20
0.071;0.42;0.905;20
0.229;-0.048;0.523;19
-0.253;-0.143;0.254;20
-0.435;0.753;-0.173;20
0.148;0.556;-0.635;20
0.098;0.377;-1.069;20
0.806;0.451;-0.275;20
1.532;0.319;0.309;20
1.765;-0.091;-0.348;20
0.91;-0.762;1.421;20
-0.559;0.3;1.92;20
-2.661;1.111;-0.807;20
-3.008;0.464;-0.937;20
-2.072;-0.698;-0.149;20
-2.069;-0.586;-0.293;20
-1.615;-0.681;-0.1;20
-0.54;-1.376;1.56;20
-0.223;-1.743;3.807;20
-0.096;-2.3;3.015;20
-0.615;-1.918;1.832;20
-3.121;-0.495;1.661;20
-2.01;-1.148;0.956;20
-2.03;-1.307;-0.209;20
-2.335;-0.983;-0.48;20
-2.447;-0.627;-0.783;20
-2.098;-0.346;-0.702;20
-0.791;-0.731;-1.795;20
0.05;-1.713;-3.162;20
-1.329;-1.129;-1.418;20
-2.406;-0.445;-0.234;20
-4.652;0.83;-0.733;20
-6.443;2.243;-2.343;20
1.571;4.025;-7.233;85
-1.864;-0.083;0.895;20
-3.896;-4.716;4.682;20
-0.7;-3.32;-3.518;20
-0.291;-3.371;-10.038;20
-0.45;-7.208;-8.572;20
-1.295;-11.092;-3.987;20
-3.427;-10.867;0.315;20
-7.81;-8.467;3.401;20
-8.016;-7.327;-1.576;20
-7.836;-6.748;-2.268;20
-11.416;-5.969;-2.632;20
-16.789;-1.906;-6.954;20
-16.889;1.565;-7.412;20
-9.584;1.219;-5.103;20
-4.479;-0.374;-4.22;20
-2.535;-0.065;-3.99;20
-3.396;1.803;-4.177;20
-6.04;5.335;-4.57;20
-3.66;6.026;-1.711;20
0.306;3.919;-1.01;20
-1.582;3.21;-4.253;20
-0.652;1.431;-3.942;20
0.826;-0.537;-0.503;20
0.258;-1.811;0.0;20
1.684;-1.585;-0.194;19
0.745;0.188;3.847;20
-0.35;-0.018;5.125;21
-0.16;0.382;7.988;20
-1.735;0.669;-2.089;20
8.116;-3.038;-4.65;20
9.689;-2.79;2.142;20
5.382;-0.804;2.736;20
0.338;0.278;-3.892;20
3.31;-1.629;-9.415;20
8.168;-7.772;-3.215;20
2.302;-2.267;-1.02;20
0.248;2.784;-1.946;20
2.661;1.005;0.0;20
2.723;0.191;-1.269;20
1.196;1.073;-0.868;20
1.764;1.358;0.96;20
2.708;1.763;2.634;20
3.16;1.994;2.586;20
2.216;1.659;1.23;20
1.089;0.754;-0.421;20
0.689;0.141;-0.579;20
-2.097;3.663;2.296;20
-1.437;5.282;6.671;20
0.275;2.982;4.081;20
0.631;2.138;2.58;20
-4.096;4.046;3.611;20
-6.509;3.887;6.632;20
3.0;-0.867;6.431;20
5.658;-5.846;1.064;20
-6.077;-5.613;-1.402;20
-10.357;-2.758;-0.79;20
-9.345;-1.646;-1.067;20
-1.567;-6.407;-3.183;20
3.659;-9.289;-1.664;20
0.633;-10.736;3.801;20
-2.45;-8.74;6.441;20
0.306;-3.526;1.848;20
2.354;1.174;2.583;20
3.328;2.887;1.721;20
3.706;1.833;-1.58;20
5.136;-1.352;-2.834;20
9.443;-3.591;-3.872;20
8.173;0.573;-5.572;20
3.294;4.219;-4.7;20
2.833;4.446;-0.675;20
2.325;2.494;1.222;20
1.836;-0.231;5.03;20
-0.069;0.369;8.317;20
-0.179;-1.28;1.181;20
2.859;-4.211;-2.696;20
3.144;-5.76;-3.937;20
4.203;-5.626;-3.8;20
3.129;-6.67;-6.001;20
-2.577;-10.121;-9.62;20
-4.69;-10.501;-4.628;20
-7.509;-2.666;1.101;20
-7.496;-0.58;3.925;20
-7.244;-2.738;4.701;20
-4.555;-5.774;5.089;20
-3.615;-4.502;3.827;20
-1.218;1.691;1.472;20
5.075;7.836;2.823;20
3.546;9.64;8.327;20
2.309;6.511;4.185;20
0.213;3.288;-0.411;19
0.457;-2.466;-1.392;21
0.672;-5.708;-3.661;19
2.571;-11.523;-5.069;21
4.321;-15.366;-4.894;19
4.355;-16.039;-9.708;20
5.318;-7.422;-24.471;20
7.826;3.394;18.619;20
3.926;6.978;12.583;20
1.72;3.223;-3.652;20
6.179;6.745;-2.64;20
9.862;9.858;-7.628;20
6.535;8.724;-5.095;20
5.314;5.676;5.963;20
-6.386;10.216;0.83;20
-7.3;8.802;-2.208;20
3.502;3.485;4.872;20
3.154;-3.225;6.819;20
1.67;-10.942;1.427;20
-2.948;-7.802;-5.646;20
-4.191;-3.106;-6.371;20
4.644;-6.446;-3.863;20
5.721;-9.182;-20.771;20
0.359;-6.478;-9.93;20
0.107;-9.586;2.948;20
-3.744;-8.382;13.021;20
-10.224;-3.451;7.288;20
-4.945;-0.172;12.822;20
-7.402;3.003;6.333;20
-9.928;5.481;0.23;20
-5.165;3.737;5.589;20
-0.149;2.617;2.958;20
5.197;2.247;-1.744;20
11.084;1.074;-0.716;20
12.175;-3.642;-2.716;20
8.937;-10.522;-4.829;20
7.492;-13.029;-13.853;20
0.9;-2.938;-16.888;20
-11.362;5.927;13.612;20
-11.228;6.136;10.099;20
4.444;2.642;-3.662;20
11.474;5.892;-1.662;20
9.536;10.281;-1.314;20
7.263;10.428;-0.724;20
0.935;10.756;4.138;20
-11.806;12.869;-6.354;20
-6.659;6.035;-5.718;20
5.027;0.481;35.332;20
3.988;0.754;-3.238;20
4.691;-8.134;-12.195;20
4.422;-19.208;2.875;20
0.073;-15.278;-8.896;20
-4.057;-4.566;-9.884;20
-4.499;-5.726;-11.214;20
-0.336;-9.392;-10.5;20
10.59;-7.131;9.666;20
11.814;1.883;32.818;20
-7.853;6.846;11.454;20
-13.21;8.793;2.174;20
-7.713;10.391;6.206;20
1.974;5.126;2.901;20
4.709;1.173;-1.26;20
-6.556;-0.688;-7.185;20
-5.527;-5.983;-11.568;20
6.039;-12.232;-2.001;20
8.389;-10.293;2.178;20
5.219;-8.875;-0.216;20
6.271;-11.243;-8.426;20
4.105;-0.092;-8.538;20
2.166;7.725;8.56;20
3.965;8.665;9.722;20
8.814;5.396;0.199;20
5.895;7.819;-6.195;20
0.81;12.377;-7.048;20
-1.782;15.423;-5.959;20
-4.417;17.509;-3.699;20
-9.822;13.962;-4.133;20
-7.279;4.637;11.526;20
-1.821;-3.383;24.055;20
2.138;-1.749;-7.953;20
1.87;-6.198;-3.326;20
1.047;-12.74;-3.755;20
2.19;-15.987;-7.204;20
6.287;-15.904;-7.372;20
-7.554;-16.161;-16.192;20
-24.658;-9.974;-26.721;20
-15.938;-12.571;17.357;20
-6.316;1.912;44.614;20
-6.398;11.261;-5.673;20
-10.992;19.821;1.314;20
-11.297;18.898;3.377;20
-6.625;9.376;6.894;20
2.417;1.992;4.801;20
5.761;1.122;-1.915;20
-0.912;2.086;-4.121;20
-5.917;-6.002;-5.656;20
-4.079;-23.628;-14.643;20
2.949;-36.415;-14.198;20
8.356;-4.263;19.415;20
-3.241;8.087;-2.77;20
0.579;3.046;1.363;20
17.445;7.616;7.304;20
22.522;11.315;-0.643;20
21.154;10.078;1.054;20
14.194;9.454;1.96;20
-5.942;11.315;-8.532;20
-20.562;12.182;-16.033;20
-12.446;7.948;4.514;20
-7.702;1.353;20.762;20
-2.391;-10.108;5.679;20
3.754;-19.252;-5.07;20
9.29;-18.594;-7.23;20
7.566;-2.344;-5.77;20
-2.709;-2.36;-4.552;20
-7.582;-3.613;-34.338;20
-4.249;-11.923;-25.709;20
-6.064;-15.663;53.386;20
-12.859;5.031;5.625;20
-8.622;16.836;3.801;20
-5.308;16.242;-0.788;20
-1.405;14.421;-4.109;20
0.677;14.21;0.634;20
0.089;15.232;9.994;20
-0.542;12.546;6.453;20
-1.727;6.855;-0.696;20
-4.348;-0.619;-1.09;20
-7.242;-10.979;-6.45;20
-1.07;-41.538;-28.035;20
-0.422;-58.696;-16.039;20
1.952;-10.083;37.783;20
5.359;15.105;24.616;20
11.416;8.112;-1.047;20
15.113;6.549;-5.142;20
12.653;9.587;-4.867;20
11.752;13.406;-3.565;20
8.714;16.312;-5.423;20
1.597;17.77;-8.951;20
-3.827;14.792;-1.597;20
-12.475;9.346;18.25;20
-0.851;5.488;2.36;20
2.279;5.23;1.518;20
2.748;-1.861;2.353;20
8.796;-24.28;-4.017;20
13.58;-38.312;-12.185;20
-7.301;-19.633;-33.172;19
-2.955;-12.67;-28.775;20
-14.914;-14.764;38.585;20
-15.059;-6.046;16.751;20
-4.539;12.782;-1.625;20
-9.874;20.587;8.285;20
-4.486;16.637;-2.764;20
-0.226;15.909;-0.172;20
-0.475;15.094;4.018;20
-0.923;13.583;3.882;20
-5.796;9.096;2.579;20
-7.424;-0.098;5.038;20
-7.831;-7.099;-4.257;20
0.991;-41.244;-36.476;20
2.058;-59.597;-29.584;20
5.664;-15.728;38.884;20
0.225;16.946;45.029;20
11.09;9.689;-5.082;20
16.641;8.649;-7.928;20
16.003;11.425;-6.974;20
14.892;15.914;-1.354;20
15.518;21.521;19.247;20
2.432;24.248;-12.492;20
-8.163;16.681;-19.329;20
-4.184;7.09;1.385;20
-1.455;3.798;3.006;20
-3.911;3.162;3.969;20
-4.585;-5.219;11.782;20
4.77;-35.57;3.364;20
14.342;-40.264;-15.888;20
2.244;-11.485;-14.581;20
-2.311;-6.691;-18.733;20
-2.916;-9.176;-5.084;20
-7.723;-5.177;39.956;20
-10.032;5.123;-7.377;20
-6.299;13.834;0.612;20
-9.256;15.671;0.295;20
-6.533;14.779;-1.03;20
-4.556;15.356;0.426;20
-2.716;14.327;7.712;20
-2.733;11.848;9.84;20
-6.929;5.131;3.6;20
-8.625;-2.267;-4.387;20
-6.812;-14.514;-20.268;20
2.339;-47.78;-25.647;20
15.739;-57.235;-4.912;20
19.159;-7.429;32.617;20
4.98;21.437;41.911;20
3.678;15.182;-2.487;20
10.159;12.141;-7.893;20
9.016;13.542;-4.023;20
10.268;16.034;0.429;20
9.069;16.996;-3.707;20
1.021;15.064;-10.903;20
-4.963;11.699;-4.236;20
-5.172;7.239;-3.07;20
-8.063;2.514;3.939;20
-4.81;1.555;9.771;20
1.97;-16.811;7.276;20
14.348;-35.809;-6.082;20
7.079;-21.681;-25.058;20
2.795;-11.362;-35.749;20
-0.812;-10.866;14.505;20
-9.87;-6.797;16.991;20
-17.619;8.074;0.712;20
-9.512;14.717;4.394;20
-8.192;15.759;-2.939;20
-8.289;17.025;1.86;20
-5.362;15.943;3.42;20
-1.76;13.566;6.301;20
-3.389;11.319;6.477;20
-6.191;3.019;3.732;20
-5.697;-4.119;-1.498;20
-0.572;-24.358;-19.432;20
3.574;-58.914;-39.014;20
8.548;-42.219;-0.425;20
6.904;11.054;53.394;20
1.699;17.981;28.983;20
13.37;8.553;-9.936;20
13.557;10.166;-7.866;20
9.743;13.479;-6.786;20
10.203;20.097;9.007;20
8.439;21.435;6.14;20
-3.205;17.589;-18.281;20
-6.345;11.408;-6.161;20
-4.027;3.502;1.608;20
-3.978;4.083;3.044;20
-3.731;1.801;8.774;20
7.829;-25.342;6.446;20
16.622;-39.305;-11.359;20
5.672;-16.297;-16.065;20
2.792;-9.424;-24.193;20
1.663;-12.591;-2.737;20
-5.548;-11.916;23.644;20
-18.976;5.326;0.544;20
-13.957;12.955;1.721;20
-14.215;15.204;-4.532;20
-10.282;16.148;0.294;20
-6.617;16.639;1.987;20
-1.818;14.876;10.934;20
-3.486;13.341;10.733;20
-7.412;6.662;2.202;20
-8.137;-2.055;-4.659;20
-3.494;-15.652;-21.898;20
7.619;-50.33;-33.931;20
15.099;-56.456;-3.228;20
14.359;-3.005;46.307;20
1.574;22.196;39.199;20
8.395;12.754;-5.256;20
11.77;11.655;-7.735;20
8.401;14.178;-4.271;20
7.994;17.948;-0.246;20
7.024;19.831;-0.885;20
-0.703;16.06;-9.675;20
-6.396;11.872;-5.396;20
-3.249;6.142;-1.26;20
-2.954;3.964;0.853;20
-4.043;4.219;6.867;20
4.256;-11.983;8.454;20
19.18;-36.287;-4.966;20
11.976;-26.031;-18.01;20
1.641;-14.71;-17.098;20
1.481;-11.018;-7.913;20
1.023;-4.824;37.354;20
-15.5;4.542;-5.86;20
-15.83;10.135;2.931;20
-11.013;11.401;-2.12;20
-8.299;12.505;-3.218;20
-8.265;14.329;-1.038;20
-8.264;15.06;4.886;20
-6.364;13.492;9.487;20
-4.611;9.245;6.299;20
-5.434;1.331;0.607;20
-8.713;-7.416;-12.346;20
3.256;-32.087;-29.107;20
14.559;-60.137;-16.79;20
16.255;-30.037;17.609;19
6.696;16.41;46.477;20
4.752;15.036;16.493;20
11.708;9.576;-11.593;20
9.065;12.698;-9.391;20
5.595;16.596;-6.009;20
6.504;19.931;6.36;20
0.522;18.665;-3.565;20
-6.204;14.806;-9.747;20
-5.942;8.483;-1.63;20
-3.289;3.135;1.449;20
-3.576;5.293;4.594;20
-0.289;-2.275;10.488;20
15.835;-29.167;-0.524;20
19.732;-33.337;-17.499;20
0.026;-13.717;-19.119;20
-1.601;-8.954;-15.525;20
2.754;-6.765;16.72;20
0.538;-4.139;18.002;20
-14.496;5.503;-3.811;20
-14.355;11.492;1.308;20
-13.875;12.472;-2.918;20
-11.211;13.178;-1.663;20
-10.489;14.047;3.47;20
-8.8;12.892;11.863;20
-6.221;8.464;8.626;20
-7.517;-0.624;-1.301;20
-8.094;-9.265;-15.538;20
6.823;-30.984;-24.21;20
21.299;-58.509;-15.491;20
17.889;-28.14;14.138;20
4.281;18.589;39.869;20
5.953;18.457;21.44;20
10.363;11.758;-8.92;20
7.798;13.031;-8.228;20
4.11;15.301;-5.45;20
4.057;19.977;6.995;20
0.892;20.006;-2.054;20
-7.236;15.97;-12.947;20
-6.92;9.826;-5.137;20
-1.31;3.098;1.149;20
-3.339;5.313;-0.079;20
-1.5;-3.74;8.31;20
17.886;-37.751;-0.644;20
19.008;-32.219;-8.425;20
3.779;-5.605;-4.32;20
-2.208;-5.65;-20.829;20
-4.367;-5.648;-16.304;20
2.405;-3.968;42.727;20
-5.333;1.304;-5.211;20
-11.83;8.211;1.898;20
-13.642;11.613;-1.1;20
-13.426;12.088;-3.562;20
-11.497;12.677;0.491;20
-11.454;13.147;5.797;20
-7.712;10.494;11.366;20
-5.523;3.908;7.09;20
-8.894;-5.602;-6.562;20
-3.932;-17.074;-24.089;20
16.536;-43.881;-23.321;20
24.436;-50.343;6.749;20
9.615;-2.16;24.44;20
1.181;18.53;36.799;20
8.701;11.824;2.744;20
9.933;11.633;-8.643;20
5.313;13.469;-9.159;20
1.897;17.872;-3.653;20
-0.133;20.629;0.032;20
-3.985;17.568;-10.007;20
-7.251;12.452;-5.716;20
-4.336;5.444;3.086;20
-3.38;3.832;3.125;20
-3.754;5.743;3.987;20
2.478;-6.494;7.45;20
23.266;-34.766;-3.677;20
19.799;-31.499;-9.948;20
-0.292;-11.834;-19.452;20
0.473;-7.091;-22.692;20
-0.614;-2.922;38.841;20
-7.7;0.627;2.708;20
-18.313;6.144;0.624;20
-14.065;10.039;1.374;20
-11.818;12.287;-4.186;20
-8.726;12.254;0.386;20
-9.481;13.118;4.601;20
-8.395;11.485;6.67;20
-4.293;3.435;5.106;20
-5.276;-5.682;-4.174;20
-1.963;-16.506;-19.161;20
14.49;-45.01;-23.275;20
23.329;-47.214;-1.641;20
6.733;1.516;26.592;20
2.011;17.48;38.149;20
11.628;10.797;0.568;20
9.755;12.347;-8.847;20
4.763;13.76;-9.404;20
-0.011;19.164;-4.35;20
-1.107;25.093;6.456;20
-6.608;23.746;-11.876;20
-10.186;12.534;-9.981;20
-3.614;2.646;2.548;20
-3.539;2.291;2.757;20
-1.202;0.615;6.051;20
16.51;-25.468;4.845;20
28.776;-39.567;-2.818;20
3.668;-8.549;3.193;20
-1.117;-3.117;-17.203;20
-2.334;-7.384;-34.615;20
1.713;-11.3;40.324;20
-5.676;-3.892;6.015;20
-16.194;8.153;0.996;20
-14.465;11.926;1.181;20
-14.008;11.617;-1.353;20
-11.613;11.477;2.335;20
-9.384;10.989;6.831;20
-8.593;9.556;5.622;20
-6.64;3.611;1.556;20
-7.048;-6.506;-4.437;20
-3.644;-15.029;-14.805;20
21.992;-38.822;-23.791;20
28.852;-48.531;-10.281;20
9.247;-4.938;18.775;20
0.356;18.16;36.2;20
9.716;14.298;10.719;20
11.364;13.075;-7.766;20
6.452;14.057;-11.032;20
0.314;18.772;-4.448;20
-2.748;24.014;6.892;20
-8.091;23.443;-6.053;20
-12.903;12.244;-13.528;20
-4.323;4.92;-2.171;20
-1.379;4.655;1.289;20
-1.692;1.281;1.734;19
18.19;-26.276;0.34;20
21.198;-36.793;-8.213;20
5.548;-8.258;3.924;20
2.527;-0.913;4.303;20
-0.357;-5.013;-27.644;20
-1.919;-11.88;19.678;20
0.581;-9.013;21.19;20
-14.909;5.714;-3.608;20
-16.235;8.721;-0.386;20
-17.988;11.193;-3.125;20
-14.346;11.585;-1.6;20
-10.71;11.649;6.555;20
-10.443;11.32;12.031;20
-7.129;2.998;6.19;20
-6.586;-8.468;-7.704;20
-1.139;-15.948;-19.311;20
25.986;-40.888;-19.837;20
32.688;-47.204;-4.551;20
2.899;-0.673;20.463;20
-2.183;17.143;35.69;20
9.784;13.186;5.571;20
9.735;12.736;-11.504;20
5.224;14.74;-14.217;20
0.9;20.307;-3.906;20
-1.146;23.828;10.436;20
-5.913;24.569;-8.813;20
-11.696;14.191;-15.018;20
-6.771;5.795;-2.698;20
-3.757;3.019;1.348;20
-1.18;-0.829;3.136;20
16.46;-26.449;0.805;20
26.165;-38.296;-6.566;20
6.032;-11.892;12.497;20
-3.153;-3.924;4.609;20
-4.328;-5.782;-34.772;20
-2.761;-8.205;10.415;20
0.356;-6.887;40.889;20
-8.641;4.865;-9.202;20
-14.286;11.761;-2.991;20
-15.875;11.785;-2.492;20
-13.307;11.368;-2.264;20
-15.438;12.935;1.003;20
-14.175;11.617;10.682;20
-6.354;3.636;9.974;20
-4.902;-5.652;-4.411;20
-4.373;-12.542;-18.526;20
17.231;-35.322;-22.247;20
39.178;-55.992;-4.734;20
14.395;-11.271;12.615;20
-0.061;19.482;31.317;20
6.343;18.374;16.222;20
10.596;13.447;-6.184;20
5.998;13.331;-13.358;20
0.55;18.485;-9.098;20
-2.247;23.443;7.491;20
-6.284;22.895;-5.456;20
-12.328;12.712;-12.322;20
-6.411;5.728;-1.718;20
-3.92;4.381;-0.076;20
-1.074;-0.87;-0.67;20
17.813;-26.836;-1.068;20
19.938;-35.604;-5.17;20
5.45;-10.127;12.083;20
-2.193;-0.76;2.563;20
-3.483;-3.754;-33.159;20
-0.459;-9.204;21.562;20
4.016;-7.645;26.238;20
-10.185;4.062;-6.137;20
-16.949;9.136;-3.439;20
-18.32;11.512;-4.043;20
-14.183;11.616;-3.589;20
-10.132;10.829;1.604;20
-11.124;10.79;10.997;20
-8.468;7.074;11.473;20
-5.058;-2.543;1.555;20
-6.503;-10.494;-15.45;20
6.213;-24.062;-25.931;20
32.293;-54.973;-12.372;20
27.537;-31.668;3.908;20
3.606;13.931;27.381;20
4.435;19.756;33.903;20
9.222;12.983;-2.692;20
5.969;12.711;-12.373;20
0.972;15.489;-12.925;20
-2.475;19.886;-3.058;20
-3.84;21.051;3.441;20
-10.148;16.883;-7.693;20
-9.948;9.238;-4.914;20
-6.879;3.252;-3.239;20
-4.089;3.332;2.547;20
0.814;-0.355;4.267;20
20.431;-27.081;-2.243;20
28.685;-33.63;-1.712;20
5.738;-6.218;10.943;20
-0.57;-1.776;-22.319;20
-1.254;-6.986;-17.396;20
1.242;-17.252;48.729;20
-12.634;-3.148;-4.056;20
-17.099;8.526;-1.458;20
-17.252;11.744;-0.676;20
-15.087;12.236;-3.797;20
-10.564;11.547;-0.44;20
-9.859;11.032;8.811;20
-10.315;10.106;8.102;20
-4.985;4.281;1.312;20
-4.993;-5.391;-4.519;20
-3.485;-18.113;-20.791;20
25.228;-46.782;-24.802;20
32.218;-45.467;-3.673;20
8.079;1.958;17.119;20
-0.177;18.992;40.172;20
6.836;13.115;10.848;20
8.194;10.918;-11.663;20
4.201;13.383;-15.149;20
0.157;19.08;-5.744;20
-0.809;23.577;5.581;20
-0.987;23.44;-8.179;20
-7.744;13.647;-13.18;20
-6.133;5.937;-1.084;20
-1.634;3.785;3.122;20
-2.122;2.675;1.848;20
-0.683;-7.105;5.856;20
25.98;-45.275;1.302;20
14.905;-26.647;-5.545;20
-8.407;1.415;-1.962;20
-8.448;-5.422;-23.991;20
-0.269;-9.536;-0.824;20
4.561;-2.121;38.765;20
0.692;8.893;-1.136;20
-13.502;9.921;2.021;19
-19.439;6.622;-1.975;20
-16.945;6.975;-1.294;20
-11.987;7.562;1.919;20
-10.262;9.456;6.58;20
-8.873;9.045;6.854;20
-7.025;-2.908;0.744;20
-7.812;-14.548;-16.256;20
11.205;-30.078;-24.964;20
40.938;-57.391;-9.172;20
19.543;-21.361;9.751;20
-4.489;15.715;43.376;20
3.992;14.077;20.159;20
7.243;12.501;-9.572;20
5.031;13.743;-14.641;20
3.195;17.317;-18.491;20
-0.435;23.734;-1.104;20
-0.635;27.896;8.539;20
-4.978;24.405;-14.154;20
-10.957;9.616;-6.917;20
-6.59;3.615;1.3;20
-4.592;2.887;0.853;20
1.823;-5.77;1.369;20
28.486;-43.083;-3.07;20
21.088;-33.9;-0.473;20
0.732;-3.016;11.463;20
-4.297;-1.655;-4.955;20
-4.195;-6.203;-38.142;20
0.535;-8.236;26.542;20
0.072;-7.857;29.325;20
-15.051;2.617;-8.589;20
-17.224;9.545;-3.987;20
-19.033;12.624;-2.269;20
-13.801;12.384;-0.679;20
-10.306;12.312;3.273;20
-10.416;12.094;10.623;20
-7.71;9.895;6.747;20
-1.672;3.789;-1.833;20
-4.896;-4.596;-5.105;20
-1.953;-20.769;-21.965;20
26.635;-54.677;-26.241;20
28.654;-43.634;-1.05;20
9.641;4.531;27.32;20
3.078;17.675;42.342;20
6.905;10.481;1.683;20
7.37;13.171;-12.31;20
5.652;15.532;-14.061;20
1.885;18.855;-8.944;20
0.599;22.849;11.351;20
-2.071;27.028;0.964;20
-13.079;17.861;-18.795;20
-10.104;5.561;-3.612;20
-3.618;3.554;0.601;20
-4.769;2.379;0.815;20
10.759;-16.878;-1.997;20
32.782;-49.163;-8.028;20
11.743;-22.034;10.502;20
-4.849;1.331;12.746;20
-1.939;-3.232;-25.687;20
0.563;-8.165;-11.974;20
6.735;-12.076;42.698;20
-10.04;1.137;-3.411;20
-17.002;8.267;-5.817;20
-20.375;11.429;-1.65;20
-17.164;11.646;0.83;20
-12.233;11.946;2.717;20
-13.136;13.62;6.617;20
-11.725;10.221;9.187;20
-3.531;3.363;2.698;20
-1.789;-2.699;-3.274;20
-5.083;-10.841;-14.59;20
11.281;-32.289;-23.57;20
37.164;-55.479;-13.732;20
21.989;-20.2;10.12;20
2.989;13.086;34.095;20
4.122;14.259;25.24;20
4.013;11.287;-5.375;20
4.918;14.158;-11.172;20
3.133;16.687;-11.512;20
-0.618;20.637;-4.119;20
-1.682;24.955;12.073;20
-5.247;24.766;-6.212;20
-13.627;11.204;-13.124;20
-8.778;4.508;-4.708;20
-3.724;2.886;-0.949;20
5.84;-8.808;-2.37;20
25.787;-40.288;-5.324;20
14.141;-27.142;1.359;20
2.566;-3.34;13.251;20
-3.593;1.352;8.084;20
-3.559;-3.974;-26.904;20
-1.481;-13.528;3.0;20
0.053;-9.804;38.072;20
-8.256;4.939;-5.843;20
-15.483;11.09;-4.021;20
-17.332;11.671;-2.649;20
-13.268;10.282;-0.952;20
-10.21;9.437;5.084;20
-11.539;10.479;8.087;20
-9.607;8.812;6.509;20
-3.563;2.466;2.577;20
-5.94;-6.846;-7.526;20
-1.213;-19.897;-26.651;20
28.625;-49.769;-19.819;20
36.367;-43.911;3.754;20
8.364;2.723;22.096;20
0.687;17.497;37.022;20
7.44;12.073;4.501;20
5.635;13.835;-12.441;20
2.161;16.694;-13.833;20
-1.683;19.487;-6.687;20
-2.896;22.57;5.92;20
-3.103;22.101;-4.784;20
-11.373;13.806;-12.764;20
-7.817;6.56;-3.607;20
-3.958;4.073;0.09;20
0.83;-0.662;0.225;20
20.86;-28.692;-4.598;20
25.171;-40.447;0.673;20
2.743;-10.108;17.086;20
-3.978;-0.085;-3.238;20
-3.684;-5.107;-35.898;20
-2.332;-13.127;33.962;20
-5.214;-5.426;18.1;20
-11.861;8.297;-6.775;20
-18.353;12.618;-3.504;20
-16.101;11.481;-3.141;20
-10.768;10.421;0.314;20
-9.831;10.942;6.008;19
-11.597;10.967;9.105;20
-7.112;6.416;4.014;20
-5.233;-2.376;-3.085;20
-6.212;-12.664;-16.566;20
12.598;-30.676;-21.944;20
41.663;-55.836;-8.993;21
22.981;-22.177;7.923;20
-0.554;14.12;32.319;19
4.071;16.714;23.673;20
8.592;13.191;-4.597;20
5.32;14.78;-12.349;20
0.703;17.21;-12.043;20
-2.411;21.17;0.725;20
-1.814;23.337;8.006;20
-7.747;19.643;-11.755;20
-12.502;10.394;-13.07;20
-5.04;4.885;-2.389;20
-3.478;2.775;1.021;20
4.087;-6.427;-0.07;20
23.72;-36.375;-1.458;20
21.268;-31.31;2.35;20
-0.069;-3.478;8.128;20
-3.564;-0.804;-12.415;20
-2.069;-8.586;-16.29;20
2.54;-14.364;43.331;20
-5.399;0.546;3.964;20
-15.301;8.609;-5.45;20
-19.751;10.328;-4.346;20
-14.492;10.565;-3.836;20
-9.412;10.649;0.199;20
-13.13;13.079;5.264;20
-12.863;11.284;10.531;20
-5.721;4.231;6.14;20
-4.562;-4.811;-3.788;20
-5.1;-15.387;-23.343;20
15.468;-39.364;-22.093;20
36.405;-51.36;-1.022;20
17.848;-8.928;12.129;20
2.312;17.054;32.15;20
8.665;14.368;15.193;20
8.26;12.263;-7.606;20
3.603;14.652;-14.001;20
-0.089;18.697;-10.816;20
-0.852;21.745;5.373;20
-0.092;21.185;3.821;20
-8.579;15.835;-12.391;20
-9.802;8.657;-8.516;20
-4.598;3.443;0.066;20
-3.181;2.214;3.03;20
4.703;-10.191;3.083;20
25.891;-40.787;-3.53;20
17.24;-28.056;-2.871;20
-1.399;-1.885;-1.062;20
-3.214;-1.118;-23.041;20
1.468;-7.52;31.638;20
-2.268;-7.69;14.801;20
-14.08;1.607;-2.759;20
-19.806;8.097;-4.699;20
-18.694;10.845;-1.705;20
-12.547;10.816;-0.109;20
-11.228;12.576;3.937;20
-12.207;13.196;8.441;20
-7.334;7.289;8.567;20
-2.151;-0.105;0.059;20
-5.027;-9.648;-13.2;20
2.367;-27.036;-30.264;20
31.828;-48.986;-10.633;20
32.802;-31.128;7.574;20
7.915;5.571;20.306;20
1.74;16.025;26.205;20
6.941;14.262;4.627;20
4.88;15.29;-9.05;20
1.736;16.949;-9.312;20
-1.24;19.678;-1.464;20
-2.006;22.307;5.317;20
-7.771;20.24;-7.852;20
-12.756;11.944;-12.668;20
-4.312;5.489;-4.905;20
-1.745;3.453;0.177;20
-1.484;-0.322;1.795;20
14.6;-23.752;3.397;20
23.258;-38.48;-0.844;20
8.244;-14.515;-0.098;20
-3.801;0.595;0.217;20
-3.498;-2.497;-24.403;20
1.801;-9.264;18.124;20
3.945;-7.01;26.071;20
-10.227;3.789;-3.762;20
-18.529;6.667;-4.604;20
-20.072;9.239;-2.011;20
-14.035;9.641;-1.388;20
-11.096;11.149;2.467;20
-12.455;12.261;10.773;20
-8.849;7.911;8.807;20
-5.866;-3.232;-1.647;20
-5.133;-12.504;-20.235;20
9.587;-24.649;-19.483;20
36.537;-48.618;-5.942;20
28.517;-27.58;3.29;20
1.942;10.472;26.131;20
1.254;17.876;24.662;20
6.201;14.939;-1.087;20
5.462;13.7;-12.331;20
2.417;14.365;-10.083;20
-1.197;18.273;0.251;20
-1.903;21.309;8.912;20
-3.209;18.829;-5.181;20
-11.87;12.865;-16.924;20
-7.151;6.398;-5.374;20
-3.784;3.253;0.979;20
-0.069;-0.916;1.551;20
15.43;-25.141;-2.354;20
22.737;-40.176;-4.527;20
8.353;-16.539;7.8;20
-0.628;-1.907;-12.171;20
-2.439;-1.423;-15.592;20
5.882;-4.54;43.735;20
-6.645;-1.486;1.296;20
-15.636;1.251;-2.459;20
-19.92;4.489;-1.12;20
-18.07;9.13;-0.546;20
-10.761;12.057;-2.904;20
-11.313;13.775;0.988;20
-11.671;12.854;11.587;20
-5.455;6.349;11.094;20
-3.12;-2.182;-3.088;20
-5.319;-11.515;-22.068;20
10.411;-30.898;-23.848;20
37.246;-56.799;-8.057;20
20.685;-22.549;12.765;19
1.399;14.137;35.144;20
6.727;15.341;17.81;20
7.744;13.078;-6.409;20
3.555;15.34;-12.697;20
0.224;18.161;-9.893;20
-2.436;21.877;0.957;21
-4.034;23.896;1.491;20
-9.346;17.731;-10.319;19
-9.888;8.466;-5.525;20
-2.977;4.868;-1.717;20
-3.19;2.465;-2.022;20
-1.812;-1.459;3.645;20
16.698;-26.763;4.266;20
26.239;-38.111;-5.264;20
7.415;-9.238;4.152;20
-3.872;-1.007;-8.359;20
-5.221;-5.751;-27.903;20
-0.096;-11.941;38.109;20
-2.751;-4.092;15.017;20
-6.962;6.187;-3.711;20
-16.243;9.121;-2.799;20
-17.737;9.955;-2.944;20
-13.533;9.341;-1.906;20
-11.815;9.918;3.887;20
-13.477;10.727;12.357;20
-8.124;6.81;5.844;20
-1.641;-2.912;-3.4;20
-2.902;-11.027;-14.823;20
7.643;-23.377;-17.747;20
36.423;-45.434;-5.346;20
30.129;-25.469;0.162;20
3.317;8.903;16.815;20
-0.39;15.953;18.536;20
5.661;13.472;1.547;20
7.02;14.317;-6.387;20
3.78;15.0;-8.114;20
-0.389;18.491;-0.599;20
-1.779;20.477;7.458;20
-11.674;17.384;-8.167;20
-13.37;10.338;-9.935;20
-2.676;5.294;-2.243;20
-3.65;2.953;-4.558;20
-3.49;0.004;1.782;20
14.252;-22.316;3.104;20
20.905;-34.688;-0.715;20
9.212;-13.517;7.087;20
-2.397;-1.054;4.602;20
-3.919;-3.272;-29.505;20
-1.684;-9.538;5.749;20
3.225;-9.149;39.326;20
-7.93;3.377;-6.301;20
-15.964;9.045;-4.643;20
-17.905;10.254;-2.613;20
-14.597;10.209;-1.0;20
-12.456;11.06;3.135;20
-13.224;12.353;9.656;20
-8.269;7.597;8.045;20
-2.931;-2.984;-1.986;20
-2.634;-11.493;-15.949;20
5.797;-21.024;-20.132;20
31.341;-43.46;-8.943;20
30.835;-32.01;2.227;20
5.797;4.165;20.934;20
-1.424;15.323;24.433;20
6.16;13.069;3.272;20
7.439;12.857;-9.277;20
4.002;13.936;-11.466;20
-1.343;18.413;-3.865;20
-2.157;22.287;11.034;20
-3.651;21.574;-5.498;20
-9.497;13.374;-15.601;20
-6.445;6.336;-4.186;20
-5.846;4.836;0.0;20
-4.942;1.786;0.227;20
13.135;-22.516;0.814;20
29.731;-46.759;-1.991;20
9.019;-18.227;6.026;20
-4.667;1.553;-1.696;20
-0.895;-2.928;-25.673;20
2.317;-9.416;28.332;20
-0.63;-5.995;22.54;20
-14.846;4.157;-4.482;20
-20.032;8.37;-3.81;20
-18.194;10.098;-4.034;20
-10.429;10.824;-2.678;20
-9.757;12.378;0.874;20
-13.765;13.273;9.036;20
-10.188;9.356;10.568;20
-2.49;2.916;-0.437;20
-4.366;-4.868;-7.92;20
-2.143;-19.777;-26.958;20
25.815;-54.741;-24.073;20
32.218;-46.553;4.828;20
5.27;3.564;24.732;20
2.061;17.161;41.472;20
9.594;9.593;3.054;20
6.841;11.909;-13.933;20
3.322;15.396;-15.683;20
-0.34;19.915;-7.246;20
-2.512;23.813;9.93;20
-1.818;22.833;1.51;20
-8.965;15.313;-14.978;20
-9.808;8.12;-6.853;20
-4.185;4.79;-0.825;20
-4.226;3.371;0.086;20
6.158;-11.056;0.466;20
29.764;-42.533;-2.195;20
17.043;-27.798;5.186;20
-6.243;-1.794;6.174;20
-4.302;-2.882;-22.674;20
-0.267;-7.119;2.538;20
7.87;-8.283;38.991;20
-8.685;3.061;-5.674;20
-17.096;8.569;-6.864;20
-18.221;10.461;-3.17;20
-14.111;10.295;-0.423;20
-11.383;10.981;1.235;20
-13.951;12.634;7.37;20
-9.315;8.941;10.98;20
-3.888;-0.729;0.163;20
-4.672;-9.075;-13.487;20
2.949;-17.272;-16.881;20
30.235;-44.232;-10.547;20
33.475;-39.864;-1.55;19
6.748;3.044;15.457;20
0.638;18.079;26.295;21
4.647;15.713;4.838;19
7.179;12.85;-8.322;20
4.475;13.792;-10.629;20
-0.057;17.492;-3.557;20
-0.913;21.133;11.221;20
-2.717;20.401;-4.041;20
-11.802;13.573;-18.593;20
-8.854;7.026;-5.477;20
-5.791;4.267;0.852;20
-2.418;-0.076;1.879;21
17.405;-27.805;-0.041;20
26.156;-44.318;-1.191;19
2.011;-11.559;10.419;20
-3.383;1.824;-3.754;20
-3.215;-0.72;-25.988;20
-1.005;-6.644;25.123;20
-1.092;-5.643;22.792;20
-9.384;4.234;-6.973;20
-17.046;9.427;-1.631;20
-17.695;10.041;-1.425;20
-12.028;9.601;-1.992;20
-10.168;10.127;3.933;20
-12.061;10.584;9.108;20
-8.507;7.387;6.694;20
-3.107;0.028;-1.235;20
-5.75;-10.066;-14.338;20
4.444;-25.686;-27.729;20
33.641;-50.431;-15.023;20
30.932;-33.054;7.313;20
7.254;7.384;30.241;20
0.609;18.592;28.066;20
5.135;13.449;-0.643;20
4.641;14.359;-12.083;20
1.939;16.573;-11.012;20
0.133;19.635;0.07;20
0.29;21.059;6.578;20
-3.496;17.666;-7.629;20
-12.984;12.361;-14.291;20
-6.382;6.667;-3.389;20
-2.368;3.176;0.918;20
-4.272;2.034;1.747;20
8.982;-18.565;3.935;20
29.919;-47.457;-3.443;20
11.901;-19.69;0.958;20
-5.044;2.169;0.899;20
-4.337;-1.794;-27.316;20
-0.889;-7.02;11.235;20
5.731;-6.936;34.823;20
-9.417;2.729;-5.292;20
-17.584;6.977;-6.063;20
-19.847;9.613;-2.645;20
-14.41;9.473;0.003;20
-10.71;10.942;2.396;20
-12.784;13.039;8.441;20
-11.047;10.795;9.908;20
-3.545;4.726;0.705;20
-2.13;-3.586;-3.73;20
-4.59;-16.53;-20.861;20
15.39;-42.481;-21.998;20
35.11;-46.615;0.445;20
18.539;-8.317;13.78;20
3.303;14.735;23.565;20
5.014;13.977;13.253;20
6.979;12.668;-3.663;20
4.578;14.113;-10.29;20
0.513;15.841;-9.162;20
-1.958;19.92;-0.051;20
-0.529;21.498;9.107;20
-5.055;16.789;-6.972;20
-10.395;10.018;-12.055;20
-5.746;5.627;-3.536;20
-4.393;2.628;0.49;20
5.195;-11.143;1.651;20
21.455;-38.293;1.58;20
11.063;-24.139;-2.651;20
-2.795;-1.353;1.955;20
-6.527;-1.175;-8.181;20
-2.41;-6.296;-24.009;20
10.35;-7.255;33.898;20
7.708;-3.669;18.989;20
-11.982;3.005;-9.274;20
-20.936;4.975;-4.789;20
-20.287;9.781;-1.445;20
-13.47;11.069;-1.184;20
-12.427;12.592;2.29;20
-14.276;13.407;13.373;20
-6.704;7.862;11.639;20
-3.409;-3.088;-1.547;20
-5.839;-12.919;-20.466;20
9.786;-29.308;-24.279;20
39.894;-56.37;-6.324;20
26.925;-26.218;5.906;20
1.474;13.491;30.042;20
4.498;17.717;27.9;20
7.446;14.434;-2.972;20
3.933;15.069;-12.911;20
0.515;17.173;-10.324;20
-2.06;19.867;1.213;20
-2.611;20.931;2.693;20
-9.365;17.878;-10.726;20
-12.796;11.447;-10.251;20
-3.893;5.725;-3.527;20
-3.653;3.412;0.515;20
-1.543;-0.668;3.023;20
18.098;-29.344;2.626;20
29.711;-39.596;-0.247;20
6.476;-9.034;5.029;20
-3.635;-3.318;-12.856;20
-5.682;-4.912;-22.982;20
0.674;-8.929;43.198;20
-4.138;-0.268;6.916;20
-13.915;6.105;-4.587;20
-18.48;8.58;-4.507;20
-15.479;9.759;-3.078;20
-9.759;9.57;-0.366;20
-10.792;11.306;4.829;20
-13.057;11.93;10.191;20
-7.023;6.634;4.741;20
-5.075;-3.154;-3.69;20
-3.89;-11.721;-17.858;20
13.995;-31.043;-18.521;20
39.791;-55.416;-6.215;20
21.509;-19.612;3.271;20
1.623;14.94;27.808;20
2.505;18.592;25.551;19
6.001;14.268;-2.006;20
4.597;13.318;-12.186;20
0.886;15.384;-10.085;20
-1.892;19.748;1.78;20
-1.889;21.283;5.211;20
-7.557;17.111;-10.412;20
-10.889;9.868;-11.22;20
-4.052;5.401;-2.091;20
-4.27;3.775;0.713;20
0.776;-3.053;0.997;20
20.595;-33.032;-1.1;20
22.697;-36.709;-1.285;20
2.199;-5.94;5.407;20
-2.656;1.429;-8.454;20
-1.342;-4.273;-14.107;20
2.805;-11.75;37.536;20
-4.658;-2.473;4.777;20
-15.282;4.645;-4.085;20
-21.291;8.602;-4.094;20
-16.036;9.844;-3.085;20
-10.144;11.089;-0.834;20
-14.133;14.041;1.934;20
-12.427;11.993;11.716;20
-4.119;4.882;7.953;20
-1.89;-3.516;-3.808;20
-3.632;-13.379;-20.668;20
15.383;-37.759;-21.978;20
39.056;-49.616;-2.64;20
17.243;-9.392;10.11;20
-0.43;14.943;28.474;20
6.294;13.69;17.633;20
8.736;11.937;-4.089;20
2.895;13.966;-9.092;20
-1.433;17.319;-5.112;20
-3.207;19.089;-1.337;20
-8.138;18.372;-5.892;20
-9.596;13.089;-7.582;20
-4.226;6.945;-3.971;20
-3.048;4.334;-1.369;20
-2.78;3.868;0.921;20
6.123;-10.657;-0.58;20
25.558;-38.513;-2.253;20
15.312;-22.868;4.861;20
-1.706;0.955;-0.024;20
-2.234;0.31;-22.351;20
-1.683;-6.611;17.662;20
-2.875;-8.422;21.898;20
-13.981;1.965;-3.478;20
-16.598;8.459;-1.992;20
-16.186;10.385;-1.377;20
-11.909;10.259;-2.252;20
-9.457;10.496;1.924;20
-12.133;10.93;7.869;20
-8.089;6.571;8.04;20
-4.495;-3.151;-0.538;20
-5.673;-12.475;-17.94;20
8.163;-24.668;-18.38;20
36.245;-48.538;-8.177;20
30.516;-30.119;-1.732;20
1.473;9.799;23.863;20
0.538;16.531;32.963;20
6.34;12.379;1.914;20
5.594;13.541;-11.156;20
2.07;15.127;-11.664;20
-2.239;19.809;-5.386;20
-3.444;22.741;5.323;20
-5.157;20.631;-6.777;20
-9.781;11.962;-11.56;20
-6.621;6.245;-2.962;20
-4.756;3.816;0.945;20
1.012;-1.056;0.742;20
17.789;-26.548;-0.428;20
26.607;-39.17;0.707;20
4.342;-11.095;9.113;20
-4.948;0.237;-6.542;20
-3.92;-5.443;-25.588;20
-3.399;-13.005;27.671;20
-5.786;-5.263;23.81;20
-9.987;6.471;-7.767;20
-17.052;10.908;-1.042;20
-15.558;10.878;-2.014;20
-11.46;10.424;-1.955;20
-10.301;11.175;5.736;20
-10.73;10.685;10.548;20
-5.79;4.638;3.39;20
-3.497;-5.837;-5.814;20
-3.024;-14.73;-20.255;20
19.057;-33.903;-16.66;20
40.991;-47.219;-9.992;20
20.942;-15.433;7.008;20
-3.021;14.179;33.075;20
-0.315;16.672;21.385;20
4.765;13.785;-3.118;20
3.245;14.431;-11.712;20
-0.858;16.713;-10.472;20
-3.491;21.596;-1.569;20
-1.973;21.514;3.664;20
-4.915;16.241;-10.367;20
-7.73;9.762;-11.497;20
-5.513;5.858;-1.952;20
-3.101;2.903;1.901;20
0.617;-2.74;2.325;20
19.693;-30.935;-0.69;20
24.901;-40.15;-1.544;20
2.19;-10.382;1.479;20
-0.796;0.374;-17.034;20
-2.704;-0.822;4.839;20
5.303;-8.471;36.084;20
-7.987;-2.288;-5.608;20
-13.865;4.574;-1.74;20
-20.527;9.515;-2.18;20
-16.631;10.178;-1.356;20
-11.316;11.469;0.244;20
-14.226;13.91;3.969;20
-11.827;9.132;13.269;20
-2.825;2.686;4.082;20
-1.742;-3.855;-6.031;20
-4.088;-14.702;-22.309;20
13.321;-34.545;-18.241;20
37.83;-46.846;-4.887;20
22.53;-15.557;7.999;20
2.915;11.675;27.073;20
0.778;14.358;18.842;19
4.286;11.803;-2.46;20
4.76;14.4;-10.768;20
1.257;17.032;-10.662;20
-2.298;20.566;-0.95;20
-2.82;21.715;8.554;20
-2.583;17.392;-2.224;20
-8.799;10.597;-9.435;20
-10.623;8.162;-10.324;20
-5.82;4.118;-1.912;20
-1.525;-1.217;0.329;20
15.981;-26.665;-3.105;20
26.748;-41.92;-4.892;20
7.489;-13.888;13.419;20
-4.304;1.63;5.236;20
-1.693;-2.506;-23.393;20
-2.151;-6.049;10.62;20
-0.679;-8.404;32.557;20
-13.844;0.977;-5.692;20
-17.554;8.101;-3.728;20
-16.59;10.68;-2.853;20
-10.699;10.848;-0.815;20
-12.574;13.518;-0.065;20
-12.254;12.341;8.204;20
-6.208;6.25;10.434;20
-1.983;-2.168;-2.276;20
-3.095;-10.398;-20.044;20
7.525;-28.026;-19.516;20
32.465;-49.271;-5.591;20
26.235;-23.828;3.984;20
2.653;10.692;26.27;20
3.53;15.256;22.5;20
8.748;12.569;0.534;20
4.944;13.103;-10.669;20
0.762;14.88;-13.146;20
-2.872;18.836;-4.385;20
-4.001;22.995;4.661;20
-6.385;21.888;-8.5;20
-9.694;10.907;-6.206;20
-5.068;4.787;0.207;20
-2.631;3.193;1.202;20
-1.454;-0.01;3.6;20
18.383;-30.099;-2.352;20
27.775;-43.153;-6.422;20
0.922;-8.167;9.835;20
-5.413;2.79;0.063;20
1.19;-3.93;-26.158;20
-2.326;-6.064;-0.952;20
2.381;-8.81;47.178;20
-8.659;-0.217;-4.769;20
-17.193;6.873;-3.953;20
-20.566;10.48;-3.329;20
-13.083;10.461;-2.192;20
-9.832;11.389;2.36;20
-13.49;12.781;7.093;20
-9.252;9.093;8.449;20
-2.196;2.05;-0.059;20
-3.399;-6.349;-10.234;20
-0.683;-19.574;-25.149;20
25.21;-46.058;-15.444;20
34.269;-40.258;3.026;20
9.759;2.77;19.091;20
3.443;16.425;31.359;20
6.559;12.417;5.894;20
5.838;12.232;-9.941;20
3.493;14.197;-10.758;20
-0.344;17.904;-2.21;20
-1.047;20.156;5.228;20
-6.819;18.227;-2.43;20
-14.198;13.959;-11.524;20
-5.075;7.359;-6.006;20
-3.175;4.504;-1.585;20
-3.659;2.738;1.587;20
10.234;-18.493;-0.205;20
28.713;-44.269;-4.604;20
8.881;-14.926;8.373;20
-4.103;3.308;7.928;20
-2.882;-1.478;-24.606;20
-2.982;-8.328;-11.583;20
1.487;-11.473;49.043;20
-6.437;1.464;-4.05;20
-12.466;9.767;-6.723;20
-17.911;10.862;-2.405;20
-14.781;9.752;-2.622;20
-11.932;9.566;0.365;20
-14.005;10.705;7.852;20
-10.621;8.492;11.782;20
-4.083;0.463;2.903;20
-5.921;-9.349;-10.719;20
0.131;-17.193;-23.473;20
26.153;-39.128;-12.847;20
41.236;-43.712;-1.009;20
15.318;-2.627;10.973;20
1.163;17.967;27.394;20
3.466;17.166;12.776;20
5.881;14.042;-3.942;20
2.287;14.188;-9.657;20
-1.59;17.665;-5.031;20
-2.018;19.827;4.052;20
-8.124;19.791;-7.272;20
-12.585;13.616;-11.159;20
-4.126;6.459;-3.377;20
-3.023;4.807;-0.628;20
-4.97;1.909;2.719;20
11.924;-20.627;2.965;20
28.419;-42.911;-2.212;20
11.107;-12.639;0.054;20
-2.488;3.644;4.324;20
-4.701;0.225;-25.948;20
-1.403;-9.447;1.635;20
2.126;-12.885;35.193;20
-12.477;0.909;0.346;20
-18.417;7.53;-0.606;20
-18.188;9.14;-2.262;20
-12.719;10.039;-3.997;20
-9.826;10.054;2.641;20
-11.488;10.532;12.376;20
-9.057;9.007;6.466;20
-3.087;2.772;-3.025;19
-4.602;-7.829;-8.96;20
1.663;-22.189;-23.252;21
30.835;-48.206;-20.677;20
31.19;-35.085;1.97;19
7.064;4.09;20.23;20
-0.95;16.509;36.692;21
5.029;11.385;7.354;19
7.323;12.816;-11.393;20
4.309;15.493;-11.737;20
0.121;18.324;-6.003;20
-0.746;21.81;5.348;20
-2.364;21.561;0.305;20
-11.379;15.069;-11.626;20
-10.084;7.733;-6.416;20
-6.443;4.213;-1.098;20
1.121;-2.837;-0.521;20
20.042;-30.846;-0.022;20
18.714;-34.168;-2.241;20
5.623;-6.709;5.229;20
-2.335;1.395;6.691;20
-4.068;-4.047;-17.425;20
-1.953;-6.583;-18.571;20
12.735;-9.743;46.124;20
-8.794;-1.568;1.547;20
-18.365;5.312;-8.468;20
-20.711;9.597;-3.02;20
-15.468;10.214;-0.166;20
-11.436;11.238;-1.331;20
-14.153;11.923;4.765;20
-13.738;10.142;15.978;20
-3.309;3.665;4.426;20
-2.743;-5.835;-8.949;20
-3.711;-13.272;-20.246;20
17.091;-34.882;-16.009;20
42.044;-51.939;-2.715;20
19.754;-14.866;6.307;20
-0.6;15.126;22.878;20
1.88;17.013;18.191;20
7.647;13.076;-0.521;20
6.11;12.833;-9.882;20
1.81;15.213;-9.42;20
-0.696;20.366;3.388;20
0.246;21.969;10.301;20
-4.053;17.713;-9.081;20
-11.168;11.998;-14.923;20
-7.955;6.651;-3.871;20
-6.383;3.532;0.98;20
-0.232;-6.24;1.787;20
24.497;-41.786;-1.545;20
19.6;-32.269;-5.678;20
-1.234;-0.086;6.36;20
-5.246;3.352;0.813;20
-1.938;-2.519;-16.459;20
-0.483;-5.703;6.448;20
3.387;-7.03;30.818;20
-6.008;0.776;-4.188;20
-17.271;7.804;-4.254;20
-19.97;10.13;-1.519;20
-12.747;9.883;-2.866;20
-10.116;9.757;1.822;20
-13.763;10.943;9.662;20
-10.934;8.987;10.496;20
-2.452;2.288;1.157;20
-3.876;-6.414;-7.047;20
-1.849;-23.128;-27.96;20
27.142;-50.981;-18.372;20
33.584;-36.153;5.666;20
10.523;4.823;18.966;20
3.35;15.949;30.953;20
6.956;11.37;5.712;20
6.482;12.227;-10.59;20
2.841;15.995;-12.765;20
-0.654;19.458;-5.635;20
-0.912;20.149;5.492;20
-1.638;18.707;-1.13;20
-9.843;13.762;-10.714;20
-9.456;8.49;-4.841;20
-5.199;3.95;0.555;20
-5.106;2.768;2.039;20
6.157;-14.003;0.444;20
31.342;-46.996;-6.929;20
12.758;-22.225;5.15;20
-5.271;1.166;4.825;20
-5.711;-2.656;-20.581;20
-5.304;-4.578;-9.897;20
1.909;-6.106;42.661;20
-1.429;0.139;0.82;20
-13.223;7.91;-6.201;20
-17.733;9.989;-2.731;20
-13.556;9.863;-3.042;20
-10.76;9.519;-0.776;20
-13.758;10.878;4.645;20
-13.131;10.202;13.483;20
-3.832;4.312;5.26;20
-2.239;-4.339;-6.172;20
-3.934;-13.314;-21.31;20
14.075;-33.3;-15.861;20
39.01;-47.136;-1.419;20
21.581;-13.694;6.824;20
1.912;13.026;25.279;20
3.055;14.181;17.896;20
5.678;11.98;-2.3;20
4.347;13.238;-9.85;20
0.801;15.829;-9.954;20
-2.432;19.517;-1.238;20
-3.644;19.556;2.021;20
-9.28;15.069;-4.878;20
-9.755;9.293;-6.257;20
-5.503;3.021;-3.803;20
-3.389;3.592;2.227;20
-1.821;0.609;3.981;20
17.099;-26.902;-5.812;20
29.955;-39.286;-6.347;20
2.632;-5.899;11.806;20
-5.028;1.389;-5.875;20
-3.811;-4.333;-14.88;20
-6.757;-6.36;29.873;20
-2.375;-0.448;10.494;20
-2.543;7.564;-7.696;20
-11.044;9.873;-3.732;20
-11.834;10.052;-1.282;20
-12.222;10.067;-0.074;20
-14.534;9.577;2.998;20
-17.377;8.885;8.252;20
-6.688;4.721;3.285;20
-0.284;-0.452;-8.033;20
-4.292;-14.196;-13.734;20
7.623;-30.41;-15.586;19
30.298;-35.218;-0.404;20
30.25;-21.913;4.708;20
18.657;-2.407;6.934;20
8.849;10.962;13.364;20
-4.115;15.404;7.731;20
-9.513;11.372;-0.298;20
-2.198;7.872;-1.754;20
4.383;12.028;-2.484;20
4.477;14.936;3.673;20
4.172;17.364;17.615;20
-4.59;13.532;-2.92;20
-19.421;10.804;-17.172;20
-17.602;5.446;-9.685;20
-3.889;-0.908;-6.041;20
-5.647;-0.334;-14.151;20
-3.261;-8.763;3.003;20
14.103;-36.243;13.401;20
15.717;-23.312;0.343;20
4.694;6.929;2.338;20
2.883;7.803;5.461;20
3.958;1.142;-0.457;20
0.757;0.568;-10.579;20
3.229;-1.687;-5.228;20
0.084;-1.126;11.118;20
-6.979;1.439;12.72;20
-7.778;2.128;0.391;20
-6.78;2.973;-1.795;20
-6.96;6.593;-0.906;20
-10.753;9.875;-3.853;20
-12.452;9.426;-4.99;20
-7.38;7.037;3.388;20
-4.156;5.837;6.445;20
-2.88;-2.151;-0.891;20
-0.576;-15.63;-16.242;20
15.38;-33.583;-12.503;20
21.112;-19.969;6.856;20
11.757;3.015;5.472;20
8.339;8.395;6.815;20
8.165;5.326;8.395;20
4.474;0.958;3.955;20
-1.112;1.617;0.563;20
-2.671;5.29;-0.262;20
-1.811;8.657;2.225;20
-1.729;9.027;5.442;20
-4.534;4.375;5.842;20
-9.136;-0.745;1.155;20
-11.338;-2.819;-9.104;20
-8.511;0.297;-16.853;20
-3.254;4.734;-10.677;20
0.014;2.415;-1.999;20
1.381;-3.194;15.34;20
1.819;-2.935;8.668;20
4.258;-4.864;-1.139;20
6.34;-3.002;-4.987;20
6.014;0.212;-8.328;20
3.252;0.13;-8.396;20
1.776;-1.46;-3.883;20
1.249;0.897;-0.144;20
0.0;5.585;1.387;20
1.294;4.666;1.13;20
4.183;1.641;-0.099;20
4.763;1.584;-0.538;20
3.446;3.444;3.01;20
1.993;2.726;6.687;20
0.224;-0.169;3.67;20
-1.791;-3.153;1.658;20
-6.819;-3.972;0.35;20
-12.225;-2.535;-0.361;20
-11.992;-0.488;1.89;20
-9.361;-0.728;5.909;20
-5.217;-1.531;4.628;20
0.887;-3.38;0.623;20
5.16;-4.847;-2.558;20
5.759;-4.701;-5.902;20
5.163;-3.002;-6.043;20
4.446;1.064;-4.867;20
7.665;0.425;-1.31;20
6.935;1.12;1.556;20
2.205;6.352;1.072;20
1.472;5.297;1.325;20
0.714;2.068;0.552;20
-1.143;2.506;0.053;20
-1.773;4.456;-0.538;20
0.559;4.532;-0.238;20
4.25;-0.579;-2.385;20
2.144;0.345;-1.248;20
0.871;1.582;0.909;20
0.777;1.564;1.885;20
0.242;1.86;2.76;20
-1.902;0.986;9.096;20
-5.877;-0.862;10.301;20
-3.586;-1.528;-3.644;20
-2.249;-0.681;-7.426;20
-1.392;-1.626;-4.225;20
3.239;-1.636;-1.453;20
3.122;0.014;-2.638;20
3.599;-0.116;-5.263;20
4.239;-1.49;-0.565;20
-0.11;-2.516;2.88;20
-3.132;-2.193;1.891;20
-1.967;-1.961;-0.265;20
-1.876;-1.278;-2.004;20
-2.656;-2.042;-1.679;20
-4.228;-1.967;-2.908;20
-5.357;0.835;-6.011;20
-4.959;2.079;-5.705;20
-4.194;0.972;-0.249;20
-3.533;-0.728;2.819;20
-4.275;-0.116;3.889;20
-3.464;0.979;3.42;20
-2.817;2.77;1.267;20
-1.869;4.543;-3.742;20
-1.279;1.314;-6.886;20
-0.927;-2.872;-5.626;20
0.547;-3.223;-2.265;20
2.818;-1.956;-1.754;20
3.151;-1.034;-2.473;20
0.971;-0.312;-3.81;20
-1.23;0.361;-4.171;20
-3.088;1.896;-2.881;20
-3.156;3.261;-3.871;20
-0.469;3.317;-3.57;19
-0.019;2.278;-2.163;20
-7.841;3.628;-1.255;20
-6.58;2.787;-0.569;20
-3.891;1.385;-0.895;20
-2.855;-0.797;-2.229;20
-2.695;-2.347;-3.461;20
-2.688;-3.257;-4.176;20
-2.81;-3.647;-3.394;20
-3.156;-3.446;-1.204;20
-2.978;-3.938;-1.315;20
-1.831;-4.202;-1.576;20
-0.018;-4.275;-1.03;20
1.162;-3.638;0.014;20
1.423;-1.507;0.698;20
1.925;0.294;1.545;20
2.623;1.054;2.927;20
2.589;1.507;5.271;20
2.218;2.404;5.971;21
2.443;3.168;5.244;20
3.82;2.748;5.552;19
4.66;1.658;6.325;20
3.588;1.777;5.955;20
6.334;2.845;12.278;20
8.975;4.076;17.117;20
2.123;5.025;9.25;20
-4.483;2.627;1.435;20
-2.577;1.013;-0.172;20
0.211;2.276;4.122;20
2.229;2.441;9.218;20
0.51;2.572;8.982;20
-2.289;3.108;7.747;20
-1.734;3.498;6.668;20
-0.509;4.409;5.629;20
-1.178;5.658;5.408;20
-0.543;3.202;4.837;20
-0.297;3.321;4.895;20
-1.017;4.225;3.657;20
-0.491;3.142;2.811;20
0.364;2.554;2.323;20
1.315;2.885;1.295;20
2.391;3.202;-0.149;20
3.025;3.393;-0.412;20
3.086;3.364;0.577;20
2.461;3.245;0.03;20
1.945;3.542;-1.223;20
1.99;3.601;-1.003;20
1.427;3.442;-0.08;20
0.646;3.164;0.917;20
-0.46;3.959;0.377;75
-0.61;4.103;-0.557;20
-0.955;4.285;-0.562;20
-1.243;4.108;-0.371;20
-2.071;4.259;-0.346;20
-1.351;3.842;-0.264;20
-0.088;2.551;0.328;20
0.754;1.722;0.661;20
0.333;1.891;0.633;20
-0.231;2.118;0.66;20
-0.206;1.913;0.915;20
0.36;1.516;0.711;20
0.309;1.473;0.007;20
-0.541;1.927;-0.199;20
-0.518;1.584;0.21;20
-0.136;0.97;0.196;20
-0.055;0.671;0.294;20
-0.113;0.32;0.625;20
-0.665;0.402;1.329;20
-1.054;0.609;1.122;20
-0.889;0.398;-0.196;20
-0.439;0.299;-0.91;20
-0.195;0.134;-0.675;20
-0.24;-0.063;0.066;20
-0.061;-0.326;0.366;20
-0.238;-0.319;-0.023;20
-1.005;-0.153;0.241;20
-1.169;-0.544;0.542;20
-1.121;-1.042;0.405;20
-1.527;-0.662;-0.562;20
-1.715;-0.283;-0.731;20
-1.131;-0.557;0.054;20
-0.751;-0.237;-0.454;20
-0.563;-0.137;-0.473;20
-0.844;0.184;0.178;20
-0.487;0.322;1.296;20
-0.208;0.35;1.209;20
-0.454;0.068;1.318;20
-0.44;0.252;1.303;20
0.203;0.29;0.167;20
0.397;0.13;-0.348;20
0.433;0.227;0.125;20
0.491;0.069;0.804;20
0.727;-0.062;0.8;20
0.592;-0.033;0.179;20
-0.03;0.154;0.006;20
0.029;0.088;-0.097;20
0.262;0.096;-0.643;19
0.839;-0.302;-0.939;20
1.078;-0.483;-0.69;20
0.78;-0.353;-0.282;20
0.465;-0.257;0.014;20
0.372;-0.142;0.16;20
0.427;-0.179;0.14;20
0.39;-0.139;-0.013;20
0.431;0.039;-0.092;20
0.47;-0.014;0.073;20
0.247;-0.048;0.256;20
0.105;-0.107;0.394;20
-0.029;-0.215;0.251;20
0.045;-0.27;-0.177;20
0.44;-0.421;-0.324;20
1.11;-0.546;-0.228;106
-0.065;0.278;0.001;20
-0.494;0.562;0.656;20
1.027;-0.049;0.317;20
1.573;0.095;-0.764;20
0.92;0.428;-1.246;20
0.03;0.603;-0.593;19
-0.12;0.485;0.668;20
-0.101;0.772;1.642;75
-0.043;0.629;0.344;20
-0.203;0.44;-0.747;20
-0.311;0.212;-1.132;20
-0.011;-0.019;-0.904;20
-0.172;0.103;-0.886;20
-0.206;0.105;-0.902;20
-0.139;-0.025;-0.431;20
-0.082;-0.315;0.297;20
-0.301;-0.115;1.142;20
-0.161;-0.022;0.565;20
-0.134;0.031;-0.082;20
-0.158;0.118;-0.16;20
0.163;0.037;-0.242;20
0.469;0.077;-0.443;20
0.042;0.314;-0.569;20
-0.048;0.386;-0.345;20
0.109;0.218;0.01;20
0.077;0.238;0.28;20
0.116;0.211;0.471;20
0.3;0.021;0.589;20
0.393;-0.098;0.609;20
0.214;-0.088;0.526;20
-0.139;0.05;0.595;20
-0.29;0.046;0.517;20
-0.252;0.036;0.148;20
-0.269;0.051;-0.286;20
-0.368;0.075;-0.565;20
-0.338;0.097;-0.481;20
-0.269;0.13;-0.399;20
-0.178;0.091;-0.257;20
-0.193;0.075;-0.178;20
-0.271;0.129;-0.013;20
-0.203;-0.001;0.045;20
-0.016;-0.131;0.012;20
-0.139;0.019;0.028;20
-0.179;0.09;-0.125;20
-0.086;0.062;-0.107;20
-0.176;0.106;-0.04;20
-0.308;0.183;0.04;20
-0.223;0.189;-0.036;20
-0.22;0.102;0.009;20
-0.222;0.063;0.029;20
-0.243;0.1;-0.063;20
-0.251;0.138;-0.159;20
-0.246;0.14;-0.191;20
-0.22;0.142;-0.18;20
-0.285;0.152;-0.222;20
-0.426;0.468;-0.519;20
-0.458;0.251;-0.177;20
-0.282;-0.037;0.075;20
-0.169;-0.076;0.309;20
-0.069;0.05;0.451;20
-0.098;0.077;0.092;20
-0.075;0.088;-0.006;20
-0.142;0.216;-0.001;20
-0.146;0.155;0.105;20
0.052;-0.103;-0.134;20
0.034;0.154;-0.359;20
-0.162;0.125;-0.361;20
-0.185;0.17;-0.132;20
-0.113;0.234;-0.104;20
-0.027;0.236;-0.022;20
0.064;0.236;-0.159;20
0.092;0.214;-0.221;20
-0.041;0.213;-0.122;20
-0.04;0.169;0.033;20
0.043;0.065;0.117;20
0.108;-0.047;0.22;20
0.048;-0.008;0.246;20
-0.105;0.045;0.055;20
-0.123;0.096;-0.045;20
-0.049;0.147;-0.192;20
-0.063;0.197;-0.359;20
0.055;0.131;-0.425;20
0.29;-0.045;-0.171;20
0.248;-0.085;0.144;20
0.194;-0.061;0.166;20
0.082;-0.077;0.035;20
0.073;-0.042;0.107;20
0.044;-0.01;0.062;20
0.036;0.071;-0.026;20
0.031;0.129;-0.14;20
-0.035;0.128;-0.192;20
-0.037;0.09;-0.103;20
-0.078;0.078;-0.004;20
-0.139;0.182;-0.133;20
-0.071;0.13;-0.354;20
0.036;-0.043;-0.042;20
0.001;-0.111;0.424;20
-0.202;0.027;0.35;20
-0.228;0.157;-0.046;20
-0.229;0.209;-0.143;20
-0.262;0.24;-0.025;20
-0.228;0.174;-0.136;20
-0.136;0.079;-0.23;20
-0.019;0.039;-0.225;19
0.126;-0.039;-0.242;20
0.214;-0.045;-0.339;20
0.08;0.044;-0.277;20
-0.177;0.236;-0.573;20
-0.463;0.434;-0.575;20
-0.225;0.219;-0.127;20
0.097;-0.034;0.391;20
0.191;-0.066;0.563;20
-0.051;0.087;0.115;20
0.042;0.02;0.143;20
0.059;0.102;0.095;20
0.061;0.122;-0.162;20
0.031;0.082;-0.15;20
0.111;-0.003;-0.083;20
0.111;-0.071;0.066;20
0.026;-0.129;0.172;20
0.002;-0.11;0.104;20
0.0;-0.048;-0.079;20
0.018;-0.006;-0.168;20
-0.05;0.059;-0.126;20
-0.161;0.149;-0.01;20
-0.324;0.269;0.132;20
-0.276;0.271;-0.029;20
0.009;0.157;-0.126;20
0.05;0.181;-0.163;20
-0.542;0.339;-0.726;20
-0.002;0.142;0.077;20
-0.108;-0.086;0.174;20
-0.105;0.23;0.072;20
-0.117;-0.008;0.127;20
-0.085;0.181;0.042;20
0.054;-0.063;0.033;20
0.026;0.098;-0.011;20
0.291;-0.059;-0.014;20
0.442;-0.06;-0.128;20
0.476;-0.069;0.185;20
0.462;-0.231;0.263;20
0.42;-0.135;0.205;20
0.362;-0.106;0.063;20
0.417;-0.159;0.014;20
0.237;-0.137;-0.127;20
0.113;-0.054;-0.242;20
0.094;-0.036;-0.31;20
0.014;-0.112;-0.021;20
-0.066;-0.066;0.245;20
-0.103;0.047;0.122;20
0.09;0.052;-0.131;20
0.139;0.022;-0.158;20
-0.054;0.116;-0.081;20
-0.321;0.223;-0.059;20
-0.08;0.111;-0.423;20
-0.34;0.271;-0.566;20
-0.192;0.17;-0.116;20
0.039;-0.079;0.33;20
-0.01;0.062;0.282;20
0.118;-0.021;0.163;20
-0.074;0.083;0.039;20
-0.221;0.194;-0.029;20
0.039;0.05;-0.159;20
0.352;-0.064;-0.306;20
0.356;-0.174;-0.228;20
0.247;-0.102;0.153;20
0.067;0.044;0.19;20
-0.05;0.136;0.047;20
0.029;0.026;-0.034;20
-0.019;0.041;-0.144;20
-0.109;-0.136;0.314;20
-0.19;-0.159;0.699;20
-0.369;0.029;0.302;20
-0.157;0.064;-0.138;20
-0.087;0.06;-0.157;20
-0.035;0.077;0.009;20
0.081;-0.031;-0.064;20
0.079;-0.074;-0.244;20
-0.021;0.057;0.022;20
-0.074;0.023;0.167;20
-0.05;-0.011;0.118;20
-0.046;-0.061;-0.056;20
-0.069;-0.114;0.057;20
0.056;-0.054;-0.008;20
0.107;-0.059;-0.236;20
0.18;-0.124;-0.336;20
0.081;-0.147;-0.289;20
-0.089;-0.069;-0.172;20
-0.154;-0.092;0.003;20
-0.099;-0.096;0.117;20
-0.062;-0.009;0.135;20
0.041;-0.04;0.124;20
0.052;0.003;0.133;20
-0.156;0.143;0.252;20
-0.257;0.218;0.149;20
-0.132;0.185;0.023;20
-0.101;0.12;-0.008;20
-0.206;0.149;0.169;20
-0.19;0.213;-0.053;20
-0.093;0.105;-0.307;20
-0.056;0.051;-0.178;20
-0.019;-0.027;0.244;20
-0.072;-0.007;0.182;20
-0.127;0.069;-0.169;20
-0.239;0.113;-0.236;20
-0.148;0.053;0.014;20
0.034;-0.102;0.065;20
0.165;-0.196;-0.18;20
0.032;-0.097;-0.206;20
-0.094;0.053;-0.115;20
-0.151;0.222;0.148;19
-0.127;0.144;-0.244;20
-0.049;-0.028;-0.257;20
0.076;-0.092;-0.253;20
-0.032;0.0;0.045;20
-0.133;0.162;0.099;20
-0.114;0.161;-0.021;20
-0.066;0.023;0.076;20
-0.073;0.023;0.181;20
-0.09;0.078;0.22;20
0.142;0.031;0.047;20
0.359;-0.129;-0.055;20
0.236;-0.07;-0.183;20
0.119;-0.007;-0.369;20
-0.087;0.031;-0.311;20
-0.168;0.049;-0.076;20
-0.065;0.023;0.079;20
-0.052;0.02;-0.022;20
-0.11;0.064;-0.146;20
-0.181;0.184;-0.108;20
-0.268;0.229;0.026;20
-0.369;0.229;0.1;20
-0.379;0.277;-0.003;20
-0.311;0.359;-0.186;19
-0.337;0.292;-0.118;20
-0.282;0.214;0.089;20
-0.24;0.174;0.061;20
-0.196;0.2;-0.117;20
-0.045;0.101;-0.213;20
0.187;-0.032;-0.206;20
0.09;-0.012;-0.06;20
-0.163;0.099;-0.016;20
-0.155;0.099;0.087;20
-0.132;0.122;0.015;20
-0.074;0.173;-0.161;20
0.018;0.136;-0.311;20
0.0;0.106;-0.337;20
-0.188;0.177;-0.248;20
-0.293;0.204;-0.176;20
-0.173;0.152;-0.052;20
-0.196;0.215;-0.424;20
-0.523;0.472;-0.749;20
-0.061;-0.082;-0.046;20
-0.017;-0.226;0.474;20
-0.052;-0.144;0.57;20
-0.199;0.143;-0.012;20
-0.246;0.325;-0.336;19
-0.115;0.164;-0.227;20
-0.081;0.059;-0.279;20
-0.138;0.034;-0.27;20
-0.095;0.031;-0.077;20
-0.023;-0.055;0.077;20
0.093;-0.088;0.099;20
0.216;-0.097;0.106;20
0.184;-0.1;0.116;20
0.15;-0.066;0.062;20
0.119;-0.059;0.128;20
0.168;-0.076;0.122;20
0.228;-0.026;0.085;20
0.145;-0.017;-0.036;20
0.098;-0.088;0.09;20
0.125;-0.128;0.155;20
0.125;-0.054;0.126;20
0.196;-0.067;0.018;20
0.304;-0.156;-0.052;20
0.121;-0.055;0.047;20
-0.01;-0.003;0.018;20
-0.072;-0.045;0.03;19
-0.14;0.04;0.087;20
-0.057;0.091;0.097;20
0.05;0.028;-0.007;20
0.055;-0.008;-0.008;20
-0.01;0.021;-0.081;20
0.06;0.062;-0.233;20
0.022;0.18;-0.187;20
-0.139;0.073;0.095;20
-0.132;0.011;0.065;20
-0.082;0.013;-0.041;20
-0.229;0.012;0.201;20
-0.153;0.011;0.154;20
-0.079;-0.015;-0.072;20
-0.02;0.028;-0.167;20
-0.153;0.089;-0.244;20
-0.9;0.599;-1.713;20
-0.23;0.103;-0.413;20

# Completed @Sun Jan 24 21:15:21 GMT+02:00 2021
