# Accelerometer Data File
# Started @Sun Jan 24 21:13:49 GMT+02:00 2021
#
#
# sensor Vendor: BOSCH
# sensor Name: BMI160 Accelerometer Non-wakeup
# sensor Resolution: 0.0023928226m/sec^2; Max Range: 78.4532; Min Delay: 2500 microseconds
# The sensor's attributes are the result hardware and the Android capabilities.
# It means that the Android may not utilize all features provided by the hardware.
#
# Some devices and Android versions save battery too much so the device may go to sleep.
# It just happens after couple of minutes from turning off the scree and it is easy to find it out.
#
# The following file provides the data from accelerometer in the m/s^2 format.
# The diff value is just a time delta between the samples
#
#
# data format:
# so we have 4 columns with values separated by the ";"
# X;Y;Z;time_from_previous_sample(ms)

# sensor speed set to:NORMAL
# units set to: m/sec^2
# gravity  filtered out
# Accuracy: HIGH
-1.579;6.823;4.877;0
-1.315;4.992;5.498;19
-1.668;4.486;6.485;20
-2.013;4.359;6.687;20
-2.012;4.149;4.79;20
-1.451;3.659;2.593;20
-0.712;2.988;1.855;20
0.119;2.062;2.773;20
0.803;1.509;2.911;20
1.485;1.346;2.775;20
0.989;1.433;3.466;20
0.312;1.326;2.728;20
0.015;1.011;2.766;20
-0.026;0.875;2.568;20
0.029;0.504;2.32;20
-0.521;1.066;1.532;20
-0.344;1.158;0.881;20
0.321;0.956;0.716;20
1.108;0.543;0.495;20
1.387;0.539;1.337;20
-0.35;1.639;2.14;20
-0.246;1.19;2.131;20
-0.515;1.061;1.316;20
-0.131;0.854;-0.326;20
-0.435;0.727;-0.617;20
-1.392;0.792;-1.41;20
-1.031;0.462;-0.251;20
-0.449;0.03;0.885;20
-0.173;0.034;2.235;20
0.094;-0.198;2.313;19
0.312;-0.787;3.681;21
0.251;-1.262;2.242;19
0.062;-1.035;-0.638;20
-0.383;-0.482;-1.408;20
-1.657;-0.483;0.269;20
-2.027;-0.124;1.052;20
-1.127;-0.898;0.411;20
-0.711;-0.966;-0.301;20
-0.388;-0.745;-0.476;20
-0.142;-0.369;0.156;20
1.231;-0.629;0.576;20
0.944;-0.764;-0.472;20
0.362;-0.196;-1.478;20
0.041;0.46;-1.463;20
0.77;0.294;-0.564;20
0.554;0.651;-0.157;20
0.921;0.648;-0.251;20
1.262;0.351;-1.509;20
0.682;0.519;-1.25;20
0.49;0.665;-0.968;20
0.554;0.699;-0.426;20
0.873;0.648;0.074;20
0.335;0.905;0.407;20
0.366;0.902;0.045;20
0.406;0.904;0.252;20
0.907;0.441;1.416;20
1.875;-0.036;1.212;20
0.112;1.546;0.006;19
0.729;0.501;0.148;20
1.344;0.35;0.806;20
1.081;0.114;0.431;20
0.479;0.366;-0.379;20
0.318;0.503;1.033;20
0.763;-0.119;1.725;20
1.216;-0.634;1.464;20
1.315;-0.922;1.613;20
1.146;-1.391;-0.57;20
-0.093;-1.165;-0.969;20
-0.524;-0.738;0.614;20
0.545;-0.661;0.667;20
1.536;-0.597;0.266;20
1.642;-0.678;0.583;20
1.293;-0.662;-0.321;20
0.909;-0.52;-2.051;20
0.013;-0.653;-1.95;20
-0.045;-0.136;-1.944;20
0.259;-0.197;-0.796;20
-0.331;-0.027;0.015;20
-1.177;-0.004;0.27;20
-1.31;0.734;-0.868;20
-0.75;0.128;-0.832;20
-0.16;-0.424;-0.523;20
-0.246;-0.414;-0.925;20
-1.317;0.19;-0.078;20
-1.149;-0.031;0.912;20
-1.105;0.446;0.336;20
-0.783;-0.488;1.125;20
-2.007;-0.05;2.331;20
-2.558;0.285;1.81;20
-1.917;-0.592;1.264;20
-1.052;-0.492;1.805;20
-1.963;-0.086;1.484;20
-2.442;-0.085;0.988;20
-1.886;-0.246;0.062;20
-9.328;0.908;-2.845;95
-6.627;-0.227;-8.082;20
-0.73;-2.255;-6.78;20
-1.401;1.913;-4.226;20
-0.273;0.911;-4.386;20
0.061;-1.309;0.825;20
-0.619;-0.109;6.678;20
-1.117;-1.461;5.268;20
-2.155;-2.065;-3.558;20
-1.922;-3.443;-13.397;20
1.359;-6.654;-15.395;20
-4.379;-3.218;-2.373;20
-6.423;-1.094;3.792;20
-3.217;-3.505;1.55;20
-1.024;-5.722;-3.435;20
-0.51;-6.35;-5.392;20
-0.666;-5.707;-4.31;20
-4.012;-5.373;-1.395;20
-8.992;-4.366;1.143;20
-9.235;-4.104;-0.807;20
-10.062;-4.122;-6.129;20
-13.211;-0.672;-8.966;20
-11.529;2.419;-8.218;20
-6.343;1.627;-4.647;20
-4.38;1.484;-3.083;20
-4.848;3.273;-4.458;20
-6.478;4.723;-6.809;20
-6.274;5.386;-6.089;20
-2.639;5.71;0.448;20
-0.431;4.794;5.532;20
-0.185;1.301;4.99;20
-0.477;-1.976;1.067;20
3.071;-3.253;2.165;20
6.671;-2.432;6.754;20
3.108;-0.684;2.593;20
-2.993;2.781;-3.838;20
1.145;-1.208;-4.071;20
9.327;-4.806;-2.094;20
9.364;-2.157;1.165;20
1.397;2.135;2.169;20
0.402;1.085;-2.979;20
3.582;-2.39;-4.777;20
3.08;-3.57;-4.965;20
3.373;-1.529;1.039;20
4.989;-0.542;3.164;20
4.41;-0.785;-1.459;20
3.206;-1.506;-3.018;20
0.732;0.763;0.221;20
1.829;3.336;0.861;19
3.401;2.082;5.147;21
1.69;1.216;0.945;19
0.747;0.652;-2.861;21
1.069;-0.695;-0.981;19
0.817;-0.681;1.934;21
-1.219;0.035;1.928;19
-4.307;1.116;0.2;21
-4.812;3.287;2.629;19
-3.274;4.112;3.75;21
-1.893;2.868;3.39;19
-0.593;1.739;3.855;21
-0.747;1.539;1.447;19
-2.289;-0.315;-1.048;20
-4.186;-0.682;-1.789;20
-6.639;1.097;-2.599;20
-5.029;-2.045;-3.042;20
-1.369;-5.614;-2.132;20
-0.812;-6.857;-0.222;20
0.657;-5.755;4.672;20
4.04;-3.752;7.68;20
5.965;-1.971;6.118;20
3.307;-0.25;2.702;20
2.877;1.219;2.158;20
3.107;1.877;-0.142;20
2.354;2.235;-2.581;20
3.242;0.231;-3.619;20
5.817;-2.709;-1.718;20
5.253;-3.069;1.784;20
2.438;-1.574;4.975;20
1.021;-0.203;8.337;20
1.559;0.019;4.959;20
-3.114;0.508;2.219;20
-9.896;1.859;1.152;20
-3.997;-1.398;6.058;20
1.39;-6.989;1.856;20
-0.522;-9.287;-6.271;20
-2.531;-7.493;-4.84;20
-5.115;-0.845;1.27;20
-1.309;0.066;2.24;20
0.828;-0.235;2.713;20
2.034;-0.615;0.339;20
1.594;-0.096;-2.27;20
1.365;0.025;-1.758;20
5.23;-2.956;-0.701;20
5.151;-4.155;-2.575;20
6.658;-3.784;-4.355;20
4.427;-2.196;-2.492;20
2.324;1.086;1.712;20
2.674;3.45;4.712;20
-1.18;2.652;0.759;20
-2.509;-2.092;-3.145;20
-1.068;-4.248;-3.74;20
-2.215;0.533;-0.8;20
-3.936;4.733;5.725;20
-4.075;2.744;4.348;20
-1.134;-2.949;1.546;20
1.156;-7.419;-0.679;20
1.115;-3.201;-1.163;20
-0.966;1.438;-0.066;20
-2.219;0.449;4.019;20
-1.145;-4.853;2.474;20
-0.826;-8.085;-5.743;20
-0.372;-7.832;-4.901;20
2.941;-5.184;-2.363;20
3.529;2.661;3.058;20
-0.432;5.948;4.149;20
1.192;2.294;1.992;20
1.823;1.194;0.432;20
1.82;0.975;-3.193;20
4.109;2.02;-4.446;20
4.784;0.824;-2.347;20
5.653;-2.946;-3.844;20
4.437;-3.527;-1.998;20
2.503;1.738;3.281;20
2.859;2.847;7.094;20
-4.433;0.092;6.385;20
-13.974;-1.1;3.293;20
-10.157;-1.21;-2.507;20
-0.251;-2.775;-4.71;20
4.469;-2.78;-2.861;20
2.47;-2.131;-0.148;20
0.94;-3.556;-3.832;20
2.224;-2.478;-3.102;20
3.467;-0.297;-0.381;20
5.412;-1.09;-0.505;20
2.456;0.005;-1.612;20
1.825;1.617;-2.68;20
-0.36;0.541;-3.416;20
-2.354;1.768;0.309;20
0.224;2.841;0.927;20
2.137;3.335;-0.428;20
0.184;0.917;-4.193;20
0.907;-0.306;-2.891;20
0.327;2.688;0.572;20
-0.824;1.906;0.114;20
-0.791;-2.218;-0.09;20
-0.77;-3.436;1.231;20
-1.855;-1.021;1.582;20
-2.077;0.158;1.473;20
-3.618;0.276;2.473;20
-3.728;0.488;3.359;20
-3.694;0.178;2.745;20
-2.701;-1.438;0.214;20
0.412;-2.7;-1.698;20
1.33;-1.294;-2.349;20
1.764;-1.699;-2.226;20
2.392;-5.25;-4.11;20
-0.432;-5.922;-4.26;20
-2.71;-2.391;-1.246;20
0.481;0.764;0.367;20
2.285;1.83;2.672;20
3.057;3.337;3.541;20
3.935;4.528;4.321;20
2.077;4.959;2.2;20
2.525;3.072;-1.447;20
5.461;0.575;-3.41;20
5.26;-1.219;-4.628;20
4.775;0.449;-2.443;20
6.759;2.873;1.505;20
4.233;2.631;3.486;20
-3.97;0.046;3.718;20
-14.876;0.791;4.184;20
-12.886;4.765;-2.839;20
-2.976;4.254;-2.283;20
3.873;-3.209;-0.11;20
4.098;-12.064;5.395;20
-3.329;-8.139;0.486;20
-4.494;-6.62;-4.48;20
1.236;-3.761;0.331;20
9.665;11.231;1.725;20
9.606;0.881;-6.572;20
4.705;-8.367;-8.379;20
-0.78;-3.634;-5.2;20
-1.935;3.897;-1.974;20
0.95;9.554;3.261;20
4.689;11.091;3.379;20
6.093;0.369;-3.997;20
6.879;-9.294;-9.136;20
5.257;-15.009;-4.672;20
-2.026;-17.365;3.69;20
-6.474;-2.238;12.902;20
-6.016;6.941;-1.427;20
1.445;-0.054;-4.505;20
5.976;-5.941;11.293;20
-2.533;0.12;1.149;20
-4.386;3.652;-1.149;20
-4.016;0.258;2.65;20
-2.599;-2.798;5.291;19
-0.858;-2.178;4.889;20
0.684;-1.88;1.179;20
1.612;-1.14;-1.939;20
2.457;-0.121;-2.672;20
3.264;0.046;-2.191;20
4.908;-1.407;-3.809;20
8.951;-2.939;-10.791;20
6.316;-4.154;-15.908;20
-13.11;-0.664;2.009;20
-12.375;-0.137;23.626;20
4.109;-1.362;8.451;20
1.061;5.014;-2.766;20
3.637;8.337;-0.344;20
7.857;8.944;-1.838;20
12.191;8.233;-4.101;20
12.128;6.122;-7.41;20
3.095;6.034;-1.346;20
-4.587;3.281;2.604;20
-9.608;-1.063;-2.718;20
-3.512;-2.026;-5.732;20
5.111;-0.616;1.968;20
-0.632;1.711;11.665;20
-7.272;-8.465;-4.5;20
2.913;-12.329;-1.534;20
2.044;0.929;1.049;20
2.732;2.349;0.657;20
4.636;-1.145;-0.165;20
3.657;-1.351;0.485;20
1.953;-2.018;1.519;20
0.606;-5.005;1.25;20
-6.514;-8.178;-7.881;20
-9.914;-8.518;-16.303;20
-5.952;-9.762;-5.592;20
-6.458;-4.687;24.886;20
-1.906;0.519;18.262;20
-4.466;7.153;-0.621;20
-11.324;11.168;1.627;20
-8.533;11.59;2.052;20
-4.843;9.957;-1.884;20
-3.565;8.847;0.63;20
-1.197;6.651;6.196;20
0.427;4.779;1.894;20
-1.454;-1.308;-3.551;20
-2.091;-9.84;-9.269;20
10.962;-27.215;-20.432;20
24.308;-42.847;-16.876;20
6.152;-15.162;9.949;20
-2.607;7.813;17.179;20
5.593;3.725;12.969;20
6.791;3.38;3.085;20
9.854;8.663;-5.676;20
9.692;12.21;-8.064;20
3.915;14.395;-5.119;20
-0.061;18.509;0.385;20
-1.316;20.593;4.527;20
-3.256;16.194;-6.534;20
-3.101;8.601;-6.364;20
-2.478;3.545;3.87;20
-2.245;3.244;2.271;20
-0.835;3.668;1.783;20
5.39;-10.992;6.488;20
18.795;-37.284;-3.784;20
8.641;-22.161;-5.945;20
-4.968;-1.647;-8.261;20
-2.024;-4.372;-24.014;20
-0.692;-12.951;8.962;20
-4.671;-9.62;40.806;20
-5.634;0.816;-1.652;20
-16.678;8.306;-1.142;20
-15.284;10.83;0.895;20
-12.147;11.45;0.214;20
-7.116;10.892;-0.282;20
-5.702;11.764;4.225;20
-5.67;10.62;6.54;20
-5.149;3.7;0.542;20
-3.804;-5.816;-8.506;20
3.05;-16.092;-17.931;20
23.834;-42.025;-20.117;20
23.639;-40.377;-4.45;20
-1.697;3.734;24.034;20
4.939;11.831;21.721;20
8.112;8.402;3.007;20
8.329;10.323;-3.282;20
7.221;11.182;-7.497;20
2.568;14.158;-4.136;20
-1.348;19.848;4.135;20
-3.926;20.694;-3.069;20
-4.587;14.983;-10.083;20
-3.73;8.394;-4.397;20
-2.634;1.154;1.745;20
-2.455;3.751;2.56;20
-2.82;5.294;5.341;20
5.134;-11.255;1.625;20
20.573;-34.961;-10.457;20
18.326;-25.48;1.51;20
5.179;-7.422;-15.137;20
-2.809;-4.473;-11.784;20
-1.499;-10.327;46.221;20
-9.175;-3.549;-1.139;20
-13.697;5.019;-0.624;20
-16.191;9.112;-1.062;20
-15.378;11.191;-0.734;20
-11.042;11.533;-0.455;20
-8.579;12.426;3.084;20
-8.545;11.908;8.767;20
-4.752;6.002;3.818;20
-2.709;-3.049;-4.926;20
-2.738;-12.092;-15.912;20
14.662;-33.255;-19.074;20
33.021;-47.677;-7.267;20
11.422;-12.422;6.849;20
-3.082;14.35;24.701;20
4.435;11.707;12.031;20
9.224;11.147;-0.349;20
7.473;12.272;-5.329;20
2.697;12.804;-7.196;20
-1.293;18.22;1.347;20
-3.768;21.893;4.769;20
-5.94;16.065;-8.81;20
-6.706;8.678;-8.156;20
-3.235;5.982;-2.31;20
-2.448;4.69;-0.275;20
-3.611;4.234;-0.493;20
7.426;-16.403;-4.41;20
21.572;-39.17;-3.814;20
13.453;-18.833;10.873;20
2.346;-2.369;-4.257;20
-1.768;-4.829;-21.43;20
-3.402;-10.982;31.482;20
-4.356;-5.462;13.193;20
-11.304;4.776;-3.099;20
-17.036;8.574;-1.747;20
-15.561;10.497;-1.48;20
-11.67;10.931;-2.246;20
-9.869;12.045;2.024;20
-11.338;12.27;9.161;19
-6.58;7.57;6.237;20
-1.179;-0.07;-2.293;20
-3.741;-8.137;-13.682;20
7.425;-31.232;-27.848;21
32.144;-55.686;-14.337;20
19.651;-22.497;11.208;19
-0.331;13.794;30.566;20
6.031;13.276;18.985;20
9.848;10.043;-2.292;20
7.326;12.958;-8.322;20
2.085;15.651;-7.058;20
-2.615;21.213;-0.35;20
-3.223;21.377;3.849;20
-7.275;15.434;-5.687;20
-8.608;9.378;-7.475;20
-3.828;4.54;-3.577;20
-1.921;2.657;-1.665;20
-3.199;4.463;2.741;20
2.734;-11.249;0.352;20
23.541;-36.607;-11.878;20
20.611;-21.365;5.819;20
2.894;-2.326;0.388;20
-3.263;-3.68;-21.216;20
-3.251;-14.555;29.127;20
-4.795;-9.512;12.222;20
-11.678;6.127;-1.745;20
-17.39;10.438;-2.362;20
-15.567;10.039;-1.696;20
-11.796;10.447;-1.443;20
-9.739;11.681;2.124;20
-11.492;12.369;7.987;20
-8.838;8.06;6.611;20
-4.647;-2.326;-1.819;20
-5.493;-10.238;-13.588;20
9.698;-27.258;-22.511;20
38.605;-55.743;-11.983;20
21.602;-24.815;7.993;20
-2.681;14.864;32.23;20
5.643;14.227;19.139;20
11.643;11.204;-4.109;20
6.751;14.295;-11.466;20
-0.143;18.059;-9.495;20
-2.61;22.393;4.872;20
-4.061;22.853;3.354;20
-8.236;14.455;-8.823;20
-9.217;8.441;-7.546;20
-5.238;4.704;-3.441;20
-2.362;3.85;-1.644;20
1.017;-0.286;-1.62;20
14.284;-24.548;-5.476;20
23.486;-37.344;2.799;20
6.63;-12.085;8.065;20
2.263;-1.905;-21.016;20
-4.081;-10.313;14.269;20
-6.305;-12.513;28.408;20
-8.527;1.405;-4.475;20
-15.355;10.729;-2.853;20
-17.054;12.494;-0.674;20
-14.348;11.82;-2.224;20
-10.77;11.349;3.094;20
-10.144;10.686;10.365;20
-8.84;7.567;5.077;20
-4.716;-1.676;-4.049;20
-4.007;-10.378;-14.243;20
5.838;-24.568;-21.582;20
34.501;-49.269;-13.75;20
28.589;-29.108;3.52;20
4.533;9.506;27.72;20
2.185;17.679;24.361;20
7.071;13.921;-1.22;20
6.931;14.489;-8.71;20
1.592;16.724;-7.186;20
-2.535;21.597;3.563;20
-3.772;22.357;5.11;20
-9.062;15.458;-9.323;20
-11.135;9.264;-10.982;20
-3.796;5.992;-5.917;20
-0.35;2.831;-3.548;20
-1.173;1.705;0.274;20
7.563;-15.787;2.282;20
21.344;-36.727;-0.019;20
14.438;-22.083;0.1;20
-2.596;-0.286;-4.3;20
2.134;-6.65;-23.172;20
2.513;-13.89;32.165;20
-0.169;-6.176;14.141;20
-9.543;4.968;-3.323;20
-16.38;7.304;-6.3;20
-21.503;10.948;-3.014;20
-16.979;9.931;1.202;20
-10.65;10.779;3.977;20
-12.233;12.452;11.323;20
-8.819;8.855;6.442;20
-3.319;-0.656;-1.939;20
-4.854;-9.302;-11.693;20
4.733;-24.048;-24.668;20
36.654;-51.781;-14.789;20
29.21;-29.349;6.168;20
2.392;11.243;25.877;20
2.017;17.492;25.669;20
8.292;13.492;1.148;20
6.971;13.839;-9.368;20
1.943;15.998;-8.843;20
-1.746;20.505;0.703;20
-2.354;21.124;6.876;20
-8.295;15.502;-6.707;20
-12.676;10.502;-9.949;20
-4.936;6.125;-4.63;20
-2.772;3.62;-3.082;20
-1.337;0.862;-1.362;20
12.848;-21.735;-3.597;20
21.772;-36.509;-4.953;20
9.518;-14.813;11.702;20
-0.469;-0.321;0.718;20
0.653;-6.213;-25.295;20
1.614;-16.318;36.241;20
-6.153;-4.868;9.695;20
-13.262;5.805;-6.02;20
-17.198;9.31;-4.916;20
-17.49;10.893;-0.934;20
-13.977;10.599;0.036;20
-11.189;11.954;4.713;20
-11.836;11.989;10.082;20
-5.851;5.043;5.032;20
-3.351;-4.434;-4.476;20
-3.202;-11.202;-16.832;20
14.305;-30.608;-18.09;20
38.159;-48.98;-9.738;20
20.358;-14.515;6.618;20
2.579;15.428;28.035;20
4.255;17.434;17.787;20
8.508;12.994;-2.489;19
5.71;12.679;-9.139;20
-0.933;16.642;-7.367;21
-3.302;20.745;6.119;20
-3.506;17.836;4.16;19
-7.327;11.798;-9.93;20
-10.063;9.7;-9.231;20
-5.627;5.117;-3.351;20
-4.775;4.301;-1.634;20
1.188;-6.541;-1.904;20
22.708;-38.28;-5.268;20
19.122;-27.967;-1.038;20
-1.591;1.873;7.973;21
0.044;0.657;-11.692;20
2.784;-10.53;8.263;19
-0.833;-10.779;26.263;20
-8.435;2.766;-4.142;20
-12.663;7.353;-4.051;20
-17.349;9.194;-1.421;20
-14.357;9.363;-0.876;20
-13.141;11.152;-0.312;20
-14.267;12.147;7.34;20
-9.551;8.149;10.232;20
-3.204;0.181;-0.199;20
-2.596;-7.544;-12.205;20
2.205;-19.934;-21.742;20
29.876;-44.489;-13.273;20
35.287;-37.22;-2.062;20
8.302;3.215;22.483;20
-3.281;18.623;26.798;20
3.646;13.636;5.057;20
6.879;12.516;-8.306;20
3.863;13.904;-11.989;20
-1.046;18.0;-3.672;20
-2.189;21.695;10.807;20
-2.602;18.021;-3.456;20
-7.404;10.835;-11.952;20
-7.757;6.971;-4.944;20
-3.98;3.04;-1.513;20
-4.701;2.943;-1.455;20
5.554;-15.003;-0.093;20
26.825;-43.626;-5.161;20
12.956;-20.944;2.122;20
-4.513;4.216;2.714;20
-0.032;-1.642;-15.628;20
0.675;-13.047;27.438;20
-4.76;-5.406;11.48;20
-10.917;4.941;-3.657;20
-17.358;7.787;-3.843;20
-16.892;9.306;-3.107;20
-11.965;10.096;0.299;20
-14.597;13.239;1.771;20
-12.312;11.317;10.276;20
-6.297;5.318;5.849;20
-0.145;-3.363;-4.788;20
-1.056;-10.729;-16.167;20
8.615;-26.475;-16.575;20
35.94;-46.59;-7.63;20
27.353;-22.991;-1.973;20
2.161;11.506;24.413;20
-0.74;15.801;23.714;20
5.533;11.151;2.791;20
5.614;11.823;-8.077;20
0.456;14.215;-10.915;20
-3.996;18.973;-3.291;20
-4.195;21.312;5.385;20
-5.528;15.393;-3.645;20
-9.71;9.886;-8.211;20
-7.243;5.959;-4.839;20
-4.606;4.059;-3.545;20
0.316;-1.348;-1.873;20
17.996;-27.675;-3.902;20
22.08;-33.691;2.897;20
7.048;-6.874;15.704;20
0.233;1.175;-8.826;20
-0.11;-5.59;-18.962;20
-5.183;-15.134;29.672;20
-10.354;-5.012;6.643;20
-11.839;6.111;-3.12;20
-16.385;10.008;-1.392;20
-16.14;10.52;-1.442;20
-12.268;10.529;-0.375;20
-12.475;11.576;6.338;20
-11.596;9.601;10.721;20
-2.589;2.654;1.273;20
0.327;-5.932;-7.136;20
-0.651;-15.127;-16.126;20
19.0;-33.149;-15.316;20
37.954;-40.461;-9.017;20
19.024;-11.093;6.565;20
-1.444;13.638;24.81;20
0.534;14.587;17.245;20
7.377;11.503;-0.982;20
6.271;12.761;-9.281;20
0.789;15.568;-8.081;20
-2.551;20.291;4.325;20
-4.055;21.371;4.985;20
-10.43;15.25;-10.505;20
-10.321;8.788;-8.126;20
-4.44;4.826;-3.564;20
-2.97;2.739;-2.462;20
-0.823;-0.748;0.021;20
14.762;-26.437;-3.281;20
25.393;-38.255;-2.213;20
7.025;-8.746;8.793;20
-1.151;1.03;-5.976;20
-1.088;-6.385;-11.794;20
-4.931;-11.822;32.208;20
-5.893;-1.628;4.019;20
-11.314;7.112;-2.664;20
-18.071;9.301;-4.207;20
-16.896;9.744;-2.587;20
-12.563;9.436;1.693;20
-12.622;10.525;7.287;20
-11.849;9.089;9.911;20
-5.117;1.395;2.381;20
-3.042;-8.174;-7.36;20
-0.631;-15.064;-18.509;20
21.779;-30.764;-16.395;20
40.244;-41.837;-10.703;20
20.9;-12.15;11.437;20
-1.509;14.974;28.814;20
-0.685;16.335;13.793;20
6.945;13.21;-1.23;20
4.994;13.281;-8.606;20
-0.66;16.237;-7.12;20
-2.633;20.516;3.944;20
-4.047;18.909;0.812;20
-9.237;12.372;-7.621;20
-8.496;8.252;-5.912;20
-5.29;5.294;-4.066;20
-1.072;1.203;-3.082;20
10.215;-16.284;-3.509;20
20.137;-36.185;-4.458;20
10.562;-18.801;10.975;19
0.69;-0.132;5.898;20
0.927;-1.27;-23.973;20
-0.128;-11.418;17.935;20
-3.302;-10.311;22.786;20
-15.148;3.372;-7.286;20
-17.426;8.259;-5.389;20
-16.884;10.565;-3.817;20
-12.464;10.557;-0.152;20
-14.874;13.867;1.656;20
-15.467;12.978;10.235;20
-6.612;5.926;10.483;20
-0.16;-1.108;-1.206;20
-2.944;-8.01;-10.912;20
4.524;-26.906;-23.675;20
38.116;-53.954;-12.776;20
30.469;-27.081;-0.18;20
4.548;10.533;21.215;20
3.396;16.695;27.797;20
8.548;11.926;4.284;20
5.505;14.232;-8.501;20
0.017;16.931;-10.059;20
-3.358;20.242;-3.456;20
-3.112;18.655;4.757;20
-8.961;14.696;-2.992;20
-12.663;10.963;-7.504;20
-6.207;4.813;-4.339;20
-3.375;2.896;-2.515;20
-1.041;0.416;-0.144;20
15.838;-24.961;-5.621;20
24.753;-33.995;-2.633;20
8.31;-7.059;15.862;20
-1.955;1.342;-3.932;20
-1.8;-3.549;-27.427;20
6.759;-16.996;29.64;20
-4.926;-5.147;10.121;20
-16.977;5.446;-4.615;20
-18.308;8.094;-3.759;20
-17.284;9.443;-1.514;20
-12.272;9.902;-1.468;20
-13.606;12.204;2.69;20
-15.442;12.079;12.655;20
-6.792;5.845;9.956;20
-1.833;-2.566;-2.789;20
-5.171;-11.494;-17.461;20
14.604;-34.905;-25.999;20
43.985;-56.619;-11.196;20
21.703;-17.551;12.239;20
-0.771;16.035;38.662;20
5.471;15.4;19.237;20
8.263;13.17;-7.359;20
4.018;16.247;-11.997;20
-1.652;19.542;-14.238;20
-2.541;22.027;2.41;20
-2.276;20.533;7.022;20
-5.709;14.509;-8.502;20
-7.879;9.58;-7.432;20
-5.711;5.326;-0.891;20
-3.833;4.017;-1.429;20
-1.21;-2.584;-1.627;20
23.934;-37.01;-5.621;20
27.133;-38.063;2.404;20
-1.017;-3.067;9.597;20
-2.269;1.859;-12.227;20
-0.529;-8.69;-2.785;20
-2.367;-12.503;30.795;20
-9.555;1.255;-1.294;20
-17.469;7.836;-5.297;20
-19.146;10.103;-2.81;20
-14.036;10.121;-1.789;20
-11.804;10.998;2.243;20
-16.024;13.511;7.038;20
-12.346;9.506;11.097;20
-1.862;1.152;1.794;20
-1.48;-6.568;-8.248;20
-2.778;-19.533;-25.317;20
29.117;-47.534;-16.251;20
40.288;-40.12;-1.155;20
10.461;2.146;16.03;20
2.978;16.993;30.583;20
4.685;15.14;7.647;20
5.85;13.831;-6.054;20
2.784;15.009;-10.33;20
-1.971;18.79;-9.312;20
-2.958;21.671;7.333;20
-3.121;19.388;5.606;20
-7.709;12.257;-8.87;20
-9.586;8.151;-8.662;20
-5.46;4.301;-4.34;20
-2.717;1.574;-3.417;20
10.487;-18.977;-3.636;20
26.602;-42.78;-4.249;20
11.053;-17.863;11.726;20
-5.382;4.602;7.69;20
-1.261;0.545;-16.237;20
-0.897;-11.571;3.052;20
-2.006;-12.779;27.824;20
-8.401;1.667;-3.812;20
-16.169;8.83;-4.302;20
-17.987;10.784;-2.91;20
-13.762;10.81;-2.798;20
-14.689;12.286;1.819;20
-17.517;13.034;8.734;20
-8.624;6.466;10.323;20
-0.606;-1.605;-2.027;20
-2.835;-8.307;-12.24;20
2.074;-20.468;-21.006;20
32.647;-43.186;-15.732;20
38.051;-38.055;-3.202;20
7.48;1.707;23.646;20
-2.852;16.619;31.192;20
5.269;11.999;4.39;20
7.189;12.185;-7.179;20
3.471;13.894;-11.692;20
-1.056;18.906;-7.899;20
-3.403;24.477;10.323;20
-2.589;23.704;3.358;20
-6.698;14.454;-16.131;20
-9.411;7.742;-8.735;20
-6.206;3.9;-0.385;20
-3.947;0.302;-0.09;20
16.448;-27.91;-4.746;20
29.062;-43.806;-2.726;20
4.329;-11.047;12.793;20
-6.175;4.907;2.26;20
-0.239;-1.398;-16.191;20
-1.767;-11.6;9.782;20
-4.699;-9.002;26.718;19
-6.685;3.158;-6.175;20
-14.603;9.62;-4.009;20
-18.483;10.176;-1.69;20
-14.768;9.484;-1.4;20
-14.214;10.819;3.083;20
-15.727;11.14;9.486;20
-9.148;4.766;7.861;20
-1.138;-4.444;-1.91;20
-3.029;-12.276;-15.427;20
4.659;-24.428;-19.843;20
34.217;-42.449;-11.195;21
38.05;-30.704;2.941;20
9.063;6.943;23.254;19
-1.445;17.698;25.145;20
3.666;13.068;1.617;20
7.269;13.013;-10.483;20
1.594;16.55;-12.326;20
-2.4;20.615;-3.886;20
-3.328;22.291;9.747;20
-4.681;18.236;0.022;20
-8.825;10.098;-8.465;20
-8.766;7.223;-7.586;20
-4.47;4.869;-5.5;20
-2.486;1.204;-3.201;20
11.816;-23.564;-4.084;20
28.561;-41.469;0.159;20
8.486;-9.485;5.462;20
-1.798;6.464;-0.109;20
5.7;0.945;-8.692;20
8.086;-20.988;30.643;20
-9.321;-9.084;0.713;20
-16.872;2.875;-0.405;20
-19.589;5.944;-4.749;20
-19.797;8.689;-1.752;20
-13.747;10.845;-1.385;20
-12.295;12.263;3.366;20
-14.42;12.589;9.952;20
-8.327;7.577;6.161;20
-0.574;-0.754;-2.278;20
-3.955;-7.461;-8.492;20
-0.199;-20.125;-18.683;20
30.398;-46.922;-18.553;20
37.717;-40.065;-4.348;20
9.573;3.497;17.632;20
0.218;18.675;35.507;20
4.829;12.829;8.739;20
6.144;11.855;-9.198;20
3.048;15.335;-11.963;20
-2.074;20.519;-3.432;20
-1.573;23.635;10.411;20
-3.583;19.521;-1.745;20
-12.493;12.491;-11.919;20
-9.965;7.364;-8.334;20
-4.605;3.861;-4.42;20
1.27;-3.897;-2.238;20
20.111;-33.481;-3.784;20
17.889;-33.326;-0.491;20
4.361;-5.474;13.724;20
-4.42;5.833;1.805;20
-1.895;0.433;-21.411;20
6.76;-11.316;13.122;20
4.15;-8.826;21.389;20
-15.588;1.848;-3.781;20
-20.309;6.591;-7.189;20
-18.446;10.153;-2.367;20
-12.926;10.024;-0.022;20
-12.733;11.52;3.554;20
-15.849;12.529;10.893;20
-9.133;7.915;8.141;20
-0.294;2.029;-2.354;20
-1.936;-6.308;-5.652;20
-1.766;-23.442;-23.013;20
31.113;-51.914;-19.419;20
35.66;-39.179;-1.005;20
9.476;2.699;22.697;20
3.171;15.973;30.185;20
7.043;11.342;6.694;20
6.174;12.651;-9.482;20
3.589;16.176;-11.479;20
-1.402;19.698;-10.281;20
-3.185;22.715;4.859;20
-2.125;20.564;8.749;20
-8.887;13.448;-8.404;20
-10.822;8.686;-8.693;20
-6.405;5.116;-3.4;20
-3.753;2.114;-0.796;20
9.531;-16.282;-1.814;20
28.356;-44.026;-6.354;20
12.436;-20.571;10.791;20
-3.842;1.598;9.942;20
-5.062;-1.222;-19.77;20
-3.292;-8.803;-4.631;20
1.271;-8.52;32.462;20
-5.938;1.645;-0.026;20
-18.146;8.304;-6.981;20
-19.265;11.193;-3.081;20
-13.98;10.125;-0.589;20
-12.168;10.121;2.143;20
-15.599;11.858;8.763;20
-9.236;6.861;8.6;20
-1.836;-3.815;-3.259;20
-2.213;-11.212;-11.244;20
8.026;-20.543;-17.756;20
34.673;-39.707;-11.461;20
34.758;-32.056;-3.082;20
5.487;4.35;21.436;20
-5.205;16.579;22.404;20
2.884;13.306;2.659;20
9.206;13.256;-5.953;20
5.509;14.524;-10.304;20
-1.587;19.354;-6.376;20
-2.258;22.552;9.891;20
-2.375;19.014;0.8;20
-7.616;12.13;-10.052;20
-8.82;8.218;-6.414;20
-3.663;3.218;-1.789;20
-3.019;2.102;-1.129;20
3.53;-11.588;0.421;20
26.259;-42.912;-3.708;20
15.136;-25.052;0.433;20
-4.286;2.215;3.388;20
-1.856;-0.892;-15.353;20
-0.407;-9.821;13.48;20
3.854;-8.783;25.607;20
-6.592;3.254;-4.012;20
-19.563;7.128;-3.423;20
-21.011;8.196;-3.15;19
-14.619;9.019;-2.212;20
-12.774;10.696;2.413;20
-16.959;12.474;11.748;20
-10.374;8.245;11.371;20
-1.284;0.097;-2.138;20
-4.066;-10.062;-14.206;20
1.673;-27.289;-28.742;20
33.882;-48.049;-10.979;20
34.603;-30.034;5.645;20
10.935;4.475;26.396;20
2.85;15.096;22.983;20
4.156;13.164;0.979;20
4.753;14.383;-6.83;20
1.434;15.859;-10.025;20
-2.005;19.342;-2.421;20
-2.669;20.616;6.021;20
-7.373;17.049;-4.668;20
-11.741;12.949;-10.804;20
-5.623;7.581;-7.898;20
-1.096;2.072;0.169;20
-2.573;3.233;2.349;20
3.31;-8.992;1.899;20
25.282;-37.957;-8.255;20
18.188;-26.042;-1.429;20
-2.063;0.727;5.394;20
0.119;-2.095;-13.699;20
3.951;-10.216;21.572;20
-1.3;-7.241;13.077;20
-14.535;1.681;-2.882;20
-20.026;5.911;-3.827;20
-19.797;9.228;-3.291;20
-13.43;10.517;-2.559;20
-12.23;12.113;0.881;20
-16.433;12.969;9.619;20
-7.966;6.492;11.93;20
-1.76;-3.071;-0.299;20
-3.318;-9.512;-10.747;20
4.257;-18.407;-19.675;20
33.038;-41.955;-16.968;20
39.058;-39.846;-5.003;20
8.037;1.597;17.435;20
-6.809;18.723;35.876;20
3.948;12.921;10.623;20
8.772;11.73;-10.454;20
3.398;14.845;-14.274;20
-2.378;20.581;-8.68;20
-2.626;23.516;6.975;20
-1.041;20.903;3.893;20
-6.297;12.459;-7.639;20
-7.868;8.234;-5.183;20
-5.406;4.528;-1.381;20
-4.32;2.497;-2.894;20
6.397;-14.499;-3.271;20
26.234;-42.417;-7.359;20
12.008;-21.864;6.602;20
-4.674;1.37;5.082;20
-0.274;-0.624;-14.809;20
4.502;-8.616;19.971;20
1.87;-6.703;13.175;20
-11.204;2.442;-3.513;20
-19.057;5.291;-3.296;20
-18.647;7.308;-0.575;20
-15.489;9.167;-2.096;20
-15.98;12.549;0.185;20
-15.007;12.497;11.198;20
-6.708;6.444;10.065;20
-1.672;-3.746;-2.339;20
-3.337;-13.142;-16.013;20
8.875;-25.673;-19.413;20
38.345;-45.547;-12.563;20
29.599;-26.203;-1.305;20
3.491;8.031;28.212;20
-1.393;16.225;26.786;20
3.217;12.438;0.256;20
5.292;12.423;-8.338;20
2.366;14.587;-10.034;20
-2.426;20.598;-2.981;20
-0.702;22.928;9.825;20
-2.546;18.199;-5.765;20
-9.32;12.582;-13.644;20
-7.881;6.766;-5.894;20
-4.301;3.104;1.568;20
-4.735;2.134;-0.996;20
12.219;-21.589;-4.161;20
27.523;-40.297;-7.032;20
9.56;-15.006;9.044;20
-5.007;1.372;8.357;20
-2.038;-3.934;-14.442;20
2.96;-9.125;0.991;20
5.507;-7.652;27.097;20
-11.893;-0.339;-2.106;20
-20.895;6.069;-5.981;20
-21.248;10.783;-4.154;20
-12.929;10.871;-1.028;20
-13.365;12.494;0.587;20
-16.405;13.045;8.684;20
-10.067;8.11;13.298;20
-1.297;1.803;1.174;20
-0.634;-4.851;-7.659;20
-0.981;-17.84;-24.037;20
24.255;-45.788;-17.932;20
36.992;-40.642;-1.344;20
16.185;-2.765;16.228;20
1.84;17.1;27.569;20
2.805;14.381;13.983;20
6.517;10.202;-6.3;20
4.169;13.14;-10.066;20
-1.706;17.727;-4.963;20
-3.452;20.245;3.119;20
-5.877;16.567;2.149;20
-11.02;12.053;-5.764;20
-9.801;9.291;-9.059;20
-2.981;2.272;-6.334;20
-3.588;4.049;0.915;20
1.149;-7.156;1.35;20
26.029;-35.166;-9.575;20
21.225;-22.592;3.002;20
1.331;1.148;8.857;20
-0.015;0.682;-17.435;20
5.1;-12.944;21.09;20
-1.317;-11.596;15.04;20
-16.546;3.264;-5.83;20
-16.096;6.773;-2.073;20
-16.328;9.275;-2.082;20
-13.647;10.627;-2.906;20
-14.052;12.004;0.803;20
-16.597;12.026;10.7;19
-8.872;6.885;11.109;20
-1.075;-0.23;-0.871;20
-2.501;-8.548;-13.308;20
2.39;-22.504;-22.047;20
32.961;-46.623;-12.859;20
37.088;-35.053;0.43;20
7.726;4.867;21.601;20
-1.374;16.988;27.836;20
3.18;11.993;5.41;20
5.026;11.611;-7.693;20
2.307;14.261;-10.856;20
-2.747;19.449;-7.694;20
-2.869;21.894;4.742;20
-4.712;19.069;-0.817;20
-9.875;12.47;-8.557;20
-8.111;7.795;-5.791;20
-3.768;4.081;-2.75;20
-1.054;-0.081;-1.832;20
13.76;-21.958;-1.623;20
24.897;-39.133;-4.078;20
8.432;-13.083;11.55;20
-3.448;4.219;5.203;20
-0.734;0.706;-18.025;20
2.969;-10.318;5.713;20
1.396;-12.154;25.169;20
-14.481;0.026;-2.902;20
-21.323;6.528;-4.218;20
-18.5;10.167;-2.379;20
-13.259;11.337;-2.266;20
-16.424;13.905;-0.326;20
-14.646;11.701;12.266;20
-6.405;5.732;9.574;20
0.172;-1.144;-3.1;20
-0.627;-9.332;-14.393;20
7.442;-26.823;-21.852;20
36.81;-46.942;-12.047;20
31.777;-27.18;0.783;20
5.912;7.171;24.718;20
-1.915;16.567;24.001;20
3.937;11.53;3.659;20
6.626;12.83;-6.925;20
3.048;15.299;-9.462;20
-1.966;18.986;-4.428;20
-2.02;21.05;6.683;20
-4.217;17.697;0.035;20
-10.412;11.772;-8.745;20
-10.528;8.78;-7.086;20
-4.433;4.644;-4.409;20
-2.204;0.655;-1.838;20
13.283;-22.694;-4.461;20
27.163;-41.962;-1.363;20
7.943;-11.698;10.037;20
-5.074;6.123;6.157;20
-1.805;-1.181;-11.226;20
-1.767;-11.426;-6.223;20
-1.927;-11.926;29.223;20
-3.847;1.134;0.982;20
-14.893;9.092;-6.394;20
-17.15;9.77;-2.611;20
-13.396;10.017;-2.027;20
-13.526;10.762;0.424;20
-18.501;12.678;8.294;20
-10.692;7.473;11.394;20
-0.378;-1.989;-0.53;20
-1.108;-10.255;-12.195;20
4.56;-23.051;-19.683;20
31.993;-41.55;-10.13;20
36.499;-32.406;-2.546;20
11.009;1.682;18.508;20
-0.34;15.381;22.826;20
3.11;13.949;6.122;20
7.208;14.05;-6.136;20
3.055;16.045;-9.211;20
-1.98;19.336;-0.231;20
-2.055;19.856;7.751;20
-5.752;15.469;-3.518;20
-9.67;11.354;-7.288;20
-9.371;9.361;-8.638;20
-4.564;4.417;-3.52;20
-3.739;1.8;-1.323;20
3.332;-12.134;-1.79;20
25.759;-41.516;-2.639;20
17.365;-25.524;2.91;20
-3.684;3.015;1.905;20
-0.097;3.063;-13.246;20
9.881;-5.127;23.534;20
0.832;-9.098;8.331;20
-19.324;-2.387;-1.2;20
-23.26;4.86;-4.172;20
-18.767;9.076;-2.418;20
-11.841;10.173;-0.807;20
-9.814;11.221;2.22;20
-14.445;12.555;10.033;20
-9.21;8.451;9.165;20
-0.952;0.951;-1.84;20
-2.795;-7.993;-10.571;20
2.166;-21.954;-23.777;20
32.919;-46.878;-17.113;20
36.095;-36.574;0.525;20
6.752;4.139;22.875;20
-1.841;17.885;29.241;20
5.41;11.759;7.412;20
6.123;11.879;-8.101;20
2.534;14.582;-9.322;20
-2.123;18.658;-4.91;20
-2.437;21.456;4.864;20
-3.562;17.993;-0.449;20
-8.413;12.073;-7.268;20
-9.837;8.956;-5.433;20
-6.607;4.844;-2.661;20
-3.419;1.03;-3.373;20
12.151;-21.92;-5.578;20
26.638;-42.762;-4.815;20
9.952;-15.038;13.807;20
-3.601;4.379;2.492;20
-1.904;0.83;-16.015;20
1.133;-6.904;17.312;20
-1.129;-6.839;12.593;20
-12.444;2.337;-3.429;20
-19.019;7.32;-4.949;20
-17.014;9.447;-1.753;20
-12.331;9.559;-0.833;20
-14.993;11.72;0.45;19
-17.012;11.21;11.803;20
-5.254;4.276;9.67;20
0.249;-3.577;-5.06;20
-0.998;-12.035;-17.92;20
13.134;-27.98;-16.456;20
40.087;-45.631;-12.598;20
29.378;-23.551;2.174;20
0.161;10.166;26.183;20
-5.561;15.722;22.26;20
3.058;10.931;3.964;20
6.037;12.583;-6.261;20
2.172;15.164;-9.893;20
-2.499;19.154;-5.544;20
-3.079;20.397;5.097;20
-5.498;17.301;-1.634;20
-10.866;11.985;-8.158;20
-8.26;7.937;-5.488;20
-2.509;3.956;-2.24;20
-2.377;2.412;-0.524;20
9.29;-16.583;-0.605;20
30.24;-42.801;-6.269;20
11.781;-15.605;5.587;20
-4.03;4.78;6.6;20
0.41;-0.46;-14.187;20
2.191;-11.415;5.764;20
0.014;-12.266;22.463;20
-12.944;0.485;-1.275;20
-19.413;5.814;-2.551;20
-20.897;8.956;-2.499;20
-13.299;9.429;-0.895;20
-13.478;11.616;-0.118;20
-17.141;11.595;12.292;20
-6.876;5.33;11.16;20
-0.135;-3.83;-6.452;20
0.152;-12.211;-18.639;20
13.333;-25.792;-14.449;20
38.927;-42.066;-11.889;20
28.782;-22.594;2.877;20
0.102;10.115;23.422;20
-3.609;15.449;17.445;20
6.023;11.543;3.648;20
7.545;13.019;-6.232;20
2.22;14.535;-9.013;20
-3.109;19.051;-4.175;20
-2.908;21.346;4.609;20
-5.452;17.452;-2.914;20
-9.79;11.625;-7.13;20
-8.164;7.544;-3.845;20
-4.933;3.943;-1.145;20
-1.421;-0.919;-1.49;20
16.047;-26.623;-3.212;20
25.897;-40.193;-5.437;20
4.611;-9.459;11.963;20
-4.958;3.447;1.227;20
-0.782;-3.598;-19.995;20
1.218;-10.18;17.458;20
-0.274;-6.915;20.535;20
-11.884;2.384;-3.795;20
-19.761;8.117;-4.22;20
-18.443;10.442;-2.366;20
-12.537;10.039;-0.646;20
-14.23;11.559;2.447;20
-16.099;11.214;11.634;20
-6.141;5.52;6.611;20
0.0;-1.432;-4.458;20
-2.731;-9.714;-13.409;20
6.238;-24.229;-19.593;20
35.614;-45.405;-14.266;20
35.239;-33.409;1.717;20
5.344;6.166;19.924;20
-2.028;18.308;26.743;20
3.212;13.642;5.556;20
6.789;12.148;-8.029;20
3.363;14.448;-10.408;20
-2.476;19.542;-6.375;20
-0.829;21.188;11.119;20
-1.648;17.939;1.021;20
-7.043;11.892;-10.47;20
-7.184;8.318;-6.566;20
-3.982;3.912;0.214;20
-3.465;1.011;-2.687;20
6.503;-15.97;-2.705;20
23.324;-40.233;-2.667;20
11.001;-20.722;3.748;20
-6.194;2.766;0.085;20
-1.856;3.809;-13.919;20
6.217;-3.478;13.703;20
8.67;-11.651;21.668;20
-14.803;-2.86;-3.743;20
-23.111;1.655;-4.567;20
-21.507;7.381;-2.964;20
-15.13;11.179;-1.352;20
-14.021;13.556;2.165;20
-15.376;13.05;13.385;20
-5.391;4.682;9.186;20
-1.049;-5.567;-6.659;20
-0.567;-13.338;-17.385;20
15.758;-28.053;-11.99;20
40.836;-44.647;-15.625;20
26.106;-19.582;2.503;20
-0.622;12.567;29.103;20
-3.52;17.416;17.875;20
5.558;12.716;0.179;20
6.313;13.01;-7.026;20
0.853;15.826;-8.26;20
-3.565;20.837;0.1;20
-2.922;20.95;4.594;20
-5.118;15.345;-5.579;20
-9.265;11.268;-10.329;20
-5.822;5.021;-2.345;20
-4.324;3.083;-0.645;20
-0.403;-3.606;-0.932;20
20.385;-33.023;-4.335;20
24.54;-37.068;1.008;20
-0.998;-4.375;7.94;20
-2.494;2.349;-12.099;20
1.409;-3.126;-7.073;20
6.899;-10.379;35.816;20
-10.929;-3.276;-0.657;20
-20.017;3.855;-5.943;20
-21.799;9.109;-4.542;20
-15.21;10.16;-2.492;19
-12.671;11.729;0.38;20
-17.441;13.572;7.737;20
-11.173;7.612;16.272;20
-1.967;-0.14;1.977;20
-1.464;-7.792;-12.033;20
2.868;-19.988;-22.297;20
30.365;-40.025;-16.075;20
39.781;-38.299;-7.167;20
14.709;-2.636;21.283;20
-2.661;18.284;25.902;20
-0.439;16.236;11.155;20
5.125;12.939;-4.251;20
3.106;14.269;-9.315;20
-1.962;17.993;-4.829;20
-3.006;19.746;4.085;20
-4.464;16.271;-2.911;20
-8.685;12.029;-8.089;20
-8.356;8.519;-4.855;20
-4.181;4.013;-2.067;20
-2.312;1.475;-2.528;20
10.186;-18.144;-3.028;20
23.791;-38.49;-5.743;20
8.854;-13.88;7.673;20
-4.225;5.462;3.572;20
-1.273;1.777;-12.445;20
0.778;-5.937;2.153;20
2.296;-10.341;23.768;20
-6.789;-0.252;-2.183;20
-12.496;5.167;-3.775;20
-17.482;8.248;0.325;20
-14.804;8.568;-2.406;20
-16.982;10.676;-1.611;20
-18.21;10.83;10.391;20
-9.024;5.418;13.599;20
-1.662;-5.245;-2.896;20
-0.933;-13.286;-19.125;20
10.771;-22.989;-17.62;20
35.558;-39.156;-8.509;20
33.736;-27.733;1.174;20
5.552;7.072;30.569;20
-4.391;15.737;17.226;20
2.808;12.149;0.099;20
6.037;13.588;-7.429;20
1.882;15.209;-8.582;20
-2.692;19.914;-1.669;20
-3.374;20.965;3.47;20
-5.934;16.406;-4.327;20
-8.115;11.769;-7.962;20
-5.846;7.024;-4.174;20
-3.86;3.273;-0.233;20
-2.601;0.458;-1.415;20
9.27;-19.467;-3.352;20
26.824;-41.169;-5.584;20
8.364;-15.684;8.672;20
-4.404;3.598;-4.694;20
1.908;1.753;-10.052;20
14.898;-6.907;29.211;20
-2.253;-7.672;2.437;20
-18.693;-2.985;-1.141;20
-23.156;3.3;-3.754;20
-20.219;8.017;-2.637;20
-14.838;11.221;-1.953;20
-17.171;13.971;0.169;20
-14.093;10.618;17.197;20
-5.265;4.585;8.317;20
-0.39;-5.258;-8.256;20
-1.537;-12.021;-18.958;20
14.201;-25.333;-14.473;20
44.07;-46.648;-10.562;20
28.362;-21.636;4.539;20
0.943;12.42;25.315;20
-1.81;16.494;15.958;20
1.578;13.219;-0.899;20
4.451;13.07;-6.462;20
2.044;13.893;-6.376;20
-2.484;18.646;-0.043;20
-2.005;20.423;5.836;20
-5.122;14.985;-4.313;20
-11.005;11.981;-9.45;20
-8.123;7.062;-5.97;20
-4.715;3.314;-1.992;20
-4.17;0.872;-1.058;20
12.325;-22.425;-3.457;20
28.029;-40.047;-5.373;20
7.252;-11.142;14.586;20
-3.855;2.405;1.669;20
-0.494;-2.748;-15.911;20
6.649;-8.827;21.632;20
-1.306;-5.212;8.077;20
-14.245;1.651;-3.217;20
-18.203;6.341;-3.889;20
-17.325;9.557;-2.521;20
-15.998;11.141;-2.06;20
-19.426;13.662;3.328;20
-14.648;9.437;19.639;20
-4.782;3.48;5.971;20
1.549;-4.149;-8.57;20
0.749;-12.77;-19.431;20
13.783;-30.083;-15.588;20
39.129;-43.188;-8.32;20
27.377;-18.231;7.264;20
4.936;9.65;21.728;20
-2.039;15.386;12.165;20
1.208;14.431;3.515;20
5.112;14.107;-4.882;20
2.007;14.973;-6.996;20
-1.73;18.928;1.55;20
-2.299;18.163;4.849;20
-6.726;12.979;-5.541;20
-10.908;11.355;-8.896;20
-7.312;6.518;-4.374;20
-4.041;3.602;-2.352;20
-1.511;-0.978;-3.056;20
15.981;-27.98;-4.941;20
22.629;-35.895;-1.845;20
4.109;-6.165;12.333;20
-3.414;4.568;-3.868;20
0.232;-0.217;-18.523;20
8.097;-9.0;25.138;20
2.383;-7.778;11.612;20
-14.544;0.107;-3.92;20
-20.062;4.589;-3.974;20
-19.44;8.144;-2.65;19
-14.753;9.639;-1.822;21
-16.497;12.37;0.901;19
-16.156;11.096;15.985;20
-7.583;6.404;10.266;20
1.488;-1.394;-6.049;20
0.677;-10.141;-17.27;20
7.603;-24.979;-17.339;20
35.89;-42.717;-11.019;20
33.144;-26.754;3.431;20
8.779;7.324;23.537;20
-2.151;17.639;16.119;20
0.665;13.467;2.1;20
4.703;12.197;-4.135;20
3.461;13.106;-6.209;20
-0.267;16.003;-0.298;20
-1.329;17.486;5.263;20
-5.352;13.06;-0.827;20
-10.041;11.051;-5.468;20
-9.627;6.975;-4.705;20
-8.212;4.684;-4.351;20
-1.962;-1.197;-7.288;20
14.502;-25.48;-11.494;20
21.078;-34.408;2.631;20
4.694;-8.145;18.921;20
-2.7;2.573;-5.124;20
1.284;-0.445;-19.675;20
9.215;-7.138;27.525;20
-2.675;-7.631;7.766;20
-16.904;1.854;-6.753;20
-19.144;7.658;-2.948;20
-16.102;9.744;0.015;20
-13.183;10.402;-0.289;20
-18.294;13.186;1.106;20
-15.093;9.302;13.113;20
-3.412;2.54;8.419;20
0.725;-3.508;-3.389;20
-1.518;-11.704;-17.309;20
10.816;-27.386;-18.484;20
38.421;-42.904;-11.464;20
32.477;-24.729;3.262;20
7.036;7.676;24.322;20
-4.246;16.125;18.197;20
1.156;12.054;4.119;20
5.359;13.011;-5.108;20
1.725;15.114;-7.421;20
-3.226;19.448;-3.258;20
-2.947;19.81;4.402;20
-6.02;15.056;-2.27;20
-9.751;11.349;-6.845;20
-6.805;7.461;-7.488;20
-2.102;1.871;-1.744;20
-4.037;2.718;0.519;20
4.203;-12.905;0.898;20
23.557;-38.758;-5.935;20
14.746;-20.284;0.244;20
-1.918;1.438;3.514;20
-1.629;-0.322;-16.4;20
6.206;-0.387;14.771;20
12.415;-6.751;18.794;20
-14.701;-3.793;-2.704;20
-22.482;0.54;-4.499;20
-21.706;6.516;-2.074;20
-14.508;9.747;-0.972;20
-14.693;13.334;-0.92;20
-16.801;13.497;11.391;20
-8.439;7.176;15.963;20
0.551;-0.947;-2.481;20
0.323;-10.47;-18.154;20
6.015;-25.083;-20.776;20
34.51;-41.655;-8.695;20
35.179;-28.598;2.311;20
9.612;3.978;21.869;20
-2.412;15.33;17.388;20
0.368;13.042;3.852;20
4.602;13.081;-3.996;20
2.24;15.02;-7.386;20
-2.077;17.655;-2.075;20
-2.922;19.007;3.776;20
-5.307;15.037;-1.553;20
-8.743;10.937;-3.896;20
-8.725;7.715;-5.04;20
-5.638;4.206;-4.865;20
-4.54;1.722;-4.103;20
9.444;-20.009;-3.432;20
23.404;-37.868;-6.109;20
10.749;-13.302;9.491;20
-1.639;3.914;6.043;20
-1.426;0.377;-14.619;20
3.517;-4.778;1.804;20
8.275;-9.436;22.476;20
-11.813;-2.035;-1.134;20
-19.089;3.657;-3.683;20
-19.213;8.321;-2.595;20
-14.567;9.716;-1.156;20
-15.65;12.049;0.403;20
-16.212;11.86;9.61;20
-9.106;6.664;12.491;20
-0.191;-0.092;-1.648;20
1.33;-8.457;-13.136;20
2.848;-19.3;-18.568;20
27.514;-38.695;-8.829;20
38.597;-36.324;-5.404;20
15.798;-1.989;19.122;20
-0.972;15.851;20.267;20
-1.015;14.413;8.657;20
3.749;11.984;-2.854;20
3.467;13.144;-7.952;20
-1.616;16.305;-6.473;20
-3.282;19.629;2.286;20
-3.37;16.649;2.637;20
-7.487;11.687;-3.656;20
-9.429;9.113;-6.246;20
-3.652;3.023;-4.959;20
-3.621;3.363;-3.653;20
-0.866;-5.035;-1.388;20
19.85;-35.64;-1.536;20
22.711;-30.414;-1.05;20
0.838;0.415;6.856;20
-3.548;2.65;-8.415;20
-0.623;-0.486;-5.245;20
7.797;-5.517;29.583;20
-5.139;-1.843;-1.082;20
-16.058;1.971;-4.4;19
-17.997;5.661;-4.581;20
-15.05;8.704;0.204;20
-16.07;11.815;0.067;20
-18.427;12.447;2.242;20
-9.584;6.522;15.964;20
-0.036;3.142;-2.279;20
1.542;-4.879;-12.93;20
2.681;-19.771;-16.072;20
20.364;-33.625;-9.109;20
27.378;-25.871;1.022;20
18.646;-5.433;11.723;20
12.203;7.248;13.554;20
5.797;11.29;2.824;20
0.276;12.651;-4.401;20
-4.246;10.575;-1.691;20
1.027;10.216;1.799;20
5.059;13.323;6.975;20
4.137;15.274;15.371;20
-4.792;11.468;2.319;20
-18.697;6.035;-7.629;20
-25.244;2.476;-7.444;20
-13.85;-6.261;-30.391;20
-3.751;-4.844;1.267;20
3.014;-12.44;16.831;20
15.663;-25.293;1.307;20
15.233;-7.403;-3.63;20
6.328;4.922;1.063;20
2.577;6.386;1.823;20
5.295;2.069;-3.905;20
10.293;-0.994;-10.991;20
6.685;0.01;-2.142;20
-3.255;1.85;15.22;20
-5.823;-0.554;9.623;20
-8.142;-2.597;-3.871;20
-11.114;-1.263;3.932;20
-8.646;4.571;1.919;20
-10.227;10.754;-2.116;20
-16.418;13.389;-2.488;20
-11.742;9.086;3.453;20
-2.266;1.647;3.22;20
1.858;-5.619;-1.096;20
2.789;-12.749;-7.115;20
7.867;-16.696;-13.734;20
13.46;-14.696;-4.049;20
16.501;-10.118;5.166;20
12.122;-1.151;6.436;20
5.645;5.936;9.535;20
3.698;5.418;8.149;20
0.122;6.54;1.303;20
-0.027;6.593;-3.347;20
-0.134;7.083;-5.642;20
-0.713;8.069;-3.319;20
-0.032;8.748;9.234;20
0.322;6.84;15.805;20
-5.509;-0.852;0.327;20
-9.792;-2.651;-7.02;20
-14.894;-1.077;-12.186;20
-8.789;-1.077;-14.232;20
-1.33;-1.707;-4.349;20
1.184;-3.293;7.783;20
0.214;-2.865;12.201;20
6.4;-6.978;-0.697;20
11.647;-9.279;-15.943;20
4.67;-1.422;-5.522;20
1.875;2.766;3.444;20
5.335;-0.541;-2.861;20
3.637;2.645;-2.286;20
1.823;5.161;1.311;20
1.923;4.279;3.588;20
2.416;1.794;2.695;20
1.648;0.308;0.33;20
-0.876;0.777;3.194;20
-5.633;1.331;0.717;20
-7.217;0.646;-1.663;20
-6.875;1.69;0.609;20
-4.866;1.292;1.003;20
-2.822;-0.934;3.254;20
-0.561;-2.57;5.372;20
-0.156;-1.526;1.294;20
-0.672;-1.423;-0.063;20
-0.666;-3.484;0.115;20
-0.539;-3.698;-0.711;20
2.198;-2.429;-2.714;20
6.993;-3.477;-3.99;20
7.956;-1.881;-3.714;20
5.071;1.964;-2.038;20
1.348;4.898;0.325;20
0.361;3.531;-0.31;20
-1.045;2.585;0.901;20
-1.758;3.508;4.935;20
-0.027;3.672;2.355;20
0.664;3.389;-2.743;20
0.52;2.572;-3.254;20
0.403;2.627;-1.975;20
1.122;1.959;-0.588;20
1.314;0.541;1.063;20
0.846;-0.994;2.112;20
-0.076;-0.957;2.281;20
-0.759;-0.063;3.296;20
-1.021;-0.583;4.741;20
-2.952;-2.795;3.504;20
-6.665;-3.033;-0.836;20
-8.631;-1.432;-4.124;20
-5.458;-0.702;-1.746;20
0.675;-3.853;3.803;20
6.508;-5.815;2.161;20
8.181;-4.263;-5.382;20
7.63;-4.393;-1.808;20
-1.805;-2.831;3.242;20
-13.152;1.94;-0.432;20
-12.633;2.039;-5.319;20
-4.052;2.245;-2.366;20
2.109;2.687;2.048;20
1.393;0.152;0.002;20
-3.421;1.486;-6.599;20
-3.62;1.51;-5.672;20
-2.103;2.01;0.336;20
-1.047;2.68;2.758;20
-0.287;1.358;1.314;20
0.109;0.295;-3.928;20
-1.147;-0.46;-6.565;19
-3.639;-0.964;-6.081;20
-2.639;-1.695;-4.013;20
-2.562;-0.196;-2.32;20
-2.726;1.595;-1.896;20
-1.02;1.942;-2.002;20
1.554;2.485;-1.53;20
-5.215;4.201;-1.81;20
-9.098;3.677;-2.606;20
-5.567;1.182;-4.165;20
-2.804;-1.178;-6.034;20
-0.478;-3.138;-7.524;20
1.421;-4.545;-7.853;20
1.712;-4.327;-8.321;20
1.416;-3.373;-7.65;20
1.141;-2.165;-5.533;20
1.253;-1.097;-2.721;20
1.863;-0.28;0.233;20
2.556;-0.058;2.663;20
3.027;-0.364;3.774;20
2.832;0.018;3.532;20
2.191;1.226;4.276;20
2.138;1.838;6.039;20
2.189;1.359;7.703;20
1.873;-0.054;8.213;20
0.237;-0.271;7.067;20
-1.69;1.077;5.017;20
-1.857;1.642;3.433;20
0.952;1.027;4.972;20
7.171;1.7;18.587;20
3.248;1.647;17.373;20
-7.817;1.566;1.24;20
-4.73;2.474;3.128;20
-1.661;2.201;4.24;20
1.022;1.722;4.344;20
3.856;2.33;6.329;20
3.136;3.343;5.359;20
0.751;4.128;3.178;20
-1.078;4.886;2.444;20
-0.929;5.035;3.951;20
0.73;4.536;5.341;20
2.047;4.091;5.55;20
1.754;3.904;4.51;20
0.747;4.169;4.113;20
0.463;4.545;2.861;20
1.173;4.306;3.027;20
3.322;3.839;5.59;20
3.904;2.465;4.224;20
2.731;2.133;0.771;20
2.572;3.06;-0.564;20
2.31;3.34;-0.083;20
1.516;2.989;1.179;20
0.589;2.796;-0.298;20
0.155;3.014;-2.217;20
0.46;3.223;-1.877;20
0.235;3.196;-0.816;20
-1.212;3.424;-0.584;20
-2.932;3.903;-0.027;20
-4.256;4.479;0.772;20
-2.908;3.697;0.736;20
-1.897;2.678;0.386;20
-2.752;3.159;0.942;65
-1.821;2.552;1.113;20
-0.606;1.838;0.4;20
-0.476;1.867;0.484;20
-1.115;2.334;0.772;20
-1.245;2.354;0.704;20
-0.876;1.907;0.976;20
-0.596;1.617;1.105;20
-0.467;1.294;0.511;20
-0.615;0.978;-0.445;20
-0.903;0.665;-0.483;20
-0.737;0.648;-0.521;20
-0.533;0.76;-0.619;20
-0.136;0.496;0.038;20
0.244;0.33;1.101;20
0.115;0.661;0.326;20
0.064;0.72;-0.183;20
-0.925;1.186;0.609;20
-0.692;0.814;0.687;20
0.372;0.568;0.239;20
0.321;0.954;0.255;20
0.006;1.03;-0.55;20
-0.102;0.987;-1.226;20
-0.498;0.996;-0.961;20
-0.491;0.579;0.175;20
-0.556;0.34;0.809;20
-0.144;0.196;0.406;20
-0.042;0.156;-0.174;20
0.225;-0.074;-0.649;20
0.32;-0.279;-0.403;20
-0.035;-0.125;0.061;20
0.543;-0.374;0.026;20
0.235;-0.31;-0.17;20
0.977;-0.594;-0.28;19
1.028;-0.861;0.081;20
0.056;-0.571;0.448;20
-0.68;-0.615;0.707;20
-1.151;-0.211;1.856;20
-0.804;-0.446;1.643;20
0.447;-0.93;0.929;21
1.025;-0.957;-0.214;19
1.283;-0.756;-0.926;20
0.804;-0.462;-1.011;20
-0.119;-0.094;-0.098;20
-0.861;0.278;0.85;20
0.571;-0.639;0.883;96
0.309;-0.641;0.892;20
-0.122;-0.366;0.529;20
-0.64;-0.004;0.316;20
-0.574;0.17;0.013;19
-0.31;0.211;-0.084;20
-0.298;0.246;0.203;20
-0.337;0.284;0.325;20
-0.474;0.169;0.235;20
-0.633;0.086;0.302;20
-0.68;-0.034;0.129;20
-0.532;-0.19;-0.243;20
-0.16;-0.249;-0.378;20
0.493;-0.474;-0.502;20
0.783;-0.597;-0.514;20
0.596;-0.403;-0.389;20
0.134;-0.178;-0.398;20
-0.288;0.126;-0.595;20
-0.391;0.394;-1.025;20
-0.341;0.54;-1.237;20
-0.165;0.527;-0.831;20
-0.114;0.338;0.198;20
-0.158;0.142;0.956;20
-0.289;-0.033;0.733;20
-0.292;-0.042;0.089;20
-0.261;-0.042;-0.236;20
-0.205;-0.258;-0.012;20
-0.257;-0.258;0.171;20
-0.044;-0.152;-0.127;20
-0.012;0.013;-0.052;20
-0.148;0.171;0.746;20
-0.086;0.27;1.066;20
0.251;0.105;0.541;20
0.543;-0.079;-0.116;20
0.355;-0.049;-0.402;20
0.3;-0.187;-0.519;20
0.214;-0.093;-0.402;20
-0.115;0.121;-0.162;20
-0.392;0.184;0.093;20
-0.461;0.224;0.422;20
-0.016;0.162;0.341;20
0.345;-0.075;0.182;20
0.239;-0.462;0.239;20
-0.101;0.002;-0.185;20
-0.345;0.493;-0.57;20
0.762;-0.377;-0.823;20
0.197;0.236;-0.864;20
-0.62;0.665;-0.253;20
-0.353;0.449;0.504;20
0.251;-0.071;1.392;20
0.493;-0.338;1.382;20
0.379;-0.157;0.959;20
0.041;-0.079;-0.375;75
-0.452;-0.11;-0.233;20
-0.532;-0.045;-0.507;20
-0.359;-0.016;-0.972;20
0.478;-0.441;-0.996;20
0.513;-0.613;-0.616;20
-0.208;0.075;-0.522;20
-0.604;0.53;-0.332;20
-0.491;0.358;-0.367;20
-0.005;0.036;0.298;20
-0.105;-0.1;0.537;20
-0.037;-0.023;0.662;20
0.398;0.031;0.869;20
0.856;-0.284;0.943;20
0.459;-0.291;0.93;20
-0.036;0.189;0.63;20
-0.083;0.277;0.074;20
0.189;0.195;-0.337;20
0.088;0.087;-0.365;20
-0.132;0.018;-0.293;20
-0.254;0.03;-0.377;20
-0.167;0.044;-0.563;20
0.048;-0.055;-0.569;20
0.08;-0.054;-0.45;20
0.007;0.029;-0.027;20
-0.107;0.203;0.081;20
-0.183;0.289;0.103;20
-0.156;0.326;0.162;20
-0.006;0.227;0.164;20
0.317;0.12;0.018;20
0.451;0.007;-0.051;20
0.318;-0.056;-0.021;20
0.125;-0.033;-0.009;20
0.086;0.013;0.075;20
0.086;0.036;-0.016;20
-0.075;0.118;-0.058;20
-0.054;0.146;-0.144;20
0.043;0.108;-0.186;20
0.032;0.107;-0.094;20
-0.072;0.123;-0.12;20
-0.117;0.163;-0.23;20
-0.098;0.207;-0.327;20
-0.063;0.119;-0.046;20
0.052;0.062;0.114;20
-0.033;0.06;-0.061;20
-0.066;0.146;-0.503;20
-0.024;0.157;-0.821;20
-0.511;0.532;-0.912;20
-0.571;0.27;-0.475;20
-0.512;0.127;-0.052;19
-0.198;0.042;0.293;20
0.255;-0.041;0.793;20
0.313;-0.072;0.804;20
0.125;-0.047;0.59;20
-0.097;0.093;0.373;20
-0.3;0.371;-0.128;20
-0.331;0.381;-0.461;20
-0.207;0.294;-0.44;20
-0.228;0.212;-0.447;20
-0.293;0.133;-0.353;20
-0.249;0.013;-0.028;20
-0.116;0.012;-0.002;20
0.077;-0.033;-0.214;20
0.133;0.008;-0.144;20
0.059;0.037;0.026;20
-0.016;0.012;0.017;20
-0.1;0.048;0.02;20
-0.192;0.046;0.06;20
-0.102;-0.012;0.055;20
0.028;-0.029;0.05;20
0.086;-0.067;0.026;20
0.017;-0.059;0.142;20
-0.066;-0.006;0.06;20
-0.134;0.075;-0.014;20
-0.123;0.038;-0.064;20
-0.039;0.0;-0.107;20
-0.088;0.048;-0.181;20
-0.151;0.0;-0.101;20
-0.142;-0.075;0.161;20
-0.034;-0.013;0.17;20
0.046;-0.009;-0.03;20
0.012;0.038;-0.014;20
-0.025;0.012;0.01;20
-0.204;0.062;0.066;20
-0.234;0.061;0.012;20
0.029;-0.068;-0.081;20
0.118;-0.107;-0.094;20
-0.085;0.027;-0.055;20
-0.283;0.128;-0.006;20
-0.265;0.163;-0.119;20
-0.212;0.154;-0.147;20
-0.159;0.136;-0.076;20
-0.215;0.114;-0.066;20
-0.21;0.152;-0.454;20
-0.116;0.122;-0.401;20
0.17;-0.078;-0.013;20
-0.017;0.031;0.084;20
0.003;0.129;0.051;20
0.011;0.105;0.001;20
0.081;0.05;-0.026;20
0.132;0.015;-0.021;20
0.035;-0.026;0.116;20
0.011;-0.093;0.17;20
0.064;-0.129;0.129;20
0.035;-0.101;0.145;20
-0.033;-0.021;0.164;20
-0.089;0.02;0.046;20
-0.086;0.059;-0.082;20
0.01;0.057;-0.243;20
-0.058;0.035;-0.108;20
-0.009;-0.047;0.084;20
-0.032;0.007;-0.058;20
-0.107;-0.012;-0.172;20
-0.12;-0.022;0.146;20
-0.525;0.196;-0.483;20
-0.357;0.351;-0.291;20
-0.107;0.065;0.114;20
-0.206;0.154;0.323;20
-0.178;0.218;0.215;20
-0.105;0.088;-0.118;20
0.036;0.034;-0.2;20
0.144;-0.101;-0.025;20
0.281;-0.145;0.032;20
0.314;-0.146;0.0;20
0.379;-0.123;-0.159;20
0.429;-0.107;-0.178;20
0.417;-0.196;0.102;20
0.308;-0.196;0.233;20
0.227;-0.228;0.136;20
0.109;-0.119;0.0;20
0.023;-0.099;-0.077;20
-0.081;-0.098;0.179;20
-0.241;0.008;0.291;20
-0.294;0.117;0.097;20
-0.153;0.108;-0.165;20
-0.119;0.117;-0.042;20
-0.147;0.132;-0.144;20
-0.083;0.017;-0.148;20
-0.056;0.0;-0.34;20
-0.128;0.021;-0.131;20
-0.111;-0.016;0.387;20
-0.149;0.162;0.427;20
-0.018;0.136;0.249;20
-0.005;0.029;0.027;20
-0.064;0.1;-0.039;20
-0.043;0.061;-0.149;20
0.204;-0.059;-0.163;20
0.315;-0.036;-0.143;20
0.271;-0.139;-0.092;20
0.169;-0.135;0.106;20
0.102;-0.018;0.044;20
0.195;0.087;-0.716;20
-0.019;-0.012;-0.349;20
0.066;-0.108;0.025;20
-0.167;0.145;0.296;20
-0.208;0.107;0.251;20
0.152;-0.137;0.103;20
0.298;-0.154;-0.117;20
0.205;-0.071;-0.15;20
0.101;-0.063;-0.026;20
0.047;-0.062;0.149;20
0.078;-0.108;0.254;20
0.206;-0.107;0.093;20
0.227;-0.111;-0.125;20
0.2;-0.098;-0.136;20
0.169;0.028;-0.086;20
0.075;0.056;0.019;20
0.002;0.045;0.226;20
0.057;0.089;0.222;20
0.133;0.06;0.174;20
0.341;-0.057;0.21;20
0.517;-0.187;0.339;20
0.574;-0.23;0.273;20
0.539;-0.149;0.279;20
0.483;-0.137;0.324;20
0.363;-0.111;0.441;20
0.191;-0.036;0.545;20
-0.022;0.07;0.305;20
-0.22;0.172;0.111;20
-0.273;0.155;-0.015;19
-0.171;0.065;-0.171;20
-0.1;-0.014;-0.379;20
-0.158;-0.015;-0.305;20
-0.389;0.097;-0.208;20
-0.577;0.17;-0.141;20
-0.386;0.116;-0.297;21
-0.172;0.067;-0.416;19
-0.209;0.099;-0.388;20
-0.344;0.101;-0.232;20
-0.489;0.075;-0.061;20
-0.492;0.042;0.065;20
-0.373;-0.026;-0.094;20
-0.291;-0.061;-0.428;20
-0.289;0.012;-0.434;20
-0.393;0.05;-0.325;20
-0.305;0.031;-0.161;20
-0.252;0.003;-0.107;20
-0.23;-0.01;-0.07;20
-0.44;0.09;0.09;20
-0.502;0.117;-0.029;20
-0.261;0.015;-0.313;20
-0.072;-0.091;-0.272;20
-0.147;-0.179;-0.17;20
-0.341;-0.296;0.016;20
-0.23;-0.4;-0.065;20
-0.038;-0.44;-0.468;20
0.006;-0.47;-0.513;20
-0.299;-0.436;-0.083;20
-0.867;-0.192;0.189;20
-1.12;-0.036;0.08;20
-1.134;0.182;-0.216;19
-0.819;0.311;-0.593;20
-0.857;0.469;-0.056;20
-0.978;0.597;0.73;20
-0.861;0.498;0.655;20
-0.649;0.458;0.067;20
-0.477;0.433;-0.136;20
-0.255;0.284;-0.256;20
0.005;-0.043;-0.193;20
-0.073;-0.032;-0.109;20
-0.273;0.003;-0.341;20
-0.149;-0.106;-0.457;20
-0.074;-0.103;-0.427;20
-0.129;-0.093;-0.412;20
-0.741;0.207;-0.212;20
-2.125;1.187;0.897;20
-0.614;0.447;-0.146;20
0.022;0.054;-0.508;20
0.172;0.082;-0.26;20
0.129;0.024;0.14;20
-0.133;-0.008;-0.451;20
-0.584;0.068;-0.746;20
-0.492;0.182;-0.372;20
-0.12;0.178;-0.005;20
0.179;-0.016;0.099;19
-0.055;0.264;0.15;20
-0.071;0.341;0.28;20
-0.045;0.417;0.575;20
0.093;0.397;0.223;20
-0.098;0.321;0.173;20
-0.284;0.349;0.399;20
-0.149;0.166;0.271;20
-0.114;-0.032;0.222;20
-0.225;0.046;-0.84;20
0.01;-0.218;0.18;20
-0.144;-0.583;1.436;20
-0.492;-0.574;1.755;20
-0.251;-0.585;0.855;20
-0.007;-0.875;-0.118;20
-0.545;-0.462;-0.201;20
-0.869;-0.005;-0.809;20
-0.421;0.126;-1.789;20
0.623;-0.143;-1.86;20
0.771;-0.063;-0.921;20
0.473;-0.036;0.295;20
0.298;-0.017;1.013;20
0.483;-0.139;0.989;20
0.981;-0.378;0.632;20
1.51;-0.679;0.284;19
1.785;-0.757;-0.008;20
1.707;-0.682;-0.545;20
1.443;-0.53;-1.175;20
0.848;-0.159;-1.443;20
0.122;0.274;-1.199;20
0.097;0.347;-0.527;20
0.104;0.297;0.274;20
-0.193;0.229;0.476;20
-0.484;0.44;0.068;20
-0.053;-0.298;-0.23;20
-0.196;1.17;1.022;20
-0.76;0.795;0.879;20
-0.47;0.247;-0.712;20
-0.018;0.498;-0.534;20
-0.176;0.873;0.753;20
-0.71;0.453;1.333;20
0.116;0.171;1.441;20
0.36;-0.324;0.166;20
1.887;-1.356;-0.576;20
0.515;0.613;0.481;20
0.642;0.03;2.482;20
0.436;-0.123;0.953;20
-0.349;-0.367;0.981;20
-0.061;-0.644;1.538;20
-0.201;-0.901;1.421;19
-0.478;-1.325;1.738;20
-0.438;-1.623;0.427;20
-0.99;-1.23;-0.83;20
-1.502;-1.137;-0.924;20
-1.298;-1.241;-0.485;20
-1.466;-0.608;-0.344;20
-1.313;-0.681;-1.77;20
-0.446;-0.759;-0.249;20
1.463;-0.67;-0.34;20
2.248;-0.452;-0.483;20
2.289;0.043;-1.693;20
2.12;0.008;-2.013;20
0.988;0.446;-2.185;20
0.399;0.759;-1.12;20
-0.211;0.735;-0.413;20
-0.368;0.385;0.512;20
-0.083;-0.04;1.167;20
-0.722;0.347;1.304;20
-1.46;0.623;1.194;20
-1.725;0.846;0.021;20
-1.637;1.181;-1.032;20
-1.656;1.418;-1.796;20
-1.921;1.594;-2.18;20
-1.91;1.887;-1.544;19
-0.888;1.426;-1.208;20
-1.025;1.759;-1.284;20
-1.278;1.862;-1.574;20
-1.259;1.532;-1.271;20
-1.066;1.13;-0.351;20
-0.794;1.084;-0.177;20
-0.36;1.228;0.649;20
0.175;0.434;0.24;20
0.221;0.977;-1.411;20
0.7;0.836;-1.722;20
0.718;0.784;-1.361;20
0.814;0.972;0.078;20
0.618;0.248;0.183;20
-0.457;0.054;-2.495;20
-0.976;0.183;-0.991;20
-0.837;0.072;0.985;20
-0.093;-0.069;0.143;20
0.218;-0.041;0.804;20

# Completed @Sun Jan 24 21:14:33 GMT+02:00 2021
