# Accelerometer Data File
# Started @Sun Jan 24 21:15:30 GMT+02:00 2021
#
#
# sensor Vendor: BOSCH
# sensor Name: BMI160 Accelerometer Non-wakeup
# sensor Resolution: 0.0023928226m/sec^2; Max Range: 78.4532; Min Delay: 2500 microseconds
# The sensor's attributes are the result hardware and the Android capabilities.
# It means that the Android may not utilize all features provided by the hardware.
#
# Some devices and Android versions save battery too much so the device may go to sleep.
# It just happens after couple of minutes from turning off the scree and it is easy to find it out.
#
# The following file provides the data from accelerometer in the m/s^2 format.
# The diff value is just a time delta between the samples
#
#
# data format:
# so we have 4 columns with values separated by the ";"
# X;Y;Z;time_from_previous_sample(ms)

# sensor speed set to:NORMAL
# units set to: m/sec^2
# gravity  filtered out
# Accuracy: HIGH
-0.939;4.575;6.899;0
-0.55;3.912;6.344;19
-0.299;3.46;6.18;20
-0.225;3.044;6.016;20
0.078;2.59;5.516;20
0.304;1.985;4.728;20
0.451;1.608;4.056;20
0.22;1.436;3.55;20
0.456;1.161;4.051;20
0.473;0.801;3.567;20
0.376;0.857;2.994;20
0.41;1.03;3.793;20
0.465;0.861;3.683;20
0.602;0.463;2.368;20
1.141;-0.105;1.333;20
1.227;-0.516;1.397;20
1.21;-0.458;1.642;20
0.971;-0.156;1.475;20
1.023;0.01;2.009;20
0.497;0.353;1.803;20
0.181;0.532;1.475;20
-0.042;0.615;0.417;20
0.057;0.661;0.139;20
0.259;0.442;-0.073;20
0.307;0.347;-0.217;20
0.235;0.332;-0.097;19
0.128;0.349;0.397;20
0.371;0.224;0.752;20
0.301;0.102;0.544;20
0.224;0.293;0.005;20
-0.001;0.68;-0.359;20
0.325;0.328;0.072;20
0.478;-0.011;0.581;20
0.6;0.137;0.59;20
0.574;0.106;0.602;20
0.19;0.564;-0.179;20
0.347;0.362;-0.223;20
0.431;0.316;-0.176;20
0.537;0.264;0.142;20
0.544;0.228;0.166;20
0.283;0.198;-0.077;20
0.275;0.106;-0.483;20
0.433;0.059;-0.432;20
0.242;0.064;-0.251;20
0.264;-0.216;0.39;20
1.032;-0.958;1.035;20
0.215;0.5;1.101;20
0.119;0.446;-0.207;20
0.115;0.261;-0.578;20
-0.077;0.367;-0.804;20
-0.218;0.769;-0.926;19
-0.315;0.644;-0.442;20
-0.035;0.373;-0.533;20
0.09;0.107;-0.224;20
0.441;-0.118;0.5;20
0.232;-0.057;0.724;20
0.042;0.034;0.247;20
-0.063;0.091;-0.245;20
-0.357;-0.016;-0.538;20
0.14;-0.486;0.032;20
0.538;0.235;1.375;20
0.143;1.192;-1.024;20
-0.416;0.553;-1.471;20
-0.567;0.856;0.291;20
-0.61;0.712;0.893;20
-0.381;0.709;0.146;20
-0.069;1.274;-0.799;20
-0.031;0.743;-0.612;20
-0.641;0.523;-0.533;20
-0.724;0.211;-0.049;20
-1.381;-0.081;0.698;20
-1.375;-0.671;0.449;20
-1.624;-0.984;0.406;20
-1.222;-1.53;0.496;20
-1.627;-1.787;0.682;20
-1.961;-2.085;1.005;20
-1.903;-2.441;0.578;20
-2.496;-2.431;0.198;20
-2.85;-2.383;-0.267;20
-3.08;-2.331;-0.065;20
-3.22;-2.086;-0.207;20
-2.791;-1.952;-0.862;20
-4.062;-2.037;-0.142;20
-4.474;-0.903;-0.353;20
-4.938;0.445;-1.884;20
-5.891;0.203;-0.767;20
-6.509;0.489;-1.737;20
-7.263;0.688;-4.602;20
-4.986;-0.979;-4.955;20
2.405;2.28;-7.146;20
6.04;2.384;-2.145;20
1.547;-1.97;4.293;20
-0.51;-7.532;-8.917;85
-1.045;-9.4;-3.198;20
-3.187;-10.573;-2.551;20
-3.177;-8.653;-0.898;20
-5.668;-4.179;-4.952;20
-9.519;-2.209;-7.359;20
-11.967;-1.52;-6.504;20
-12.238;-0.464;-3.672;20
-5.972;0.428;-8.401;20
-4.419;0.881;-8.232;20
-6.709;2.244;-5.822;20
-7.7;3.904;-6.085;20
-5.581;4.451;-5.498;20
-2.591;2.329;-5.97;20
-1.73;0.947;-6.787;20
-0.912;1.591;-7.012;20
-0.34;1.935;-6.834;20
-1.369;1.474;-3.184;20
-0.467;1.072;7.635;20
-2.175;2.935;13.897;20
-3.639;2.525;4.039;20
-3.946;0.231;-5.826;20
2.853;-4.763;-4.976;20
7.917;-4.166;-1.467;20
5.159;1.661;-2.221;20
6.738;2.008;3.746;20
9.189;-0.018;4.009;20
9.79;-2.607;4.24;20
6.831;-3.974;-2.802;20
5.549;-4.896;-4.05;20
2.84;-2.242;3.831;20
1.06;1.176;3.197;20
0.13;3.068;-2.722;20
-3.653;4.727;-3.265;20
-2.138;3.274;-2.587;20
-3.367;1.866;-1.85;20
-0.863;1.074;0.87;20
0.326;1.065;0.957;20
2.73;0.778;6.234;20
2.498;3.86;3.424;20
-3.445;9.58;-3.081;20
-3.689;7.995;-2.816;20
-1.908;5.002;2.523;20
4.603;0.072;11.026;20
4.291;-2.461;2.94;19
1.523;-2.625;1.361;21
0.562;-2.321;6.742;20
-1.382;-4.295;4.127;19
-2.326;-6.685;-0.737;20
-4.04;-6.057;-4.636;20
-10.009;3.751;-8.346;20
-20.37;5.105;-3.881;20
-20.956;-5.91;6.255;20
7.809;-15.489;13.048;20
9.665;-10.805;2.714;20
4.458;-2.899;2.225;20
4.169;1.208;0.856;20
4.035;4.666;-4.177;20
6.156;5.424;-2.241;20
9.652;2.833;-3.0;20
9.691;1.752;-2.138;20
8.789;0.661;1.609;20
3.697;1.556;4.835;20
-0.656;3.63;5.134;20
2.884;-2.027;5.647;20
1.96;-9.344;5.142;20
-2.47;-8.996;-2.503;20
-5.344;-7.995;-9.408;20
-7.99;-10.266;-4.582;20
-6.839;-6.18;0.873;20
-7.671;-2.636;0.169;20
-5.175;-2.097;4.082;20
-3.187;-0.054;5.181;20
1.059;2.475;1.545;20
4.161;2.206;-0.139;20
5.015;2.401;1.745;20
4.677;3.327;4.977;20
4.658;2.449;5.286;20
4.731;4.558;0.643;20
3.732;4.353;-2.563;20
2.045;-0.868;-3.447;20
-1.625;-6.231;-4.321;20
-6.46;-11.729;-3.671;20
-7.023;-10.396;-4.28;20
-4.238;-15.6;-16.033;20
0.663;-8.926;-9.814;20
1.728;1.643;12.032;20
6.456;1.02;7.12;20
7.498;3.561;-4.955;20
0.638;5.995;-0.943;20
4.013;6.13;2.212;20
12.583;5.871;1.797;20
13.252;5.193;4.471;20
7.074;6.023;-2.13;20
3.055;4.179;-5.746;20
-4.675;2.925;11.786;20
-0.885;-1.47;3.532;20
-4.654;-10.168;1.665;20
-10.229;-12.515;-1.368;20
-8.587;-13.648;-16.885;20
-3.69;-8.68;-10.115;20
-4.08;-2.459;0.496;20
-3.603;-2.569;-1.01;20
0.792;-3.483;-0.221;20
6.793;-2.009;-2.163;20
7.681;-0.185;-3.544;20
4.614;2.332;13.339;20
-0.57;6.663;19.089;20
-2.567;7.253;-5.92;20
0.758;5.29;0.492;20
0.165;8.133;0.907;20
-2.783;9.648;-1.52;20
-8.674;1.7;-0.43;20
0.216;-13.578;-4.009;20
6.624;-13.531;-16.766;20
2.807;-12.742;-17.441;20
0.013;-7.46;-9.236;20
-2.713;1.309;15.771;20
-2.081;3.923;10.011;20
1.258;4.085;2.909;20
7.561;4.959;-0.499;20
9.356;7.291;-3.269;20
3.351;9.311;1.753;20
2.911;7.011;5.417;20
4.17;5.547;-5.157;20
2.403;7.838;-1.416;20
7.132;5.954;5.046;20
8.989;-4.667;11.421;20
-0.406;-18.139;10.604;20
-7.702;-15.439;-4.107;20
-6.839;-7.468;-10.802;20
-9.397;-9.737;-10.882;20
-13.147;-5.34;1.097;20
-10.424;-1.984;6.996;20
-7.756;0.434;2.705;20
-1.953;0.387;-2.799;20
5.352;-2.859;-5.495;20
8.186;-5.934;-0.763;20
8.221;2.042;14.762;20
4.982;10.934;15.929;20
-2.882;11.158;-2.706;20
-1.399;8.449;1.818;20
1.256;5.282;-1.054;20
2.829;2.108;-3.173;20
-0.7;-1.232;-2.004;20
-2.633;-4.543;-8.015;20
0.387;-10.66;-10.799;20
-1.207;-8.311;-16.79;20
1.064;0.899;-0.128;20
-7.728;1.305;11.697;20
-1.429;0.972;5.562;20
4.267;0.79;1.961;20
5.297;3.641;-2.446;20
5.96;7.134;-1.85;20
8.88;9.441;5.886;20
8.195;10.465;-3.187;20
-0.454;7.351;-8.308;20
-6.523;7.28;10.543;20
-3.547;2.104;6.404;20
4.077;-6.781;-0.078;20
2.031;-7.485;-3.253;20
-4.611;-10.315;-10.753;20
-4.825;-10.545;-12.306;20
1.18;-1.61;2.288;20
-1.845;4.522;-3.36;20
-3.012;1.511;1.587;20
-0.986;-6.619;1.616;20
0.086;-8.106;1.519;20
-1.407;0.435;5.237;20
-5.093;7.346;10.021;20
-5.802;9.973;7.861;20
-6.28;3.644;2.297;20
-2.554;-0.585;6.155;20
7.689;-1.473;-1.322;20
-6.444;1.232;-3.063;20
-15.648;-10.523;-7.513;20
-7.225;-22.769;-6.216;20
6.667;-13.727;-6.032;20
16.461;-4.94;1.329;20
7.756;1.868;1.517;20
3.82;5.239;1.948;20
4.913;6.927;5.925;20
3.44;7.441;-4.836;20
4.183;8.767;-9.104;20
8.747;9.621;4.075;19
12.762;10.466;10.902;20
4.147;8.85;-7.829;20
-4.477;5.376;-7.356;20
-10.99;8.145;17.984;20
-8.201;-3.254;4.183;20
-2.953;-7.572;-6.604;20
-3.267;-4.306;-4.467;20
-0.239;-6.781;-0.139;20
5.227;-5.665;-4.942;20
6.408;-5.761;-8.259;20
-1.37;-3.82;-4.376;20
-1.837;-6.18;-2.735;20
0.916;-10.243;-1.783;20
-2.066;-10.508;16.686;20
-7.232;-0.128;21.381;20
-8.529;4.247;2.073;20
-9.707;12.429;9.483;20
-7.376;13.305;2.103;20
-0.088;8.239;3.432;20
6.616;2.068;2.265;20
5.665;-13.145;-3.531;20
-0.29;-13.868;-0.647;20
2.168;-20.725;-0.914;20
6.825;-16.805;-5.042;20
9.808;-3.888;-13.189;20
15.452;2.935;-6.185;20
8.685;7.262;2.543;20
0.868;10.438;0.736;20
-1.829;5.054;-1.162;20
-1.514;6.918;-0.145;20
0.976;12.767;-2.556;20
2.607;15.302;-6.543;20
6.356;17.208;0.134;20
1.857;9.83;3.096;20
-7.182;-2.115;-2.217;20
-4.536;-6.944;4.746;20
6.377;-8.155;15.6;20
11.198;-10.705;9.599;20
-0.817;-19.806;-4.416;20
-15.266;-10.801;-21.416;20
-17.204;-1.326;-11.707;20
-0.925;0.399;-1.404;20
8.254;4.559;0.613;20
10.492;6.737;-2.045;20
18.118;-6.938;10.575;20
7.521;-4.338;23.809;20
-9.406;5.924;-1.491;20
-12.363;8.949;-2.348;20
-8.723;13.504;5.89;20
0.399;10.375;11.338;20
3.276;3.365;8.822;20
0.191;0.31;-1.923;20
-1.407;-10.801;-10.93;20
-4.345;-24.252;-15.679;20
3.919;-16.487;-8.43;20
12.454;-6.665;-7.018;20
7.695;-5.502;-9.175;20
9.118;1.562;-3.057;20
12.263;2.283;1.678;20
-0.233;3.911;1.456;20
-7.413;4.816;1.716;20
0.112;6.857;5.645;20
1.138;10.631;2.051;20
-1.607;10.985;-1.331;20
-10.497;12.499;-0.909;20
-11.053;12.053;-1.271;20
-3.319;8.075;-1.767;20
1.296;1.688;-0.031;20
2.557;-3.307;14.301;20
2.008;-1.514;6.315;20
-0.19;-4.476;-2.553;20
2.148;-15.614;-7.539;20
4.177;-13.971;-17.293;20
8.254;-11.972;-22.394;20
1.711;-8.647;-3.452;20
-5.813;-2.832;22.134;20
-12.221;-1.788;29.633;20
-9.373;4.37;-7.531;20
-8.587;9.261;5.639;20
-6.068;11.756;0.168;20
-6.772;14.409;0.007;20
-4.241;13.132;1.192;20
-1.167;9.715;1.342;20
-3.247;6.117;1.579;20
-6.719;0.241;-1.004;20
-9.408;-6.5;-5.077;20
-5.222;-27.998;-21.263;20
-0.067;-44.679;-19.99;20
3.352;-25.001;26.411;20
2.594;8.677;18.9;20
1.817;11.065;-2.703;20
9.103;6.53;-4.716;20
11.453;6.748;-2.11;20
12.481;8.482;10.059;20
8.546;10.479;0.951;20
4.501;12.999;-11.166;20
1.397;12.581;-7.23;20
-2.677;11.388;-2.721;20
-8.366;9.121;0.211;20
-5.613;3.735;10.415;20
0.122;4.364;6.25;20
1.041;0.895;3.807;20
2.604;-9.635;-6.244;20
2.651;-27.379;-12.678;20
2.861;-37.268;-24.029;20
-4.227;-9.199;-18.379;20
-1.521;7.722;19.251;20
0.5;2.849;20.917;20
-8.503;2.728;-2.66;20
-13.905;10.182;2.573;20
-12.184;12.798;1.811;20
-7.818;13.36;1.481;20
-3.399;9.989;4.942;20
2.25;2.981;1.134;20
2.464;-0.078;-3.676;20
0.937;-7.012;-2.14;20
-1.975;-15.881;-9.043;20
7.992;-35.585;-8.725;20
18.535;-26.162;2.864;20
3.405;5.545;4.764;20
-6.065;11.564;4.028;20
-0.2;5.615;0.338;20
8.958;5.97;1.024;20
12.905;8.667;6.777;20
13.052;9.587;13.087;20
7.903;11.19;-7.398;20
1.869;14.079;-12.145;20
-2.799;13.617;-4.292;20
-7.074;10.354;-5.129;20
-10.957;4.274;-0.401;20
-3.529;2.201;16.866;20
-2.318;-0.426;12.888;20
3.945;-23.514;0.039;20
9.507;-34.967;-17.216;20
1.09;-10.912;-13.131;20
0.531;-0.645;-4.516;20
1.127;-3.857;-17.627;19
-7.949;-8.478;24.968;20
-11.975;-5.582;18.271;20
-7.496;5.38;0.846;20
-12.095;14.429;-3.198;20
-8.473;15.852;-2.783;20
-4.491;14.292;-0.483;20
-3.514;13.861;3.126;20
-2.651;12.65;4.872;20
-3.626;8.336;2.783;20
-6.946;-1.247;3.356;20
-6.585;-10.505;-7.135;20
4.889;-34.681;-27.897;20
12.672;-50.064;-26.616;20
14.363;-23.902;15.492;20
4.783;12.978;42.183;20
2.651;11.665;7.622;20
9.65;5.428;-7.931;20
11.119;8.768;-0.888;20
9.047;12.664;7.209;20
7.144;14.701;2.008;20
4.658;15.121;-5.77;20
-0.955;14.659;-4.949;20
-3.645;12.094;-7.138;20
-3.768;5.716;-13.716;20
-4.527;4.547;7.744;20
-6.862;3.728;18.577;20
-4.236;-17.614;10.836;20
13.131;-42.155;-24.543;20
6.949;-19.125;-21.783;20
-0.851;-2.073;1.421;20
0.926;-3.047;-11.438;20
-3.756;-3.452;10.725;20
-7.155;-4.915;23.479;20
-8.699;4.322;1.518;20
-12.695;13.393;-3.652;20
-9.979;15.826;-2.808;20
-6.004;15.272;-0.651;20
-3.909;14.54;-0.336;20
-4.878;14.112;5.804;20
-4.973;10.509;6.89;20
-5.875;0.424;4.511;20
-7.396;-7.476;-4.865;20
0.915;-24.601;-23.65;20
12.642;-49.342;-27.548;20
15.209;-42.881;-5.021;20
8.322;3.41;40.076;20
-1.491;17.145;26.431;20
7.863;7.024;-6.375;20
12.576;8.191;-6.427;20
9.061;11.697;-0.998;20
8.819;14.759;7.233;20
9.99;17.321;6.029;20
4.194;15.645;-7.136;20
-0.845;12.681;-3.63;20
-3.968;8.848;-8.422;20
-4.201;6.27;-2.589;20
-4.833;6.486;4.491;20
-5.384;-2.464;8.11;20
7.429;-33.849;-5.39;20
9.795;-37.596;-19.94;20
-2.101;-12.15;-16.006;20
2.01;-5.536;-4.236;20
-1.525;-6.268;38.262;20
-11.87;1.417;6.169;20
-14.175;7.105;-3.81;20
-13.18;12.312;-0.693;20
-9.098;14.979;-2.379;20
-3.976;14.973;-2.729;20
-4.885;15.687;-1.562;20
-5.597;14.25;7.847;20
-6.436;11.111;6.219;20
-5.045;1.374;3.855;20
-5.963;-7.362;-8.81;20
-0.915;-29.727;-31.616;20
10.04;-57.511;-23.511;20
19.856;-39.083;12.14;20
7.742;10.403;43.265;20
0.483;15.792;21.061;20
8.903;7.29;-8.771;20
11.048;9.836;-6.855;20
8.076;13.373;-1.418;20
8.299;16.33;0.894;20
8.416;17.506;2.232;20
2.686;15.292;-2.289;20
-3.083;12.374;-4.309;20
-5.274;7.319;-9.869;20
-4.054;5.643;2.578;20
-5.076;6.863;12.565;20
-7.537;-3.332;13.128;20
8.159;-33.639;-14.439;20
14.798;-39.444;-36.038;20
-1.727;-15.482;-13.341;20
0.868;-7.444;3.541;20
-3.858;-5.251;38.732;20
-8.931;3.227;-4.635;20
-10.323;7.658;0.249;20
-12.82;13.592;-2.448;20
-12.51;16.15;-0.726;20
-7.564;15.92;-1.309;20
-4.565;16.865;1.225;20
-5.488;14.364;9.316;20
-8.607;8.486;6.597;20
-7.119;-3.59;4.107;20
-5.734;-12.077;-19.561;20
2.973;-32.454;-31.685;20
10.564;-52.667;-13.048;20
23.109;-34.793;20.602;20
12.06;12.38;42.298;20
3.464;16.508;8.21;20
8.968;11.423;-9.586;20
10.167;13.443;-3.675;20
8.536;15.311;4.893;20
10.332;17.402;9.66;20
4.879;16.117;-4.53;20
-1.832;13.145;-5.286;20
-4.988;10.118;-5.26;20
-3.774;4.799;-12.484;20
-4.235;6.552;2.527;20
-7.341;4.215;7.752;20
-1.45;-17.26;1.037;20
8.37;-32.674;-20.763;20
8.411;-21.679;-15.961;20
6.151;-9.976;-0.127;20
3.572;-8.31;11.628;20
-5.311;-8.72;28.827;20
-15.407;2.919;-7.577;20
-15.526;8.785;1.523;20
-13.848;14.4;-1.811;20
-8.962;15.562;-2.682;20
-7.167;17.447;-4.77;20
-5.144;16.601;4.38;19
-6.123;12.703;11.03;21
-6.22;5.077;5.803;20
-4.928;-5.078;-1.923;19
-4.308;-16.647;-29.618;20
5.785;-43.141;-28.842;20
15.695;-53.83;1.514;20
18.649;-10.83;34.506;20
9.05;16.16;26.929;20
6.207;11.62;-2.477;20
9.228;11.221;-7.184;20
7.682;14.366;0.152;20
8.692;16.053;6.999;20
6.831;17.048;3.596;20
0.965;15.578;-4.703;20
-5.249;12.845;-4.302;20
-4.032;8.613;-7.336;20
-2.954;3.171;-13.965;20
-3.424;4.453;8.434;20
-8.361;3.26;19.547;20
-3.709;-19.493;2.264;20
14.352;-36.643;-37.737;20
9.608;-20.475;-20.728;20
2.261;-8.029;6.012;20
1.658;-9.792;18.942;20
-4.401;-7.935;18.923;20
-11.962;5.634;-2.523;20
-13.944;9.703;0.325;20
-13.383;14.578;-2.96;20
-10.167;15.323;-1.776;20
-5.927;15.319;-4.433;20
-4.578;15.428;2.893;20
-4.829;13.422;11.501;20
-6.313;7.472;6.587;20
-8.212;-2.805;2.448;20
-7.065;-11.634;-19.577;20
6.349;-34.886;-33.821;20
12.111;-55.563;-13.545;20
19.358;-29.023;19.296;20
10.025;16.018;42.121;20
2.501;16.29;13.846;20
7.466;9.959;-8.413;20
9.599;11.442;-5.289;20
8.312;14.168;-1.593;20
9.074;17.472;7.099;20
5.984;16.825;0.214;20
-0.803;13.613;-4.493;20
-4.989;10.745;-5.072;20
-3.466;5.206;-8.933;20
-3.346;6.149;2.506;20
-5.572;4.95;5.123;20
-0.281;-16.955;-1.6;20
10.653;-36.405;-20.313;20
9.008;-23.395;-13.07;20
6.749;-9.488;2.859;20
0.115;-6.714;13.974;20
-10.173;-3.011;26.696;20
-11.059;3.533;-5.358;20
-12.868;8.86;-1.537;20
-13.233;14.492;-2.491;20
-8.533;14.765;-1.518;20
-5.317;14.483;-1.64;20
-5.822;14.878;2.63;20
-5.466;12.178;8.376;20
-7.489;4.256;5.218;20
-8.666;-5.931;-1.943;20
-4.893;-15.827;-24.09;20
6.817;-37.789;-27.088;20
14.397;-54.403;-5.047;20
19.789;-18.469;26.368;20
8.865;17.352;37.583;20
4.1;13.683;2.428;20
8.394;10.176;-8.253;20
7.471;12.427;-3.915;20
6.088;15.58;-1.534;20
6.57;17.683;2.469;20
4.354;15.585;-1.834;20
-0.627;13.024;-3.048;20
-3.533;10.305;-4.078;20
-3.482;5.066;-8.057;20
-3.174;6.103;2.464;20
-5.235;5.221;6.215;20
-0.891;-13.695;-2.411;20
8.778;-33.035;-16.297;20
8.075;-28.36;-18.656;20
5.409;-12.875;-4.633;20
-1.918;-8.917;27.295;20
-9.196;-4.248;19.685;20
-11.631;4.513;-4.379;20
-13.12;9.583;-0.132;20
-11.165;14.493;-2.119;20
-8.9;16.082;-3.481;20
-6.544;16.612;-1.688;20
-5.525;15.848;5.46;20
-6.453;12.404;7.534;20
-7.0;1.596;4.407;20
-7.001;-6.751;-5.989;20
0.25;-23.259;-32.361;20
8.747;-47.405;-25.19;20
16.714;-46.431;7.992;20
14.331;1.327;38.178;20
4.69;17.511;25.706;20
6.614;10.803;-3.878;20
8.508;11.37;-6.092;20
6.769;14.221;-2.331;20
7.03;16.419;0.711;20
5.233;16.344;-0.638;20
0.678;14.145;-3.138;20
-4.108;11.627;-2.852;20
-3.123;7.39;-7.995;20
-2.097;4.689;-3.722;20
-1.976;5.321;4.479;20
-3.717;-4.012;8.817;20
5.308;-27.952;-9.199;20
11.571;-31.342;-22.732;20
6.481;-14.662;-6.553;20
5.783;-8.619;-1.573;20
-3.304;-7.886;29.29;20
-9.842;-3.096;8.221;20
-15.246;3.909;-1.681;20
-16.744;11.84;-3.306;20
-12.864;16.587;-2.56;20
-6.608;15.489;-1.562;20
-4.563;15.936;-0.552;20
-5.514;14.774;9.122;20
-6.815;10.664;7.841;20
-6.927;0.161;3.086;20
-7.002;-8.137;-11.371;20
0.929;-23.685;-29.527;20
9.554;-43.878;-20.989;20
16.679;-43.925;4.404;20
16.348;-1.114;30.324;20
6.128;18.924;28.628;20
4.252;12.532;0.558;19
10.605;9.727;-6.083;20
8.609;12.294;-2.984;20
7.629;16.122;3.861;20
6.166;16.649;5.057;20
0.131;13.505;-3.179;20
-7.108;12.288;-6.123;20
-6.425;6.605;-15.37;20
-2.934;4.403;0.969;20
-3.766;1.02;8.53;20
1.786;-20.453;-1.586;20
7.482;-29.748;-13.244;20
7.723;-13.631;-3.926;20
6.802;-4.959;4.357;20
3.405;-6.901;-15.865;20
-7.216;-9.874;24.739;20
-10.942;-4.857;17.045;20
-12.87;6.994;-9.167;20
-13.004;14.552;-2.429;20
-9.852;15.207;-0.824;20
-6.331;14.684;-3.046;20
-6.364;15.221;-2.67;20
-9.013;14.464;7.526;20
-6.779;9.443;9.675;20
-5.94;-1.256;3.743;20
-5.982;-7.775;-14.124;20
1.853;-25.982;-28.051;20
11.423;-52.694;-20.054;20
17.943;-43.16;9.216;20
9.228;7.611;38.874;20
3.454;18.412;22.116;20
7.705;9.823;-6.542;20
9.964;10.257;-8.244;20
7.616;13.791;-4.804;20
9.594;16.635;8.826;20
6.824;16.623;5.464;20
0.991;13.807;-3.888;20
-5.081;11.894;-4.403;20
-5.442;6.651;-14.416;20
-2.753;4.102;-1.734;20
-3.32;5.022;8.621;20
-4.349;-6.906;9.525;20
5.457;-29.512;-13.928;20
10.987;-29.402;-24.772;20
9.228;-13.238;-4.362;20
6.943;-7.721;-1.298;20
-4.983;-6.138;31.187;20
-11.032;-3.668;3.073;20
-13.781;3.942;0.95;20
-15.577;12.297;-2.296;20
-12.266;15.295;-2.782;20
-5.579;14.707;-3.498;20
-4.784;16.238;-3.939;20
-8.77;15.845;11.517;20
-10.122;11.285;13.522;20
-5.305;-0.286;2.979;20
-5.102;-7.318;-15.109;20
0.144;-22.941;-31.856;20
7.451;-48.144;-19.366;20
19.161;-48.281;9.237;20
14.875;1.228;38.129;20
4.926;19.169;24.136;20
5.636;11.748;-5.724;20
9.994;11.839;-7.784;20
7.287;14.669;-2.767;20
8.546;16.08;4.505;20
7.935;16.626;5.419;20
0.359;14.597;-5.328;20
-5.712;12.704;-5.274;20
-6.152;6.501;-11.809;20
-3.088;4.622;0.711;20
-3.717;2.612;7.767;20
-0.948;-19.29;1.008;20
9.115;-36.051;-14.968;20
9.379;-18.089;-8.942;20
5.595;-3.726;7.502;20
-0.326;-3.244;-8.198;20
-8.699;-2.354;-6.678;20
-12.063;-3.102;40.413;20
-8.74;3.61;-1.04;20
-11.074;12.007;-9.279;20
-9.996;15.042;-0.864;20
-4.605;14.209;-2.129;20
-3.375;14.275;-1.746;20
-7.103;13.924;7.757;20
-9.511;10.824;9.523;20
-5.423;1.12;1.672;20
-4.697;-7.371;-13.778;20
-1.478;-23.451;-25.868;20
7.838;-47.319;-18.974;20
19.062;-44.845;5.605;20
14.377;0.379;28.939;20
5.12;17.201;26.724;20
3.819;10.921;0.009;20
7.483;10.202;-7.115;20
6.944;12.394;-3.46;20
6.299;14.449;-2.998;20
6.611;16.242;0.052;20
2.813;15.609;-1.563;20
-3.344;13.473;-2.187;20
-7.604;7.52;-5.411;20
-3.763;4.004;1.694;20
-1.146;4.333;11.526;20
-2.265;-5.78;6.18;20
8.264;-30.029;-19.364;20
8.72;-31.884;-23.305;20
4.578;-12.644;-3.505;20
5.495;-6.048;-4.111;20
0.203;-6.528;32.281;20
-8.391;-2.147;2.878;20
-15.037;4.586;-0.442;20
-13.977;10.718;-3.274;20
-12.994;15.366;-3.677;20
-7.206;14.347;-1.102;20
-3.831;14.669;-2.08;20
-8.003;16.0;6.119;20
-10.057;13.296;13.624;20
-5.874;4.576;5.449;20
-5.099;-5.425;-5.064;20
-4.043;-17.518;-28.189;20
4.818;-42.323;-28.345;20
14.95;-54.612;0.185;20
19.004;-14.067;26.169;20
10.056;16.528;33.066;20
3.964;12.665;8.567;20
7.545;10.407;-8.226;20
8.298;13.316;-5.586;20
7.522;15.789;-1.728;20
6.537;16.233;1.445;20
0.655;15.698;-0.631;20
-5.58;14.456;-3.847;19
-7.49;9.192;-12.385;20
-4.907;4.069;0.537;20
-1.391;4.147;13.529;20
-1.996;-7.917;12.047;20
13.055;-36.209;-11.956;20
14.022;-27.679;-23.025;20
4.858;-6.407;-2.923;20
0.242;-5.149;-5.445;20
-7.976;-5.768;7.832;20
-10.05;-4.868;33.325;20
-11.499;6.024;-7.489;20
-11.877;13.621;-4.005;20
-10.825;15.409;-3.552;20
-6.16;14.834;-3.596;20
-4.722;14.372;-0.658;20
-9.355;14.379;8.995;20
-10.972;11.148;10.236;20
-6.857;-1.082;3.055;20
-5.746;-10.135;-14.305;20
1.636;-23.536;-27.343;20
12.043;-48.644;-17.52;20
20.633;-46.498;7.334;20
12.537;3.341;33.116;20
3.83;19.103;23.82;20
5.405;11.993;-4.351;20
8.618;12.05;-8.038;20
7.252;13.995;-4.047;20
9.118;15.37;3.57;20
8.896;16.304;6.262;20
1.4;15.044;-4.895;20
-5.724;12.893;-4.477;20
-7.849;6.85;-9.917;20
-3.606;5.382;0.577;20
-2.236;3.831;8.445;20
-2.053;-10.367;3.357;20
8.142;-32.183;-16.629;20
7.923;-26.591;-16.369;20
5.145;-11.535;-2.355;20
3.576;-6.945;-11.278;20
2.011;-7.022;40.824;20
-12.114;0.043;0.569;20
-17.737;6.203;-2.781;20
-15.067;13.372;-3.146;20
-11.162;15.43;-2.402;20
-4.768;14.469;-3.322;20
-4.059;15.032;-0.853;20
-8.394;14.458;11.807;20
-8.966;9.252;10.077;20
-5.935;-1.896;1.758;20
-6.769;-9.381;-17.786;20
0.329;-28.392;-28.85;20
11.891;-53.491;-13.482;20
20.33;-39.324;12.969;20
13.39;8.124;30.638;20
8.869;18.631;21.621;20
5.973;14.101;-3.216;20
7.141;13.583;-4.018;20
7.373;14.294;-0.669;20
8.538;14.822;2.426;20
4.262;14.66;-0.558;20
-1.954;14.196;-2.768;20
-6.398;11.291;-6.449;20
-6.586;4.878;-9.292;20
-2.538;4.834;6.234;20
-3.371;-1.297;10.739;20
2.87;-25.266;-4.259;20
9.806;-33.086;-20.738;20
6.826;-12.096;-10.374;20
4.313;-4.311;0.722;20
-2.499;-2.293;-11.097;20
-3.708;-3.077;40.249;20
-7.744;-1.064;0.604;20
-14.179;7.083;-6.516;20
-14.529;13.261;-1.374;20
-9.295;14.006;-1.29;20
-5.235;13.955;-2.601;20
-7.305;14.824;2.043;20
-10.731;13.035;10.924;20
-8.91;3.45;6.487;20
-5.38;-7.572;-6.503;20
-2.865;-14.009;-22.147;20
6.316;-36.604;-21.868;20
21.39;-57.562;-2.671;20
19.279;-17.703;22.854;20
5.317;19.018;29.559;20
1.883;15.678;5.682;20
8.831;10.691;-6.137;20
9.39;12.638;-4.758;20
6.524;15.343;-1.635;20
8.48;17.209;6.765;20
4.648;16.1;-0.147;20
-1.863;13.287;-4.255;20
-5.95;10.824;-6.162;20
-5.202;4.348;-12.984;20
-3.041;5.049;4.848;20
-6.344;1.144;11.919;20
-0.074;-24.924;0.213;20
11.126;-35.965;-26.045;20
8.677;-16.82;-7.15;20
3.765;-5.438;4.678;20
-0.187;-4.623;-12.452;20
-2.609;-7.597;40.329;20
-10.569;0.425;-2.361;20
-17.122;8.726;-5.035;20
-14.099;14.358;-4.495;20
-9.468;14.966;-2.126;20
-4.501;14.526;-3.074;20
-5.902;15.138;1.396;20
-10.223;13.965;13.125;20
-7.879;8.405;8.401;20
-3.717;-2.604;2.23;20
-6.15;-10.478;-16.098;20
-0.016;-29.187;-29.174;20
11.047;-53.066;-14.794;20
21.263;-38.289;10.542;20
15.025;6.776;24.689;20
7.915;17.725;30.077;20
5.086;11.218;-0.285;20
8.881;11.097;-7.317;20
7.024;14.055;-3.892;20
8.077;15.907;0.653;20
5.637;16.035;1.178;20
-0.445;15.319;-1.767;20
-4.926;12.927;-3.49;20
-5.852;7.275;-12.847;20
-4.081;5.418;3.179;20
-4.796;4.533;11.228;19
-2.794;-12.766;6.58;20
9.709;-37.132;-18.842;20
9.061;-25.034;-22.546;20
5.796;-8.853;-1.153;20
3.352;-5.933;-14.424;20
-1.299;-9.203;38.788;20
-12.319;-2.287;1.581;20
-16.371;6.651;-3.046;20
-15.181;14.633;-3.765;20
-12.981;16.576;-1.556;20
-7.102;15.123;-2.681;20
-4.085;14.562;1.519;20
-6.912;14.084;12.459;20
-7.335;11.505;8.268;20
-3.064;2.507;1.139;20
-7.915;-7.039;-9.232;20
-5.34;-24.348;-33.863;20
8.765;-50.867;-20.772;20
18.957;-47.387;11.379;20
12.766;1.17;28.858;20
2.133;17.35;34.373;20
4.222;8.183;2.051;20
11.488;9.793;-10.222;20
10.246;13.716;-7.268;20
8.374;14.946;-5.522;20
11.008;17.774;11.609;20
7.305;16.905;3.027;20
-0.953;13.854;-8.145;20
-5.456;10.793;-5.634;20
-6.101;5.671;-6.178;20
-3.57;6.212;1.167;20
-2.428;0.79;3.618;20
2.691;-23.105;3.12;20
9.228;-37.149;-14.447;20
5.77;-20.488;-11.695;20
4.699;-8.058;-3.017;20
-1.194;-3.691;-7.609;20
-5.984;-4.839;43.367;20
-11.144;-0.009;-4.154;20
-14.867;8.183;-3.758;20
-14.631;14.704;-4.053;20
-10.076;15.62;-2.731;20
-5.867;15.108;-2.462;20
-6.466;14.662;4.958;20
-10.371;13.61;12.864;20
-7.831;6.137;7.373;20
-5.502;-4.883;0.304;20
-6.944;-14.29;-24.025;20
3.093;-38.364;-28.685;20
16.235;-56.748;-8.114;20
21.133;-23.398;16.519;20
11.556;15.629;27.397;20
5.907;17.241;23.427;20
7.602;12.464;-3.458;20
9.403;12.473;-6.435;20
7.078;15.007;-5.56;20
8.639;16.712;2.624;20
6.541;16.039;1.252;20
0.09;14.088;-3.113;20
-3.352;11.301;-4.479;20
-3.407;5.506;-8.087;20
-3.062;5.817;1.509;20
-6.958;1.758;12.929;20
0.345;-27.455;4.191;20
10.034;-38.637;-36.612;20
2.735;-16.952;-11.273;20
0.495;-5.37;8.052;20
0.273;-3.686;-10.841;20
2.654;-4.783;39.365;20
-8.17;0.515;0.199;20
-16.885;6.791;-3.38;20
-15.627;13.91;-7.509;20
-10.352;15.91;-3.265;20
-4.85;15.046;-3.312;20
-7.075;16.768;0.451;20
-8.428;15.173;14.355;20
-9.013;8.324;11.151;20
-6.643;-3.548;0.048;20
-3.144;-11.286;-21.832;20
1.607;-28.39;-29.032;20
15.3;-57.304;-10.994;20
22.428;-33.979;16.536;20
5.85;14.749;37.617;20
0.902;15.691;22.17;20
7.152;9.672;-5.784;20
9.322;11.591;-5.563;20
6.736;14.919;-5.712;20
6.483;17.103;-4.778;20
4.756;17.249;-2.013;20
0.894;14.957;-2.708;20
-3.42;12.269;-2.772;20
-6.355;4.546;-3.238;20
-3.059;5.402;2.841;20
-1.824;5.573;7.791;20
-1.051;-6.151;7.558;20
14.056;-36.012;-10.723;20
15.246;-35.101;-15.957;20
3.707;-11.959;-5.237;20
-3.598;-4.326;-12.091;20
-11.452;-6.062;35.582;20
-11.81;-2.062;11.84;20
-10.857;8.024;-7.807;20
-11.578;14.741;-2.248;20
-10.194;15.947;-1.961;20
-6.747;14.822;-1.424;20
-5.417;13.991;1.134;20
-7.678;13.146;8.135;20
-7.848;9.889;5.687;20
-4.944;-0.652;0.136;20
-6.437;-9.299;-12.652;20
-2.63;-24.778;-27.05;20
9.696;-49.868;-22.474;20
20.662;-44.782;8.389;20
12.91;3.735;29.234;20
1.381;19.177;31.877;20
2.571;11.895;0.606;20
9.545;11.025;-7.508;20
8.653;13.154;-5.145;20
6.388;15.325;-3.895;20
8.554;16.869;4.156;20
5.217;15.302;-0.456;20
-0.799;12.681;-4.554;20
-3.076;8.845;-7.691;20
-2.822;5.54;-3.256;20
-2.38;5.389;2.747;20
-3.938;-2.898;7.319;20
5.322;-30.874;-6.99;19
12.614;-34.968;-20.648;20
5.995;-13.719;-1.846;20
2.256;-4.832;-5.577;20
-5.363;-6.537;17.354;20
-10.419;-6.896;25.178;20
-13.816;3.406;-7.041;20
-11.376;10.678;-2.038;20
-10.959;14.866;-3.36;20
-10.119;16.462;-5.107;20
-9.045;16.808;-4.762;20
-9.378;15.448;8.748;20
-7.907;10.359;14.198;20
-6.164;-1.397;4.073;20
-4.027;-7.046;-14.271;20
-0.546;-19.368;-25.191;20
12.066;-50.391;-21.195;20
24.101;-48.501;5.31;20
10.474;5.065;35.227;20
0.856;19.941;24.516;20
6.538;11.206;-3.273;20
10.034;11.631;-5.369;20
7.677;13.529;-4.209;20
7.338;16.132;-0.252;20
8.564;17.669;6.412;20
2.652;14.369;-4.059;20
-2.054;11.578;-5.486;20
-4.323;7.674;-10.506;20
-3.455;6.714;-0.65;20
-3.638;5.204;1.332;20
-2.974;-9.398;0.798;20
9.691;-37.052;-10.573;20
7.648;-28.701;-9.574;20
0.767;-7.723;1.256;20
2.441;-5.597;-8.641;20
-4.268;-6.376;26.396;20
-8.173;-1.344;21.887;20
-9.97;6.471;-11.508;20
-12.061;12.388;-2.546;20
-10.137;14.937;-2.311;20
-6.616;14.496;-1.536;20
-6.84;14.65;-1.935;20
-10.047;13.735;7.796;20
-9.991;9.897;10.506;20
-4.523;-0.875;0.448;20
-4.038;-8.362;-19.24;20
-3.947;-19.948;-26.018;20
6.571;-48.365;-12.134;20
24.451;-48.26;10.207;20
18.032;-1.109;29.835;20
9.651;16.046;18.679;20
3.723;12.811;-1.311;20
4.222;12.772;-5.505;20
6.468;14.086;-1.188;20
7.344;14.445;4.725;20
5.348;13.149;2.724;20
0.398;13.212;-2.008;20
-5.402;12.376;-2.652;20
-5.219;8.443;-17.017;20
-3.326;4.902;-4.74;20
-6.199;5.518;9.55;20
-6.776;-6.007;10.501;20
4.773;-30.574;-11.875;20
10.541;-24.859;-29.75;20
7.206;-7.803;2.297;20
4.916;-3.077;7.159;20
2.24;-3.365;-8.326;20
-1.49;-7.687;38.787;20
-10.648;-3.076;-3.91;20
-16.532;7.089;-4.507;20
-14.355;13.305;-0.762;20
-10.216;15.319;-0.629;20
-5.018;14.783;-2.617;20
-4.553;14.335;0.397;20
-8.748;13.361;8.634;20
-9.287;5.917;6.938;20
-3.961;-4.574;-1.149;20
-3.843;-9.396;-19.571;20
1.008;-27.716;-24.0;20
16.481;-55.64;-15.429;20
20.803;-31.947;15.375;20
7.333;14.529;38.288;20
2.641;16.601;15.15;20
7.528;9.933;-6.315;20
9.125;11.296;-4.506;20
6.998;14.196;-0.035;20
9.114;16.014;6.19;20
4.749;15.09;-0.469;20
-0.058;12.975;-1.772;20
-3.323;11.326;-6.404;20
-3.696;7.507;-12.947;20
-2.6;5.887;1.306;20
-5.254;2.487;6.53;20
-2.648;-22.097;5.823;20
10.689;-40.584;-29.117;20
3.704;-16.883;-16.305;20
3.838;-3.675;6.47;20
2.29;-3.211;4.708;20
0.024;-4.407;40.586;20
-7.336;1.325;-6.476;20
-13.82;6.559;-4.326;20
-14.167;12.485;-2.785;20
-10.146;14.194;-1.543;20
-7.799;14.489;-4.613;20
-9.36;15.11;0.312;20
-11.152;13.42;13.678;20
-6.859;5.795;7.168;20
-4.308;-5.436;-4.761;20
-3.521;-12.757;-22.707;20
1.987;-35.779;-22.778;20
20.157;-58.507;-4.229;20
21.28;-22.042;19.947;20
9.026;15.753;28.533;20
3.371;16.327;7.915;20
4.642;12.993;-4.957;20
7.429;13.361;-4.891;20
5.904;14.312;-1.461;20
7.448;14.905;3.253;20
3.715;14.488;1.623;20
-0.612;13.483;-2.257;20
-3.535;11.577;-4.472;20
-4.035;6.316;-11.193;20
-3.791;6.435;1.203;20
-4.916;4.683;5.328;20
-3.411;-11.786;7.164;19
9.146;-35.601;-16.661;20
7.326;-28.162;-25.565;21
3.724;-9.161;1.352;20
4.022;-3.696;-0.5;20
2.046;-4.991;39.503;20
-8.978;-2.099;-1.6;19
-15.777;3.886;-2.968;20
-13.703;10.502;-1.662;20
-10.85;14.611;-3.014;20
-8.098;15.444;-2.499;20
-6.275;15.441;-1.007;20
-7.87;14.584;8.622;20
-9.668;7.84;9.963;20
-6.433;-4.836;1.83;20
-1.838;-9.759;-19.887;20
0.878;-22.81;-24.787;20
14.924;-52.861;-14.956;20
22.004;-38.761;14.678;20
5.26;11.833;38.846;20
1.431;16.871;13.831;20
6.915;10.303;-5.251;20
8.288;11.862;-5.696;20
5.899;14.58;-4.704;20
7.585;16.505;-0.599;20
6.697;16.411;2.041;20
2.964;14.608;-2.304;20
-0.874;13.365;-2.854;20
-2.783;10.194;-3.414;20
-1.659;5.843;-1.224;20
-1.53;4.103;0.973;20
-2.062;-7.152;6.956;20
6.185;-34.682;-8.248;20
4.165;-38.475;-27.789;20
3.623;-16.944;-13.417;20
6.635;-6.262;8.963;20
-1.664;-3.503;37.685;20
-14.164;2.499;-5.616;20
-14.787;6.431;0.938;20
-13.966;14.013;-4.531;20
-11.372;16.486;-2.474;20
-6.577;15.454;-1.944;20
-6.091;15.56;0.209;20
-8.339;14.562;9.605;20
-7.587;8.947;8.103;20
-5.047;-1.431;1.269;20
-4.588;-9.499;-14.724;20
-1.164;-26.573;-23.958;20
12.553;-54.288;-15.528;20
20.984;-37.927;10.546;20
9.27;9.686;30.009;20
3.87;16.492;22.694;20
5.669;9.714;-2.173;20
7.969;10.717;-5.905;20
5.799;13.429;-3.361;20
6.519;15.292;-0.044;20
6.32;15.585;4.351;20
2.12;14.604;-0.972;20
-1.841;12.507;-3.921;20
-3.461;8.616;-9.355;20
-2.522;6.939;-1.276;20
-1.929;4.854;1.039;20
-4.388;-5.7;6.579;20
5.81;-34.662;-5.448;20
10.692;-35.37;-23.348;20
4.013;-11.129;-6.072;20
3.635;-4.846;-2.811;20
-2.309;-4.78;36.746;20
-7.427;-1.95;7.228;20
-12.876;4.602;-4.444;20
-13.539;11.903;-3.592;20
-11.133;15.342;-2.051;20
-7.651;14.728;-2.335;20
-6.491;15.06;-4.409;20
-9.119;14.981;5.808;20
-9.093;11.064;13.362;20
-7.058;-0.188;5.605;20
-3.438;-7.434;-13.7;20
-1.966;-17.979;-25.8;20
7.295;-45.851;-18.932;20
23.253;-52.738;1.598;20
12.526;-1.562;31.505;20
3.777;19.678;26.858;20
4.658;13.021;0.226;20
8.097;11.767;-7.033;20
6.606;13.449;-4.872;20
7.241;14.969;0.689;20
8.274;15.466;6.066;20
4.064;14.452;-0.654;20
-0.304;12.739;-3.441;20
-2.969;10.95;-6.835;20
-3.06;6.764;-1.859;20
-2.913;4.895;1.258;20
-4.252;-7.438;4.565;20
7.592;-39.413;-13.035;20
6.234;-33.525;-21.067;20
1.29;-6.72;-0.057;20
4.263;-3.648;-5.501;20
-3.861;-5.267;33.693;20
-7.142;-1.718;14.82;20
-11.315;5.309;-7.966;20
-14.086;12.147;-1.689;20
-11.664;15.238;-3.697;20
-8.124;14.686;-3.474;20
-5.966;14.235;-1.419;20
-8.36;14.084;7.772;20
-7.696;10.271;9.705;20
-5.469;-0.355;1.821;20
-4.819;-8.312;-15.222;20
-2.709;-22.007;-27.351;20
10.535;-50.464;-17.469;20
22.437;-45.387;9.208;20
10.11;4.813;31.921;20
2.027;18.186;23.226;20
4.261;10.24;-1.48;20
8.828;10.143;-7.27;20
7.647;13.106;-3.684;20
7.995;14.844;0.232;20
7.937;15.798;4.055;20
3.403;14.47;-0.508;20
-1.617;12.411;-3.502;20
-3.381;9.437;-9.393;20
-2.902;6.419;-1.772;20
-3.257;4.83;2.408;20
-5.093;-6.649;6.537;20
3.564;-34.613;-8.304;19
4.9;-31.429;-25.234;20
3.654;-7.926;-5.625;20
6.414;-3.565;-3.072;20
1.769;-3.448;36.672;20
-10.195;-1.805;9.691;20
-16.047;2.852;-9.672;20
-15.77;11.26;-1.441;20
-11.912;15.39;-1.692;20
-6.92;14.7;-0.572;20
-6.362;14.198;0.647;20
-9.494;13.231;9.223;20
-6.634;6.102;8.365;20
-5.216;-6.251;-3.563;20
-2.187;-11.692;-20.426;20
1.855;-24.616;-21.041;20
15.61;-55.13;-7.55;20
23.876;-34.115;17.513;20
9.145;12.517;30.493;20
1.569;17.492;9.017;20
4.26;12.308;-5.281;20
8.027;12.442;-3.944;20
6.636;13.996;-1.599;20
6.871;15.248;1.52;20
5.938;15.61;1.631;20
1.768;13.947;-1.748;20
-1.567;11.632;-3.149;20
-2.846;7.91;-7.034;20
-2.462;6.739;-1.71;20
-2.934;4.918;1.345;20
-4.298;-11.955;6.658;20
8.823;-40.885;-14.059;20
3.234;-27.015;-19.966;20
-0.333;-3.487;-1.765;20
2.674;-2.246;-5.068;20
-0.979;-4.302;33.968;20
-5.357;-2.425;15.573;20
-13.831;5.554;-9.878;20
-13.538;12.068;-1.062;20
-10.63;15.022;-2.353;20
-7.504;14.783;-5.666;20
-6.217;15.239;-3.433;20
-5.923;13.309;8.963;20
-6.814;9.202;11.549;20
-5.854;-1.357;3.488;20
-5.691;-10.157;-17.768;20
-1.61;-29.034;-26.904;20
13.527;-55.794;-16.709;20
20.973;-36.495;14.696;20
9.668;10.62;32.295;20
2.867;16.245;21.746;20
7.414;9.817;-3.617;20
8.477;12.979;-5.672;20
5.988;15.241;-3.604;20
5.491;15.174;-3.487;20
3.784;15.375;-1.399;20
1.312;14.12;-1.129;20
-2.576;13.165;-3.073;20
-4.817;8.718;-4.603;20
-1.578;6.106;0.971;20
-2.466;4.564;7.962;20
-4.362;-8.251;12.008;20
9.05;-35.71;-14.509;20
10.206;-36.944;-33.431;20
0.68;-13.366;-5.258;20
1.17;-5.011;-2.743;20
-3.417;-5.349;40.923;20
-9.972;-0.19;3.869;20
-12.064;6.311;-2.974;20
-12.218;13.217;-4.367;20
-10.979;16.283;-5.286;20
-8.131;16.002;-3.218;20
-6.162;15.876;-0.529;20
-8.141;15.084;12.215;20
-7.965;10.769;10.881;20
-4.774;-0.253;1.745;20
-4.242;-8.97;-15.32;20
-1.052;-23.22;-27.78;20
8.625;-49.326;-14.947;20
21.957;-44.107;8.065;20
14.341;2.73;27.526;20
7.59;17.013;23.61;20
3.895;11.888;0.638;20
7.19;11.019;-7.135;20
6.758;13.657;-2.614;20
5.821;14.76;0.424;20
5.217;14.079;1.474;20
1.899;13.881;0.089;20
-1.343;12.698;-2.402;20
-2.388;10.878;-10.717;20
-2.056;6.903;-1.45;20
-2.939;4.85;4.334;20
-5.204;-8.317;10.422;20
7.294;-39.318;-6.711;20
10.061;-32.357;-30.829;20
2.091;-3.795;-4.652;20
3.809;-2.333;-3.218;20
-3.103;-6.733;22.752;20
-8.864;-8.004;19.219;20
-14.928;4.519;-7.419;20
-14.841;12.57;-2.143;20
-10.336;15.036;-4.193;20
-7.071;15.078;-2.661;20
-4.887;15.448;-1.66;20
-6.871;15.199;7.785;20
-7.963;12.209;12.335;20
-8.141;2.476;3.782;20
-4.313;-6.991;-10.386;20
-2.797;-16.317;-24.273;20
5.769;-43.737;-22.706;20
25.126;-55.877;2.151;20
16.913;-6.319;27.331;20
2.978;20.239;31.982;20
3.338;11.749;5.165;20
8.687;10.025;-6.729;20
7.238;13.379;-3.823;20
5.863;15.256;-2.487;20
5.74;15.66;-1.316;20
3.047;15.314;-0.453;20
-0.631;13.045;-1.391;20
-3.073;11.197;-7.478;20
-2.442;7.145;-1.742;20
-1.437;5.029;3.188;20
-4.71;-2.475;7.998;20
2.605;-32.262;-3.156;19
11.257;-39.845;-29.759;20
5.194;-13.256;-14.365;20
4.815;-4.613;-0.405;20
-3.252;-4.602;40.507;20
-10.977;0.41;-1.31;20
-14.26;6.098;0.305;20
-12.42;12.191;-2.32;20
-9.781;14.893;-3.129;20
-6.585;14.652;-2.942;20
-5.534;14.437;-1.47;20
-9.387;13.944;9.544;20
-10.108;10.051;13.018;20
-5.866;-1.416;3.461;20
-4.615;-8.688;-17.575;20
-1.778;-22.29;-23.126;20
10.352;-49.496;-14.591;20
20.601;-44.053;4.349;20
13.866;3.007;32.172;20
9.576;17.442;21.758;20
6.109;12.567;-3.64;20
7.595;11.483;-6.892;20
6.879;13.172;-0.979;20
7.642;13.847;3.909;20
5.692;13.835;2.382;20
0.727;13.614;-0.384;20
-3.7;12.127;-3.019;20
-4.47;8.642;-15.955;20
-5.157;7.181;1.329;20
-5.92;5.348;7.528;20
-6.283;-8.589;6.714;20
8.313;-37.262;-16.194;20
9.713;-27.875;-26.778;20
3.576;-4.123;2.368;20
4.279;-2.889;1.534;20
-1.674;-4.573;20.104;20
-6.851;-4.441;18.577;20
-10.952;2.843;-8.834;20
-12.61;10.182;-1.259;20
-11.648;14.301;-2.959;20
-7.071;14.163;-1.391;20
-5.743;14.986;-2.373;20
-8.788;14.755;5.092;20
-9.369;10.283;12.756;20
-7.384;-1.026;6.017;20
-4.229;-7.874;-11.76;20
-2.547;-15.202;-24.259;20
6.917;-39.921;-20.923;20
22.14;-54.653;-0.397;20
16.725;-7.643;29.594;20
6.924;19.8;29.769;20
5.374;13.836;-0.417;20
8.329;11.961;-6.565;20
6.731;14.464;-2.338;20
7.625;15.973;4.595;20
6.338;15.184;2.139;20
1.774;13.92;-2.442;20
-1.291;11.821;-2.111;20
-3.029;10.374;-9.782;20
-2.601;6.234;-4.893;20
-3.574;4.668;4.713;20
-7.438;-5.34;8.864;20
3.526;-37.434;-11.306;20
9.503;-34.634;-31.261;20
1.643;-6.38;4.024;20
0.25;-1.322;7.192;20
-1.113;-1.606;-3.195;20
0.612;-4.962;36.54;20
-6.289;0.632;-2.49;20
-13.949;8.294;-4.759;20
-13.186;13.016;-3.474;20
-9.239;14.23;-2.657;20
-6.491;14.066;-3.95;20
-7.082;14.624;-1.53;20
-8.609;12.691;10.79;20
-8.544;6.328;8.603;20
-4.813;-5.522;-3.513;20
-3.116;-12.537;-24.682;20
0.907;-29.841;-19.985;20
19.571;-56.477;-2.226;20
22.988;-25.228;21.355;20
8.22;13.88;26.8;20
3.726;15.237;4.039;20
6.344;12.079;-6.76;20
8.001;12.427;-3.52;20
6.075;14.112;0.675;20
9.411;15.068;10.318;20
4.238;14.406;1.05;20
-0.628;13.155;-3.752;20
-3.28;11.292;-6.518;20
-3.323;6.977;-13.474;20
-3.855;5.266;2.526;20
-6.807;3.57;7.998;20
-4.694;-16.851;3.393;20
7.843;-40.192;-24.755;20
4.243;-21.732;-18.405;20
3.832;-3.708;8.618;20
4.121;-2.863;-0.778;20
-1.359;-6.753;35.794;20
-6.136;-1.915;2.765;20
-11.99;4.737;-5.76;20
-14.053;10.68;-2.075;20
-11.318;14.531;-3.314;20
-8.146;15.241;-3.092;20
-8.159;16.086;-3.212;20
-8.894;13.943;10.846;20
-9.882;9.567;12.508;20
-5.214;-2.622;1.803;20
-3.218;-9.748;-22.264;20
-1.555;-26.102;-26.449;20
13.435;-55.48;-15.178;20
25.063;-38.102;15.545;20
11.87;11.262;35.479;20
5.22;18.21;17.891;20
5.392;12.474;-3.682;20
6.953;13.585;-6.677;20
5.714;15.447;-2.323;20
6.721;15.558;2.016;20
4.233;14.005;1.668;20
-0.277;13.35;-2.008;20
-3.852;11.282;-5.554;20
-2.371;5.889;-10.751;20
-2.505;5.477;2.903;20
-6.715;0.066;7.733;19
-2.624;-28.448;-0.507;20
7.525;-33.651;-30.903;20
7.481;-12.452;-3.677;20
3.644;-1.139;9.134;20
2.475;-1.124;-7.254;20
1.833;-1.214;33.211;20
-2.318;0.454;5.862;20
-13.992;7.625;-4.572;20
-10.855;9.945;-5.755;20
-9.724;12.954;-7.413;20
-6.91;13.565;-2.472;20
-5.488;13.463;0.392;20
-11.966;14.298;9.83;20
-9.309;10.18;7.314;20
-1.926;-0.052;-6.563;20
-7.323;-13.655;-25.235;20
-0.076;-31.557;-14.023;20
15.71;-44.312;12.545;20
17.039;-23.444;6.685;20
13.588;1.134;2.934;20
10.947;8.161;11.738;20
5.954;8.108;11.312;20
0.465;6.885;0.878;20
1.373;6.734;-8.214;20
5.134;10.391;-4.506;20
8.79;12.593;18.473;20
9.166;10.978;15.324;20
0.009;9.862;-8.754;20
-7.826;10.612;-6.023;20
-18.086;10.674;-5.882;20
-8.697;0.739;-27.597;20
-2.866;-2.816;6.809;20
-9.351;-8.631;13.879;20
-4.594;-24.513;-11.54;20
5.603;-10.443;-14.123;20
4.898;1.735;9.174;20
6.081;0.605;17.024;20
5.687;-0.535;-0.911;20
9.628;-3.81;-22.151;20
10.17;-1.263;-6.716;20
6.346;3.886;13.436;20
2.322;2.163;24.327;20
-8.094;-2.565;-3.728;20
-12.245;-0.486;-3.256;20
-13.664;6.624;0.911;20
-12.593;11.619;0.537;20
-11.417;13.296;-1.557;20
-7.93;11.566;2.353;20
-3.25;6.99;1.053;20
-1.676;0.672;-3.081;20
-3.783;-10.042;-12.425;20
-1.214;-18.621;-24.556;20
4.805;-24.055;-4.21;20
15.065;-23.865;19.938;20
14.024;-0.064;17.463;20
9.784;8.296;5.024;20
5.369;5.892;-0.969;20
3.002;5.228;-2.676;20
3.441;4.871;-1.258;20
4.595;5.005;0.902;20
4.662;5.875;0.394;20
4.784;6.294;1.245;20
3.881;7.368;3.255;20
5.308;6.107;14.901;20
2.703;-1.792;10.781;20
-17.414;-5.838;-6.716;20
-30.802;-2.531;-11.046;20
-14.746;-4.104;-16.28;20
-2.864;2.532;-6.134;20
-3.563;7.884;0.856;20
-2.756;3.008;7.1;20
2.001;-2.654;10.174;20
8.46;-9.501;8.274;20
15.128;-17.131;-3.36;20
11.866;-7.417;-15.925;20
5.35;6.403;-5.441;20
4.964;8.865;4.482;20
4.571;4.445;-3.362;20
0.199;-1.602;-7.909;20
-4.559;-0.443;-4.345;20
-4.056;2.386;-0.263;20
-1.813;4.312;4.637;20
0.803;3.484;5.391;20
3.023;0.412;2.897;20
2.083;0.951;0.813;20
-0.304;1.735;0.262;20
-1.994;1.26;-0.684;20
-2.457;-0.812;-2.558;20
-2.556;-2.624;-3.604;20
-2.514;-2.803;-3.017;20
-2.48;-3.398;-1.495;20
-2.999;-2.664;-0.872;20
-4.086;0.226;0.349;20
-4.509;1.837;7.167;20
-2.78;-2.261;2.939;20
-1.234;-5.849;0.047;20
-0.83;-4.477;-4.329;20
-0.226;1.108;-6.13;20
4.63;1.818;-2.485;20
6.417;3.327;-0.943;20
6.61;5.372;1.558;20
5.882;5.38;-2.398;20
4.658;3.883;-2.097;20
1.601;4.191;1.899;20
-3.427;6.085;3.544;20
-5.279;7.723;0.305;20
-4.046;7.289;-3.398;20
-2.923;0.459;0.198;20
-1.775;1.187;1.524;20
-1.744;1.907;4.045;20
-2.333;-3.785;-7.524;20
-1.166;-5.892;-7.626;20
0.073;-4.553;0.44;20
-1.126;-2.866;-0.161;20
-2.128;-0.689;-3.56;20
-2.393;2.093;-1.891;20
-0.235;1.267;3.32;20
2.327;-2.722;5.056;20
3.101;-5.298;2.211;20
-0.257;-4.334;-1.017;20
-7.352;-0.949;-4.972;20
-11.051;1.438;-7.474;20
-6.702;1.445;-2.458;19
0.992;0.283;2.185;20
1.854;1.301;2.788;20
-2.567;2.475;2.043;20
-6.24;1.686;-0.359;20
-5.618;-1.09;-2.766;20
-6.484;-2.337;-6.568;20
-6.103;-2.897;-7.414;20
-4.162;-3.107;-4.913;20
-2.474;-2.622;-2.247;20
-1.181;-2.873;-0.886;20
0.055;-3.256;-0.443;20
1.315;-3.439;-0.401;20
2.119;-2.944;-0.309;21
3.156;-2.04;0.881;20
3.937;-0.561;2.164;19
4.339;0.973;3.195;20
4.804;2.262;3.954;20
5.035;3.353;4.582;20
4.982;3.901;4.536;20
5.141;3.666;4.307;20
5.018;3.418;4.594;20
4.524;4.075;4.305;20
3.703;5.15;3.482;20
3.46;5.239;3.733;20
4.181;3.999;6.455;20
11.563;3.256;16.24;20
1.917;3.929;21.228;20
-8.562;4.948;7.854;20
-1.298;3.093;2.767;20
1.594;4.256;4.618;20
2.047;4.421;4.152;20
2.929;4.003;3.935;20
0.75;5.323;2.242;20
-0.769;6.278;2.841;20
-0.854;5.232;5.202;20
1.499;2.648;4.669;20
3.166;1.609;4.357;20
2.871;0.622;5.344;20
0.325;2.035;2.443;20
-0.975;3.327;-0.088;20
0.446;3.486;-0.907;20
1.621;3.364;-0.394;20
1.675;3.26;0.212;20
0.783;3.699;-0.865;20
-0.633;4.427;-1.542;20
-0.887;4.312;-0.943;20
0.421;3.469;-0.614;20
0.847;3.171;-0.727;20
-0.496;3.43;0.334;20
-1.524;3.456;1.801;20
-0.559;2.849;1.725;20
0.438;2.299;0.821;20
0.256;2.028;1.032;20
0.601;1.383;1.449;20
0.983;0.917;0.713;20
-0.276;1.44;0.43;20
-0.742;1.651;1.03;20
1.023;0.732;0.683;20
1.197;0.656;0.162;20
-0.028;1.291;0.204;20
-0.18;1.307;0.457;20
-0.24;1.277;0.254;20
0.061;1.162;-0.454;20
0.417;0.772;-0.699;20
0.6;0.199;-0.466;20
0.417;0.205;-0.221;20
-0.154;0.463;0.156;20
-0.673;0.593;0.639;20
-0.328;0.51;0.441;20
0.409;0.034;0.0;20
0.107;0.266;-0.23;20
-1.371;1.194;-0.2;20
-1.147;0.887;0.589;20
0.771;-0.475;0.286;20
1.612;-1.203;-0.175;20
0.526;-0.479;-0.006;20
-0.847;0.568;0.672;20
-0.586;0.47;1.329;20
-0.223;0.415;0.36;20
-0.067;0.489;-0.74;20
-0.028;0.74;-0.832;20
-0.549;0.834;-0.137;20
-0.475;0.598;0.73;20
-0.345;0.23;0.604;75
-0.048;-0.201;0.768;20
-0.389;-0.213;0.291;20
-0.387;-0.143;-0.532;20
-0.221;0.022;-1.073;19
-0.452;0.308;-1.127;20
-0.684;0.661;-1.01;20
-0.145;0.284;-1.356;20
0.512;0.08;-0.336;20
0.398;-0.018;0.013;20
0.379;0.01;0.091;20
-0.047;0.188;0.05;20
-0.289;0.384;0.145;20
-0.127;0.358;0.18;20
-0.053;0.325;0.272;20
-0.086;0.31;0.445;20
0.282;0.153;0.325;20
0.615;0.063;-0.071;20
0.682;-0.004;-0.213;20
0.23;0.137;0.105;20
0.03;0.222;0.065;20
0.282;0.091;-0.109;20
0.223;0.121;-0.117;20
-0.016;0.168;-0.063;20
-0.004;0.136;-0.224;20
0.132;0.038;-0.273;20
0.068;-0.035;-0.188;20
-0.223;0.092;-0.098;20
-0.394;0.225;-0.149;20
-0.158;0.14;-0.264;20
-0.043;0.142;-0.19;20
-0.144;0.178;-0.067;20
-0.159;0.186;0.033;20
0.015;0.099;0.008;20
0.073;0.075;-0.106;20
0.162;0.009;-0.248;20
0.158;0.036;-0.176;20
0.068;-0.011;0.185;20
0.119;-0.085;0.453;20
0.202;-0.155;0.395;20
0.123;-0.044;0.193;20
-0.062;0.05;-0.015;20
-0.169;0.058;0.056;20
-0.106;0.061;-0.02;20
-0.161;0.114;0.039;20
0.092;-0.017;0.166;20
0.172;-0.065;0.196;20
-0.062;0.054;0.109;20
-0.17;0.287;-0.6;20
-0.32;0.279;-0.781;20
-0.3;0.307;-0.466;20
-0.255;0.198;-0.22;20
-0.011;0.087;-0.076;20
-0.052;-0.037;0.28;20
-0.111;0.017;0.348;20
-0.011;0.011;-0.062;20
0.133;0.052;-0.246;20
0.011;0.079;-0.349;20
0.017;0.08;-0.208;20
-0.046;0.009;-0.147;20
-0.124;0.046;-0.079;20
-0.02;0.014;-0.05;20
0.167;-0.024;-0.006;20
0.184;-0.038;0.096;20
0.172;-0.025;0.184;20
0.088;0.005;0.154;20
-0.115;0.094;0.043;20
-0.081;0.057;0.061;20
0.037;0.019;0.134;20
0.07;0.031;0.104;20
-0.01;-0.006;0.141;20
0.043;-0.041;0.222;20
0.127;0.018;0.053;20
0.157;0.048;-0.082;20
0.067;0.019;0.035;20
-0.076;-0.016;0.15;20
-0.02;-0.085;-0.017;20
-0.043;-0.128;-0.017;20
-0.077;-0.088;-0.001;20
-0.152;-0.009;-0.147;20
-0.102;0.062;-0.395;20
-0.097;0.081;-0.335;20
-0.147;0.072;0.014;20
-0.23;0.103;0.181;20
-0.301;0.135;0.106;20
-0.115;0.082;0.149;20
-0.012;0.058;0.092;20
-0.134;0.038;-0.104;20
-0.156;0.04;-0.051;20
-0.122;0.013;-0.138;20
0.002;-0.028;-0.377;20
0.028;-0.022;-0.412;20
-0.025;0.067;-0.423;20
-0.321;0.284;-0.822;20
-0.41;0.223;-0.07;20
0.023;-0.223;0.667;20
0.038;-0.332;1.053;20
-0.156;-0.119;0.801;20
-0.057;-0.075;0.402;20
-0.043;0.0;0.104;20
-0.024;0.085;-0.174;20
-0.05;0.073;-0.287;20
-0.025;0.0;-0.244;20
0.089;-0.057;-0.234;20
0.146;-0.078;-0.38;20
-0.043;-0.101;-0.204;20
0.009;-0.167;0.078;20
0.027;-0.184;0.089;20
-0.048;-0.076;0.162;20
-0.065;-0.069;0.247;20
-0.061;-0.137;0.461;20
-0.14;-0.128;0.669;20
-0.193;-0.126;0.578;20
-0.081;-0.07;0.204;20
-0.072;-0.007;-0.113;20
-0.088;0.088;-0.195;20
-0.539;0.406;-0.991;20
-0.263;0.259;-0.612;20
-0.075;0.026;-0.112;20
-0.127;0.031;0.18;20
-0.081;0.001;0.187;20
0.047;-0.032;0.193;20
0.007;-0.036;0.182;20
-0.031;-0.065;0.199;20
0.035;-0.087;0.189;20
0.117;-0.062;0.002;20
0.23;-0.027;-0.122;20
0.217;-0.056;-0.137;20
0.183;-0.061;-0.101;20
0.119;-0.079;-0.045;20
0.184;-0.106;-0.02;20
0.185;-0.081;0.069;20
0.09;-0.015;0.048;20
0.103;-0.048;0.061;20
0.072;-0.015;0.064;20
-0.075;0.021;0.079;20
-0.028;-0.059;0.132;19
-0.022;-0.089;0.09;20
-0.086;-0.016;0.008;20
-0.084;0.081;-0.257;20
-0.133;0.11;-0.722;20
-0.016;0.004;-0.314;20
-0.064;0.014;0.065;20
-0.124;0.161;-0.101;20
-0.021;0.15;-0.191;20
0.017;0.115;-0.016;20
-0.012;0.068;0.143;20
-0.117;0.034;0.315;20
-0.042;-0.005;0.303;20
0.221;-0.117;0.035;20
0.22;-0.079;0.026;20
0.135;-0.011;0.02;20
0.111;-0.026;-0.077;20
0.189;-0.008;-0.366;20
-0.195;0.108;-0.199;20
-0.008;0.064;0.203;20
-0.202;0.126;0.309;20
-0.121;0.21;0.096;20
0.059;0.074;-0.084;20
0.12;-0.039;-0.002;20
0.101;-0.042;0.002;20
0.007;0.036;-0.125;20
0.077;0.023;-0.234;20
0.0;0.042;-0.183;20
-0.11;0.098;-0.071;20
-0.108;0.034;-0.005;20
-0.028;-0.034;0.083;20
0.045;-0.071;0.112;20
0.131;-0.03;0.154;20
0.146;0.003;-0.006;20
0.093;0.022;-0.091;20
0.036;0.07;-0.094;20
0.03;0.088;-0.019;20
0.064;0.093;-0.099;20
0.066;0.106;-0.106;20
-0.097;0.151;0.011;20
-0.103;0.134;-0.066;20
-0.027;0.031;-0.071;20
0.021;-0.033;-0.008;20
0.067;-0.002;-0.175;20
0.06;0.058;-0.195;20
-0.009;0.096;-0.069;20
-0.079;0.124;0.0;20
-0.106;0.127;0.134;20
-0.195;0.15;0.103;20
-0.15;0.025;-0.048;20
-0.115;0.023;-0.032;20
-0.046;0.007;-0.125;20
0.008;0.013;-0.235;20
0.019;0.013;-0.277;20
0.044;0.042;-0.165;20
0.033;0.08;-0.098;20
-0.029;0.07;-0.013;20
0.001;0.08;0.049;20
0.136;0.126;-0.059;20
0.103;0.023;-0.1;20
0.024;0.044;0.145;20
-0.026;0.199;0.157;20
-0.135;0.185;0.081;20
0.064;0.07;0.007;20
-0.042;0.04;0.065;20
-0.083;0.083;-0.129;20
0.011;0.051;-0.253;20
0.048;-0.033;-0.121;20
0.086;-0.144;0.037;20
0.018;-0.06;0.1;19
-0.11;0.147;-0.076;21
-0.27;0.304;-0.28;19
-0.384;0.41;-0.294;20
-0.356;0.457;-0.424;20
-0.422;0.497;-0.488;20
-0.499;0.543;-0.31;20
-0.784;0.617;-0.178;20
-0.744;0.608;-0.359;20
-0.599;0.58;-0.342;20
-0.488;0.586;-0.424;20
-0.521;0.579;-0.351;20
-0.341;0.484;-0.407;20
-0.267;0.395;-0.427;20
-0.305;0.416;-0.47;20
-0.296;0.375;-0.57;20
-0.274;0.342;-0.504;20
-0.337;0.323;-0.376;20
-0.542;0.508;-0.366;20
-0.515;0.507;-0.588;20
-0.227;0.41;-0.667;20
-0.304;0.354;-0.694;20
-0.162;0.234;-0.58;20
0.079;0.011;-0.356;20
0.005;-0.024;0.061;20
0.023;-0.019;0.463;20
-0.165;0.051;0.012;20
-0.029;0.168;-0.359;20
-0.042;0.165;-0.364;19
-0.163;0.257;-0.414;20
-0.088;0.264;-0.374;20
0.16;0.102;-0.128;20
0.232;-0.02;0.161;20
0.112;-0.114;0.401;20
0.184;-0.225;0.407;20
0.235;-0.269;0.316;20
0.267;-0.229;0.25;20
0.285;-0.226;0.174;20
0.289;-0.151;0.123;20
0.273;-0.129;0.098;20
0.321;-0.146;0.069;20
0.227;-0.137;0.075;20
-0.023;-0.031;0.157;20
-0.012;0.018;0.162;20
0.225;-0.103;0.018;20
0.138;-0.124;0.234;20
0.065;-0.052;0.326;20
0.168;-0.032;0.082;20
0.248;-0.046;-0.114;20
0.139;-0.018;0.039;20
-0.183;0.215;0.158;20
-0.036;0.231;-0.037;20
0.088;0.181;-0.064;20
0.142;0.12;0.086;20
0.044;0.145;0.276;20
-0.009;0.188;0.282;19
-0.048;0.142;0.283;20
-0.093;0.169;0.199;20
-0.161;0.197;-0.015;20
-0.684;0.64;-2.126;20
-0.188;0.483;-0.248;20
0.628;-0.415;-0.126;20
0.565;-0.231;0.356;20
0.046;0.027;0.292;20
-0.338;0.326;0.43;20

# Completed @Sun Jan 24 21:16:11 GMT+02:00 2021
