# Accelerometer Data File
# Started @Wed Jan 06 21:13:42 GMT+02:00 2021
#
#
# sensor Vendor: BOSCH
# sensor Name: BMI160 Accelerometer Non-wakeup
# sensor Resolution: 0.0023928226m/sec^2; Max Range: 78.4532; Min Delay: 2500 microseconds
# The sensor's attributes are the result hardware and the Android capabilities.
# It means that the Android may not utilize all features provided by the hardware.
#
# Some devices and Android versions save battery too much so the device may go to sleep.
# It just happens after couple of minutes from turning off the scree and it is easy to find it out.
#
# The following file provides the data from accelerometer in the m/s^2 format.
# The diff value is just a time delta between the samples
#
#
# data format:
# so we have 4 columns with values separated by the ";"
# X;Y;Z;time_from_previous_sample(ms)

# sensor speed set to:NORMAL
# units set to: m/sec^2
# gravity  filtered out
# Accuracy: HIGH
0.403;5.972;5.13;0
0.459;5.392;4.619;19
0.415;4.94;4.062;20
0.252;4.406;3.744;20
-0.423;4.097;4.639;20
-0.414;3.491;6.812;20
0.161;3.119;4.595;20
1.376;1.993;3.326;20
0.843;2.33;2.2;20
0.534;2.197;2.461;20
0.671;2.084;2.669;20
0.85;1.76;3.068;20
0.132;1.999;3.466;20
0.137;1.923;2.044;20
0.733;1.171;-0.561;20
0.644;0.889;-0.412;20
0.202;1.11;0.639;20
-0.91;1.283;0.777;20
-1.085;1.047;0.501;20
0.007;0.258;1.047;20
0.15;0.257;1.222;20
-0.155;0.303;0.899;20
-0.655;0.325;0.288;20
-0.191;0.262;0.134;20
0.315;0.18;0.677;20
0.013;0.732;1.74;20
0.468;0.61;-0.108;19
-0.326;0.537;-1.22;20
-0.659;0.578;-1.42;20
-0.875;0.293;0.591;20
-0.884;0.327;2.477;20
-0.675;0.289;0.877;20
-0.246;0.465;1.806;20
0.208;0.516;1.461;20
0.465;0.488;1.074;20
0.046;0.573;1.164;20
-0.006;0.02;0.55;20
1.666;-1.392;-0.91;20
2.07;-1.942;-0.127;20
1.354;-2.998;2.789;20
-2.074;-0.402;0.116;20
-1.914;0.148;-1.833;20
1.52;-1.642;-2.554;20
3.733;-2.279;-2.296;20
3.904;-2.673;-1.337;20
2.408;-2.106;-1.288;20
1.151;-1.699;-1.571;20
-0.855;-1.456;-1.79;20
-3.405;0.45;-3.074;20
-5.222;3.365;-3.261;20
-4.409;3.875;-1.786;20
-3.772;2.783;0.971;20
-3.639;1.971;2.0;20
-3.508;1.813;1.313;20
-5.847;2.65;10.084;20
-2.737;2.328;1.472;20
-1.954;3.159;-4.086;20
-2.205;1.815;-3.989;105
-0.568;1.209;-4.362;20
3.267;-1.585;-8.367;20
1.746;0.05;-7.492;20
-1.681;2.643;-3.737;20
-0.534;4.61;2.136;20
-1.854;4.925;1.273;20
-1.401;1.047;-6.755;20
-1.711;-0.121;-8.349;20
-3.142;-3.219;2.679;75
-2.945;-2.427;1.763;20
-3.829;-1.601;1.048;20
-3.614;-2.223;3.923;20
-1.745;-1.339;4.434;20
0.09;-0.187;1.373;20
1.722;1.72;-1.419;20
2.854;3.8;-1.992;20
2.69;5.567;-3.313;20
2.439;6.771;-4.309;20
2.038;6.578;-7.137;20
-0.156;5.427;-12.261;20
-3.363;3.827;-10.89;20
-2.746;0.133;-4.768;20
-0.209;-0.164;1.454;20
-1.524;-1.274;-4.836;20
-2.733;0.413;7.357;20
-5.525;-5.529;2.576;20
0.101;-9.23;-16.049;20
-0.757;-6.306;-4.534;20
-2.72;-2.876;-0.671;20
-1.343;-3.688;1.053;20
0.439;-5.877;-1.985;20
3.381;-1.989;-4.099;20
4.172;-5.536;-1.557;20
-0.665;-0.917;-1.179;20
-0.91;-0.177;1.567;20
-2.901;-1.513;-2.217;20
-1.221;-0.599;0.34;20
-1.57;-0.366;-1.234;20
-0.505;-1.046;2.23;20
-1.94;-1.639;-2.942;20
-3.797;-1.245;-3.845;20
-2.665;1.343;-1.34;20
-0.111;0.35;1.85;20
-0.068;-1.86;1.245;20
0.45;0.406;1.796;20
0.528;-0.773;0.556;20
-0.684;-2.153;-0.102;20
0.63;0.202;-1.787;20
-7.09;5.925;5.641;105
-9.796;-2.264;2.209;20
-2.185;-0.882;0.473;20
-2.108;1.484;1.538;20
-0.774;-0.651;-0.271;20
1.603;-3.54;-1.718;20
5.398;-6.551;0.24;20
7.187;-5.236;-5.787;20
2.725;-8.727;7.12;20
8.414;11.525;11.804;20
-1.99;19.934;-4.081;20
-1.802;0.624;1.397;20
1.329;-0.194;-11.658;20
4.908;-2.012;-1.756;20
5.008;-0.959;0.443;20
4.165;3.892;-0.118;20
2.702;3.723;-1.458;20
2.646;1.307;-1.396;20
4.211;0.906;1.284;20
-0.702;2.515;2.764;20
-0.127;1.077;0.103;20
1.963;-1.002;-1.488;20
1.98;-1.34;-1.064;20
2.024;-0.897;0.249;20
0.42;1.005;1.585;20
-0.766;1.463;1.129;20
-2.567;1.413;-0.255;20
-4.087;0.882;-1.416;20
-4.983;0.442;-1.692;19
-4.805;0.887;-1.504;20
-2.936;2.23;-1.135;20
-1.714;3.098;-1.587;20
-3.786;3.023;-0.734;20
-3.983;0.437;-0.99;20
-2.449;-3.581;0.069;20
0.136;-6.952;3.061;20
7.668;-5.177;2.074;20
24.061;0.607;1.56;20
6.574;-2.605;-0.783;20
2.034;-3.558;-0.674;20
8.218;1.453;-0.978;20
5.769;1.726;-0.397;20
6.004;-0.78;-0.161;20
1.86;-0.357;-0.389;20
-2.601;-0.181;1.314;20
-7.323;-0.025;0.624;20
-9.249;0.638;0.788;20
-9.915;0.658;-1.502;20
-8.967;0.836;-3.592;20
-5.293;0.742;-2.866;20
-2.817;1.64;-0.199;20
-0.86;1.972;0.993;20
0.424;2.206;2.135;20
4.264;0.532;1.43;20
4.066;0.082;-0.251;20
4.298;0.022;0.266;20
7.999;-0.462;-0.121;20
7.304;-0.793;-2.166;20
1.188;0.523;-2.818;20
2.814;-0.613;-1.006;20
2.711;-3.348;2.854;20
-5.118;-1.092;2.353;20
-1.579;0.116;-0.41;20
0.542;1.878;0.537;20
-0.561;1.598;-0.005;20
0.063;0.451;-0.022;20
0.656;-0.372;0.859;20
0.655;-0.561;0.668;20
1.062;0.197;0.816;20
1.29;1.272;0.308;20
1.057;2.204;-0.039;20
0.684;1.94;0.425;20
-0.513;0.763;0.316;20
-1.49;-0.39;-0.167;20
-1.162;-0.83;-0.569;20
-0.556;0.412;-0.904;20
-0.175;1.958;-0.462;20
-0.444;2.506;-0.765;20
-0.152;1.313;-0.615;20
0.033;-0.378;0.258;20
-0.004;-1.694;1.142;20
-0.278;-2.001;1.243;20
-0.224;-1.107;1.25;20
-0.124;0.255;1.759;20
-0.333;0.398;1.725;20
-0.826;0.462;1.633;20
-1.388;1.034;1.629;20
-1.626;1.148;1.125;20
-0.968;0.906;0.299;20
-0.093;0.529;-0.476;20
-0.221;-0.019;-0.208;20
-1.077;-0.776;0.148;20
-1.969;-1.416;-0.155;20
-1.361;-0.82;0.448;20
0.426;0.096;0.235;20
1.522;1.38;0.828;20
1.505;1.985;1.25;20
1.038;1.127;1.353;20
0.626;0.346;0.474;20
0.056;0.993;-0.118;20
-0.992;1.193;1.025;20
-2.02;0.112;-0.161;20
-1.195;-0.892;-0.345;20
-0.534;-1.803;-0.082;20
-0.295;-1.646;-0.061;20
0.1;-0.809;0.513;20
-0.159;0.866;0.981;20
-0.236;2.446;0.476;20
-0.202;2.788;0.913;20
0.624;1.481;1.503;20
1.128;-0.152;2.711;20
1.906;-0.993;2.966;20
2.19;-0.811;0.533;20
2.13;-0.562;-0.979;20
0.6;-0.271;-2.214;20
-1.175;0.062;-2.421;20
-2.295;-0.213;-2.367;20
-2.193;-0.877;-1.852;20
-1.051;-1.264;-2.05;20
-0.23;-0.749;-2.222;20
-0.459;0.004;-2.487;20
-1.405;-0.75;-2.452;20
-1.495;-1.952;-3.097;20
-0.692;-1.681;-3.997;20
-1.608;-2.886;-3.0;20
-0.863;-3.352;-1.616;20
0.811;-0.149;-1.616;20
-0.323;-1.937;-0.378;20
-0.304;-1.974;-0.614;20
-0.36;-1.341;-1.016;20
-0.703;-1.739;-1.04;20
-1.325;-2.38;-0.806;20
-0.649;-2.315;-0.616;20
-0.405;-2.126;-2.289;20
-0.125;-2.295;-1.614;20
-0.869;-2.529;1.506;20
-1.097;-0.161;-0.316;20
1.127;2.857;0.46;20
1.95;3.154;1.158;20
2.671;3.776;-1.315;20
0.996;5.416;-0.552;20
-0.47;1.895;-0.973;20
-2.363;-2.87;-4.274;20
-3.882;-4.377;-2.089;20
-1.749;-4.593;-1.727;20
0.203;-1.995;0.182;20
2.289;0.608;1.71;20
2.203;0.448;3.669;20
0.536;0.164;3.535;20
0.042;-0.248;1.133;20
-0.198;-0.426;-2.0;20
-0.976;0.767;-3.21;20
-1.225;1.244;-1.878;20
-0.325;0.089;-0.42;20
0.634;-0.313;1.061;20
-0.088;0.403;1.623;20
-0.092;1.501;3.104;20
0.373;0.262;1.116;20
-1.116;-2.678;-1.989;20
-1.615;-2.559;-2.43;20
-1.445;-1.896;-2.481;20
-1.389;-1.566;-1.868;20
-0.439;-1.095;-0.812;20
0.488;-0.987;-0.082;20
0.847;-0.459;-0.352;20
0.947;-0.551;-0.623;20
0.49;-0.434;-0.634;20
-0.578;-0.209;-0.652;20
-1.132;-0.259;-0.367;20
-0.896;-0.731;-0.104;19
-0.198;-1.087;0.425;20
0.122;-1.213;0.533;20
0.08;-0.859;0.607;20
-0.233;-0.068;0.648;20
-0.303;0.826;0.602;20
-0.486;1.336;0.307;20
-0.728;1.724;0.397;20
-0.789;1.897;0.48;20
-0.484;1.418;0.514;20
-0.336;0.938;0.585;20
-0.277;0.734;0.307;20
-0.441;0.648;0.19;20
-0.457;0.6;0.188;20
-0.142;0.458;0.305;20
0.598;0.488;0.65;20
1.174;0.542;0.943;20
1.367;0.732;1.157;20
1.412;0.885;0.974;20
1.078;1.174;0.726;20
0.639;1.455;-0.001;20
0.26;1.383;-0.174;20
0.163;1.163;0.364;20
0.455;0.725;0.744;20
0.571;0.236;0.736;20
-0.024;0.073;0.529;20
-0.722;0.149;0.567;20
-0.915;0.152;0.68;20
-0.576;0.238;0.617;20
-0.07;0.604;0.607;20
0.521;0.893;0.8;20
0.988;1.08;0.856;20
1.363;1.401;1.033;20
1.643;1.439;0.889;20
0.888;0.987;0.423;20
0.247;0.69;-0.231;20
-0.065;0.681;-0.08;20
-0.115;0.82;0.172;20
-0.108;0.574;0.243;20
-0.06;-0.051;0.129;20
0.061;-0.529;0.439;20
0.512;-0.959;0.956;20
0.903;-1.051;0.688;20
0.804;-0.385;0.401;20
0.527;0.679;0.357;20
0.283;1.363;0.043;20
-0.12;1.253;-0.351;20
-0.338;0.601;-0.305;20
-0.212;0.138;0.037;20
-0.126;0.016;0.133;20
-0.031;0.041;0.048;20
0.197;0.174;0.356;20
0.449;0.189;-0.088;20
0.549;-0.152;-1.19;20
0.541;-0.71;-1.592;20
0.198;-0.978;-1.304;20
-0.202;-1.231;-1.331;20
-0.23;-1.414;-1.155;20
0.092;-1.37;-1.106;20
0.281;-1.259;-0.808;20
0.402;-0.965;-0.306;20
0.668;-0.215;-0.243;20
0.873;0.026;-0.678;20
0.652;-0.347;-1.257;20
0.004;-0.297;-0.636;20
-0.267;-0.892;-0.466;20
-0.348;-1.463;-1.118;20
-0.227;-1.12;-0.659;20
0.12;-0.564;-0.225;20
0.652;-0.633;-0.088;20
1.076;-0.828;0.535;20
0.453;-1.099;-0.589;20
-0.363;-0.969;-0.358;20
-0.687;-0.946;-0.49;20
-0.991;-0.836;-0.883;20
-1.306;-0.731;-0.926;20
-0.983;-0.625;-0.694;20
-0.348;-0.655;-0.592;20
-0.078;-0.34;-0.162;20
0.108;0.079;0.175;20
-0.131;0.287;0.11;20
-0.241;0.012;-0.364;20
-0.518;-0.242;-0.925;20
-0.757;-0.08;-1.114;20
-0.451;-0.339;-0.988;20
-0.072;-0.586;-0.253;20
-0.017;-0.611;0.319;20
0.029;-0.653;0.712;20
0.158;-0.687;0.666;20
0.183;-0.511;0.229;20
-0.035;-0.274;-0.024;20
-0.301;-0.003;-0.075;20
-0.348;0.339;-0.1;20
-0.4;0.851;0.204;20
-0.394;1.227;0.384;20
-0.348;1.471;0.615;20
-0.119;1.457;0.761;20
0.172;1.314;1.12;20
0.415;1.122;1.489;20
0.488;0.934;1.437;20
0.142;0.696;1.272;20
-0.393;0.525;1.246;20
-0.673;0.837;0.921;20
-0.903;1.422;0.686;20
-0.763;2.021;0.62;20
-0.353;2.207;0.665;20
0.046;1.764;0.771;20
0.272;1.085;0.824;20
0.109;0.433;0.875;20
-0.173;0.008;0.8;20
-0.201;-0.091;0.671;20
0.051;-0.144;0.722;20
0.436;-0.134;0.682;20
0.61;0.275;0.372;20
0.504;0.972;0.482;20
0.318;1.192;0.638;20
0.262;0.732;0.712;20
0.247;0.217;0.434;20
0.043;-0.285;-0.106;20
-0.532;-0.735;-0.46;20
-0.981;-0.853;-0.246;20
-0.751;-0.667;-0.049;20
-0.025;-0.151;-0.481;20
0.266;0.704;-1.779;20
-0.538;0.681;1.072;20
-0.952;0.528;1.736;20
-0.784;-0.832;-2.207;20
0.975;-0.747;-1.385;20
1.839;-0.694;1.083;20
2.151;-1.098;0.904;20
1.587;-0.84;-1.342;20
-1.154;-0.478;-0.977;20
-1.987;-1.376;-0.062;20
-1.767;-1.937;-1.442;20
-2.09;-1.008;-2.449;20
-1.816;-0.815;-1.9;20
-0.751;-1.412;-0.645;20
-0.096;-1.236;-0.421;20
0.696;0.143;-0.254;20
1.81;0.724;-1.112;20
1.973;0.127;-1.085;19
1.231;-0.266;-0.55;20
0.745;-0.711;-0.505;21
0.134;-1.007;0.282;19
-0.01;-1.247;0.437;20
-0.11;-2.15;-0.164;20
-0.565;-1.808;-0.922;20
-0.679;-1.265;-0.217;20
-0.807;-1.117;-0.457;20
-1.091;-1.257;-0.816;20
-1.102;-1.166;-0.879;20
-0.684;-0.825;-0.649;20
-0.402;-0.764;-0.215;20
0.125;-0.94;0.116;20
0.153;-0.921;0.236;20
-0.131;-0.691;0.091;20
-0.404;-0.217;0.285;20
-1.024;-0.564;0.56;20
-0.975;-0.283;2.246;20
0.266;1.059;2.099;20
1.279;1.909;0.921;20
0.084;3.341;1.528;20
-0.868;4.861;-2.994;20
-3.741;2.915;-2.986;20
-5.499;0.422;-2.045;20
-3.253;-2.35;-2.638;20
-0.079;-3.523;-0.11;20
2.704;-1.703;2.452;20
3.999;0.81;2.278;20
3.636;2.782;1.805;20
2.188;4.025;2.172;20
0.9;2.86;2.845;20
0.775;0.7;2.418;20
0.661;-0.106;1.501;20
0.237;0.35;0.946;20
-0.04;1.115;0.843;20
0.038;1.676;0.463;20
0.162;1.922;0.304;20
-0.211;1.672;0.375;20
-0.328;1.252;0.234;20
-0.155;1.049;-0.135;20
0.183;0.463;0.358;20
0.796;-0.602;0.902;20
1.173;-1.266;0.907;20
1.295;-1.4;0.855;20
1.172;-1.126;0.804;20
0.723;-0.225;0.363;20
-0.017;0.896;0.027;20
-0.75;1.587;-0.542;20
-1.149;1.342;-1.307;20
-1.446;0.279;-1.967;20
-1.493;-0.874;-1.997;20
-1.346;-1.194;-1.642;20
-0.632;-0.928;-1.102;20
0.215;-0.843;-0.639;20
1.127;-0.901;-0.357;20
1.14;-0.708;-0.125;20
1.09;-0.277;-0.009;20
0.947;0.103;-0.327;20
0.578;-0.145;-0.762;20
0.471;-0.846;-1.24;20
-0.175;-1.15;-2.358;20
-1.162;0.141;-1.865;20
-0.554;-0.56;-1.051;20
0.266;-1.694;-0.819;20
0.94;-2.175;0.027;20
0.915;-3.846;0.501;20
0.692;-4.029;1.669;20
0.219;-3.041;2.06;20
0.092;-2.584;1.41;20
0.156;-1.871;-0.882;20
-0.146;-0.302;-1.007;20
0.157;0.726;-0.52;20
-0.664;1.44;-1.087;20
-2.68;2.503;-2.114;20
-3.404;2.423;-1.7;20
-2.438;1.497;-0.713;20
-0.963;0.766;0.06;20
-0.261;0.385;0.134;20
0.12;0.027;0.116;20
0.011;-0.164;-0.36;20
-0.149;0.125;-0.376;20
-0.011;0.481;0.374;20
0.601;0.539;1.426;20
1.378;0.075;1.79;20
1.458;-0.056;1.74;20
0.898;0.539;1.557;20
0.411;1.701;1.143;20
0.239;2.764;1.281;20
0.167;3.016;1.683;20
0.191;2.333;1.599;20
0.174;1.256;1.109;20
0.194;0.818;0.86;20
0.368;0.624;1.296;20
0.493;-0.071;1.388;20
0.34;-0.573;0.139;20
-0.288;-0.08;-0.46;20
-0.701;0.8;-0.214;20
-0.881;1.365;-0.311;20
-0.776;1.187;-0.547;20
-0.301;0.488;-0.13;20
0.189;-0.376;0.048;20
0.412;-0.589;0.416;20
0.649;-0.623;0.165;20
0.618;-0.483;-0.305;20
0.681;-0.456;-0.477;20
0.139;-0.326;0.048;20
0.034;-0.246;0.194;20
0.184;-0.278;-0.143;20
-0.004;-0.258;-0.407;20
-0.404;-0.25;-0.662;20
-0.689;-0.072;-0.634;20
-0.64;0.167;-1.207;20
-0.891;-0.211;-1.358;20
-0.648;-0.412;-1.233;20
-0.049;-0.48;-0.909;20
0.481;-0.87;-0.639;20
0.534;-0.841;-0.174;20
0.746;-1.091;-0.555;20
0.322;-1.305;-0.282;20
-0.224;-1.53;0.288;20
-0.31;-1.326;0.076;20
0.298;-1.249;-0.265;20
0.691;-1.663;-0.557;20
0.072;-2.163;-1.256;20
-0.012;-1.847;-0.522;20
0.049;-1.77;-0.699;20
0.022;-1.567;-0.866;20
0.186;-1.279;-1.325;20
0.202;-1.104;-1.755;20
-0.048;-0.379;-0.943;20
-0.308;0.281;-0.303;20
-0.594;0.542;0.077;20
-0.809;0.526;0.585;20
-0.676;0.441;1.072;20
-0.313;0.27;1.068;20
-0.06;0.038;0.784;20
-0.142;0.112;0.417;20
-0.085;0.545;-0.085;20
-0.626;1.135;0.157;20
-0.919;1.854;0.523;19
-0.905;2.656;0.73;20
-0.689;3.188;0.499;20
-0.234;3.005;0.643;20
0.088;2.568;1.299;20
0.402;2.307;1.348;20
0.632;1.785;1.312;20
0.573;0.805;1.261;20
0.58;-0.187;1.13;20
0.52;-0.621;1.489;20
0.703;-0.546;1.474;20
1.029;-0.133;1.074;20
0.954;0.381;0.781;20
0.805;0.708;0.861;20
0.755;0.454;0.686;20
0.429;0.139;0.147;20
-0.01;0.446;-0.25;20
-0.453;1.104;-0.462;20
-0.836;1.373;-0.157;20
-0.882;0.992;-0.379;20
-0.376;0.19;-0.724;20
0.112;-0.406;-0.518;20
0.24;-0.65;-0.249;20
0.158;-0.611;0.051;20
0.237;-1.015;-0.184;20
0.131;-1.291;0.047;20
0.437;-1.035;-0.153;20
0.767;-0.226;-0.172;20
0.666;0.05;-0.485;20
0.425;-0.351;-0.509;20
0.08;-0.544;-1.407;20
-0.153;-0.58;-1.266;20
-0.644;-0.738;-1.314;20
-1.145;-1.028;-1.698;20
-0.922;-1.016;-1.886;20
-0.166;-1.619;-1.689;20
0.509;-2.195;-0.849;20
0.642;-1.794;0.265;20
-0.068;-1.179;-0.185;20
0.08;-1.335;-0.434;20
1.016;-1.818;-0.112;20
1.365;-1.862;0.368;20
0.853;-1.26;0.642;20
0.429;-0.347;0.138;20
0.69;0.096;-0.49;20
0.531;0.332;-0.736;20
-0.267;0.61;-0.807;20
-1.086;0.762;-0.069;20
-1.35;0.718;0.315;20
-0.943;0.541;0.688;20
-0.711;0.659;0.844;20
-0.614;0.768;0.878;20
-0.268;0.775;0.331;20
-0.42;0.441;0.285;20
-0.768;0.463;-0.032;20
-1.006;1.45;-0.643;20
-1.574;2.426;-0.382;20
-1.544;2.888;0.056;20
-0.449;2.25;0.891;20
0.474;0.721;1.283;20
0.994;-0.325;1.107;20
1.595;0.021;0.781;20
1.653;1.17;1.453;20
1.49;1.584;1.73;20
1.169;0.957;1.473;20
0.819;0.37;1.494;20
0.528;0.342;1.232;20
0.074;0.689;0.895;20
-0.027;0.45;0.903;20
0.147;-0.181;0.733;20
0.035;-0.229;-0.254;20
-0.547;0.715;-0.584;20
-0.691;1.038;-0.271;20
-0.855;0.51;-0.214;20
-0.599;-0.028;-0.576;20
-0.198;-0.089;-0.607;20
-0.062;0.024;-0.585;20
-0.066;-0.206;-0.326;20
0.064;-0.815;-0.235;20
0.558;-1.203;-0.418;20
0.562;-1.451;-0.892;20
0.03;-0.556;-0.106;20
-0.852;0.186;-0.057;20
-1.247;0.845;-1.148;20
-0.711;1.105;-1.9;20
0.161;-1.098;-1.529;20
1.393;-3.316;-0.79;20
1.155;-1.93;0.754;20
1.501;-1.563;0.959;20
2.079;-3.646;-0.768;20
-0.126;-4.123;-3.405;20
-2.058;-2.33;0.015;20
-1.669;-2.179;0.423;20
-0.569;-2.112;-1.265;20
-0.158;-1.159;-1.076;20
-0.181;0.411;0.287;20
0.039;0.579;0.123;20
-0.055;0.103;-0.331;20
-0.187;-0.062;-0.474;20
-0.384;0.372;-0.819;20
-0.307;0.419;-0.515;20
-0.496;0.763;0.299;20
-0.938;1.28;0.685;20
-0.978;1.475;0.226;20
-0.72;1.528;0.443;20
0.082;1.22;1.159;20
0.539;0.365;1.529;20
0.321;0.221;1.037;20
-0.247;1.35;0.496;20
-0.446;2.905;0.373;20
-0.192;3.772;0.702;20
0.203;3.432;1.076;20
0.411;2.045;1.024;20
0.316;0.426;0.801;20
0.183;-0.614;0.833;20
0.133;-1.219;0.752;20
0.052;-1.155;0.593;20
-0.206;-0.371;0.184;20
-0.393;0.418;-0.066;20
-0.411;0.818;0.133;20
-0.068;0.753;0.389;20
0.237;0.542;0.963;20
0.83;0.173;1.0;20
1.48;0.018;1.101;20
1.535;0.132;0.374;20
0.473;0.557;0.041;20
-0.487;0.882;-0.361;20
-0.977;0.417;-0.659;20
-1.162;-0.491;-0.97;20
-1.0;-0.924;-0.778;20
-0.504;-0.832;-0.338;20
0.162;-0.774;-0.272;20
0.648;-0.432;-0.493;20
0.849;-0.128;-0.717;20
-0.186;-0.046;-0.658;20
-0.995;-0.291;-0.707;20
-0.9;-0.706;-1.134;20
-0.459;-1.011;-1.532;20
-0.057;-1.293;-1.165;20
0.325;-1.824;-0.673;19
0.45;-2.286;-0.181;20
0.327;-2.219;0.614;20
0.021;-2.003;0.115;20
0.049;-1.948;-0.186;20
0.143;-1.925;-0.047;20
-0.159;-1.681;-0.497;20
-0.113;-1.496;-1.23;20
0.229;-0.971;-1.456;20
-0.066;0.177;-1.091;20
-0.355;0.884;-0.729;20
-0.503;0.824;-0.65;20
-0.528;0.957;-0.013;20
-0.242;0.863;0.644;20
0.253;0.443;1.158;20
0.456;-0.04;0.669;20
-0.265;-0.332;0.38;20
-1.159;-0.27;0.146;20
-1.47;0.34;-0.079;20
-1.468;1.007;-0.282;20
-0.989;1.684;-0.03;20
-0.359;2.63;0.587;20
0.191;3.189;0.258;20
0.879;2.717;0.051;20
1.36;1.895;0.973;20
1.138;1.059;1.492;20
0.757;0.293;1.162;20
0.627;-0.449;1.177;20
0.776;-1.008;1.06;20
1.045;-0.941;0.835;20
0.822;-0.019;0.846;20
0.446;0.551;0.757;20
0.479;0.356;0.71;20
0.183;0.387;0.132;20
-0.248;1.34;0.278;20
-0.275;1.781;0.05;20
-0.07;1.573;-0.105;20
-0.13;1.142;-0.562;20
-0.083;0.987;-1.133;20
-0.258;0.554;-0.257;20
-0.68;0.188;0.111;20
-1.641;0.089;0.69;20
-1.071;-1.257;-0.074;20
1.346;-2.69;-0.256;20
3.027;-2.331;1.786;20
2.659;-1.906;1.978;20
2.689;-2.23;-0.702;20
0.827;-1.192;-2.667;20
-3.097;0.612;-0.807;20
-3.283;0.24;-2.266;20
-2.825;-0.54;-4.857;20
-3.207;-0.264;-2.896;20
-1.013;-0.569;0.639;20
1.375;-2.06;1.567;20
0.759;-2.852;0.425;20
0.517;-2.789;1.072;20
0.368;-2.7;1.047;20
0.946;-2.482;0.847;20
1.504;-2.026;-0.054;20
1.022;-1.267;-1.279;20
-0.028;-0.097;-1.671;20
-1.381;0.716;-1.752;20
-2.465;0.881;-1.389;20
-2.29;0.198;0.112;20
-1.02;-0.5;0.678;20
-0.243;-0.452;1.21;20
0.899;2.179;-0.577;20
0.87;4.15;-2.643;20
-1.56;4.963;-1.986;20
-2.891;4.236;-1.11;20
-1.399;-0.587;0.274;20
0.098;-3.262;-0.613;20
0.867;-2.748;1.647;20
2.205;-1.729;3.935;20
3.136;0.043;3.309;20
2.91;2.451;2.87;20
2.384;5.282;2.07;20
1.001;6.556;2.818;20
0.127;3.742;3.079;20
0.563;0.076;2.086;20
0.821;-1.561;0.506;20
0.021;-1.644;-0.361;20
-0.646;-0.576;-0.717;20
-1.147;0.25;-0.38;20
-1.638;0.493;-0.782;20
-2.011;0.43;-1.066;20
-1.314;0.314;-0.985;20
0.067;-0.443;-1.009;20
0.88;-0.819;-0.906;20
0.938;-0.556;-0.305;20
1.364;-1.264;-0.431;20
0.906;-2.14;-0.932;20
-0.21;-0.82;-2.179;20
-1.523;2.185;-2.634;20
-1.804;2.561;-1.752;20
-0.05;-0.533;-0.99;20
1.778;-2.862;0.259;20
1.805;-3.055;1.04;20
0.723;-1.667;1.716;20
0.131;-0.601;0.259;20
-0.023;-0.368;-1.458;20
0.502;-1.075;-1.444;20
0.044;-1.99;-0.926;20
-0.66;-2.468;-0.105;20
-0.749;-2.096;0.2;20
-0.517;-1.306;-0.099;20
-0.247;-1.225;-0.991;20
0.242;-1.038;-0.54;20
0.492;0.415;0.237;20
0.456;0.908;0.231;20
-0.46;1.028;-0.242;20
-1.606;1.048;-0.086;20
-1.349;0.639;-0.045;20
-0.673;0.161;-0.101;20
-0.232;-0.119;-0.015;20
-0.414;0.015;0.376;20
-0.685;0.636;0.116;20
-0.675;1.761;-0.229;20
-0.689;2.535;0.33;20
-0.808;2.411;1.09;20
-0.442;1.566;1.102;20
0.28;0.877;0.908;20
0.879;1.089;1.127;20
1.156;1.681;1.842;20
1.504;1.549;1.874;20
1.286;0.797;0.953;20
0.776;0.536;0.892;20
0.425;0.646;0.891;20
-0.063;0.758;0.968;20
-0.169;0.333;0.61;20
0.099;-0.081;0.593;20
0.296;-0.527;0.162;20
0.288;-0.358;-0.086;20
0.001;0.063;-0.556;19
-0.622;0.636;-0.448;20
-0.743;0.443;-0.723;20
-0.541;-0.156;-0.941;20
0.079;-0.79;-1.065;20
0.067;-0.987;-0.547;20
-0.107;-0.81;-0.263;20
-0.299;-0.3;-0.657;20
-0.308;-0.141;-1.126;20
-0.426;-0.612;-0.548;20
-0.487;-1.038;-1.123;20
-0.373;-0.744;-1.252;20
-0.157;-0.586;-0.803;20
0.627;-0.648;-0.684;20
1.145;-0.967;-0.361;20
1.269;-0.973;0.066;20
1.615;-0.786;0.957;20
1.02;-1.08;0.833;20
0.394;-1.767;1.254;20
-0.464;-2.843;0.37;20
-0.857;-3.6;-0.979;20
-0.487;-2.604;-1.252;20
-0.113;-0.699;-0.614;20
-0.093;0.064;-0.802;20
-0.476;0.424;-1.35;20
-1.152;0.787;-0.294;20
-1.285;0.909;0.871;20
-1.247;0.568;0.57;20
-1.077;0.233;-0.281;20
-0.883;0.602;-0.915;20
-0.648;1.368;-0.58;20
-0.368;1.994;-0.515;20
-0.221;1.842;-0.089;20
-0.335;1.397;0.948;20
-0.506;1.402;1.092;20
-0.302;1.781;0.797;20
0.098;1.87;1.707;20
0.715;1.239;2.045;20
1.204;0.324;1.554;20
1.45;-0.091;1.457;20
1.286;0.406;1.445;20
1.118;0.965;1.822;20
0.953;0.92;1.528;20
0.687;0.679;0.624;20
0.194;0.531;-0.183;20
-0.461;0.549;-0.158;20
-1.055;0.19;0.04;20
-1.193;-0.032;-0.789;20
-1.169;-0.275;-1.023;20
-0.965;-0.25;-1.116;20
-0.407;-0.102;-0.664;20
0.365;-0.449;-0.261;20
0.838;-1.306;-0.058;20
0.691;-1.468;-0.372;20
0.303;-0.739;-0.328;20
-0.164;0.2;-0.925;20
-0.607;0.877;-1.653;20
-0.908;-0.575;-1.296;20
-1.07;-1.843;-0.809;20
-0.495;-1.833;-0.879;20
0.326;-0.902;-0.459;20
0.761;-1.118;-0.687;20
0.04;-2.259;-1.045;20
0.562;-2.328;-0.173;20
0.698;-2.574;-0.408;20
0.399;-2.933;-0.278;20
0.646;-3.025;0.154;20
1.11;-2.516;0.466;20
1.63;-1.674;0.51;20
1.629;-0.542;0.17;20
0.655;0.242;-0.329;20
-0.759;1.024;-0.622;20
-2.045;2.053;-0.525;20
-2.641;3.001;-0.477;20
-2.616;3.592;-0.347;20
-2.02;2.961;-0.515;20
-1.294;1.806;-0.2;20
-0.542;0.919;-0.126;20
0.1;0.212;0.338;20
0.243;0.003;1.186;20
0.148;0.262;1.391;20
0.473;0.762;0.846;20
0.514;1.552;1.383;20
0.926;2.302;1.913;20
1.565;2.236;1.631;20
1.492;1.322;1.129;20
1.009;0.545;1.018;20
0.759;0.482;1.011;20
0.317;0.803;0.561;20
-0.061;0.983;0.093;20
-0.046;0.781;0.368;20
0.68;0.156;0.696;20
1.097;-0.359;0.801;20
0.825;-0.539;0.755;20
0.43;-0.269;0.561;20
0.288;0.205;0.391;20
-0.227;0.338;-0.206;20
-0.802;-0.051;-0.774;20
-1.006;-0.511;-1.061;20
-1.005;-0.777;-0.955;20
-1.105;-0.704;-1.187;20
-1.104;-0.53;-2.226;20
-1.101;-1.106;-1.971;20
-0.959;-1.498;-1.923;20
-0.382;-1.117;-2.224;20
0.492;-1.226;-1.385;20
1.391;-1.635;-0.095;20
1.407;-1.183;1.022;20
0.848;-1.164;0.945;20
0.638;-2.207;0.756;20
0.602;-2.864;0.32;20
0.579;-2.744;-1.097;20
0.95;-2.135;-0.58;20
1.204;-1.158;0.294;20
1.209;-0.206;-0.165;20
0.299;0.405;-0.548;20
-0.916;0.791;-0.245;20
-1.803;1.376;0.499;20
-1.612;1.577;0.576;20
-1.181;1.723;-0.086;20
-1.149;1.911;-0.746;20
-1.511;2.121;-0.861;20
-1.692;2.096;-1.057;20
-1.818;1.444;-0.251;20
-1.834;0.802;0.722;20
-0.933;0.566;0.611;20
0.429;0.639;1.16;20
1.134;0.806;1.447;20
1.105;0.732;1.425;20
1.382;0.738;2.052;20
1.956;0.576;2.123;20
2.204;1.137;1.49;20
1.828;2.134;2.007;20
0.91;1.879;1.972;20
0.319;0.003;1.312;20
0.21;-1.223;-0.356;20
-0.073;-0.434;-0.717;19
-0.443;0.063;-0.335;20
-0.597;-0.026;-1.334;20
-0.751;-0.075;-2.574;20
-1.469;-0.4;-2.228;20
-1.907;-1.035;-1.779;20
-1.509;-1.615;-1.191;20
-0.539;-2.119;-0.871;20
0.187;-2.446;-0.976;20
0.63;-1.753;-0.626;20
0.679;-0.761;-0.158;20
0.658;0.338;-0.358;20
0.485;0.41;-0.902;20
-0.111;-0.766;-0.633;20
0.048;-1.575;0.057;20
0.962;-2.254;0.103;20
1.553;-2.993;-0.435;20
1.4;-3.193;-0.389;20
0.868;-2.682;-0.318;20
0.451;-1.552;-0.085;20
0.32;-0.575;0.312;20
-0.225;-0.009;0.398;20
-1.028;0.785;0.168;20
-1.643;1.707;0.015;20
-1.412;2.752;0.076;20
-0.973;3.067;0.062;20
-0.569;2.491;-0.312;20
-0.629;2.022;-0.593;20
-1.491;1.617;-0.499;20
-2.129;1.087;0.102;20
-1.465;0.922;0.861;20
-0.105;1.263;1.577;20
1.071;1.421;2.238;20
1.675;0.93;1.889;20
1.491;0.328;1.237;20
1.322;-0.025;1.45;20
1.082;-0.234;1.52;20
0.918;-0.357;1.096;20
0.972;0.51;0.791;20
0.843;1.554;1.089;20
0.248;1.92;0.577;20
-0.492;1.799;-0.151;20
-1.312;1.38;-0.183;20
-1.435;0.779;-0.99;20
-1.151;0.295;-1.062;20
-0.676;-0.376;-0.522;20
0.395;-1.524;-0.056;20
1.253;-2.214;-0.505;20
1.007;-1.803;-0.972;20
0.813;-0.461;-1.116;20
0.395;0.358;-0.86;20
-0.574;-0.179;-1.153;20
-1.466;-1.062;-2.148;20
-1.573;-1.482;-2.181;20
-1.218;-1.81;-1.629;20
0.488;-1.933;-0.985;20
1.957;-2.029;-0.022;20
1.627;-2.231;0.982;20
1.079;-2.254;1.627;20
0.982;-2.017;1.548;20
1.353;-2.126;1.154;20
1.377;-1.711;0.828;20
1.041;-0.835;0.352;20
1.043;-0.128;0.308;20
0.287;0.649;-0.276;20
-1.31;1.723;-1.268;20
-2.684;2.79;-1.432;20
-3.263;3.6;-0.413;20
-2.548;4.19;-0.299;20
-1.22;2.974;-0.282;20
-0.544;1.206;0.043;20
-0.468;0.178;-0.075;20
-0.339;0.222;-0.261;20
-0.385;0.933;0.73;20
0.272;1.15;1.948;20
1.275;0.63;1.411;20
1.594;-0.012;0.929;20
1.546;-0.168;1.095;20
1.219;0.264;1.429;20
0.627;0.867;0.877;20
0.211;1.433;0.802;20
0.451;1.221;1.043;20
0.632;0.655;0.305;20
0.183;0.46;-0.184;20
-0.046;0.401;0.502;20
-0.285;0.141;0.723;20
-0.319;-0.138;-0.42;20
-0.369;-0.322;-1.714;20
-0.619;-0.32;-1.077;20
-0.943;-0.018;-0.853;20
-1.234;-0.062;-2.38;20
-0.744;1.448;-1.273;20
-0.111;0.933;0.343;20
1.242;-1.072;-0.531;20
2.743;-2.422;0.504;20
2.546;-2.801;1.96;20
1.373;-3.657;0.921;20
-0.399;-4.559;-2.637;20
-1.881;-4.37;-0.913;20
-2.265;-2.918;0.76;20
-0.874;-2.893;-1.042;20
0.748;-2.927;-1.199;20
1.309;-1.505;-0.499;20
1.355;-0.442;0.158;20
0.305;0.358;-0.073;20
-1.21;1.37;-1.275;20
-2.738;2.349;-2.16;20
-3.667;3.621;-1.134;20
-2.981;3.555;-0.389;20
-0.859;2.173;0.902;20
0.715;1.003;1.633;20
0.974;0.018;1.582;20
0.919;-1.352;2.443;20
1.364;-0.82;1.787;20
1.555;1.458;1.99;20
1.574;5.603;1.974;20
1.708;8.309;1.619;20
-0.143;5.82;1.865;20
-0.444;1.299;-0.039;20
-0.777;-1.697;-0.544;20
-0.893;-3.278;-0.114;20
-0.467;-3.748;-0.793;20
0.223;-2.88;-0.435;20
0.69;-2.333;-0.206;20
0.662;-1.548;0.139;20
0.395;0.54;0.228;20
-0.516;2.306;-0.214;20
-1.319;1.946;-1.876;20
-1.424;0.639;-2.782;20
-1.146;-0.864;-2.465;20
-1.027;-1.683;-1.56;20
-0.611;-1.957;-1.26;19
-0.397;-2.005;-0.903;20
-0.008;-1.33;-0.36;20
1.068;-0.434;0.464;20
1.845;-0.66;1.049;20
1.762;-1.305;0.869;20
1.113;-1.662;0.525;20
1.084;-2.25;0.585;21
1.133;-2.42;0.401;20
0.435;-2.331;-0.022;19
-0.127;-1.688;0.074;20
-0.28;-1.097;0.485;20
-0.119;-0.508;0.568;20
-0.1;0.49;0.052;20
-0.933;1.698;-1.006;20
-1.978;2.61;-1.318;20
-2.306;3.58;-0.63;20
-2.192;3.71;-0.773;20
-1.811;2.202;-1.134;20
-1.57;0.13;0.05;20
-1.012;-0.436;0.636;20
0.393;-0.108;1.204;20
1.466;1.508;2.625;20
2.052;4.442;2.658;20
2.848;5.417;2.075;20
1.994;2.833;1.361;20
0.231;-0.939;1.115;20
-0.033;-3.409;0.637;20
0.539;-4.778;0.924;20
0.972;-4.242;-0.07;20
1.405;-1.293;-0.219;20
0.829;2.113;-0.764;20
-1.128;4.478;-0.157;20
-3.085;5.147;-0.639;20
-3.005;3.485;-1.692;20
-0.9;-0.256;-1.641;20
-0.034;-2.016;-0.723;20
0.264;-3.168;-1.086;20
0.533;-3.955;-1.066;20
0.249;-3.102;-0.996;20
0.028;-2.141;-0.45;20
-0.099;-1.588;-0.196;20
0.082;-0.319;-0.689;20
0.318;-0.022;-1.284;20
1.055;0.102;-0.85;20
0.506;-0.828;-0.195;20
0.382;-2.515;-0.669;20
1.016;-3.809;-0.887;20
0.828;-3.887;-0.91;20
-0.672;-2.201;1.191;20
-0.859;-0.586;2.536;20
0.521;0.138;1.135;20
1.702;0.54;-1.28;20
0.756;1.502;-2.251;20
-0.655;2.462;-1.849;20
-0.751;2.813;-1.024;20
-0.816;2.749;0.063;20
-0.334;2.793;0.244;20
0.257;2.352;0.888;20
0.134;1.535;1.786;20
0.388;0.855;1.644;20
0.58;0.642;0.982;20
0.201;0.854;1.03;20
0.04;0.859;1.076;20
0.435;0.29;0.781;20
0.476;-0.272;0.584;20
0.124;0.043;0.888;20
0.191;0.776;1.155;20
0.358;1.168;0.888;20
0.27;1.316;0.411;20
0.155;1.109;0.284;20
0.025;0.599;0.122;20
-0.294;0.16;0.213;20
-0.54;-0.058;-0.004;20
-0.449;-0.114;-0.393;20
-0.178;-0.398;-0.425;20
0.164;-1.251;-0.54;20
0.223;-1.682;-1.053;20
-0.346;-0.688;-1.142;20
-1.102;0.656;-1.528;20
-1.747;0.267;-1.638;20
-1.151;-0.393;-2.138;20
-0.34;-1.172;-1.836;20
0.754;-1.816;-0.596;20
1.616;-1.809;1.125;20
1.735;-1.46;1.25;20
1.635;-2.278;1.301;20
1.258;-3.425;1.139;20
0.888;-3.313;0.333;20
0.901;-2.594;0.77;20
0.955;-1.427;0.854;20
0.767;-0.269;-0.269;20
-0.079;0.837;-1.167;20
-1.89;2.243;-1.451;20
-3.439;3.416;-1.787;20
-3.328;3.568;-1.156;20
-1.259;2.325;0.496;20
-0.12;1.178;0.746;20
-0.414;0.89;0.167;20
-1.183;0.273;0.513;20
-1.785;-0.154;0.826;20
-1.296;-0.32;0.717;20
-0.019;0.619;0.878;20
1.504;2.676;2.049;20
2.642;5.603;1.903;20
2.775;4.506;1.497;20
0.522;1.031;0.569;20
-0.79;-1.184;-0.117;20
-1.187;-2.331;-0.137;20
-0.898;-3.676;0.02;20
-0.112;-3.416;0.205;20
1.25;-1.665;0.198;20
2.095;-0.323;-0.151;20
1.135;0.982;1.293;20
-0.137;1.977;0.135;20
-1.128;2.941;-1.952;20
-1.914;2.313;-3.207;20
-1.757;0.064;-2.647;20
-0.786;-2.363;-2.083;20
-0.66;-4.222;-1.288;20
-0.294;-4.106;-0.133;20
0.536;-2.949;1.259;20
1.151;-1.939;1.002;20
1.726;-0.902;0.196;20
1.465;-1.467;-0.023;20
0.723;-2.284;-0.145;20
1.323;-2.185;0.386;20
1.29;-1.822;0.601;20
0.902;-0.956;0.121;20
0.592;-0.352;-0.403;20
-0.231;-0.045;-0.223;19
-1.293;0.763;-0.578;20
-1.95;1.767;-1.04;20
-2.15;2.724;-0.966;20
-2.004;3.2;0.009;20
-1.027;2.761;0.427;20
-0.37;2.349;0.421;20
-0.603;2.506;0.527;21
-0.506;2.448;0.36;20
0.199;2.203;1.051;19
0.651;1.12;1.786;20
1.149;-0.733;1.435;20
1.614;-1.175;1.281;20
1.817;-0.682;1.358;20
1.075;0.191;1.358;20
0.062;0.67;1.286;20
0.124;0.711;1.091;20
0.282;0.357;0.191;20
-0.04;0.613;-0.558;20
-0.33;1.118;-0.403;20
-0.51;1.576;-0.395;20
-0.703;1.869;-0.164;20
-0.604;1.606;0.145;20
-0.384;0.555;0.27;20
0.294;-1.03;-0.351;20
0.618;-1.77;-0.344;20
0.181;-1.74;-0.585;20
-0.587;-1.66;-1.087;20
-0.778;-1.682;-2.302;20
-0.998;-1.555;-1.908;20
-1.159;-0.92;-1.336;20
-0.111;-0.001;-1.303;20
0.625;0.18;-0.205;20
0.485;-0.702;-0.268;20
0.553;-2.468;0.508;20
0.674;-3.992;0.985;20
0.956;-4.526;0.125;20
1.719;-4.561;-0.315;20
1.644;-3.837;0.032;20
1.152;-2.099;0.247;20
1.002;-0.678;0.123;20
0.048;0.521;-0.533;20
-1.758;2.222;-1.349;20
-3.318;4.151;-1.768;20
-3.833;5.795;-0.761;20
-3.015;5.174;-0.529;20
-1.156;3.275;-0.106;20
-0.178;1.555;0.924;20
-0.314;0.252;0.659;20
-0.252;-0.128;0.744;20
0.667;-0.132;2.194;20
1.792;0.408;1.679;20
2.154;1.327;1.824;20
2.193;1.147;2.337;20
1.866;-0.653;2.091;20
1.024;-2.552;1.983;20
0.15;-2.223;0.541;20
-1.246;0.725;-0.237;20
-1.831;2.843;-0.271;20
-1.786;2.794;-0.576;20
-1.292;1.883;-0.404;20
-1.215;0.972;-0.983;20
-0.876;-0.293;-1.449;20
-1.299;-0.089;-2.279;20
-1.402;1.385;-1.99;20
-0.917;1.577;-1.078;20
-0.064;-0.671;0.198;20
2.024;-3.771;1.584;20
4.251;-5.567;2.24;20
5.042;-4.804;2.568;20
3.259;-3.021;2.531;20
1.226;-0.985;0.131;20
-0.989;0.304;-3.577;20
-1.828;1.242;-5.528;20
-2.43;1.553;-5.238;20
-3.73;0.62;-3.078;20
-1.824;-1.39;-0.55;20
0.554;-2.532;1.18;20
1.695;-3.092;1.583;20
1.661;-2.972;1.841;20
2.028;-2.418;2.634;20
2.64;-1.961;2.446;20
2.798;-1.566;1.392;20
1.979;-0.22;0.264;20
0.527;1.55;-0.663;20
-2.282;3.833;-2.507;20
-7.028;7.841;-2.592;20
-7.845;10.093;1.038;20
-0.886;5.183;1.195;20
1.927;1.608;0.245;20
1.064;1.369;2.014;20
0.211;1.836;2.067;20
1.074;1.452;1.25;20
1.223;-1.489;0.358;20
1.055;-4.444;1.021;20
1.502;-4.614;1.011;20
1.494;-3.422;1.003;20
1.228;-2.316;0.864;20
0.594;-0.614;0.165;20
-0.486;1.507;0.666;20
-1.992;3.032;-0.398;20
-3.729;4.658;-1.859;20
-4.069;4.365;-3.417;20
-2.218;1.772;-3.453;20
-1.056;-1.491;-2.424;20
-0.403;-3.666;-1.543;20
0.546;-4.923;-0.652;20
1.156;-4.407;0.575;20
1.82;-2.755;1.134;20
2.38;-1.405;1.107;20
2.325;0.071;1.153;20
2.125;0.713;1.275;20
1.783;-0.727;0.473;20
0.632;-2.241;-0.414;20
-0.064;-1.851;-1.231;20
0.179;-1.64;-1.839;20
0.12;-1.129;-1.413;20
0.323;-0.871;-0.953;20
0.358;-0.575;-0.541;20
0.188;-0.136;-0.148;20
-0.032;-0.361;-0.077;20
-0.21;-0.306;-0.059;20
-0.538;0.073;0.27;20
-1.226;0.958;0.053;20
-2.164;2.145;-0.572;20
-2.448;2.84;-0.774;20
-2.386;3.451;0.413;20
-1.378;3.669;1.437;20
0.275;3.3;2.106;20
1.301;2.28;2.305;20
1.501;0.857;2.031;20
1.782;-0.64;2.11;20
2.363;-1.675;1.748;20
2.146;-1.559;1.114;19
1.388;-0.168;0.981;20
1.018;1.003;0.749;20
0.183;1.679;0.174;20
-0.955;2.201;0.17;20
-1.851;2.391;-0.083;20
-1.839;1.839;-0.532;20
-1.159;0.913;-0.569;20
-0.058;-0.115;-1.045;20
0.24;-0.877;-0.552;20
-0.233;-1.236;-0.855;20
-0.363;-1.891;-2.104;20
-0.133;-3.081;-1.962;20
-0.277;-2.057;-1.329;20
-0.482;-1.134;-0.767;20
0.04;-0.833;-0.567;20
0.499;-0.579;-0.689;20
0.82;-0.719;-0.211;20
1.432;-0.382;-0.09;20
1.975;-0.221;0.703;20
1.893;-1.727;0.669;20
1.473;-2.915;0.781;20
0.567;-3.053;-0.042;20
0.049;-3.142;-0.674;20
0.005;-2.567;-0.022;20
0.444;-1.111;-0.072;20
0.365;0.083;-1.358;20
-0.474;1.237;-1.073;20
-1.541;2.849;-1.216;20
-2.664;4.355;-0.954;20
-3.154;4.239;0.623;20
-1.916;2.819;1.025;20
-0.784;1.644;-0.17;20
-0.716;0.844;0.014;20
-0.565;0.488;0.966;20
-0.013;0.001;1.673;20
0.3;-0.106;1.31;20
0.359;0.35;1.558;20
0.939;0.746;1.253;20
1.216;1.094;0.833;20
1.153;1.358;1.161;20
1.242;0.98;1.22;20
0.719;0.479;0.548;20
-0.104;0.328;0.249;20
-0.368;0.567;0.477;20
-0.294;0.344;0.14;20
-0.726;-0.498;-0.653;20
-0.927;-0.91;-0.797;20
-0.966;-1.224;-1.114;20
-0.664;-1.287;-1.516;20
-0.406;-0.703;-1.14;20
-0.197;-0.475;-1.455;20
0.339;-0.204;-1.148;20
0.581;0.864;-0.125;20
0.861;1.564;0.583;20
0.84;0.647;0.576;20
1.237;-0.146;0.07;20
1.287;-1.539;-0.576;20
0.117;-2.282;-0.943;20
-0.943;-2.47;-1.028;20
-0.118;-3.659;0.038;20
1.04;-4.384;0.0;20
1.052;-3.863;0.131;20
0.761;-2.645;-0.071;20
0.927;-1.835;-0.144;20
0.983;-0.981;0.098;20
0.33;0.112;-0.607;20
-1.364;1.194;-1.516;20
-3.049;2.304;-1.742;20
-3.382;3.485;-1.607;20
-2.119;3.471;-0.53;20
-0.62;2.792;0.846;20
0.073;2.043;1.529;20
0.354;1.782;1.204;20
0.276;2.011;1.325;20
0.498;2.278;1.503;20
1.022;1.597;1.766;20
1.517;0.073;2.797;20
1.856;-1.126;1.687;20
1.451;-1.198;0.576;20
0.215;-0.289;0.969;20
0.019;0.327;1.077;20
0.463;0.973;0.284;20
0.111;1.728;-0.125;20
-0.579;2.008;0.039;20
-1.008;1.557;-0.289;20
-1.093;0.812;-0.381;20
-0.901;0.074;-0.024;20
-0.546;-0.825;0.124;20
0.025;-2.127;-0.254;20
0.117;-2.6;-1.026;20
-0.24;-2.482;-1.169;20
-0.503;-2.383;-1.16;20
-0.567;-1.556;-1.434;20
-0.217;-0.128;-1.672;20
-0.795;0.039;-1.777;20
-0.791;0.216;-2.097;20
-0.804;1.195;-1.708;20
-0.083;0.86;-1.048;20
1.043;-0.728;0.05;20
1.613;-2.421;1.524;20
1.681;-3.972;3.223;20
1.549;-4.621;2.664;20
0.974;-4.167;0.847;20
0.939;-3.199;-0.224;20
1.919;-1.678;0.009;20
1.699;-0.313;-1.302;20
-0.751;0.931;-1.657;20
-4.175;4.024;-1.985;20
-6.33;7.382;-2.782;20
-4.877;7.922;2.484;20
0.036;4.816;3.378;20
2.378;1.155;0.459;20
1.644;-0.553;0.409;20
0.421;-1.022;0.733;20
-0.444;-1.379;0.586;20
-0.585;-1.45;0.26;20
-0.393;-0.956;0.32;20
0.54;0.109;1.127;20
1.4;1.183;1.212;20
1.357;1.832;1.121;20
0.51;1.886;1.132;20
0.369;1.611;0.357;20
0.226;0.922;0.075;20
-0.031;0.426;-0.345;20
-0.062;0.496;-0.25;20
0.131;0.276;-0.288;20
0.4;-0.266;-0.054;20
0.556;-1.02;0.123;20
0.516;-1.884;-0.151;20
0.061;-2.784;-0.281;20
-0.285;-2.463;-1.171;19
-0.696;-1.265;-1.819;20
-1.265;-0.289;-2.752;20
-1.99;-0.515;-2.688;20
-1.146;-1.05;-1.766;20
0.093;-1.005;-0.664;20
0.903;-0.943;0.108;20
1.192;-0.834;0.494;20
1.103;-2.216;1.219;20
1.848;-3.566;1.703;20
2.256;-3.626;1.64;20
1.645;-3.063;0.844;20
0.922;-2.084;-0.19;20
0.618;-0.894;-0.738;20
-0.527;1.078;-1.02;20
-2.708;3.211;-2.643;20
-4.159;4.002;-2.27;20
-3.64;3.625;-0.008;20
-1.87;2.407;0.356;20
-0.582;1.856;-0.677;20
-1.487;2.291;-0.23;20
-1.709;1.745;0.868;20
0.073;0.163;0.99;20
1.166;-0.905;1.754;20
1.849;-0.782;2.119;20
2.535;0.996;1.205;20
2.471;3.796;1.285;20
2.621;5.051;1.695;20
1.224;2.763;2.369;20
0.494;0.052;2.632;20
0.358;-1.976;0.661;20
0.124;-2.932;-0.551;20
0.614;-2.626;0.038;20
1.141;-2.279;0.991;20
0.734;-2.312;0.278;20
0.134;-1.792;-1.946;20
-1.592;0.4;-3.804;20
-4.042;2.348;-4.422;20
-5.487;2.818;-5.141;20
-3.429;0.464;-3.875;20
0.448;-1.841;-1.377;20
1.846;-1.055;0.254;20
1.778;-0.824;0.919;20
2.615;-1.384;1.708;20
3.386;-1.434;1.736;20
3.093;-2.273;1.304;20
2.258;-3.16;1.818;20
2.168;-3.202;1.811;20
1.826;-2.876;1.985;20
0.895;-2.208;1.703;20
0.284;-0.56;1.358;20
-0.552;1.077;0.193;20
-1.98;3.158;-1.942;20
-3.643;4.439;-1.593;20
-4.453;2.889;-0.34;20
-3.29;1.555;-0.849;20
-1.568;1.253;-0.42;20
-0.135;1.339;0.844;20
0.587;0.815;0.145;20
0.034;1.472;0.284;20
-0.708;2.737;0.421;20
-0.458;2.502;1.276;20
0.508;0.971;1.405;20
0.922;-0.768;0.915;20
1.02;-1.2;-0.081;20
1.263;0.198;-1.16;20
0.666;2.004;-0.871;20
-0.607;1.929;-0.023;20
-0.348;0.261;0.515;20
0.725;-0.605;1.264;20
1.056;-0.786;1.665;20
0.836;-0.164;0.904;20
0.675;0.813;-0.091;20
-0.01;1.299;-0.537;20
-0.266;0.585;-0.119;20
0.629;-1.318;0.836;20
1.141;-2.077;1.382;20
0.945;-0.901;1.416;20
0.764;0.669;1.26;20
0.638;1.307;0.567;20
0.473;1.157;-0.095;20
0.288;0.28;-0.331;20
-0.204;-0.083;-0.66;20
-0.75;0.541;-0.366;20
-0.731;0.631;0.151;20
-0.438;0.406;0.138;20
-0.004;0.189;0.081;20
0.187;-0.112;0.131;20
0.076;-0.156;0.277;20
0.232;-0.24;0.144;20
0.299;-0.214;-0.197;20
0.22;0.068;0.13;20
0.196;0.151;0.145;20
-0.218;0.289;-0.175;20
-0.567;0.685;-0.308;20
-0.283;0.437;-0.277;20
-0.223;0.083;-0.629;20
-0.435;0.187;-0.601;20
-0.278;-0.044;-0.185;20
0.219;-0.555;0.165;20
0.424;-0.713;0.36;20
0.47;-0.271;0.421;20
0.354;0.288;0.495;20
0.545;0.237;0.661;20
0.712;-0.005;0.47;20
0.665;0.378;0.375;20
0.467;0.715;0.409;20
0.431;0.473;0.633;20
0.312;0.361;0.298;20
-0.242;0.978;-0.149;20
-0.776;1.445;-0.216;20
-0.925;0.977;-0.388;20
-0.679;0.274;-0.343;20
-0.251;-0.257;-0.166;20
0.144;-0.63;0.341;20
0.632;-0.996;0.63;20
0.859;-1.043;0.597;20
0.972;-0.665;0.611;20
0.87;-0.064;0.41;20
0.496;0.752;0.302;20
0.143;1.337;0.177;20
-0.054;1.384;-0.187;20
0.158;0.754;-0.237;20
0.228;-0.165;-0.19;20
-0.055;-0.716;-0.417;20
-0.416;-0.672;-0.511;20
-0.84;-0.215;-0.848;20
-1.004;0.271;-0.817;20
-0.826;0.287;-0.356;20
-0.178;-0.226;-0.061;20
0.822;-0.613;0.276;20
1.58;-0.603;0.751;19
1.647;-0.047;0.93;20
1.124;0.757;1.02;20
0.598;0.925;0.978;20
0.342;0.504;0.786;20
0.228;0.064;0.599;20
-0.096;0.1;0.259;20
-0.28;-0.034;-0.107;20
-0.483;-0.099;-0.32;20
-0.318;0.291;-0.307;20
-0.349;0.294;-1.247;20
-1.189;0.565;-1.021;20
-1.629;0.075;-1.016;20
-1.565;-0.471;-0.653;20
-0.665;-0.736;0.146;20
0.143;-0.578;0.716;20
0.751;-0.154;1.17;20
1.687;-0.119;1.581;20
2.377;-0.185;1.68;20
1.872;0.111;1.432;20
0.889;1.033;0.952;20
-0.458;1.646;0.775;20
-1.393;1.453;0.135;20
-1.752;1.004;-0.604;20
-1.499;0.302;-0.945;20
-1.192;-0.06;-0.503;20
-0.549;-0.373;-0.597;20
-0.168;-0.59;-0.997;20
0.145;-0.272;-0.354;20
0.588;0.287;0.291;20
1.253;0.875;0.475;20
1.796;0.91;1.13;20
2.235;0.386;1.666;20
2.229;0.034;1.157;20
1.922;0.121;0.595;20
0.948;-0.013;0.54;20
-0.084;0.091;0.296;20
-0.276;0.988;0.204;20
0.449;1.585;0.604;20
1.812;1.39;1.457;20
2.443;1.001;2.217;20
1.889;0.791;2.06;20
1.169;0.802;1.252;20
0.345;0.81;0.319;20
-0.21;0.488;-0.325;20
-0.431;0.148;-0.4;20
-0.517;-0.683;-0.556;20
-0.681;-1.766;-1.361;20
-0.813;-2.087;-1.643;20
0.028;-1.641;-2.145;20
0.364;-0.783;-2.299;20
0.174;-0.358;-0.504;20
-0.202;-1.285;-1.07;20
-1.741;-1.983;-2.793;20
-3.317;-2.218;-3.305;20
-5.057;-1.703;-3.324;20
-4.993;-0.077;-2.172;20
-2.301;0.568;1.084;20
0.909;-0.206;3.201;20
3.097;-1.39;4.39;20
3.978;-1.762;4.763;20
2.4;-0.124;3.11;20
-1.165;2.763;0.593;20
-2.409;5.365;1.299;20
-0.543;5.219;2.506;20
1.037;1.422;3.568;20
0.192;-1.861;2.235;20
0.901;-1.679;-4.984;20
-0.003;-0.088;5.069;20
-5.366;1.517;8.121;20
-1.354;0.178;-6.992;20
1.66;0.759;-2.606;20
2.281;0.25;2.836;20
4.049;-0.401;-0.98;20
3.862;1.268;-1.76;20
1.389;2.605;-2.998;20
-0.456;-0.968;-4.33;20
-2.422;0.123;-3.765;20
-2.359;-2.999;-2.462;20
-1.946;-4.82;-1.174;20
-1.478;-3.235;-1.701;20
1.59;-1.027;-0.697;20
3.501;-0.456;0.558;20
2.528;-1.163;0.944;20
1.883;-0.387;1.729;20
4.1;-1.219;1.711;20
1.646;-1.561;0.43;20
-1.404;0.399;0.102;20
-1.736;2.032;-0.726;20
-1.991;3.407;-1.887;20
-1.818;3.174;-2.114;20
-1.203;1.431;-2.056;20
-0.186;-0.274;1.135;20
0.718;-0.818;2.839;20
2.692;-1.301;2.425;20
2.815;0.18;2.256;20
2.702;-0.801;2.69;20
1.886;0.566;8.234;20
-2.189;2.633;-6.469;20
-1.868;1.311;-3.739;20
-1.72;0.16;1.858;20
-0.3;-1.586;-1.337;20
3.5;-3.049;-1.044;20
-2.787;0.991;0.879;20
-3.707;2.914;0.211;20
-3.01;1.739;1.061;20
-3.302;0.644;-0.053;20
-2.157;0.269;-0.464;20
-0.62;0.273;-0.24;20
-0.152;0.569;2.594;20
-0.096;0.592;1.819;20
-0.546;1.397;1.092;20
-0.842;0.916;-0.61;20
-0.931;1.105;-1.185;20
-0.756;1.922;-1.232;20
-0.913;2.27;0.971;20
-1.869;2.623;0.345;20
-2.038;2.26;-4.168;20
-2.242;1.408;-3.131;20
-2.63;-0.693;-3.18;20
-1.61;-2.946;-4.369;20
-0.606;-2.936;-4.13;20
-0.817;-2.274;-4.303;20
0.631;-4.023;5.108;20
1.617;-3.244;10.916;20
2.049;-1.438;11.258;20
2.585;-1.881;8.088;20
3.245;-4.019;3.278;20
3.356;-5.676;2.62;20
2.93;-4.754;9.874;20
2.548;-4.059;12.155;19
3.063;-4.623;7.054;20
3.404;-4.881;2.671;20
3.548;-3.423;2.915;20
2.805;-3.524;4.992;20
2.283;-5.449;-0.859;20
1.221;-4.106;3.559;20
1.422;-1.283;6.627;20
1.122;0.804;4.938;20
0.661;0.922;2.39;20
0.834;0.461;-0.558;20
1.35;0.424;-0.761;20
1.139;0.623;2.321;20
0.846;0.53;4.495;21
0.878;0.035;3.946;20
1.163;0.581;-0.152;64
0.897;0.712;0.558;20
0.91;0.134;1.998;20
1.078;-0.497;2.748;20
0.758;-0.709;1.984;20
0.166;-0.109;0.737;20
0.063;0.587;0.864;20
-0.165;0.051;2.004;20
-0.314;-0.273;0.877;20
-0.49;0.229;-0.049;20
-0.221;0.294;0.188;20
-0.103;-0.021;1.402;20
-0.188;-0.567;1.525;20
-0.116;-0.522;0.611;20
0.078;-0.502;1.105;20
0.391;-0.791;0.958;20
0.496;-1.215;0.332;20
0.395;-0.028;0.718;20
0.449;0.209;0.432;20
0.981;0.34;-0.901;20
1.091;0.286;-0.771;20
1.003;-0.372;0.028;20
1.044;-0.554;1.16;20
1.21;-0.417;0.55;20
0.592;-0.281;-0.707;20
0.044;0.604;-4.635;20
0.178;1.724;-6.333;20
0.077;2.271;-1.634;20
0.057;2.191;-0.198;20
0.269;1.466;-1.513;20
0.143;0.897;-1.843;20
-0.17;1.311;-0.109;20
-0.614;1.777;1.013;20
-1.015;2.243;0.125;20
-1.34;2.448;-1.115;20
-2.161;3.031;4.033;20
-2.056;3.108;6.972;20
-0.733;1.731;-6.083;20
0.556;-0.179;-1.841;20
1.182;-1.287;-0.646;20
1.032;-1.647;-0.88;20
0.518;-0.689;0.712;20
-0.094;0.491;1.15;20
-0.616;1.159;0.537;20
-0.696;1.001;-0.381;20
-0.363;0.461;-0.471;20
0.073;0.139;-0.961;19
0.029;0.172;-0.955;20
0.039;0.065;-0.765;20
-0.108;0.464;0.032;20
-0.118;0.312;0.502;20
-0.263;0.115;0.748;20
-0.163;0.25;0.225;20
-0.064;0.104;-0.819;20
-0.63;-0.002;-1.307;20
-0.381;0.226;1.021;20
-0.308;0.682;0.77;20
-0.146;0.346;-0.504;20
0.014;-0.223;-0.313;20
-0.086;-0.083;-0.288;20
-0.417;0.508;0.209;20
-0.457;0.594;-0.39;20
-0.228;0.069;-1.163;20
-0.058;-0.313;-0.554;20
0.205;-0.741;-0.036;20
0.344;-0.91;0.497;20
0.258;-1.108;1.098;20
0.166;-0.492;0.401;20
-0.127;0.161;0.515;20
-0.17;0.188;0.697;20
-0.36;0.058;0.415;20
-0.349;-0.19;0.292;20
-0.317;-0.299;-0.25;19
-0.221;-0.221;-0.507;20
-0.2;-0.109;-0.303;20
-0.086;-0.061;0.029;20
-0.139;-0.178;0.101;20
-0.253;-0.066;-0.106;20
-0.299;0.186;-0.191;20
-0.188;0.2;-0.391;20
-0.11;0.0;-0.398;20
-0.065;-0.046;-0.172;20
-0.206;0.204;-0.26;20
-0.261;0.19;-0.355;20
-0.247;0.128;-0.248;20
-0.149;0.072;0.282;20
-0.19;0.153;0.726;20
-0.174;0.26;0.58;20
-0.193;0.159;-0.186;20
-0.338;-0.054;-0.81;20
-0.344;-0.028;-0.082;20
-0.351;0.074;0.029;20
-0.203;0.14;0.276;20
-0.22;0.115;-0.263;20
-0.147;-0.142;-0.465;20
-0.127;-0.185;-0.207;20
-0.208;0.049;-0.055;20
-0.261;0.261;0.244;20
-0.261;0.266;0.177;19
-0.137;0.057;0.067;20
0.004;-0.062;-0.034;20
0.02;-0.055;-0.039;20
-0.008;0.015;0.113;20
-0.033;0.045;0.26;20
0.011;-0.033;0.25;20
0.033;-0.098;0.043;20
0.059;-0.054;-0.019;20
0.038;-0.107;-0.033;20
-0.007;-0.051;-0.054;20
0.012;-0.056;0.015;20
0.012;-0.037;0.076;20
0.012;-0.059;0.139;20
-0.113;-0.032;-0.09;20
-0.087;-0.125;-0.041;20
-0.047;-0.1;-0.009;20
-0.114;-0.1;-0.071;20
-0.076;-0.088;-0.046;20
-0.125;0.047;-0.135;20
-0.111;-0.023;-0.124;20
-0.106;-0.007;0.001;20
-0.167;0.086;0.013;20
-0.21;0.075;-0.109;20
-0.138;0.052;-0.143;20
-0.084;-0.001;-0.11;20
-0.079;0.036;-0.071;20
-0.031;0.006;0.102;19
-0.046;0.071;-0.026;20
-0.097;0.024;-0.048;20
-0.177;0.063;-0.045;20
-0.214;0.176;-0.112;20
-0.112;0.124;-0.131;20
-0.116;-0.046;-0.11;20
-0.034;-0.021;-0.072;20
-0.085;0.023;-0.015;20
-0.158;-0.046;0.028;20
-0.178;-0.082;0.023;20
-0.125;-0.052;-0.102;20
-0.145;0.032;-0.212;20
-0.225;0.019;-0.039;20
-0.25;0.031;0.316;20
-0.249;0.058;-0.181;20
-0.33;0.161;-0.532;20
-0.191;0.123;0.303;20
-0.225;0.262;0.112;20
-0.092;0.092;-0.031;20
0.02;-0.006;-0.043;20

# Completed @Wed Jan 06 21:14:21 GMT+02:00 2021
