# Accelerometer Data File
# Started @Wed Jan 06 22:12:59 GMT+02:00 2021
#
#
# sensor Vendor: BOSCH
# sensor Name: BMI160 Accelerometer Non-wakeup
# sensor Resolution: 0.0023928226m/sec^2; Max Range: 78.4532; Min Delay: 2500 microseconds
# The sensor's attributes are the result hardware and the Android capabilities.
# It means that the Android may not utilize all features provided by the hardware.
#
# Some devices and Android versions save battery too much so the device may go to sleep.
# It just happens after couple of minutes from turning off the scree and it is easy to find it out.
#
# The following file provides the data from accelerometer in the m/s^2 format.
# The diff value is just a time delta between the samples
#
#
# data format:
# so we have 4 columns with values separated by the ";"
# X;Y;Z;time_from_previous_sample(ms)

# sensor speed set to:NORMAL
# units set to: m/sec^2
# gravity  filtered out
# Accuracy: HIGH
2.511;3.029;8.323;0
1.714;2.85;7.638;19
1.182;2.567;6.655;20
1.215;2.234;5.939;20
1.184;1.938;5.19;20
1.064;1.685;4.925;20
0.713;1.431;4.464;20
0.675;1.231;4.064;20
0.854;1.112;3.499;20
0.922;1.062;2.907;20
0.782;1.013;2.608;20
0.776;0.937;2.64;20
0.626;0.825;2.433;20
0.468;0.684;2.087;20
0.169;0.572;1.737;20
-0.038;0.404;1.426;20
-0.024;0.33;1.248;20
0.505;0.188;0.959;20
0.36;0.417;0.722;20
0.595;0.531;1.262;20
0.057;0.486;1.25;20
-0.358;0.528;1.732;20
-0.562;0.376;1.965;20
-0.649;0.355;1.66;20
-0.741;0.324;0.968;20
-0.587;0.342;0.393;20
-0.346;0.178;-0.156;20
-0.469;0.162;-0.318;20
-0.645;0.011;-0.244;20
-0.888;-0.014;-0.216;20
-0.341;-0.138;-0.426;20
0.862;-0.367;0.665;20
0.384;0.188;0.681;20
0.45;0.133;0.626;20
0.292;0.115;0.688;20
0.026;0.17;0.666;20
-0.318;0.212;0.014;20
-0.684;0.406;-0.617;19
-0.802;0.361;-0.596;20
-0.908;0.245;-0.186;20
-0.665;0.037;0.04;20
-0.353;-0.044;0.235;20
-0.287;-0.053;1.158;20
-0.532;0.004;2.02;20
-0.079;-0.116;1.771;20
0.591;-0.172;0.733;20
0.657;-0.138;-0.079;20
1.064;-0.138;-1.069;20
1.469;-0.083;-1.957;20
1.461;0.152;-1.777;20
1.086;0.093;-0.495;20
2.574;-1.079;-2.394;20
4.381;-1.726;0.043;20
4.833;-0.988;-1.128;20
2.633;-0.386;-2.349;20
4.31;-0.566;-3.485;20
1.414;0.071;-5.793;20
1.46;0.416;-5.565;20
3.662;-2.228;-0.852;20
4.938;-2.884;0.661;20
5.935;-3.289;0.295;20
3.427;-0.84;-2.904;20
0.606;0.178;-5.389;20
-2.066;0.248;-3.878;20
-4.049;0.44;-1.588;20
-2.454;-2.301;-1.813;20
2.144;-8.081;0.391;105
2.505;-6.934;2.077;20
2.511;-5.986;2.501;20
3.088;-5.789;1.783;20
3.404;-5.029;0.272;20
3.956;-5.931;0.503;20
3.675;-5.759;-0.326;20
2.729;-4.385;-1.281;20
2.605;-4.494;-0.664;20
3.621;-3.268;7.232;20
3.985;-0.82;6.643;20
-0.108;-1.102;-9.526;20
-2.731;-2.29;-8.5;20
-2.212;-1.837;-5.708;20
-0.976;-2.231;-4.259;20
-1.542;-2.846;-3.872;20
-2.065;-2.542;-4.272;20
-1.44;-2.049;-4.207;20
-2.1;-0.47;-2.934;20
-2.013;1.055;-2.225;20
-0.893;0.981;-2.638;20
-1.97;2.369;-1.866;20
-3.724;4.982;-0.414;20
-3.914;4.001;1.477;20
-4.047;0.313;2.211;20
-2.944;-1.979;-3.738;20
6.37;-8.43;-6.69;20
10.075;-10.998;-4.573;20
0.981;-5.868;3.401;20
-3.495;-2.748;5.252;20
-1.848;-5.919;1.551;20
-1.424;-6.98;1.65;20
-2.234;-4.639;2.621;20
-5.404;-2.0;-5.479;20
-6.161;-5.025;-11.748;20
-2.322;-8.731;7.355;20
-3.306;-2.423;12.205;20
-4.801;3.68;0.052;20
-2.915;3.31;-4.299;20
-1.761;3.831;-4.425;20
-2.038;5.366;1.415;20
-2.248;5.33;0.254;20
-3.384;7.863;-4.846;20
-0.894;6.13;-1.725;20
1.735;2.895;1.146;20
1.138;2.325;0.592;20
-1.822;3.651;1.735;20
-0.918;2.502;3.77;20
0.643;-0.374;5.232;20
1.916;-4.122;6.114;20
5.303;-9.949;8.409;20
10.557;-11.69;10.351;20
7.089;-1.565;0.602;20
-2.312;5.203;-4.093;20
-4.67;0.733;-7.605;20
-5.917;1.392;-8.349;20
-6.011;4.215;-1.583;20
-3.875;3.356;-0.127;20
-2.886;2.356;-3.818;20
-5.426;0.523;-7.569;20
-1.753;-2.271;-4.217;20
-0.001;-2.093;-8.48;20
-0.732;-5.126;-12.157;20
-1.911;-6.028;-5.825;20
-1.285;-2.564;3.205;20
2.995;-3.789;5.131;20
1.999;-6.288;3.568;20
-3.605;-4.603;17.352;20
-6.334;-0.1;13.306;20
-3.061;1.8;-3.823;20
-0.817;2.823;-8.862;20
-0.431;3.299;-8.985;20
0.197;1.76;-7.298;20
0.896;0.562;-4.595;20
1.895;-0.328;-1.846;20
2.486;-1.343;-1.06;20
1.275;-2.032;8.469;20
0.223;-2.37;19.555;20
1.693;-2.338;0.949;20
2.411;-3.143;-6.324;20
2.069;-4.316;-2.848;20
0.357;-3.481;3.979;20
-1.286;-0.913;6.552;20
-4.268;-0.351;2.805;20
-5.803;-0.506;-7.801;20
-4.565;-2.018;-7.709;20
-4.374;-2.377;-4.189;20
-2.481;-1.482;-8.181;20
-0.741;2.279;-0.244;20
3.167;4.425;9.837;20
1.298;5.705;1.491;20
0.106;6.557;-6.115;20
0.147;6.518;-1.48;20
1.495;5.42;-1.682;20
1.168;4.434;-3.4;20
-1.821;4.583;-2.549;20
-3.088;4.754;-1.354;20
-2.561;4.52;-0.248;19
-1.62;3.38;-0.014;20
-0.638;0.72;1.025;20
0.099;-3.507;3.822;20
-0.729;-12.75;14.349;20
7.221;-20.923;28.43;20
9.28;-6.084;10.802;20
2.369;4.863;-3.14;20
-3.893;1.276;-1.403;20
-9.79;-3.035;-6.32;20
-8.324;-1.705;-9.571;20
-2.485;3.673;-9.086;20
-0.592;7.574;-7.313;20
1.463;5.454;-4.268;20
1.224;4.01;-3.71;20
2.33;-0.542;-0.933;20
4.398;-2.566;-3.435;20
5.133;-1.012;-5.506;20
4.096;-0.363;-4.684;20
1.937;1.201;1.044;20
0.812;1.947;4.066;20
-1.336;1.089;4.858;20
-1.18;-0.451;2.113;20
-2.768;-1.898;7.621;20
-3.567;-1.037;5.673;20
0.396;0.13;-2.929;20
2.243;0.258;-5.68;20
2.439;0.018;-5.161;20
3.7;-0.558;-3.494;20
4.561;-0.028;-1.836;20
4.441;-0.26;6.535;20
4.598;-2.524;13.526;20
2.597;-3.166;0.611;20
0.526;-2.422;-4.446;20
0.034;-3.616;-1.432;20
-1.629;-4.524;4.411;20
-3.661;-2.302;6.484;20
-4.87;-1.134;3.287;20
-3.92;-0.96;-7.234;20
-2.4;-1.916;-9.227;20
-3.74;-2.942;-4.475;20
-1.905;-2.32;-7.909;20
-1.798;0.825;-0.76;20
2.949;2.724;11.58;20
0.776;5.541;1.514;20
-1.564;7.997;-7.916;20
-0.2;7.566;-3.435;20
1.173;5.503;1.083;20
0.654;4.07;-3.073;20
-1.143;3.868;-3.033;20
-2.428;4.279;-1.753;20
-2.772;4.92;-0.847;20
-2.592;4.502;-0.005;20
-1.558;2.122;1.046;20
-0.592;-1.498;3.691;20
0.152;-10.036;12.344;20
7.314;-22.867;27.486;20
10.28;-9.803;12.175;20
3.319;5.114;-2.831;20
-1.115;4.825;0.735;20
-6.915;-0.262;-3.154;20
-8.487;-3.553;-8.586;20
-4.987;-1.583;-6.712;20
-1.532;5.76;-7.863;20
-0.448;6.447;-4.552;20
0.515;2.892;-2.421;20
0.692;0.313;-3.259;20
2.809;-1.3;-1.683;20
4.906;-0.866;-1.642;20
4.749;0.102;-5.108;20
3.145;1.029;-5.072;20
1.427;2.425;0.913;20
0.747;2.342;2.689;20
-0.06;0.872;2.73;20
-0.899;0.08;1.679;20
-1.048;-2.087;2.809;20
-2.375;-3.028;6.743;20
0.593;-0.711;0.329;20
3.155;0.264;-5.211;20
3.053;0.559;-4.175;20
2.677;0.65;-0.922;20
2.293;0.21;-0.412;20
2.579;-1.908;5.307;20
2.551;-3.313;3.765;20
1.313;-2.457;-2.035;20
-0.029;-1.358;-0.923;20
-0.207;-1.718;1.693;20
0.08;-3.094;2.64;20
-0.363;-2.116;4.444;20
-2.055;0.466;3.268;20
-3.646;-0.175;0.587;20
-2.843;-2.643;-5.719;20
-2.624;-3.523;-7.203;20
-5.233;-3.333;-3.128;20
-3.151;-2.519;-6.295;20
-0.423;0.632;5.96;20
-0.612;3.943;5.017;20
-0.606;6.248;-6.981;20
-0.261;7.887;-1.471;20
1.983;6.475;0.053;20
1.995;4.159;-2.927;20
0.25;3.277;-2.584;20
-1.898;4.098;-1.718;20
-3.232;4.976;-0.52;20
-2.579;4.907;-0.308;20
-1.575;3.47;0.569;20
-0.251;0.715;2.694;20
0.702;-5.032;7.915;20
5.498;-18.275;21.325;20
12.867;-15.805;19.662;20
6.531;2.218;1.076;20
-0.154;6.924;-1.547;20
-5.765;1.571;-2.959;20
-9.086;-2.811;-10.06;20
-6.886;-5.484;-6.717;20
-2.015;-2.223;-4.929;20
-1.225;4.897;-6.247;20
-0.417;5.235;-1.823;20
-0.022;3.733;1.096;20
-0.216;2.344;0.07;20
1.704;0.411;-3.336;20
2.761;-0.543;-3.776;19
2.829;0.053;-6.509;20
2.818;0.235;-4.321;20
1.836;1.794;1.26;20
1.913;1.863;2.292;20
2.099;0.012;1.062;20
1.561;-1.551;1.31;20
0.709;-2.657;3.266;20
-1.142;-1.275;8.219;20
-0.435;0.283;3.266;20
0.336;0.503;-3.471;20
0.842;0.351;-5.265;20
1.493;-0.006;-3.738;20
2.451;-0.34;0.899;20
3.931;-1.526;7.042;20
3.98;-2.988;3.188;20
2.127;-2.314;-1.696;20
-0.228;-1.602;0.066;20
-1.624;-2.168;4.888;20
-2.095;-2.868;5.749;20
-1.942;-3.536;3.963;20
-2.213;-4.474;-1.644;20
-1.828;-1.612;-9.726;20
-2.544;-1.5;-7.848;20
-2.837;-2.76;-4.838;20
-1.782;-1.182;-8.884;20
-1.634;1.641;3.786;20
3.145;2.893;9.627;20
-0.698;5.517;0.006;20
-2.687;6.895;-7.022;20
-1.795;6.947;-2.719;20
0.177;5.368;0.661;20
-0.847;4.807;-2.44;20
-2.847;5.088;-1.351;20
-3.23;5.398;-1.058;20
-2.56;4.871;-0.569;20
-2.101;3.108;-0.277;20
-1.091;0.205;-0.018;20
-0.204;-5.346;2.815;20
1.461;-16.154;17.5;20
12.396;-18.568;28.011;20
9.716;-0.132;5.671;20
2.598;5.938;-3.666;20
-1.981;0.599;0.902;20
-7.54;-2.678;-8.755;20
-8.04;-3.57;-7.813;20
-3.638;1.091;-6.348;20
-1.517;6.736;-7.693;20
-0.772;5.39;-2.713;20
-0.885;3.279;-1.555;20
0.587;0.39;-1.277;20
3.281;-0.955;-1.91;20
4.479;-1.066;-4.768;20
3.234;-0.918;-5.119;20
1.535;0.787;0.237;20
0.178;2.567;2.658;20
-0.516;1.482;3.2;20
-0.537;1.261;1.037;20
-0.283;-0.481;0.088;20
-1.43;-1.966;1.722;20
-1.936;-0.78;3.43;20
0.892;0.168;0.142;20
2.286;0.059;-2.89;20
3.044;-0.718;-2.907;20
3.758;-0.952;1.02;20
4.654;-1.767;6.905;20
4.313;-3.209;2.206;20
2.472;-2.837;-3.162;20
-0.124;-0.985;-0.664;20
-1.244;-1.726;3.485;20
-0.727;-3.957;3.21;20
0.166;-2.231;3.659;20
-0.278;0.141;3.605;20
-2.344;-0.541;-0.452;20
-3.2;-1.746;-8.884;20
-3.764;-3.708;-5.318;20
-5.699;-3.69;-1.845;20
-3.462;-1.752;-9.967;20
-0.598;0.936;2.655;20
0.03;3.861;11.014;20
-1.938;6.133;-1.496;20
-1.195;7.348;-8.116;20
1.116;6.695;-2.535;20
2.684;4.87;0.322;20
1.534;3.932;-1.967;20
-0.908;4.153;-2.544;20
-2.488;4.719;-1.736;20
-2.461;4.939;-0.73;20
-1.896;3.522;-0.04;20
-0.514;0.54;1.601;20
0.45;-4.627;6.124;20
2.503;-16.246;17.119;20
10.883;-18.289;24.55;20
7.574;-0.566;5.814;20
1.793;6.567;-2.761;20
-4.361;3.209;-1.691;20
-9.242;-2.0;-7.617;20
-7.127;-3.327;-6.155;20
-2.612;0.909;-4.164;20
-1.012;5.283;-7.805;20
-0.686;3.466;-4.847;20
-1.366;0.476;-0.371;20
-0.345;-0.39;-0.576;20
3.584;-0.72;-3.944;20
3.252;1.057;-4.481;20
3.127;1.507;-6.389;20
3.36;0.25;-2.456;20
1.144;2.368;3.347;20
1.277;0.859;4.405;20
0.298;-0.196;3.382;20
-0.132;0.146;0.752;20
-0.358;-0.695;0.983;20
-2.698;-0.434;3.64;20
-0.287;-0.356;0.948;20
2.92;-0.26;-3.471;20
2.898;-0.083;-3.219;19
3.145;-0.508;-0.87;20
3.813;-0.688;5.123;21
4.016;-2.751;6.915;20
3.151;-3.528;-0.698;19
1.48;-2.022;-3.226;20
-1.05;-0.962;0.269;20
-1.537;-2.402;5.513;20
-1.052;-2.425;6.993;20
0.232;-1.206;3.375;20
-0.554;-2.86;-2.615;20
-1.899;-2.677;-10.05;20
-3.229;-4.373;-5.005;20
-6.013;-5.059;-2.969;20
-5.019;-2.02;-12.014;20
0.173;0.82;3.948;20
-0.072;4.506;11.979;20
-2.798;7.505;-1.833;20
-1.372;8.527;-6.125;20
0.116;8.933;-3.303;20
2.444;5.92;-0.711;20
1.615;3.78;-1.735;20
-1.568;4.09;-2.822;20
-3.147;4.63;-1.827;20
-2.927;4.596;-0.303;20
-1.97;3.235;0.102;20
-0.495;0.27;1.006;20
0.447;-5.81;5.7;20
3.593;-17.977;20.415;20
12.204;-17.641;23.688;20
4.406;1.008;1.778;20
0.315;5.193;-1.294;20
-4.764;-0.636;1.449;20
-10.307;-3.435;-7.536;20
-8.3;-2.596;-7.921;20
-2.682;3.473;-7.827;20
-1.355;7.354;-5.566;20
0.8;4.292;-1.747;20
1.459;2.401;-4.541;20
2.419;-0.367;-1.776;20
5.308;-1.507;-2.986;20
5.055;-0.384;-6.396;20
3.788;-0.275;-4.014;20
2.47;0.481;2.565;20
0.836;2.129;3.895;20
-0.066;1.39;1.503;20
-0.794;1.391;1.204;20
-1.249;0.599;1.963;20
-3.252;-0.363;3.737;20
-3.065;-1.002;2.919;20
0.371;-0.539;-1.744;20
2.738;-0.421;-3.644;20
2.645;-0.586;-3.171;20
3.372;-0.639;-1.235;20
4.846;-0.709;6.548;20
5.758;-2.498;6.294;20
4.385;-2.684;-2.299;20
1.133;-1.122;-2.703;20
-1.161;-1.902;1.945;20
-1.075;-4.793;4.592;20
-1.339;-2.77;4.346;20
-1.821;-1.173;3.054;20
-3.079;-2.403;-4.191;20
-2.881;-2.737;-8.288;20
-4.561;-5.0;-2.818;20
-5.332;-3.828;-6.882;20
-3.626;-0.284;-12.034;20
1.28;2.468;10.954;20
-0.395;5.82;10.027;20
-1.183;7.443;-5.842;20
-0.023;8.387;-5.183;20
2.253;7.121;-1.135;20
2.478;4.486;-1.235;20
-0.242;3.731;-2.526;20
-2.697;4.126;-2.183;20
-3.516;4.485;-1.317;20
-2.934;4.476;-0.507;20
-1.935;2.821;-0.001;20
-0.651;-0.205;1.27;20
-0.032;-5.977;5.819;20
4.38;-18.054;22.233;20
12.319;-15.619;23.929;20
5.614;2.144;1.973;20
0.029;5.413;-2.027;20
-5.236;-1.431;-0.142;20
-10.162;-4.241;-9.385;20
-6.891;-3.218;-7.412;20
-1.429;2.945;-6.748;20
-1.544;7.306;-8.001;20
-0.081;4.264;-2.044;20
-0.224;2.024;-1.096;20
1.337;-0.35;-1.913;20
4.767;-0.997;-4.718;20
3.79;-0.216;-6.847;20
2.633;0.294;-5.91;20
1.647;1.461;1.381;20
1.293;1.949;5.244;20
-0.065;1.433;2.508;20
0.323;0.865;1.063;20
-0.619;-0.969;6.335;20
-3.586;-1.528;9.811;20
0.075;-0.834;-1.061;20
3.361;0.025;-5.631;20
2.691;0.466;-5.072;20
2.569;0.096;-3.422;20
3.577;-0.089;-1.15;20
4.065;-0.66;4.574;20
4.829;-2.517;7.475;20
3.156;-2.492;-0.606;20
-0.093;-1.397;-2.518;20
-1.442;-2.392;1.525;20
-1.597;-4.433;6.202;20
-0.974;-2.653;5.347;20
-1.903;-0.616;2.742;20
-3.427;-1.736;-5.107;20
-2.39;-3.147;-8.033;20
-3.97;-5.553;-4.205;20
-4.668;-3.234;-8.01;20
-2.638;-0.032;-6.778;20
1.678;2.232;13.363;20
-0.029;5.566;4.384;20
-1.602;7.234;-6.749;20
-1.122;8.358;-4.272;20
1.664;6.917;-1.958;20
1.968;4.541;-0.27;20
-0.114;3.388;-2.49;19
-2.617;3.817;-2.286;20
-3.133;4.33;-1.277;20
-2.859;4.339;-0.597;20
-2.389;3.086;0.009;20
-1.165;0.513;1.254;20
0.14;-5.921;5.555;20
4.675;-19.314;23.609;20
12.946;-16.326;24.605;20
5.19;2.156;1.045;20
-0.468;3.098;-1.564;20
-6.136;-3.446;0.098;20
-10.434;-3.616;-8.836;20
-6.4;0.297;-8.073;20
-2.136;6.565;-9.68;20
-1.901;7.86;-5.955;20
-0.087;4.161;-4.579;20
-0.234;0.66;-2.06;20
3.309;-2.329;-1.423;20
5.99;-2.503;-4.568;20
4.302;-0.686;-7.677;20
2.751;0.962;-3.259;20
1.404;2.655;3.99;20
1.087;2.09;4.658;20
0.717;0.441;3.278;20
-0.916;0.384;7.025;20
-1.944;-0.516;7.008;20
-2.079;-0.518;0.402;20
-0.388;0.565;-3.442;20
2.433;0.356;-4.801;20
2.459;0.458;-4.45;20
2.974;-0.022;-2.039;20
3.494;0.013;0.628;20
4.466;-0.974;4.763;20
4.74;-2.774;3.832;20
2.828;-2.548;-0.201;20
-1.003;-1.543;0.61;20
-3.658;-1.632;5.335;20
-2.108;-3.836;6.884;20
-0.097;-2.493;4.227;20
1.36;-2.677;0.327;20
-0.433;-3.069;-6.267;20
-1.459;-2.874;-9.349;20
-3.376;-5.405;-5.156;20
-5.136;-4.122;-7.482;20
-3.695;-0.619;-3.146;20
1.354;2.568;11.187;20
-2.595;7.033;4.804;20
-2.658;8.169;-6.371;20
-1.517;8.831;-4.951;20
1.331;7.516;-2.165;20
3.614;4.053;0.584;20
0.81;2.716;-2.459;20
-2.441;3.576;-1.838;20
-3.284;4.506;-0.747;20
-2.979;4.428;-0.469;20
-2.349;2.823;-0.047;20
-1.025;0.068;1.153;20
-0.138;-6.026;5.026;20
4.26;-18.223;20.311;20
12.945;-15.524;24.69;20
6.33;2.167;2.291;20
0.979;5.697;-2.203;20
-4.583;-0.376;-0.51;20
-9.254;-3.11;-9.775;20
-6.452;-3.657;-7.196;20
-1.416;1.209;-4.993;20
-0.873;6.217;-6.861;20
-0.863;5.117;-1.335;20
-0.583;3.316;-1.501;20
1.025;0.011;-3.31;20
3.074;-1.47;-4.163;20
3.43;-0.769;-5.575;20
2.898;-0.421;-5.403;20
1.275;0.796;0.198;20
0.594;2.577;4.344;20
0.597;1.998;2.928;20
0.024;0.879;1.415;20
-0.687;0.158;1.282;20
-2.535;-0.705;4.651;20
-2.779;-0.77;4.401;20
0.824;-0.594;-1.628;20
3.213;-0.465;-3.945;20
3.012;-0.143;-3.347;20
3.023;0.142;-1.238;20
4.219;-0.235;4.177;20
5.542;-2.29;5.644;20
4.118;-2.503;-1.178;20
1.326;-1.367;-2.628;20
-1.056;-1.749;1.797;20
-0.407;-4.517;5.826;20
-0.036;-3.451;5.291;20
-0.324;-1.071;2.517;20
-2.838;-1.5;-2.102;20
-2.793;-2.506;-7.861;20
-3.014;-5.269;-4.552;20
-5.789;-4.697;-4.589;20
-3.684;-1.381;-9.931;20
-0.004;1.85;5.51;20
-0.264;5.103;8.788;20
-2.154;6.824;-3.126;20
-1.117;7.66;-6.696;20
0.479;7.312;-0.706;20
1.724;5.229;0.202;20
0.502;3.893;-2.268;20
-1.83;3.997;-1.621;20
-3.331;4.538;-0.937;20
-3.237;4.623;-0.58;20
-2.493;3.6;-0.248;20
-1.233;1.228;0.429;20
-0.003;-3.458;2.471;20
1.143;-13.54;12.156;20
11.83;-20.046;28.371;20
9.631;-3.478;10.365;20
2.17;5.363;-2.199;20
-2.524;0.655;2.296;20
-8.232;-3.769;-5.938;20
-8.278;-3.59;-9.149;20
-3.03;1.498;-5.404;20
-1.194;7.053;-7.185;19
-0.473;6.703;-5.272;20
-0.392;3.711;-5.933;20
0.227;-0.79;-2.235;20
3.067;-2.559;-2.546;20
3.498;-1.596;-4.84;20
2.742;-0.472;-7.29;20
1.88;0.156;-2.831;20
0.57;1.794;3.384;20
-0.467;2.99;3.846;20
0.267;1.408;3.155;20
-0.983;1.06;9.063;20
-4.253;-0.961;11.775;20
-1.176;-3.325;0.303;20
2.507;-2.014;-6.509;20
2.787;0.271;-6.585;20
2.169;1.208;-5.135;20
3.162;0.755;-2.711;20
3.852;0.337;-0.636;20
4.388;-1.11;3.631;20
4.902;-3.239;9.007;20
2.527;-2.361;1.246;20
-0.376;-1.267;-3.142;20
-1.194;-2.789;0.269;20
-1.146;-4.274;6.119;20
-0.221;-1.999;4.837;20
-1.208;0.227;2.363;20
-3.834;-0.222;-3.417;20
-2.788;-2.379;-7.65;20
-3.909;-4.672;-2.088;20
-4.865;-3.326;-7.039;20
-3.145;-0.785;-7.113;20
0.514;1.856;7.456;20
-0.838;5.048;6.432;20
-2.001;6.54;-5.671;20
-0.388;6.951;-5.908;20
1.849;6.148;0.774;20
2.763;4.548;0.069;20
-0.336;4.24;-2.606;20
-2.722;4.421;-2.11;20
-2.993;4.73;-1.239;20
-2.555;4.714;-0.675;20
-1.679;3.214;0.096;20
-0.474;0.432;1.387;20
0.364;-6.127;5.182;20
4.419;-18.364;18.768;20
12.459;-15.436;23.943;20
5.517;1.674;3.314;20
-0.085;1.591;-0.306;20
-5.96;-4.265;0.722;20
-10.161;-3.97;-8.37;20
-7.004;-0.068;-7.966;20
-3.212;6.589;-9.41;20
-1.901;8.418;-4.989;20
-0.499;5.457;-3.776;20
0.871;1.744;-4.75;20
3.544;-1.76;-2.294;20
5.962;-2.3;-4.518;20
4.995;-1.285;-6.608;20
3.225;-0.016;-2.48;20
1.629;2.089;3.469;20
-0.48;3.432;3.892;20
0.164;1.149;1.996;20
0.557;-0.272;3.195;20
-2.078;-0.521;5.042;20
-3.065;-1.368;3.398;20
-0.156;-1.334;0.734;20
3.024;-0.532;-2.105;20
2.948;0.117;-2.99;20
2.56;0.233;-0.998;20
3.811;-0.098;3.913;20
5.627;-1.638;5.809;20
4.008;-2.121;-1.416;20
2.083;-1.456;-3.126;20
0.79;-2.1;0.0;20
-0.858;-3.097;3.677;20
-0.91;-2.179;5.237;20
0.937;-2.377;2.464;20
-0.669;-3.19;-0.426;20
-2.734;-1.818;-7.248;20
-3.603;-2.915;-5.594;20
-5.421;-3.773;-7.484;20
-4.956;-1.897;-9.497;20
-0.664;0.627;5.107;20
-1.07;4.21;11.103;20
-3.481;6.35;-0.635;20
-1.591;7.209;-7.35;20
-0.14;7.766;-1.69;20
2.192;5.578;-0.301;20
0.615;4.69;-1.715;20
-2.246;4.788;-2.477;20
-3.08;4.669;-1.553;20
-2.893;4.381;-0.934;20
-2.347;3.009;-0.599;20
-0.806;0.192;0.348;20
0.292;-5.002;3.291;20
2.586;-15.445;16.255;20
12.273;-18.995;28.641;20
6.387;-0.704;6.078;20
0.763;5.262;-2.027;20
-3.339;-0.595;2.288;20
-8.268;-4.455;-9.163;20
-6.495;-2.858;-7.73;20
-3.038;4.16;-7.099;20
-1.831;7.437;-6.764;20
-0.721;4.953;-0.204;20
-0.036;2.403;-4.879;20
0.952;-0.607;-4.26;20
3.732;-1.777;-4.086;20
3.926;-0.799;-6.829;20
3.247;-0.614;-4.344;20
2.07;0.219;1.992;20
0.039;2.848;6.747;20
-0.002;1.837;5.838;20
-0.576;1.019;3.628;20
-0.872;0.631;1.616;20
-0.681;-0.639;-0.612;19
-1.115;-0.088;-2.379;20
0.916;0.144;-2.277;20
2.664;0.011;-1.495;20
2.604;-0.179;-0.147;20
3.12;-0.732;2.312;20
4.436;-1.556;5.94;20
3.735;-2.456;2.573;20
2.364;-2.349;-2.411;20
0.387;-1.32;-1.825;20
-0.577;-2.053;1.894;20
-0.032;-3.725;5.976;20
0.468;-1.969;5.134;20
1.687;-1.175;0.908;20
-0.176;-2.096;-2.898;20
-1.935;-3.493;-7.065;20
-3.707;-5.213;-3.549;20
-6.225;-4.09;-9.213;20
-4.602;-0.814;-9.855;20
0.777;1.673;8.586;20
-1.094;5.334;9.204;20
-2.144;6.752;-2.184;20
-1.559;7.75;-6.42;20
-0.694;7.593;-1.57;20
1.431;5.394;-0.085;20
0.385;3.699;-2.185;20
-1.662;3.585;-1.684;20
-2.757;3.867;-0.666;20
-2.938;3.94;0.165;20
-2.166;2.914;0.429;20
-1.065;0.727;0.821;20
0.386;-3.548;2.632;20
1.787;-11.856;11.57;20
10.122;-18.507;25.858;20
7.892;-4.051;11.281;20
2.444;5.191;-2.365;20
-1.29;2.712;0.919;20
-6.409;-1.942;-5.955;20
-7.514;-4.065;-8.901;20
-3.307;-0.963;-4.771;20
-1.499;5.298;-7.303;20
-1.481;5.962;-4.333;20
-0.496;3.303;-2.876;20
0.18;0.521;-2.86;20
2.389;-1.403;-1.252;20
4.196;-0.888;-4.408;20
2.795;-0.402;-6.173;20
2.718;-0.733;-1.254;20
0.761;2.037;4.161;20
-0.226;3.062;4.374;20
-0.6;1.537;2.078;20
-1.282;0.812;0.482;20
-1.21;-1.221;0.697;20
-2.628;-0.972;2.307;20
-0.737;-0.206;-0.086;20
1.84;0.163;-2.74;20
2.588;0.205;-2.789;20
2.95;-0.194;-2.197;20
3.381;-0.179;-0.268;20
4.378;-0.629;6.568;20
5.574;-2.655;5.823;20
3.857;-2.547;-1.437;20
1.606;-1.999;-2.499;20
0.508;-3.614;0.268;20
-0.644;-4.534;5.088;20
-0.993;-2.097;4.603;20
-2.011;-0.572;2.131;20
-3.728;-1.539;-2.363;20
-2.98;-3.271;-6.302;20
-4.295;-5.3;-2.443;20
-5.058;-3.19;-12.307;20
-3.756;0.787;-4.827;20
1.154;3.422;10.257;20
-0.152;5.65;4.639;20
-1.415;6.896;-3.714;20
-0.84;7.666;-4.718;20
1.666;6.153;-0.426;20
1.241;4.507;-0.959;20
-0.415;3.362;-2.666;20
-2.23;3.405;-1.14;20
-3.255;4.031;-0.653;20
-2.958;4.009;-0.061;20
-2.058;2.862;0.78;20
-0.742;0.47;1.554;20
0.269;-4.576;4.529;20
3.569;-15.114;15.66;20
11.939;-16.461;24.177;20
7.671;-0.944;4.96;20
1.865;3.716;-1.313;20
-3.715;-0.119;-0.401;20
-8.373;-2.045;-8.717;20
-6.99;-3.027;-5.597;20
-2.591;0.41;-5.889;20
-2.888;5.677;-8.637;20
-3.08;5.588;-5.755;20
-2.44;2.744;-2.517;20
-0.247;0.253;-0.582;20
1.613;0.734;-4.46;20
2.774;0.126;-6.534;20
4.24;-1.772;-4.712;20
2.844;-0.226;1.913;20
1.695;2.379;4.891;20
2.151;1.14;3.63;20
1.179;1.481;2.331;20
1.511;0.992;3.191;20
0.543;-0.768;2.497;20
-0.243;-1.008;-0.072;20
1.214;-0.146;-2.617;20
2.729;-0.216;-3.379;20
3.303;-0.934;-1.06;20
3.372;-0.713;4.997;20
2.532;-0.974;6.149;20
1.151;-1.892;-0.598;20
0.385;-1.661;-3.354;20
-0.282;-1.23;-0.701;20
-0.153;-1.778;3.061;20
1.44;-4.04;2.72;20
1.945;-3.291;4.333;19
0.968;0.083;4.089;20
-1.862;-0.122;-1.366;20
-3.101;-2.32;-8.615;20
-2.706;-6.132;-4.69;20
-5.454;-6.254;-3.29;20
-5.003;-2.283;-11.041;20
-0.495;0.667;4.593;20
-0.819;4.839;8.012;20
-2.556;7.201;-2.182;20
-1.147;8.367;-2.906;20
-0.019;9.018;-3.182;20
1.549;6.081;-1.24;20
1.28;3.645;-2.071;20
-1.542;3.78;-2.226;20
-3.393;4.336;-1.35;20
-3.222;4.12;-0.297;20
-2.548;2.874;-0.092;20
-1.021;0.422;0.977;20
0.367;-5.143;5.128;20
3.907;-17.75;18.612;20
13.052;-17.232;25.704;20
7.804;1.369;5.647;20
2.522;5.182;-2.607;20
-3.997;-1.186;-1.35;20
-10.947;-5.27;-8.63;20
-9.128;-4.348;-6.525;20
-3.649;3.017;-9.21;20
-2.689;9.021;-6.663;20
-1.098;7.136;-3.539;20
-0.283;3.391;-1.656;20
0.958;-0.744;-0.137;20
4.71;-2.965;-3.236;20
5.339;-2.429;-5.939;20
2.209;0.889;-4.138;20
1.751;1.617;0.205;20
1.104;2.542;4.063;20
0.405;2.126;3.253;20
-0.62;0.376;0.854;20
0.116;-1.392;0.587;20
-1.529;-1.367;2.644;20
-2.667;0.591;4.395;20
0.847;0.542;-0.239;20
3.309;-0.289;-3.233;20
3.202;-0.377;-2.783;20
3.253;-0.13;0.09;20
4.928;-0.914;5.243;20
5.474;-2.604;4.22;20
2.956;-1.957;-0.567;20
1.106;-2.091;-1.497;20
0.599;-4.413;0.137;20
-0.025;-5.011;4.31;20
-1.657;-1.735;4.345;20
-3.272;0.149;3.604;20
-3.637;-1.044;-4.116;20
-2.512;-3.328;-7.106;20
-3.778;-5.324;-3.282;20
-4.164;-2.2;-11.226;20
-3.029;1.205;-2.424;20
0.754;3.659;6.997;20
-0.047;5.425;2.759;20
-1.135;6.638;-3.453;20
-0.359;7.362;-4.177;20
1.691;5.949;0.534;20
0.64;4.227;-1.113;20
-2.169;3.709;-3.085;20
-3.287;3.541;-1.332;20
-3.665;4.099;-0.278;20
-3.197;3.995;-0.181;20
-2.412;2.179;0.593;20
-0.737;-1.192;1.633;20
0.554;-9.345;7.476;20
8.072;-20.057;26.136;20
12.415;-8.914;19.422;20
5.161;4.69;-1.138;20
1.303;3.539;-0.375;20
-4.971;-2.564;-1.946;20
-9.322;-5.22;-9.506;20
-6.021;-1.376;-5.55;20
-2.482;6.404;-7.574;20
-2.557;8.245;-6.299;20
-2.455;3.837;-5.953;20
-1.627;-1.172;-3.036;20
1.316;-2.154;-2.907;20
3.774;-0.443;-3.668;20
4.345;-0.332;-4.655;20
3.339;0.917;-3.537;20
1.849;2.627;3.109;20
1.811;2.364;4.465;20
1.6;-0.001;4.544;20
-0.269;0.421;6.748;20
-0.391;-0.83;6.03;20
-1.095;-0.881;0.052;20
-0.486;-0.01;-4.331;20
2.091;0.525;-5.241;20
2.837;0.64;-3.889;20
2.859;-0.052;-1.577;20
2.797;-0.847;3.935;20
2.341;-2.465;8.102;20
1.574;-2.902;-0.413;20
0.539;-1.81;-3.593;20
-0.154;-0.822;0.847;20
0.518;-1.148;5.113;20
2.534;-3.45;4.254;20
2.558;-2.682;4.898;20
1.365;-1.245;2.779;20
-2.608;-1.532;-5.29;20
-3.503;-2.492;-9.722;20
-3.774;-5.804;-4.172;20
-4.642;-4.234;-6.077;20
-3.29;-1.029;-4.788;20
0.527;1.121;9.328;20
-1.241;4.534;3.4;20
-3.627;7.366;-5.696;19
-1.768;8.697;-5.157;20
1.103;8.101;0.314;20
2.952;4.757;-1.141;20
-0.259;4.107;-2.472;20
-2.727;4.289;-2.037;20
-3.61;4.449;-1.238;20
-3.695;4.077;-1.004;20
-3.634;2.658;0.609;20
-2.324;0.172;2.245;20
-0.621;-7.528;7.201;20
6.727;-21.188;23.5;20
13.736;-11.454;22.529;20
7.227;3.279;-0.527;20
1.597;-2.442;-3.417;20
-6.351;-6.645;-4.621;20
-10.664;-2.163;-6.617;20
-6.152;4.184;-7.941;20
-4.09;10.49;-7.897;20
-3.722;8.997;-1.597;20
-1.864;3.794;-2.459;20
-0.65;-1.823;-5.257;20
1.557;-3.114;-6.84;20
4.918;-2.382;-5.694;20
4.881;-0.734;-4.513;20
3.063;1.557;-0.435;20
2.429;2.842;4.758;20
3.846;1.773;4.769;20
2.814;0.88;7.938;20
0.748;-0.363;6.797;20
0.11;-1.226;-0.127;20
-0.984;0.039;-3.239;20
-0.187;1.44;-4.07;20
0.932;1.337;-2.734;20
1.734;0.283;-1.229;20
2.834;-1.43;2.775;20
4.442;-2.296;6.775;20
3.754;-2.345;0.236;20
1.925;-2.13;-2.452;20
-0.789;-1.298;1.123;20
-2.529;-1.506;4.398;20
-1.054;-3.529;3.667;20
0.456;-4.032;4.182;20
1.933;-2.643;2.496;20
0.209;-2.207;-2.989;20
-2.487;-1.164;-7.707;20
-2.995;-1.966;-6.501;20
-4.452;-3.839;-3.449;20
-3.028;-2.414;-6.877;20
-0.57;0.127;2.705;20
0.974;3.089;8.745;20
-2.63;5.51;-1.867;20
-2.274;6.112;-7.266;20
-1.131;7.139;-3.952;20
1.493;5.837;2.427;20
0.257;4.839;-1.187;20
-3.586;5.56;-2.754;20
-3.419;5.375;-1.435;20
-2.743;5.137;-0.755;20
-2.428;3.921;-0.334;20
-1.368;1.702;0.371;20
-0.44;-2.21;2.253;20
2.07;-13.02;11.647;20
12.946;-20.842;26.356;20
11.167;-4.085;12.154;20
3.116;5.567;-0.935;20
-1.247;0.38;2.628;20
-7.295;-5.239;-7.758;20
-8.137;-4.428;-8.422;20
-4.583;2.063;-7.0;20
-3.047;7.4;-6.602;20
-2.811;5.39;0.273;20
-2.375;2.796;-5.883;20
0.363;-1.098;-6.144;20
3.123;-0.77;-5.025;20
3.748;-0.01;-6.034;20
4.175;-0.554;-4.352;20
2.93;0.733;2.017;20
0.852;3.103;5.481;20
0.588;1.895;5.847;20
-0.024;0.535;7.265;20
-1.214;-0.434;3.858;20
-0.373;-1.259;-0.401;20
-0.133;-0.307;-3.506;20
-0.068;0.882;-3.86;20
1.484;0.885;-2.849;20
2.439;0.615;-1.818;20
2.911;-0.036;-0.729;20
3.875;-1.479;3.97;20
4.24;-3.263;7.367;20
2.436;-2.717;0.053;20
0.528;-1.197;-2.58;20
-0.47;-1.196;1.301;20
0.615;-3.348;3.316;20
1.67;-3.869;4.045;20
1.106;-0.893;3.852;20
-0.4;0.021;1.091;20
-2.687;-1.515;-5.731;20
-2.217;-3.914;-8.598;20
-4.292;-5.676;-3.116;20
-4.283;-3.071;-7.714;20
-2.764;0.05;-1.567;20
0.843;2.54;8.872;20
-1.737;5.886;0.961;20
-3.064;7.594;-5.68;20
-0.554;8.246;-3.199;20
1.641;6.648;0.707;20
1.154;4.273;-1.394;20
-1.367;3.615;-2.438;20
-3.125;3.34;-1.159;20
-4.033;3.396;-0.276;20
-3.91;3.143;-0.084;20
-2.894;2.128;0.706;20
-1.218;-0.13;1.83;20
0.513;-6.626;5.734;20
6.147;-18.056;21.714;20
14.587;-12.503;22.58;20
7.428;3.182;1.406;20
2.102;6.059;-2.008;19
-4.06;-0.914;-2.142;20
-8.386;-7.302;-10.422;20
-6.452;-4.976;-5.687;20
-2.465;4.407;-6.498;20
-2.538;8.218;-5.675;20
-2.993;4.719;-1.857;20
-2.668;0.338;-3.152;20
-0.312;-1.275;-6.196;20
1.449;-0.132;-6.74;20
2.499;-0.557;-5.71;20
2.665;-0.343;-3.404;20
1.637;2.133;3.873;20
1.288;3.487;6.004;20
2.041;0.421;4.097;20
1.669;-0.258;2.256;20
0.821;-0.922;6.4;20
-0.602;-1.006;3.466;20
0.223;0.714;-3.009;20
2.486;1.436;-5.224;20
3.496;0.855;-4.065;20
3.617;0.334;-1.121;20
3.128;-0.554;1.418;20
4.177;-2.961;4.255;20
3.566;-3.598;4.888;20
0.684;-2.154;1.405;20
-1.921;-1.406;0.124;20
-3.341;-1.451;1.508;20
-2.166;-2.703;4.419;20
-0.887;-2.661;6.461;20
0.915;-2.093;2.766;20
1.397;-3.445;-3.896;20
-0.376;-2.559;-9.741;20
-2.102;-1.18;-7.82;20
-3.782;-1.907;-7.892;20
-3.337;-1.539;-2.028;20
1.116;1.136;5.912;20
1.426;3.7;4.48;20
-1.833;5.63;-3.384;20
-2.482;6.311;-4.263;20
-1.645;6.428;-0.109;20
-0.368;5.307;-0.706;20
-2.032;4.916;-2.108;20
-3.448;5.089;-1.537;20
-3.45;5.198;-0.788;20
-2.974;4.689;-0.414;20
-2.029;2.851;0.484;20
-0.869;0.009;0.936;20
0.161;-6.465;5.15;20
6.656;-19.455;20.556;20
14.306;-14.467;22.08;20
6.388;2.857;2.779;20
1.148;6.562;-0.984;20
-2.566;0.576;-1.687;20
-7.091;-5.351;-10.397;20
-5.5;-3.863;-4.922;20
-2.587;2.639;-4.335;20
-2.124;5.531;-6.232;20
-3.561;3.635;-2.78;20
-3.304;0.88;-4.037;20
-0.712;-0.296;-5.112;20
0.54;1.281;-5.724;20
1.719;0.607;-5.54;20
3.153;-1.235;-4.464;20
2.073;0.289;1.921;20
0.337;2.551;5.252;20
1.366;0.584;4.487;20
2.079;0.686;7.21;20
0.942;0.018;6.847;20
-0.49;-0.654;1.315;20
0.377;-0.366;-3.836;20
3.299;0.131;-6.016;20
3.508;0.713;-3.998;20
3.175;0.34;-0.267;20
3.152;-0.049;5.414;20
3.426;-2.614;6.435;20
1.203;-3.299;-1.096;20
-0.516;-1.995;-1.995;20
-1.193;-1.411;1.931;20
-0.2;-2.969;3.806;20
0.886;-3.407;4.798;20
1.923;-1.439;3.54;20
1.553;-1.258;-1.246;20
-1.498;-1.863;-5.375;20
-2.756;-2.813;-7.903;20
-4.833;-4.121;-3.258;20
-4.541;-3.137;-7.998;20
-1.604;-0.691;-0.959;20
0.043;2.592;10.215;20
-2.773;5.213;0.449;20
-2.845;6.47;-4.773;20
-1.248;7.317;-5.428;20
0.635;7.019;0.452;20
1.745;4.648;0.15;20
-0.895;4.17;-2.574;20
-2.697;4.143;-1.629;20
-3.188;4.268;-0.183;20
-3.279;3.979;-0.497;20
-2.729;2.387;0.248;20
-1.132;-0.341;1.245;20
0.701;-6.98;5.286;20
7.312;-17.982;19.286;20
13.803;-11.6;23.543;20
7.337;3.2;2.977;20
1.588;4.052;-1.215;20
-4.412;-2.91;-3.838;20
-8.703;-5.75;-10.987;20
-6.102;-3.527;-4.824;20
-2.527;4.349;-5.644;20
-1.91;8.083;-5.206;20
-2.463;6.078;-1.545;20
-1.867;2.5;-3.287;19
-0.04;-1.376;-3.265;21
1.927;-1.258;-4.566;20
3.222;-1.453;-5.398;19
2.217;-0.042;-4.059;20
1.84;1.031;1.087;20
1.513;2.587;3.68;20
1.83;0.442;3.169;21
0.103;-0.103;1.173;19
0.0;-0.127;2.944;20
-2.355;-0.242;4.433;20
-2.335;0.404;0.814;20
0.728;0.357;-2.884;20
2.977;-0.149;-3.614;20
2.929;-0.438;-2.008;20
3.654;-0.625;4.034;20
4.686;-1.85;6.975;20
3.818;-2.661;0.702;20
2.744;-1.907;-3.188;20
0.961;-1.053;-0.077;20
0.265;-3.228;3.479;20
0.359;-5.128;3.823;20
-0.376;-1.791;3.3;20
-1.615;-0.021;2.366;20
-3.612;-1.495;-4.113;20
-3.061;-3.226;-7.403;20
-3.934;-5.687;-2.073;20
-4.554;-3.887;-6.809;20
-3.449;-0.672;-7.984;20
-0.127;2.253;9.431;20
-1.783;5.607;3.986;20
-2.167;7.15;-4.302;20
-0.489;8.481;-5.017;20
1.732;7.769;-0.66;20
2.197;4.879;-0.493;20
0.085;4.029;-2.25;20
-2.137;4.23;-1.01;20
-3.635;4.665;-0.441;20
-3.83;4.384;-0.77;20
-2.449;2.902;-0.035;20
-0.68;0.167;1.403;20
1.125;-7.257;6.664;20
6.946;-20.389;21.779;20
14.991;-14.608;21.513;20
6.134;3.162;2.502;20
0.042;5.896;-0.845;20
-4.864;-1.199;-2.677;20
-9.929;-5.007;-9.58;20
-7.912;-3.827;-5.535;20
-2.735;2.403;-5.721;20
-1.461;7.038;-7.296;20
-1.453;4.577;-0.2;20
-2.552;3.112;-1.344;20
-0.596;0.414;-4.599;20
2.436;0.082;-7.478;20
3.048;-0.344;-9.05;20
3.276;-0.82;-6.142;20
2.994;0.337;1.368;20
0.775;3.185;4.868;20
1.37;1.161;4.366;20
2.46;-0.241;1.832;20
0.886;-2.614;10.522;20
-1.42;-4.023;9.233;20
0.431;-0.191;-2.288;20
2.416;2.25;-6.761;20
2.806;2.034;-5.8;20
3.388;0.643;-2.726;20
3.625;-0.337;0.497;20
3.674;-1.37;2.72;20
3.358;-2.973;6.147;20
1.017;-2.689;2.639;20
-1.004;-1.745;0.258;20
-2.07;-1.266;1.457;20
-2.159;-2.366;3.239;20
-1.097;-2.24;4.044;20
1.312;-2.029;2.232;20
0.169;-2.598;-3.173;20
-0.478;-2.008;-10.509;20
-2.589;-3.342;-6.237;20
-3.468;-3.603;-8.981;20
-3.632;-1.337;-4.116;20
1.068;1.586;8.586;20
-0.092;4.282;6.964;20
-3.09;6.505;-4.662;20
-2.536;8.595;-5.326;20
0.043;8.326;0.531;20
1.432;5.588;-0.616;20
-1.373;4.363;-2.353;20
-3.694;4.079;-2.402;20
-4.012;3.794;-1.329;20
-3.971;3.027;-0.36;20
-3.487;1.551;0.115;20
-1.733;-1.833;1.6;20
0.682;-11.357;7.679;20
8.983;-20.173;28.466;20
13.108;-6.803;22.323;20
4.945;6.87;-1.884;20
2.383;6.64;-5.49;20
-2.151;-0.426;-6.232;20
-7.925;-7.483;-9.811;20
-6.701;-5.428;-4.527;20
-1.402;3.199;-5.128;20
-3.11;7.096;-5.577;20
-3.926;3.014;-2.322;20
-3.484;0.533;-3.25;20
-1.286;1.53;-6.055;20
1.483;0.663;-4.29;20
3.424;-0.616;-4.246;20
3.058;-0.339;-0.568;20
1.171;2.831;3.564;20
1.606;1.681;4.978;20
2.726;0.547;2.516;20
1.927;-0.537;8.773;20
-0.103;-2.376;8.206;20
0.031;-0.638;-3.126;20
1.729;1.682;-7.556;20
2.731;1.669;-5.699;20
3.415;0.607;-3.008;19
3.36;-0.285;0.367;20
3.964;-1.785;5.235;20
3.962;-3.725;3.791;20
1.1;-2.93;-0.996;20
-1.939;-1.426;0.016;20
-2.375;-2.094;3.24;20
-1.008;-3.932;4.104;20
0.664;-3.226;5.047;20
1.07;-0.06;2.145;20
-0.358;0.161;-1.505;20
-2.047;-0.674;-8.469;20
-2.116;-3.605;-5.328;20
-4.086;-5.004;-1.913;20
-4.326;-2.902;-5.52;20
-1.539;0.49;1.315;20
-1.023;3.854;7.19;20
-3.642;6.407;-3.393;20
-1.43;7.538;-7.633;20
0.952;8.108;0.576;20
3.06;5.618;1.915;20
0.447;4.457;-3.122;20
-2.278;4.026;-1.708;20
-3.532;3.893;-0.032;20
-3.739;3.941;-0.372;20
-2.781;3.146;0.486;20
-1.168;1.316;1.358;20
0.338;-3.974;3.999;20
3.864;-16.223;14.883;20
13.173;-17.805;23.806;20
8.591;-0.829;8.022;20
2.383;2.929;-0.651;20
-2.578;-2.52;-1.379;20
-8.682;-3.189;-9.483;20
-7.948;-1.675;-6.728;20
-3.766;4.086;-7.528;20
-2.022;7.939;-5.391;20
-2.255;5.893;-1.159;20
-1.95;2.654;-3.677;20
0.861;-0.849;-4.452;20
3.041;-0.891;-6.665;20
3.957;-1.707;-6.958;20
3.443;-1.146;-3.244;20
2.426;1.056;2.924;20
1.39;3.178;4.868;20
1.55;1.638;4.187;20
-0.048;0.689;2.893;20
-1.563;-0.614;5.79;20
-2.013;-2.308;2.943;20
-0.869;-0.723;-2.126;20
1.983;0.657;-3.231;20
2.757;0.8;-2.877;20
3.415;-0.122;-1.913;20
3.845;-0.491;2.152;20
5.146;-1.807;6.208;20
4.319;-2.969;0.221;20
2.346;-2.094;-2.232;20
-0.238;-1.462;1.452;20
-1.025;-3.194;3.797;20
-0.847;-3.758;5.681;20
0.697;-2.192;2.966;20
0.625;-2.566;-0.374;20
-2.548;-1.624;-6.466;20
-2.938;-2.302;-7.152;20
-4.826;-4.036;-3.233;20
-3.746;-2.561;-9.313;20
-2.975;0.693;-0.228;20
0.23;3.448;9.364;20
-3.571;5.906;3.148;20
-2.789;6.887;-6.883;20
-0.637;7.934;-6.572;20
1.873;6.8;2.389;20
2.304;4.317;-0.776;20
-1.642;4.006;-3.62;20
-3.759;4.446;-1.652;20
-3.598;4.317;-0.943;20
-3.159;3.296;-0.452;20
-1.817;1.212;0.416;20
-0.08;-3.309;2.726;20
2.098;-14.141;12.862;20
11.945;-21.161;29.832;20
9.201;-2.63;12.113;20
1.645;7.838;-2.744;20
-0.52;3.859;-0.378;20
-5.965;-4.153;-7.925;20
-8.206;-6.64;-8.422;20
-4.009;-0.416;-4.305;20
-1.377;6.242;-7.6;20
-2.138;5.635;-3.729;20
-3.103;3.15;-2.705;20
-1.055;0.339;-3.156;20
1.893;-0.089;-4.272;20
2.909;0.094;-5.867;20
3.396;-0.493;-6.207;20
3.093;-0.23;-0.77;20
1.229;2.832;4.81;20
1.598;1.766;5.325;20
1.091;0.598;3.395;20
0.21;-0.028;6.865;20
-0.8;-1.467;5.422;20
-0.871;-0.926;-1.749;20
0.884;0.56;-5.0;20
2.195;0.813;-4.577;20
2.596;0.417;-3.102;20
2.837;0.127;-1.037;20
3.51;-0.79;2.526;20
4.759;-3.352;6.773;20
3.02;-3.123;1.838;20
0.81;-1.413;-1.741;20
-0.275;-1.94;1.334;20
-0.825;-3.76;4.348;20
-0.383;-2.948;5.47;20
0.256;-0.633;3.824;20
-1.345;-0.883;-2.239;20
-2.269;-1.204;-9.213;20
-2.055;-4.341;-5.116;19
-4.003;-5.011;-3.473;20
-3.794;-2.004;-7.601;20
-1.625;1.252;4.056;20
-0.764;4.41;6.762;20
-3.674;7.158;-2.734;20
-2.295;8.214;-6.824;20
0.266;8.031;-1.942;20
2.456;5.201;1.065;20
1.507;2.859;-1.977;20
-1.995;2.901;-2.131;20
-4.199;3.381;-0.585;20
-4.26;3.711;-0.147;20
-3.487;3.299;0.427;20
-1.67;1.639;1.454;20
-0.106;-2.403;3.635;20
2.06;-13.242;12.585;20
13.028;-20.061;26.661;20
11.031;-3.092;8.761;20
2.88;4.272;-3.769;20
-0.796;-1.727;0.561;20
-7.437;-3.758;-4.246;20
-9.47;-2.084;-6.727;20
-5.474;2.269;-7.883;20
-3.168;7.891;-8.638;20
-2.473;6.048;-0.498;20
-1.812;2.858;0.719;20
-0.628;-0.022;-3.857;20
2.724;-1.788;-6.516;20
4.034;-0.117;-8.546;20
2.889;1.084;-6.68;20
3.326;0.149;-0.299;20
2.879;1.51;5.34;20
2.557;1.743;4.424;20
2.385;0.204;2.246;20
0.398;-0.342;1.836;20
-1.057;-0.801;2.293;20
-1.878;-0.954;3.029;20
-0.339;0.4;0.43;20
2.523;0.933;-2.367;20
2.865;0.559;-2.851;20
3.109;-0.364;-1.19;20
3.523;-0.625;3.365;20
4.291;-1.294;3.796;20
3.343;-2.257;-0.627;20
0.706;-1.932;-0.834;20
-1.602;-2.302;1.991;20
-1.711;-4.027;3.588;20
-0.718;-3.575;5.098;20
1.942;-2.092;3.875;20
1.42;-1.331;0.451;20
-2.153;-0.424;-6.336;20
-2.703;-1.42;-9.107;20
-3.849;-3.993;-3.514;20
-3.945;-3.395;-4.249;20
-2.374;-0.826;-2.345;20
-0.135;2.045;7.556;20
-2.575;4.928;4.034;20
-3.051;6.235;-5.602;20
-1.758;6.231;-5.971;20
-0.028;5.89;-0.521;20
1.369;4.755;0.444;20
0.27;4.097;-1.803;20
-2.254;4.623;-1.84;20
-3.32;5.273;-0.464;20
-3.077;4.84;-0.131;20
-1.749;3.032;0.505;20
-0.867;0.526;2.397;20
0.26;-5.851;7.42;20
7.29;-19.439;19.919;20
11.658;-13.677;18.934;20
3.552;2.721;1.708;20
0.437;6.293;-0.922;20
-3.713;0.371;-1.129;20
-7.198;-5.39;-8.336;20
-5.03;-4.288;-4.963;20
-2.235;1.625;-3.324;20
-1.479;5.418;-5.997;20
-1.117;3.669;-3.858;20
-1.359;1.83;-3.886;20
0.33;0.629;-4.659;20
2.067;0.963;-5.096;20
2.792;0.308;-6.206;20
3.55;-0.785;-4.531;20
3.354;-0.736;1.005;20
0.673;2.303;2.868;20
-0.092;2.051;2.732;20
-0.158;0.914;9.313;20
-1.591;-1.597;11.385;20
-1.283;-2.908;1.495;20
-0.364;-0.642;-5.466;20
1.147;1.663;-6.648;20
1.577;2.202;-5.136;20
2.808;0.988;-3.342;20
3.808;-0.526;-1.1;20
3.761;-1.845;4.013;20
4.148;-3.853;10.097;20
2.004;-2.782;1.49;20
0.368;-1.441;-2.615;20
0.836;-3.015;0.796;20
1.328;-4.292;3.297;20
1.921;-2.392;3.094;20
0.959;-0.452;1.765;20
-1.749;-1.178;-0.728;20
-3.305;-1.649;-7.16;20
-4.645;-3.987;-4.223;20
-5.315;-3.578;-7.77;20
-3.899;-0.669;-5.887;20
0.349;2.001;6.474;20
-1.522;5.065;6.668;20
-3.14;6.076;-4.023;20
-1.702;6.792;-5.921;20
0.302;6.536;-1.336;20
1.55;4.554;0.355;20
-0.105;3.631;-1.585;19
-2.744;4.248;-2.3;20
-3.709;4.91;-1.024;20
-3.116;4.365;-0.713;20
-2.218;2.922;-0.536;20
-0.565;0.31;0.317;20
0.838;-5.567;3.461;20
5.058;-16.803;21.488;20
13.462;-16.311;28.12;20
4.68;2.155;2.873;20
0.347;6.008;-0.127;20
-3.639;-1.562;-2.197;20
-7.369;-5.295;-11.891;20
-4.862;-2.48;-6.881;20
-4.458;-0.029;-9.151;20
-1.718;3.931;-3.163;20
-0.128;4.881;-5.399;20
1.286;2.649;-8.015;20
2.317;0.858;-2.122;20
2.745;0.498;-0.213;20
3.546;-1.245;-3.063;20
1.844;-0.366;-1.931;20
0.021;1.931;2.746;20
-0.592;2.937;4.508;20
-0.447;1.658;5.239;20
-2.036;0.806;7.25;20
-0.615;0.995;2.927;20
2.055;0.561;-3.063;20
2.774;-0.048;-5.035;20
2.639;-0.651;-3.191;20
1.676;-0.627;-0.513;20
0.761;-0.146;1.083;20
0.659;-0.349;0.35;20
0.019;-0.323;1.487;20
-0.256;-1.302;3.831;20
0.409;-2.081;1.516;20
0.756;-1.056;0.383;20
2.725;-2.791;2.18;20
3.334;-2.984;3.398;20
3.348;-2.33;1.568;20
1.54;-2.951;-1.035;20
-4.77;-1.563;-3.092;20
-6.389;-3.11;-5.128;20
-4.279;-1.266;-2.664;20
0.371;-2.956;-2.633;20
-0.765;5.022;-6.496;20
2.398;2.866;-3.548;20
3.633;1.361;1.754;20
-0.431;1.889;2.292;20
-2.55;1.674;0.526;20
-4.21;4.566;-3.094;20
-2.959;7.283;-3.438;20
-0.017;3.401;-2.027;20
-1.208;1.791;-1.867;20
-1.561;0.124;-2.043;20
-1.211;-3.32;-1.871;20
-0.855;-6.7;1.101;20
-2.966;-5.94;6.353;20
-4.19;-4.119;9.124;20
-2.846;-4.681;8.116;20
-2.587;-3.741;6.751;20
-2.404;-3.727;1.841;20
-1.534;-3.611;-2.522;20
1.596;-2.883;-4.728;20
4.47;-1.515;-6.126;20
5.881;-1.4;-2.155;20
4.228;0.438;2.917;20
1.224;1.772;2.979;20
-1.391;3.692;2.907;20
-2.697;4.237;2.039;20
-2.472;2.843;-1.411;20
1.758;0.222;4.343;20
4.726;0.092;1.695;20
5.601;1.467;-4.614;20
5.976;2.467;-5.032;20
5.588;2.462;-2.701;20
4.639;2.235;-0.671;20
3.329;1.492;0.563;20
1.606;-0.381;0.733;20
-0.248;-2.124;-1.042;20
-1.435;-2.379;-3.486;20
-2.05;-1.592;-3.862;20
-2.255;-0.139;-3.538;20
-2.189;0.812;-2.589;20
-1.89;1.518;-2.041;20
-1.686;2.847;-1.55;20
-1.843;3.461;0.027;20
-2.161;3.624;0.815;20
-2.346;3.589;1.887;20
-2.128;2.967;2.843;20
-1.474;2.703;2.968;20
-0.904;2.769;2.096;20
-2.081;4.24;7.429;20
-1.864;6.267;14.661;20
2.433;1.568;7.913;20
3.625;0.713;2.13;20
4.153;1.465;2.808;20
2.384;2.338;7.902;20
-0.859;3.34;11.412;20
-2.998;4.515;3.374;20
-0.199;3.192;1.965;20
0.287;3.291;2.653;20
-0.269;3.451;2.418;20
-1.69;3.514;3.208;20
-1.58;3.499;3.459;20
-0.682;4.52;3.546;20
1.545;2.953;1.122;20
1.279;2.714;0.665;20
-0.019;3.014;4.134;20
-1.683;2.958;3.996;20
-2.045;2.953;2.04;20
-0.837;3.828;-1.058;74
-0.545;3.798;-0.904;20
-0.45;3.865;-0.437;20
-0.283;3.78;-0.204;20
-0.019;3.621;-0.544;20
-0.016;3.413;-0.908;20
-0.149;3.253;-0.843;20
0.192;2.904;-0.334;20
0.36;2.614;0.269;20
0.253;2.284;0.592;20
0.455;1.986;0.586;20
0.706;1.753;0.348;20
0.718;1.423;0.377;20
0.338;1.572;0.361;20
0.433;1.171;0.184;20
0.359;1.05;0.343;20
0.52;0.935;0.483;20
0.735;0.789;0.377;20
1.028;0.907;1.61;20
0.17;1.308;1.149;20
0.189;1.358;-0.401;20
0.59;1.326;-0.919;20
0.926;1.185;-0.681;20
0.855;1.12;-0.525;20
0.697;1.035;-0.183;20
0.484;0.978;0.424;20
0.482;0.856;0.414;20
0.548;0.885;-0.121;20
0.533;0.799;-0.455;20
0.509;0.684;-0.293;20
0.34;0.597;-0.411;20
0.172;0.675;-1.25;20
0.567;0.506;-1.082;19
0.29;0.333;-0.52;20
0.109;0.141;0.132;20
0.253;0.127;1.137;20
0.412;0.145;1.978;20
0.227;0.318;0.969;20
-0.139;0.457;-1.195;20
0.165;0.35;-1.274;20
0.373;0.39;-1.445;20
0.147;0.466;-1.149;20
0.095;0.506;-0.632;20
-0.007;0.546;0.035;20
-0.153;0.53;0.105;20
-0.196;0.491;0.117;20
-0.077;0.395;0.327;20
-0.218;0.278;0.312;20
-0.454;0.285;0.143;20
-0.45;0.21;-0.013;20
-0.222;0.216;-0.337;20
-0.38;0.277;-0.411;20
-0.598;0.262;-0.177;20
-0.601;0.206;-0.029;20
-0.439;0.142;-0.062;20
-0.352;0.064;-0.366;20
-0.412;0.088;-0.493;20
-0.024;-0.1;0.018;20
-0.068;-0.045;0.633;20
-0.212;-0.095;0.825;20
-0.093;-0.034;0.726;20
-0.086;-0.056;0.676;20
-0.175;-0.044;0.432;20
0.046;-0.046;0.235;20
-0.026;-0.011;0.018;20
-0.135;-0.009;0.029;20
0.029;-0.046;0.07;20
0.052;-0.027;0.055;20
0.073;-0.058;0.16;20
0.175;-0.014;0.07;20
0.188;0.032;-0.245;20
0.165;0.019;-0.305;20
0.159;0.015;-0.112;20
0.227;0.0;-0.101;20
0.312;-0.011;-0.177;20
0.02;0.145;-1.476;19
0.386;-0.162;0.102;20
0.255;-0.103;1.23;20

# Completed @Wed Jan 06 22:13:35 GMT+02:00 2021
