# Accelerometer Data File
# Started @Wed Jan 06 20:55:16 GMT+02:00 2021
#
#
# sensor Vendor: BOSCH
# sensor Name: BMI160 Accelerometer Non-wakeup
# sensor Resolution: 0.0023928226m/sec^2; Max Range: 78.4532; Min Delay: 2500 microseconds
# The sensor's attributes are the result hardware and the Android capabilities.
# It means that the Android may not utilize all features provided by the hardware.
#
# Some devices and Android versions save battery too much so the device may go to sleep.
# It just happens after couple of minutes from turning off the scree and it is easy to find it out.
#
# The following file provides the data from accelerometer in the m/s^2 format.
# The diff value is just a time delta between the samples
#
#
# data format:
# so we have 4 columns with values separated by the ";"
# X;Y;Z;time_from_previous_sample(ms)

# sensor speed set to:NORMAL
# units set to: m/sec^2
# gravity  filtered out
# Accuracy: HIGH
-0.57;6.7;7.031;0
-0.39;6.122;5.921;19
-0.598;5.685;4.502;20
0.577;4.498;3.878;20
1.495;3.29;3.736;20
1.494;2.94;3.055;20
1.588;2.029;2.56;20
1.777;1.166;2.48;20
1.61;1.276;2.517;20
1.208;1.422;2.0;20
0.921;1.68;2.09;20
0.501;1.982;2.584;20
0.074;2.17;2.845;20
0.158;2.034;2.675;20
0.319;1.792;2.254;20
0.038;1.236;2.01;20
-0.268;1.068;1.583;20
-0.133;0.944;1.123;20
-0.324;0.983;0.587;20
-0.166;0.813;0.146;20
-0.249;0.833;0.18;20
0.231;0.676;0.704;20
0.388;0.285;1.59;20
0.742;-0.129;1.295;20
0.701;-0.026;1.462;20
0.254;0.135;1.399;20
0.253;0.016;0.879;19
0.517;0.066;0.68;20
-0.387;0.141;1.326;20
-0.324;0.878;1.464;20
-0.642;0.62;0.741;20
0.061;0.151;-1.338;20
0.605;0.083;-2.919;20
-0.121;0.245;-1.682;20
-0.865;0.753;1.398;20
-0.144;0.233;0.888;20
0.323;-0.187;0.617;20
0.77;-0.403;0.372;20
0.187;-0.152;0.464;20
-0.294;0.268;0.373;20
-0.282;0.323;0.276;20
-0.031;0.131;0.263;20
-0.332;0.3;-0.208;20
-0.045;0.167;-0.681;20
0.144;0.057;-0.297;20
0.023;-0.056;-0.369;20
-0.393;-0.056;-0.818;20
-0.072;-0.183;0.172;20
-0.745;-0.131;1.059;20
-1.367;0.37;0.874;20
-1.061;0.459;0.055;20
-0.732;0.416;-0.297;19
-0.547;0.168;-0.252;20
-0.502;0.139;0.229;20
-0.241;0.257;0.068;20
-0.383;0.317;-0.202;20
-0.399;0.322;0.21;20
-0.156;0.078;0.589;20
-0.088;-0.091;1.134;20
0.077;-0.375;1.139;20
0.162;-0.288;-0.482;20
1.618;0.193;-2.027;20
0.914;0.597;-1.716;20
1.546;-2.036;-0.215;20
-0.143;-1.585;-1.824;20
-0.996;-1.603;-1.337;20
-1.993;-1.207;-1.101;20
-2.276;-0.323;0.012;20
-1.769;0.272;-0.459;20
-1.13;0.489;0.637;20
-0.985;1.072;1.438;20
-0.566;0.89;0.767;20
0.961;-0.31;0.61;20
1.692;-1.131;0.88;20
1.413;-1.112;0.892;20
0.357;-0.249;1.483;20
0.638;-0.383;1.307;20
-0.666;-0.304;0.715;20
0.321;-0.507;-0.043;20
-7.364;5.041;1.062;95
-5.094;4.888;0.859;20
2.395;0.461;-2.994;20
1.83;0.018;-0.677;20
1.625;0.24;1.283;20
1.407;0.382;-0.584;20
1.046;0.922;-1.733;20
-0.569;0.558;-1.588;20
-3.916;0.972;-1.035;20
-2.216;2.203;-0.644;20
0.105;1.888;-1.643;20
0.37;1.358;-1.362;20
0.993;1.033;-0.404;20
0.73;0.688;-1.297;20
0.0;0.58;-2.606;20
0.273;0.056;-2.854;20
0.698;-0.084;-2.952;20
1.943;0.031;-1.107;20
1.447;0.164;-0.131;20
0.509;-1.068;0.454;20
-0.112;-2.345;-1.061;20
-0.459;-1.474;-4.357;20
-0.706;2.186;-6.088;20
-1.225;2.078;-2.139;85
-1.037;2.022;-2.138;20
-1.15;2.115;-1.618;20
-1.772;1.461;-0.776;20
-1.994;0.862;-0.907;20
-1.77;1.335;-0.409;20
-1.426;1.044;-0.612;20
-0.693;-0.773;-0.091;20
0.046;-2.254;1.357;20
1.322;-2.434;1.419;20
2.436;-1.006;0.094;20
2.239;1.281;1.22;20
2.115;2.017;2.254;20
3.149;1.462;0.21;20
3.281;2.306;-0.81;20
2.523;2.979;-0.773;20
1.564;2.893;-1.417;20
0.528;2.512;-1.36;20
0.071;2.462;-1.602;20
-0.575;2.718;-2.331;20
-1.216;2.923;-1.974;20
-1.782;2.516;-1.497;20
-2.253;1.948;-1.225;20
-3.969;1.253;-2.369;20
-3.396;-1.636;-1.085;20
-4.203;-2.779;-3.293;20
-3.322;-0.049;1.564;20
-0.712;-0.375;-0.107;20
0.39;-1.177;-0.241;20
0.279;-2.893;0.094;20
-1.057;-2.128;-3.314;20
-0.805;-0.861;-4.768;20
0.405;-1.387;-1.03;20
1.085;-1.393;0.564;20
1.696;-1.056;1.558;20
10.193;2.382;2.964;20
-0.871;-6.72;3.777;20
-1.409;0.075;-2.25;20
-2.008;2.282;-1.349;20
-1.185;1.99;0.579;20
-0.688;0.103;0.148;20
-0.693;-0.177;-0.377;20
2.088;-0.528;0.425;20
-0.149;-1.773;-0.001;20
-0.248;-1.651;1.018;20
-0.395;-0.803;0.445;20
-0.507;-0.582;0.77;20
-0.867;-0.43;0.638;19
0.011;-0.111;-0.934;20
0.267;-0.243;-1.048;20
0.368;-0.326;-0.122;20
-0.251;-0.201;0.233;20
-0.297;0.452;0.776;20
-0.375;0.722;0.74;20
-0.05;0.648;0.267;20
-0.15;0.233;-0.057;20
-0.429;0.008;-0.065;20
0.083;-0.227;0.079;20
-0.298;0.503;-0.813;20
-0.922;0.19;-0.382;20
-2.326;0.49;-1.125;20
-0.432;2.045;-0.533;20
-0.129;1.177;-0.064;20
6.673;1.262;-1.242;20
4.199;-4.529;1.828;20
1.468;-1.727;0.917;20
0.402;-0.202;-1.371;20
-2.031;1.0;0.313;20
-2.748;1.28;0.951;20
-1.309;0.275;0.061;20
-0.369;-0.36;-0.582;20
-1.159;0.745;-0.073;20
-1.712;1.135;0.861;20
-1.847;1.22;0.893;20
-1.98;1.024;-0.004;20
-1.909;0.347;-0.537;20
-1.164;-1.689;0.257;20
0.211;-1.111;-0.401;20
0.912;-3.195;-2.539;20
-0.468;-1.697;2.175;20
-0.089;-1.563;1.217;20
1.403;0.147;1.281;20
-0.163;-1.183;-0.174;20
-0.465;-0.973;-2.23;20
-0.386;-1.388;-2.383;20
0.893;-1.354;-1.71;20
-0.479;-1.079;-1.533;20
-1.22;-1.3;-0.446;20
-2.393;-2.877;-2.502;20
-2.622;-0.525;-3.009;20
-2.758;0.513;1.276;20
-3.932;0.956;-1.181;20
-5.865;2.166;0.653;20
-3.666;5.963;1.039;20
-0.218;6.5;-7.183;20
-1.34;1.891;2.077;20
-0.159;0.513;-5.694;20
0.876;-1.469;1.814;20
1.315;0.612;-0.859;20
-0.208;-1.64;-4.006;20
1.003;-1.043;3.702;20
1.787;1.957;0.472;95
1.279;1.804;1.143;20
-0.916;1.768;1.127;20
-2.89;2.165;0.812;20
-1.344;1.757;0.946;20
0.418;1.484;1.255;20
2.206;-0.824;-1.118;20
3.508;-2.156;-1.856;20
4.746;-3.624;0.804;20
4.316;-4.551;-2.934;20
-0.793;-2.328;-3.758;20
-1.921;-0.299;-0.195;20
-3.721;0.331;-3.222;20
-4.8;0.449;-3.327;20
-3.138;-0.097;-2.569;20
-0.843;-1.019;-1.978;20
0.674;-1.335;-2.343;20
0.962;-1.721;-2.016;20
0.776;-2.032;-1.786;20
0.903;-1.977;-1.187;20
1.0;-2.25;-1.133;20
1.288;-2.066;-0.927;20
1.045;-1.339;-0.351;20
0.518;-0.434;-0.374;20
-0.009;0.439;-0.466;20
-0.272;1.15;-0.368;20
-0.143;1.528;-0.277;20
0.179;1.483;-0.198;20
0.284;0.701;-0.264;20
0.234;-0.336;-0.968;20
-0.27;-0.706;-1.617;20
-0.575;-0.249;-1.751;20
-1.289;1.422;-0.8;20
-1.882;1.993;0.135;20
-0.006;1.292;0.674;20
0.901;1.141;-0.175;20
0.184;1.505;-0.373;20
-0.782;2.687;-0.099;20
-1.262;2.617;0.557;20
0.215;0.072;1.381;20
2.194;-2.036;1.736;20
2.574;-2.458;2.39;20
1.9;-1.721;2.859;20
0.71;-0.037;1.939;20
0.365;0.77;3.01;20
0.063;0.395;2.757;20
0.415;-0.15;1.664;20
0.677;-0.217;1.174;20
0.459;-0.258;0.77;20
-0.304;0.071;0.262;20
-0.453;-0.058;0.406;20
-0.88;-0.774;-0.026;20
-0.996;-0.643;-0.765;20
0.144;-0.63;1.257;20
0.373;-0.406;1.218;20
0.161;0.067;0.335;20
0.015;0.276;0.209;20
-0.416;0.214;-0.462;20
-0.081;-0.335;0.997;20
0.21;-0.303;0.496;20
-0.472;-0.269;0.468;20
-0.177;0.057;0.221;20
0.405;0.247;0.039;20
0.589;0.156;-0.117;20
0.431;0.112;0.284;20
0.051;0.241;0.555;20
-0.283;0.219;0.636;20
-0.533;0.339;0.177;20
-0.024;0.756;0.162;20
-0.313;1.845;-0.272;20
-0.532;1.813;0.315;20
-0.744;1.41;-0.011;20
-0.973;1.467;0.377;20
-0.777;1.422;1.372;20
-0.38;1.445;2.479;20
0.858;1.773;3.281;20
1.514;1.609;3.356;20
1.845;0.546;1.981;20
2.165;-0.329;1.013;20
2.371;-1.154;0.498;20
1.664;-1.329;0.649;20
0.803;-0.97;0.823;20
1.335;-1.703;-3.473;20
0.492;-0.058;-0.838;20
-0.539;1.829;0.493;20
-0.257;1.719;0.124;20
0.128;0.948;-1.334;20
0.626;-0.627;-3.067;20
0.633;-1.83;-3.179;20
0.0;-2.046;-2.339;20
-1.252;-2.296;-1.42;20
-1.45;-2.616;-1.547;20
-1.546;-2.999;-1.496;20
-0.829;-3.596;-1.991;20
-0.573;-2.993;-2.337;20
-0.658;-2.243;-2.315;20
-0.569;-1.421;-2.26;20
-0.464;-0.341;-2.127;20
-0.819;0.567;-1.636;20
-1.323;0.879;-1.091;20
-0.719;0.703;-0.324;20
-0.231;0.93;-0.421;20
-0.574;1.29;-1.562;20
-0.784;0.926;-2.637;20
-0.876;2.448;-1.612;20
-1.306;3.412;-0.082;20
-0.147;3.806;-0.66;20
0.999;2.723;-0.206;20
1.654;1.646;0.006;20
1.602;1.184;0.261;20
1.192;0.294;1.057;20
0.562;-1.731;1.828;20
0.318;-2.129;1.643;20
-0.452;-1.979;1.865;20
-1.052;-2.083;1.982;20
-0.554;-1.685;1.896;20
0.686;-0.768;1.61;19
1.294;0.097;1.326;20
1.495;0.275;1.163;20
1.539;0.155;0.768;20
1.234;0.148;0.538;20
0.757;0.068;0.597;20
0.168;-0.091;0.634;20
-0.384;-0.399;0.881;20
-0.753;-0.479;1.047;20
-0.915;-0.386;0.738;20
-0.791;-0.436;0.23;20
-0.637;-0.539;-0.143;20
-0.476;-0.504;-0.398;20
-0.258;-0.404;-0.432;20
-0.105;-0.349;-0.201;20
-0.14;-0.206;-0.041;20
-0.182;-0.006;0.079;20
-0.11;0.172;-0.124;20
-0.224;0.489;-0.11;20
-0.425;0.994;0.211;20
-0.626;1.367;0.19;20
-0.706;1.541;0.119;20
-0.566;1.984;0.273;20
-0.447;2.538;0.949;20
-0.847;2.84;1.259;20
-0.566;3.03;1.517;20
0.245;2.16;2.281;20
1.08;0.564;2.605;20
2.455;-0.231;1.95;20
3.747;-0.636;1.091;20
3.609;-0.571;0.878;20
2.677;-0.082;0.372;20
1.198;0.514;-0.126;20
-0.32;1.424;-0.753;20
-1.28;1.195;-0.775;20
-1.693;-0.036;-1.458;20
-1.002;-2.089;-2.138;20
0.07;-3.363;-2.183;20
0.606;-3.557;-1.643;20
0.433;-3.381;-1.613;20
0.454;-2.95;-1.766;20
0.78;-2.004;-1.883;20
-0.175;-1.314;-1.349;20
0.154;-1.294;-0.936;20
0.348;-1.43;-0.709;20
0.117;-1.444;-1.22;20
-0.584;-1.186;-1.786;20
-0.887;-0.187;-2.226;20
-2.439;-0.005;-0.934;20
-2.43;0.122;-0.325;20
-1.146;1.231;-0.543;20
-0.533;1.701;0.425;20
-0.404;1.955;-1.443;20
-0.403;2.221;-3.047;20
-0.819;3.747;-1.873;20
-2.091;2.335;0.016;20
-1.451;0.664;0.127;20
0.89;1.462;0.304;20
2.09;3.409;0.581;20
1.963;5.015;0.823;20
0.311;-0.515;2.058;20
0.912;-4.036;2.376;20
0.86;-3.292;1.647;20
-0.491;-2.743;1.65;20
-1.582;-2.285;1.772;20
-0.596;-0.948;1.912;20
1.416;-0.084;1.591;20
1.789;0.096;0.753;20
1.056;0.117;0.529;20
0.41;0.103;0.896;20
-0.342;0.086;0.692;20
-0.76;-0.265;0.752;20
-0.816;-0.624;0.668;20
-0.676;-0.764;0.177;20
-0.384;-0.856;-0.314;20
0.526;-1.029;0.426;20
0.155;-0.646;0.053;20
-0.196;-0.243;-0.277;20
0.135;-0.141;0.252;20
-0.022;-0.114;0.421;20
-0.371;-0.135;0.541;20
-0.403;0.24;0.374;20
0.264;0.604;0.686;20
0.024;0.977;0.393;20
-0.428;1.024;0.311;20
-1.155;1.107;0.331;20
-1.227;1.253;0.072;20
-0.71;2.054;-0.152;20
-0.503;2.347;0.58;20
-0.789;2.313;0.677;20
-0.63;2.541;1.564;20
0.309;1.954;2.945;20
1.568;0.825;3.375;20
3.304;0.21;2.041;20
4.433;-0.239;1.479;20
3.229;-0.142;0.417;20
2.028;0.508;0.761;20
1.28;0.767;0.368;20
-0.512;0.583;0.036;20
-1.92;-0.145;-1.299;20
-2.385;-0.797;-2.67;20
-1.466;-1.476;-2.051;20
-0.401;-2.318;-1.609;20
0.522;-2.649;-2.474;20
0.895;-2.791;-2.218;20
0.676;-3.036;-1.759;20
0.572;-2.681;-1.926;20
0.027;-2.184;-1.287;20
0.05;-1.931;-0.925;20
0.265;-1.861;-1.033;20
-0.034;-1.838;-1.014;20
-0.412;-1.329;-1.553;20
-1.259;-0.567;-1.822;20
-1.931;0.347;-1.633;20
-2.098;1.431;-1.274;20
-1.744;2.332;-0.493;20
-1.06;2.478;-0.922;20
-0.872;2.191;-2.514;20
-0.1;1.72;-3.353;20
-0.646;3.495;-1.382;20
-1.625;3.281;-0.028;20
0.533;1.616;0.645;20
2.131;1.107;0.6;20
2.485;2.672;0.846;20
1.504;4.599;0.914;20
-0.511;-0.529;2.052;20
0.333;-4.558;2.851;20
1.082;-4.039;2.482;20
-0.131;-3.142;1.708;20
-1.146;-1.866;1.356;20
-0.396;-0.323;1.645;20
1.406;0.991;1.446;20
1.857;0.909;0.482;20
0.933;-0.203;0.293;20
0.109;-1.114;0.471;20
-0.696;-1.224;0.118;20
-1.306;-1.044;-0.044;20
-1.345;-1.077;-0.037;20
-0.905;-1.045;-0.314;20
-0.182;-0.908;0.208;20
0.361;-0.701;0.086;20
0.15;-0.523;0.189;20
0.43;-0.438;0.643;20
-0.284;0.064;0.332;20
-0.211;0.469;0.948;19
-0.164;0.498;0.105;20
-0.658;0.359;-0.806;20
-0.614;0.343;0.302;20
-1.227;0.587;0.072;20
-1.766;1.177;-0.232;20
-1.255;1.661;0.223;20
-0.155;2.775;0.52;20
0.23;2.965;1.622;20
0.123;2.798;2.104;20
0.572;2.48;2.691;20
1.599;0.845;3.509;20
2.739;-0.23;3.712;20
3.541;-0.157;2.526;20
4.028;0.185;0.305;20
2.816;1.081;-0.395;20
1.909;1.581;-0.03;20
0.55;1.67;-0.381;20
-1.209;1.014;-0.405;20
-2.352;-0.108;-1.803;20
-2.216;-1.551;-2.394;20
-1.5;-2.547;-2.043;20
-0.837;-2.879;-2.334;20
0.198;-3.168;-2.387;20
0.828;-3.263;-1.187;20
0.475;-3.778;-1.193;20
0.958;-3.566;-1.389;20
0.804;-3.38;-1.485;20
1.116;-3.117;-1.433;20
0.827;-2.657;-1.327;20
-0.237;-1.82;-1.312;20
-1.822;-0.299;-1.768;20
-3.295;1.518;-2.125;20
-3.699;3.289;-1.977;20
-3.036;4.232;-1.301;20
-1.934;3.175;-0.572;20
-1.131;1.76;-1.394;20
-0.765;1.325;-3.15;20
-0.34;2.549;-2.953;20
-1.493;3.518;-1.325;20
-1.15;2.073;1.26;20
1.111;0.861;1.457;20
3.301;0.143;0.999;20
2.567;0.099;1.485;20
1.202;0.134;2.035;20
0.08;-0.486;1.538;20
0.003;-1.783;1.619;20
-0.141;-2.335;2.113;20
-0.377;-2.089;2.249;20
0.384;-1.313;1.981;20
1.432;-0.744;1.267;20
1.895;-0.085;0.694;20
1.694;-0.133;0.241;20
0.902;-0.781;0.439;20
-0.05;-1.19;0.339;20
-0.836;-1.19;0.305;20
-1.356;-1.135;0.16;20
-1.145;-0.737;0.739;20
-0.866;-0.032;0.551;20
-0.875;0.287;0.31;20
-0.69;-0.016;0.1;20
-0.425;-0.263;-0.616;20
-0.214;-0.236;-0.274;20
-0.195;0.168;0.015;20
-0.018;0.397;-0.097;20
0.446;0.603;0.101;20
0.303;0.961;0.58;20
-0.887;1.447;-0.21;20
-1.548;1.714;-0.18;20
-1.156;2.26;-0.287;20
-1.019;2.963;0.56;20
-1.07;2.68;1.19;20
-0.443;2.048;2.097;20
1.269;0.808;2.801;20
2.785;-0.18;3.191;20
3.166;-0.569;2.639;20
3.776;-0.236;1.052;20
3.146;1.106;1.121;20
2.049;1.922;1.046;20
0.999;2.226;-0.086;20
-0.294;1.993;-0.824;20
-1.194;0.676;-1.515;20
-1.523;-1.404;-1.73;20
-1.101;-3.277;-1.639;20
-0.832;-4.064;-1.831;20
0.404;-4.283;-2.253;20
1.614;-3.557;-2.11;20
1.375;-2.757;-1.746;20
0.416;-2.533;-2.356;20
-0.332;-2.597;-1.907;20
-0.771;-2.414;-1.733;20
-0.976;-2.542;-1.349;20
-0.878;-2.262;-1.136;20
-1.174;-1.214;-1.607;20
-2.096;0.297;-2.164;20
-2.466;1.651;-2.232;20
-2.125;2.569;-1.325;20
-1.572;2.945;-0.604;20
-1.035;2.655;-1.507;20
-0.584;1.654;-3.638;20
-0.12;2.127;-2.841;20
-1.891;4.562;-0.651;20
-1.021;3.549;1.535;20
1.523;1.978;1.179;20
3.716;0.86;2.029;20
3.155;1.207;2.171;20
1.08;-0.232;1.906;20
0.006;-2.707;1.871;20
-0.14;-3.476;2.253;20
-1.133;-2.238;1.668;20
-1.528;-0.798;0.936;20
-0.597;0.367;1.146;20
0.844;0.816;1.29;20
1.954;0.398;0.715;20
1.95;-0.454;0.572;20
1.343;-1.31;0.961;20
0.262;-1.739;0.826;20
-0.856;-1.011;0.534;20
-1.018;-0.183;0.615;20
-0.653;-0.217;0.773;20
-0.165;-0.745;0.105;20
-0.065;-1.03;-0.426;20
-0.235;-1.05;-0.444;20
-0.375;-0.934;-0.182;20
-0.665;-0.597;-0.045;20
-1.041;-0.201;0.09;20
-0.939;0.258;-0.129;20
-0.36;0.506;-0.66;20
-0.229;0.71;-0.507;20
-0.629;0.96;0.357;20
-1.471;1.534;0.041;20
-1.427;1.944;0.039;20
-0.606;2.79;0.3;20
-0.14;2.632;1.077;20
-0.503;2.071;1.312;20
-0.138;1.687;2.483;20
1.3;1.046;3.58;20
2.472;0.59;3.862;20
4.101;1.174;3.9;20
5.169;1.401;2.374;20
3.82;1.733;1.037;19
2.339;1.353;0.679;20
0.596;0.709;-0.507;20
-0.927;0.019;-1.515;20
-1.947;-0.696;-2.141;20
-2.237;-1.902;-2.509;20
-1.263;-2.783;-2.349;20
-0.408;-3.016;-2.302;20
0.475;-2.708;-2.524;20
0.531;-2.663;-1.75;20
0.307;-2.981;-1.935;20
0.063;-3.129;-2.067;20
-0.393;-3.314;-1.33;20
-0.33;-3.233;-1.13;20
-0.12;-2.726;-1.366;20
-0.41;-1.99;-1.439;20
-1.158;-0.476;-1.754;20
-2.133;1.315;-2.068;20
-2.497;2.57;-1.896;20
-2.092;2.938;-0.747;20
-1.506;2.489;-0.392;20
-1.321;1.964;-2.051;20
-1.529;1.14;-3.562;20
-1.029;0.741;-3.171;20
-1.767;3.862;-0.903;20
-2.153;4.92;1.631;20
0.931;3.34;1.966;20
4.294;-0.516;0.959;20
5.078;-1.232;1.876;20
3.178;-1.092;1.904;20
1.047;-1.138;1.798;20
-0.221;-1.752;0.684;20
-0.846;-1.853;1.403;20
-2.26;-0.57;1.814;20
-2.124;0.169;1.482;20
-0.286;-0.284;1.198;20
0.869;-0.411;0.763;20
1.847;-0.282;0.368;20
1.699;-0.504;0.521;20
1.022;-0.936;1.003;20
0.127;-0.791;0.849;20
-0.424;-0.431;0.714;20
-0.397;-0.468;0.856;20
0.041;-0.596;0.359;20
0.628;-0.577;0.228;20
0.666;-0.718;0.421;20
0.289;-0.92;0.286;20
-0.485;-0.666;-0.175;20
-0.984;-0.287;0.419;20
-1.302;0.09;0.438;20
-0.895;0.357;-0.116;20
-0.793;0.809;-0.434;20
-1.291;1.155;-0.251;20
-1.41;1.197;0.312;20
-1.545;1.198;-0.462;20
-0.974;1.535;-0.62;20
-0.4;2.431;0.482;20
0.238;2.335;1.501;20
0.225;2.123;1.633;20
0.754;1.714;2.677;20
2.009;0.995;4.35;20
3.14;0.833;3.07;20
4.075;1.355;1.637;20
4.299;0.942;1.17;20
3.0;0.535;0.147;20
1.059;0.048;-1.096;20
-1.467;-0.454;-1.572;20
-2.844;-0.587;-1.911;20
-3.364;-0.628;-2.181;20
-2.624;-1.089;-2.092;20
-0.913;-1.73;-1.566;20
0.805;-1.962;-1.91;20
1.429;-1.781;-1.587;20
1.181;-2.53;-1.092;20
0.332;-2.96;-2.244;20
0.271;-2.895;-2.011;20
-0.176;-3.302;-1.267;20
-0.018;-3.823;-0.967;20
0.543;-3.385;-1.08;20
0.183;-2.326;-1.319;20
-0.857;-0.416;-1.64;20
-1.888;1.77;-1.717;20
-2.251;3.473;-0.886;20
-1.51;4.005;0.569;20
-0.626;3.091;-0.709;20
-0.348;2.04;-2.9;20
0.128;2.58;-3.205;20
-1.635;3.84;-1.703;20
-2.094;1.117;-0.334;20
-0.281;0.6;0.035;20
1.92;0.919;0.07;20
1.93;2.647;0.839;20
1.28;1.496;1.872;20
0.663;-1.27;2.215;20
0.98;-3.029;1.81;20
0.455;-2.64;2.06;20
-0.674;-1.675;2.214;20
-0.863;-0.743;1.993;20
0.298;-0.504;2.391;20
1.993;-0.35;2.16;20
2.134;-0.061;0.955;20
1.541;-0.307;0.534;20
0.85;-0.8;0.241;20
-0.072;-1.274;0.307;20
-0.783;-1.513;0.458;20
-1.287;-1.222;0.205;20
-1.488;-0.515;-0.078;20
-1.259;-0.196;-0.38;20
-0.989;-0.114;-0.597;20
-0.907;-0.355;-0.574;20
-0.928;-0.729;-0.542;20
-0.73;-0.563;-0.268;20
-0.566;0.027;0.088;20
-0.568;0.222;0.064;20
-0.095;0.12;-0.174;20
0.209;0.283;-0.028;20
0.11;0.99;0.492;20
-0.279;1.719;0.585;20
-0.499;2.364;0.863;20
-0.044;3.417;0.834;20
-0.095;4.8;2.288;20
-1.157;3.908;2.857;20
-0.384;2.12;2.612;20
1.594;-0.053;2.946;20
2.271;-0.906;1.608;20
2.624;-0.772;0.201;20
2.879;-0.337;0.075;20
2.026;-0.019;0.574;20
1.364;0.692;1.267;20
0.622;0.946;1.518;20
0.059;0.232;-0.401;20
0.116;-0.674;-1.676;20
0.359;-1.387;-2.231;20
0.491;-2.117;-1.699;20
0.172;-2.246;-1.984;20
-0.78;-2.457;-2.221;20
-0.993;-2.724;-2.135;20
-0.865;-2.682;-1.852;20
-0.697;-2.886;-1.163;20
0.055;-2.569;-1.195;19
0.574;-2.237;-1.106;20
0.171;-1.675;-1.213;20
-0.69;-1.083;-1.458;20
-1.253;-0.306;-1.802;20
-1.651;0.588;-1.774;20
-1.758;1.569;-1.651;20
-1.636;2.39;-0.988;20
-1.42;2.212;-1.048;20
-1.321;1.469;-2.429;20
-1.273;0.701;-3.249;20
-0.866;1.713;-2.217;20
-2.111;3.967;-0.727;20
-1.245;3.445;1.403;20
1.91;1.671;0.743;20
3.735;0.452;1.637;20
2.749;0.517;1.887;20
1.402;0.756;1.985;20
0.1;-0.22;1.498;20
-0.403;-1.677;1.732;20
-1.195;-1.628;1.983;20
-1.053;-1.424;1.642;20
-0.021;-1.126;1.321;20
0.868;-1.143;1.13;20
1.676;-1.003;0.537;20
1.088;-0.762;0.289;20
0.376;-1.037;0.616;20
-0.245;-1.263;0.423;20
-0.699;-0.908;0.119;20
-0.644;-0.518;0.196;20
-0.427;-0.567;-0.013;20
-0.358;-0.804;0.113;20
-0.551;-0.87;-0.18;20
-0.843;-0.822;-0.099;20
-0.838;-0.561;0.242;20
-0.586;-0.011;0.368;20
-0.094;0.214;0.28;20
0.052;0.337;-0.006;20
0.424;0.585;-1.124;20
0.923;1.158;-0.115;20
0.151;2.013;0.241;20
-1.098;2.284;0.497;20
-1.698;2.864;0.91;20
-1.364;3.638;2.339;20
-0.867;3.184;2.362;20
-0.505;2.134;2.473;20
1.511;0.931;2.557;20
2.994;-0.388;2.862;20
3.559;-1.099;1.791;20
3.971;-0.733;0.047;20
2.722;0.107;-0.871;20
1.253;0.323;-0.969;20
-0.227;0.672;-2.052;20
-1.17;0.648;-1.407;20
-1.706;-0.112;-0.028;20
-1.529;-1.03;-1.343;20
-0.691;-1.585;-1.683;20
-0.124;-1.663;-1.247;20
-0.12;-2.027;-1.623;20
0.034;-2.372;-1.646;20
0.116;-2.674;-1.572;20
-0.127;-3.04;-1.964;20
0.003;-3.398;-1.875;20
-0.333;-3.162;-1.658;20
-0.48;-2.828;-1.156;20
-0.456;-2.138;-1.005;20
-0.193;-0.984;-1.097;20
-0.065;0.683;-1.259;20
-0.548;2.1;-1.096;20
-1.334;2.856;-0.717;20
-1.382;2.585;-0.809;20
-1.073;2.109;-1.481;20
-1.393;1.475;-2.956;20
-1.353;0.177;-3.755;20
-1.273;2.168;-2.192;20
-1.942;4.226;0.016;20
-0.348;3.695;2.63;20
1.954;0.726;0.586;20
3.496;-0.43;1.161;20
2.558;0.377;2.244;20
0.909;-0.313;2.09;20
0.312;-1.196;0.907;20
0.032;-2.046;1.743;20
-1.065;-0.979;2.022;20
-1.368;0.105;1.69;20
-0.28;-0.45;2.258;20
1.047;-1.088;1.903;20
1.766;-1.135;1.184;20
1.748;-1.265;0.816;20
1.086;-1.255;0.555;20
0.24;-0.618;0.025;20
-0.658;0.049;0.247;20
-0.961;-0.328;0.606;20
-0.688;-1.24;0.554;20
-0.533;-1.4;-0.121;20
-0.656;-0.848;-0.402;20
-1.013;-0.026;-0.284;20
-1.293;0.545;-0.099;20
-1.408;0.395;-0.233;20
-1.038;0.041;-1.035;20
0.013;0.403;0.111;20
0.831;1.275;0.604;20
0.416;1.585;0.183;20
-0.463;1.618;-0.196;20
-1.18;1.788;-0.644;20
-1.491;2.349;-0.149;20
-1.202;2.282;0.995;20
-0.295;2.524;2.142;20
1.385;1.698;3.626;20
2.958;0.239;3.391;20
2.872;-0.286;2.17;20
2.727;-0.029;1.399;20
2.715;1.096;1.793;20
2.596;1.713;1.715;20
1.513;2.091;1.093;20
0.355;1.397;0.522;20
-0.212;-0.313;-1.206;20
-0.652;-2.037;-2.515;20
-1.072;-3.081;-2.386;20
-0.648;-3.398;-2.206;20
-0.771;-3.509;-2.214;20
-0.59;-3.915;-1.624;20
-0.186;-3.375;-1.843;20
-0.172;-2.707;-1.624;20
0.116;-2.085;-1.841;20
0.206;-2.114;-1.073;20
0.403;-2.157;-1.051;20
0.259;-1.734;-1.656;20
-0.762;-0.741;-2.16;20
-2.115;0.798;-2.546;20
-2.878;2.32;-2.061;20
-2.829;3.211;-1.229;20
-1.936;2.884;-0.884;20
-0.99;1.884;-1.505;20
-0.29;2.359;-2.974;20
-0.899;5.581;-2.126;19
-1.628;4.407;1.082;20
0.347;1.894;1.679;20
3.026;-0.442;0.957;20
3.72;-0.921;1.495;20
2.444;-1.068;1.774;20
0.954;-1.177;1.644;20
-0.201;-0.805;0.768;20
-1.281;-0.731;0.648;20
-2.099;-0.615;1.42;20
-1.337;-1.146;1.804;20
0.272;-1.2;1.322;20
1.103;-1.211;1.146;20
1.758;-1.09;0.894;20
1.44;-0.901;0.599;20
0.384;-0.529;0.145;20
-0.716;-0.215;-0.257;20
-1.341;-0.905;0.124;20
-1.032;-1.653;0.346;20
-0.481;-1.597;0.402;20
-0.376;-1.306;-0.131;20
-0.408;-0.768;-0.159;20
-0.444;-0.169;-0.242;20
-0.678;0.232;-0.246;20
-0.668;0.418;0.239;20
-0.028;0.575;0.2;20
0.552;0.75;0.191;20
0.46;1.287;0.625;20
-0.182;2.068;0.471;20
-0.934;2.571;0.42;20
-0.875;2.945;-0.085;20
-0.792;3.438;0.951;20
-0.898;2.225;1.261;20
-0.081;1.218;1.679;20
1.543;0.087;2.64;20
2.647;-0.604;2.253;20
2.971;-0.846;1.59;20
2.961;-0.05;0.202;20
2.035;1.507;0.637;20
1.586;2.874;1.716;20
0.806;2.638;1.581;20
0.023;0.665;0.123;20
-0.252;-1.08;-1.881;20
-0.259;-2.462;-2.16;20
-0.261;-2.975;-1.724;20
-0.093;-3.266;-1.442;20
0.075;-3.465;-1.94;20
0.022;-3.183;-2.029;20
-0.115;-2.981;-2.365;20
-0.539;-2.957;-2.346;20
-1.121;-2.954;-1.639;20
-1.037;-2.644;-1.417;20
-0.806;-1.864;-1.486;20
-0.904;-0.296;-1.4;20
-1.29;1.488;-1.676;20
-1.644;2.339;-1.754;20
-1.734;2.047;-1.417;20
-1.461;1.204;-1.526;20
-1.205;0.543;-2.074;20
-0.807;0.268;-2.828;20
-0.29;2.747;-2.189;20
-1.266;6.18;-0.483;20
-0.508;4.35;1.902;20
1.981;0.651;0.845;20
3.617;0.099;0.631;20
2.632;0.568;1.547;20
0.278;0.215;1.821;20
-1.252;-0.553;1.499;20
-1.437;-1.457;1.81;20
-1.216;-1.753;2.308;20
-0.167;-1.906;2.565;20
1.373;-1.842;1.957;20
2.534;-1.154;1.45;20
2.595;-0.695;1.055;20
1.693;-0.762;0.314;20
0.286;-0.998;0.179;20
-0.85;-0.667;0.409;20
-1.235;-0.609;1.086;20
-1.217;-1.027;0.93;20
-1.132;-0.881;0.065;20
-1.092;-0.291;-0.294;20
-1.19;-0.05;-0.36;20
-1.362;0.031;-0.492;20
-1.346;0.13;-0.311;20
-0.802;0.261;-0.036;20
0.008;0.485;0.342;20
0.712;0.514;-0.293;20
0.889;0.698;-0.395;20
0.304;1.249;-0.356;20
-0.693;1.937;0.127;20
-1.001;2.603;0.378;20
-0.56;4.029;1.689;20
-0.614;3.634;3.146;20
0.397;2.318;3.01;20
2.615;0.18;3.878;20
3.159;-0.947;2.606;20
2.259;-0.982;0.092;20
1.574;0.534;-0.821;20
0.83;1.283;-0.388;20
-0.022;1.607;0.098;20
-0.565;1.623;0.431;20
-0.774;0.471;-0.605;20
-0.534;-0.942;-1.792;20
-0.121;-2.247;-2.098;20
0.175;-3.128;-2.266;20
0.328;-3.639;-1.759;20
0.508;-4.353;-1.014;20
1.003;-4.073;-0.845;20
0.87;-3.094;-0.56;20
0.636;-2.276;-1.869;20
0.452;-1.667;-1.014;20
0.383;-1.655;-0.455;20
0.45;-1.524;-0.444;20
0.114;-0.811;-0.824;20
-0.795;0.63;-1.602;20
-2.104;2.434;-1.746;20
-3.243;3.466;-1.347;20
-3.316;2.74;-1.46;20
-2.893;1.328;-2.787;20
-1.959;0.891;-3.646;20
-1.218;3.396;-2.376;20
-1.4;3.972;0.109;20
0.847;1.801;1.103;20
3.061;0.236;-0.102;20
4.361;-0.086;1.188;20
2.987;-0.077;2.173;20
1.138;-0.298;1.887;20
-0.339;-0.156;1.332;20
-1.537;-0.071;1.647;20
-2.181;-0.638;1.922;20
-0.85;-1.303;1.682;20
0.495;-1.293;1.081;20
1.157;-1.099;0.865;20
1.751;-0.573;0.517;20
1.431;-0.669;0.476;19
0.361;-1.026;0.562;20
-0.759;-0.935;0.336;20
-1.166;-0.921;0.173;20
-0.818;-1.247;0.649;20
-0.577;-1.139;0.153;20
-0.351;-0.877;-0.148;20
-0.458;-0.586;0.23;20
-0.897;0.127;0.175;20
-1.165;0.696;-0.126;20
-1.066;0.34;-0.582;20
-0.578;0.058;-1.149;20
0.091;0.272;-0.176;20
0.089;0.439;-0.128;20
-0.126;1.104;-0.085;20
-0.17;2.024;0.257;20
0.03;3.344;1.063;20
-0.054;3.723;2.164;20
-0.295;2.984;2.448;20
0.532;1.575;2.921;20
1.824;-0.174;3.026;20
3.129;-0.674;1.738;20
3.648;-0.628;-0.332;20
2.835;0.205;-0.81;20
2.045;1.517;0.111;20
0.57;2.133;0.721;20
-1.515;1.59;0.935;20
-1.965;0.236;-1.555;20
-1.458;-1.287;-2.785;20
-0.79;-2.616;-2.421;20
0.09;-3.438;-2.429;20
0.588;-3.812;-2.071;20
0.192;-4.003;-1.858;20
0.175;-3.798;-1.385;20
-0.417;-3.425;-1.695;20
-0.416;-2.947;-1.42;20
-0.211;-2.684;-1.183;20
-0.008;-2.42;-0.776;20
-0.199;-1.411;-0.769;20
-1.234;0.709;-1.289;20
-2.637;3.43;-1.467;20
-2.382;5.419;-0.082;20
-1.141;3.871;-0.76;20
-0.567;1.688;-2.743;20
-0.422;-0.041;-3.281;20
-0.563;1.372;-2.464;20
-2.335;2.237;-1.26;20
-1.157;2.453;2.034;20
1.756;1.91;1.283;20
3.26;2.674;1.61;20
1.998;2.825;1.492;20
-0.139;-1.044;2.349;20
0.005;-2.74;1.931;20
-0.067;-2.604;1.354;20
-0.934;-2.02;1.758;20
-0.476;-1.626;1.791;20
1.427;-0.519;1.621;20
2.526;0.632;1.038;20
2.015;0.133;1.178;20
1.005;-0.817;0.875;20
0.081;-1.46;0.597;20
-0.619;-1.732;0.514;20
-0.768;-1.464;0.639;20
-0.525;-0.867;0.554;20
-0.634;-0.914;-0.111;20
-0.812;-1.392;-0.462;20
-0.617;-0.843;0.204;20
-0.492;1.161;0.483;20
-0.711;1.742;0.105;20
-0.68;0.824;-1.273;20
-0.517;0.381;-1.513;20
-0.448;0.071;-1.092;20
-0.761;0.362;-0.954;20
-0.845;1.526;-0.475;20
-0.517;3.581;0.623;20
-0.275;4.596;2.141;20
-0.679;3.507;2.432;20
0.429;1.945;3.594;20
2.62;-0.282;4.252;20
3.397;-1.506;1.951;20
3.029;-0.939;-0.612;20
2.002;-0.39;-0.883;20
0.448;1.094;0.131;20
-1.023;2.401;0.405;20
-1.9;2.002;0.412;20
-1.589;-0.144;-1.304;20
-0.412;-2.107;-2.432;20
0.447;-3.285;-2.366;20
0.441;-3.75;-1.909;20
-0.167;-4.34;-1.561;20
0.129;-4.178;-1.303;20
0.088;-3.156;-1.393;20
0.084;-1.847;-1.79;20
0.0;-1.321;-1.029;20
0.474;-1.11;-0.381;20
0.953;-0.968;-0.075;20
0.644;-0.703;-0.382;20
-0.254;0.274;-1.17;20
-1.522;1.719;-1.689;20
-2.691;2.95;-1.136;20
-2.668;2.444;-0.902;20
-2.22;1.188;-1.898;20
-2.037;0.388;-3.491;20
-1.169;1.783;-3.054;20
-2.182;4.153;-0.784;20
-0.993;2.895;1.68;20
2.307;1.549;0.524;20
4.693;0.81;1.218;20
4.101;0.709;2.043;20
2.335;-0.163;2.692;20
0.842;-1.604;1.877;20
0.008;-1.937;1.601;20
-1.294;-0.967;1.288;20
-1.788;-0.523;1.094;20
-0.699;-0.628;0.633;20
0.627;-0.895;0.475;20
1.17;-0.661;0.186;20
1.007;-0.735;0.37;20
0.234;-1.255;0.531;20
-0.681;-1.299;0.038;20
-1.15;-0.764;0.099;20
-0.884;-0.504;0.477;20
-0.379;-0.784;0.373;20
-0.141;-1.268;-0.262;20
-0.034;-1.443;0.397;20
-0.173;-0.645;0.486;20
-0.464;0.546;0.33;20
-0.594;0.918;0.476;20
-0.065;0.753;-0.334;20
0.368;1.05;-0.365;20
0.217;1.456;0.371;20
-0.85;1.873;-0.045;19
-1.468;2.003;-0.187;20
-1.099;3.019;-0.461;20
-0.473;2.891;1.369;20
-0.443;2.57;1.553;20
0.738;1.487;2.646;20
2.529;-0.586;3.906;20
3.025;-1.211;2.489;20
3.065;-0.296;-0.529;20
2.821;0.81;-0.552;20
1.812;1.456;0.923;20
0.296;1.746;0.777;20
-1.011;1.58;-0.339;20
-1.309;-0.041;-1.937;20
-0.805;-2.064;-2.276;20
-0.681;-3.297;-2.009;20
-0.43;-3.675;-1.739;20
0.207;-3.773;-1.343;20
0.65;-3.318;-0.896;20
0.216;-2.678;-1.27;20
0.313;-1.921;-1.15;20
0.42;-1.509;-0.703;20
0.6;-1.705;-0.404;20
0.618;-1.909;-0.45;20
0.303;-1.688;-1.094;20
-0.621;-0.566;-1.614;20
-2.068;1.259;-1.882;20
-3.247;3.087;-1.653;20
-3.216;3.069;-1.009;20
-2.592;1.509;-1.753;20
-2.307;1.024;-3.315;20
-1.695;3.22;-3.329;20
-2.172;4.687;-0.381;20
-0.202;3.423;2.961;20
2.435;2.231;1.07;20
4.763;0.63;1.666;20
4.47;0.764;2.916;20
1.914;-0.073;2.247;20
0.378;-2.058;1.539;20
-0.569;-2.095;1.318;20
-1.547;-1.58;1.04;20
-1.09;-1.18;0.869;20
-0.259;-0.963;0.941;20
0.896;-1.125;1.14;20
1.237;-0.868;0.729;20
0.844;-0.799;0.378;20
-0.072;-0.949;0.271;20
-0.886;-0.917;0.041;20
-0.911;-0.836;-0.253;20
-0.546;-1.033;-0.234;20
-0.246;-1.421;-0.413;20
-0.443;-1.205;-0.333;20
-0.744;-0.759;-0.104;20
-0.773;-0.373;0.356;20
-0.331;0.315;1.041;20
-0.046;0.563;0.428;20
0.637;0.494;-0.703;20
1.063;0.705;0.259;20
0.12;0.794;0.654;20
-1.737;1.073;-0.45;20
-2.02;2.311;-0.392;20
-1.027;3.429;0.334;20
-0.202;2.981;1.538;20
-0.233;2.659;1.761;20
0.673;2.171;3.407;20
2.046;0.602;4.364;20
3.089;-0.678;3.24;20
3.673;-0.123;1.499;20
3.159;0.253;-0.862;20
2.304;1.25;-0.586;20
1.705;1.556;0.466;20
-0.62;0.85;-0.324;20
-2.486;-0.025;-1.203;20
-2.927;-1.318;-2.424;20
-2.147;-2.118;-2.876;20
-1.318;-2.753;-2.482;20
-0.468;-3.299;-2.398;20
0.403;-3.366;-1.541;20
0.717;-3.611;-1.243;20
0.744;-3.433;-0.92;20
0.471;-3.116;-1.356;20
0.644;-2.563;-1.468;20
0.273;-2.22;-1.076;20
0.375;-1.925;-0.802;20
-0.25;-0.993;-1.047;20
-1.628;0.826;-1.382;20
-3.186;3.134;-1.432;20
-3.52;4.483;-0.926;20
-2.545;3.241;-1.416;20
-1.957;1.723;-2.647;20
-0.929;0.5;-3.301;20
-0.437;2.425;-1.35;20
-0.656;4.293;0.813;20
0.987;4.586;1.941;20
3.773;1.471;0.898;20
4.792;0.376;1.733;20
2.991;0.26;1.965;20
0.295;-0.929;1.611;20
-0.976;-2.071;1.592;20
-2.275;-2.14;1.357;20
-2.237;-1.894;1.86;20
-0.021;-1.042;1.751;20
1.851;-0.712;1.518;20
2.763;-0.75;0.922;20
2.668;-1.139;0.521;20
1.272;-1.059;0.144;20
-0.411;-0.844;0.047;20
-1.424;-0.44;0.295;20
-1.489;-0.674;0.5;20
-1.154;-1.344;0.254;20
-1.082;-1.416;-0.542;20
-1.034;-1.176;-0.486;20
-1.116;-0.739;-0.377;20
-0.668;0.114;-0.106;20
-0.142;0.907;0.313;20
0.326;1.038;0.152;20
1.014;1.029;-0.326;20
1.156;0.857;0.131;20
0.165;0.776;-0.065;20
-1.722;1.205;-0.793;20
-2.319;2.223;-0.597;20
-1.488;3.591;0.375;20
-0.863;3.209;1.856;20
-0.067;2.25;2.343;20
2.019;0.865;3.911;20
3.07;0.036;4.054;20
2.758;0.013;1.874;20
3.282;0.749;0.747;20
2.87;1.293;0.388;20
1.757;1.955;0.916;20
0.281;2.044;0.611;20
-0.602;0.637;-0.473;20
-1.035;-1.28;-1.493;20
-0.848;-2.612;-2.282;20
-0.48;-2.859;-2.444;19
-0.775;-3.434;-2.204;20
-0.171;-3.827;-1.802;20
0.485;-3.977;-1.734;20
0.501;-3.664;-1.707;20
0.069;-3.209;-1.61;20
-0.178;-2.694;-1.276;20
-0.158;-2.114;-1.095;20
-0.578;-1.407;-0.752;20
-0.651;-0.384;-1.106;20
-1.168;1.012;-1.67;20
-1.978;2.493;-2.102;20
-2.483;3.14;-1.364;20
-2.151;1.916;-0.742;20
-1.625;0.908;-1.442;20
-1.221;0.659;-2.829;20
-0.571;1.846;-2.947;20
-1.24;4.313;-0.796;20
-0.275;4.371;1.301;20
1.627;2.738;1.395;20
3.592;1.112;1.352;20
3.425;1.486;1.4;20
1.461;0.235;1.73;20
-0.096;-1.947;1.648;20
-0.928;-2.535;1.709;20
-1.854;-2.519;1.502;20
-1.596;-2.278;1.856;20
0.16;-1.547;1.45;20
1.979;-0.677;1.088;20
2.628;-0.368;0.681;20
2.124;-0.665;0.503;20
0.793;-0.935;0.412;20
-0.187;-0.884;0.36;20
-0.83;-0.841;0.526;20
-1.098;-0.748;0.603;20
-0.922;-0.585;0.329;20
-0.644;-0.408;-0.056;20
-0.756;0.001;-0.391;20
-1.194;0.365;-0.533;20
-1.098;0.231;-0.756;20
-0.484;-0.019;-0.398;20
-0.22;-0.211;-0.155;20
0.207;-0.158;-0.314;20
0.337;0.37;-0.065;20
-0.209;0.844;-0.048;20
-1.234;1.35;-0.192;20
-1.684;2.103;-0.155;20
-1.474;3.424;0.122;20
-1.12;3.243;1.462;20
-0.613;2.625;2.141;20
0.991;1.222;3.303;20
3.058;-0.449;3.794;20
3.326;-0.633;1.345;20
2.896;-0.015;-0.475;20
1.809;0.809;0.162;20
0.891;1.58;0.851;20
-0.498;1.463;0.302;20
-1.11;0.247;-1.076;20
-1.1;-1.236;-1.967;20
-0.585;-2.258;-1.882;20
-0.235;-2.866;-1.28;20
0.29;-3.03;-1.717;20
0.727;-2.768;-1.455;20
0.652;-2.437;-1.279;20
0.433;-1.93;-1.533;20
0.211;-1.556;-1.638;20
-0.178;-1.873;-1.002;20
-0.477;-2.599;-0.488;20
-0.52;-2.786;-0.762;20
-0.668;-1.692;-1.264;20
-1.647;0.304;-1.67;20
-2.407;2.527;-2.044;20
-2.281;3.553;-0.671;20
-0.994;2.346;0.721;20
-0.017;1.115;-0.952;20
-0.326;0.693;-3.086;20
-0.45;1.266;-3.379;20
-1.979;3.576;-0.939;20
-1.678;2.024;1.825;20
0.88;1.179;1.14;20
3.269;1.177;-0.126;20
3.345;2.062;0.418;20
1.415;1.144;2.36;20
-0.071;-1.287;2.19;20
-0.029;-1.734;1.415;20
-0.563;-1.444;1.593;20
-0.709;-1.5;1.953;20
0.111;-1.464;1.32;20
1.549;-0.943;1.002;20
2.038;-0.434;0.663;20
1.69;-0.19;0.515;20
0.704;-0.738;0.448;20
-0.484;-1.147;0.272;20
-1.137;-0.925;0.216;20
-1.219;-1.013;0.432;20
-0.845;-1.367;0.339;20
-0.597;-1.372;-0.392;20
-0.558;-1.239;-0.241;20
-0.906;-0.486;-0.206;20
-1.199;0.306;-0.608;20
-1.266;0.378;-0.349;20
-0.81;0.276;-0.756;20
0.225;0.559;-0.519;20
0.705;1.206;0.453;20
0.391;1.389;0.688;20
-0.165;1.903;0.009;20
-0.096;3.772;0.609;20
0.029;4.619;2.543;20
-0.627;3.204;2.532;20
0.026;1.627;2.462;20
2.302;-0.143;3.856;20
3.314;-0.95;2.08;20
3.245;-0.379;-0.274;20
1.957;0.913;-0.689;20
1.142;1.917;0.466;20
-0.307;1.831;0.889;20
-1.294;0.615;0.13;20
-1.076;-0.743;-1.508;20
-0.727;-2.008;-2.338;20
0.185;-2.81;-1.675;20
1.128;-3.542;-1.482;20
1.063;-3.847;-1.838;20
0.495;-3.749;-1.896;20
0.092;-3.118;-1.579;20
-0.638;-2.306;-1.852;20
-0.948;-1.849;-1.434;20
-1.176;-1.664;-0.402;20
-0.776;-1.338;-0.81;20
-0.862;-0.771;-1.232;20
-1.61;0.53;-1.428;20
-2.618;2.335;-1.649;19
-2.656;3.208;-1.077;20
-1.437;1.96;-1.626;20
-0.493;1.449;-2.992;20
-1.067;4.357;-2.111;20
-1.512;3.537;0.527;20
-0.113;0.67;1.427;20
2.239;0.538;0.394;20
2.901;2.213;0.279;20
2.298;3.014;1.551;20
0.967;-0.456;2.071;20
0.566;-2.266;1.702;20
0.233;-1.988;1.566;20
-0.669;-2.16;1.599;20
-1.007;-2.093;1.778;20
0.227;-1.485;0.996;20
1.5;-0.627;0.601;20
1.71;-0.251;0.72;20
1.317;-0.425;0.894;20
0.558;-0.501;0.367;20
-0.142;-0.545;0.168;20
-0.643;-0.887;-0.07;20
-0.941;-1.381;-0.08;20
-1.101;-1.251;0.141;20
-1.347;-0.438;-0.246;20
-1.484;-0.162;0.071;20
-1.361;-0.122;-0.215;20
-1.154;-0.008;-0.59;20
-0.92;0.076;-0.63;20
-0.043;-0.121;-0.858;20
0.885;0.173;-0.479;20
0.786;0.658;0.34;20
0.054;1.066;0.584;20
-0.472;1.874;0.318;20
-0.556;3.607;0.334;20
-0.268;3.729;1.859;20
-0.666;3.02;2.527;20
0.038;2.453;2.882;20
1.636;0.668;3.708;20
3.122;-0.335;2.055;20
3.245;0.036;0.446;20
2.271;0.543;-0.536;20
1.96;1.323;0.621;20
0.615;1.182;1.162;20
-0.985;0.225;-0.042;20
-1.026;-3.132;-2.359;60
-0.756;-3.25;-2.1;10
-0.199;-3.343;-2.12;10
-0.082;-3.319;-2.025;10
0.283;-3.056;-1.887;10
0.19;-3.093;-1.351;10
0.548;-2.961;-1.009;10
0.924;-2.317;-1.822;10
0.375;-1.846;-1.784;10
0.21;-1.493;-1.438;10
0.144;-1.012;-1.259;10
0.25;-0.549;-1.187;10
-0.043;-0.287;-1.133;10
-0.613;-0.374;-0.638;10
-0.635;-0.553;-0.085;10
-0.496;-0.566;-0.087;10
-0.466;-0.475;-0.193;10
-0.568;-0.339;-0.173;10
-0.766;0.017;-0.438;10
-1.047;0.479;-0.862;10
-1.341;1.026;-1.203;10
-1.606;1.566;-1.318;10
-1.779;2.039;-1.209;10
-1.806;2.303;-1.041;10
-1.533;2.137;-0.519;10
-1.179;1.578;0.121;10
-0.837;0.94;0.197;10
-0.546;0.453;-0.274;10
-0.476;0.201;-0.883;10
-0.577;0.254;-1.437;10
-0.765;0.183;-1.953;10
-0.564;0.0;-2.514;10
-0.35;0.471;-2.136;10
-0.214;1.985;-1.096;10
-0.425;4.052;-0.053;10
-1.152;4.537;1.133;10
-0.183;3.629;2.753;10
0.173;2.904;2.984;10
0.906;2.29;1.398;10
2.324;1.416;0.715;10
3.396;0.958;0.2;10
3.537;0.883;0.542;10
2.925;0.722;1.331;10
2.128;0.442;1.762;10
0.893;0.029;2.047;10
-0.159;-1.141;1.342;10
-0.456;-2.273;1.374;10
-0.583;-2.755;1.582;10
-0.718;-2.779;1.21;10
-0.767;-2.659;0.947;10
-0.897;-2.455;0.999;10
-0.812;-2.453;0.907;10
-0.662;-2.305;0.864;10
0.016;-1.637;1.433;10
0.747;-0.731;1.167;10
1.433;-0.382;0.925;10
1.825;-0.312;0.91;10
1.787;-0.265;1.019;10
1.709;-0.316;1.183;10
1.532;-0.261;0.803;10
1.122;-0.192;0.234;10
0.477;-0.289;0.303;10
-0.111;-0.473;0.016;10
-0.613;-0.611;-0.351;10
-1.051;-0.595;-0.342;10
-1.274;-0.363;-0.202;10
-1.209;-0.351;0.046;10
-0.926;-0.63;0.446;10
-0.873;-0.934;0.143;10
-0.887;-1.246;-0.577;10
-0.932;-1.265;-1.203;10
-0.834;-1.124;-0.962;10
-0.927;-0.658;-0.874;10
-1.173;-0.036;-0.97;10
-1.304;0.471;-0.698;10
-1.249;0.722;-0.424;10
-1.091;0.841;-0.487;10
-1.144;0.943;-0.255;10
-1.165;0.844;-0.098;10
-0.943;0.617;-0.467;10
-0.536;0.474;-0.623;10
-0.047;0.484;-0.613;10
0.746;0.539;-0.42;10
1.307;0.634;-0.236;10
1.508;0.801;0.091;10
1.366;0.952;0.504;10
0.956;1.113;0.607;10
0.302;1.306;0.62;10
-0.426;1.488;0.661;10
-0.679;1.617;-0.105;10
-0.792;1.764;-0.299;10
-0.926;1.895;0.075;10
-0.782;2.553;-0.548;10
-0.208;3.352;-0.207;10
0.013;2.724;2.038;10
-0.199;1.606;2.412;10
-0.453;1.038;2.026;10
-0.026;0.415;1.951;10
0.933;-0.374;2.312;10
2.131;-1.212;3.273;10
2.711;-1.906;3.407;10
2.897;-2.082;2.303;10
3.026;-1.671;1.249;10
3.21;-0.919;0.106;10
2.747;-0.12;-1.585;10
2.19;0.717;-1.87;10
1.524;1.757;-0.899;10
1.031;2.681;-0.149;10
0.443;3.058;-0.134;10
-0.523;2.825;-0.082;10
-1.456;2.047;-0.048;10
-2.11;0.88;-0.694;10
-2.684;-0.216;-1.444;10
-2.413;-1.404;-2.136;10
-1.676;-2.123;-2.47;9
-1.819;-2.622;-2.335;10
-1.527;-3.102;-2.194;10
-0.676;-3.238;-1.882;10
-0.147;-3.339;-1.245;10
0.206;-3.46;-0.851;10
1.108;-3.45;-0.947;10
1.178;-3.271;-0.928;10
1.043;-3.267;-0.729;10
1.122;-3.126;-0.344;10
1.57;-2.464;-0.678;10
0.583;-2.069;-1.363;10
0.348;-1.741;-1.196;10
0.25;-1.341;-0.837;10
-0.106;-0.866;-0.514;10
0.04;-0.434;-0.585;10
-0.448;-0.266;-0.531;10
-0.817;-0.506;0.047;10
-0.41;-0.587;0.277;10
-0.856;-0.582;0.284;10
-0.639;-0.61;0.053;10
-0.506;-0.306;-0.316;10
-0.718;0.144;-0.526;10
-0.802;0.736;-0.982;10
-0.909;1.425;-1.403;10
-1.146;2.085;-1.446;10
-1.484;2.581;-1.103;10
-1.801;2.789;-0.602;10
-1.841;2.512;-0.32;10
-1.607;1.873;-0.504;10
-1.468;1.351;-1.201;10
-1.438;1.253;-1.564;10
-1.455;1.459;-2.061;10
-1.262;1.96;-2.314;10
-0.847;3.672;-2.014;10
-1.571;5.362;-1.252;10
-2.268;4.582;0.72;10
-1.181;2.481;2.815;10
0.469;2.043;2.352;10
1.753;1.69;1.231;10
3.233;1.068;0.575;10
4.27;1.071;-0.055;10
4.274;0.735;0.034;10
3.963;-0.103;1.08;10
3.103;-0.84;2.063;10
1.834;-1.713;2.191;10
1.135;-2.424;2.511;10
0.735;-2.731;2.251;10
0.239;-2.68;1.627;10
-0.179;-2.589;1.303;10
-0.812;-2.356;1.146;10
-1.576;-1.954;0.866;10
-1.942;-1.554;0.714;10
-1.847;-1.312;0.992;10
-1.733;-1.121;1.318;10
-0.392;-0.819;0.955;10
0.656;-0.375;0.754;10
1.086;-0.219;0.691;10
1.258;-0.309;0.34;10
1.091;-0.39;-0.006;10
0.837;-0.372;-0.204;10
0.557;-0.305;-0.282;10
0.169;-0.274;-0.366;10
-0.297;-0.413;-0.204;10
-0.679;-0.611;-0.029;10
-0.93;-0.714;-0.373;10
-1.061;-0.621;-0.536;10
-0.942;-0.505;-0.198;10
-0.566;-0.471;0.2;10
-0.261;-0.56;0.28;10
-0.138;-0.75;0.064;10
-0.042;-0.951;0.079;10
-0.081;-0.897;-0.021;10
-0.17;-0.744;-0.161;10
-0.177;-0.616;-0.306;10
-0.312;-0.5;-0.286;10
-0.468;-0.508;-0.182;10
-0.577;-0.378;0.152;10
-0.594;-0.064;0.195;10
-0.528;0.289;0.238;10
-0.547;0.68;0.419;10
-0.552;0.972;0.271;10
-0.394;0.97;-0.328;10
-0.106;0.685;-0.916;10
-0.149;0.616;-1.918;10
0.621;0.35;-0.322;10
0.792;0.358;0.681;10
0.083;0.678;0.012;10
-0.232;0.854;-0.155;10
-0.673;1.273;-0.072;10
-1.254;1.48;0.053;10
-0.978;1.7;0.034;10
-0.399;2.341;0.098;10
0.021;2.881;-0.077;10
0.483;2.92;1.087;10
1.486;2.395;2.38;10
1.053;2.117;2.185;10
0.165;1.877;1.593;10
-0.008;1.513;1.913;10
0.205;1.066;2.474;10
0.573;0.632;0.642;10
1.203;-0.431;3.046;10
1.23;-0.907;4.712;10
1.822;-0.551;1.882;10
2.755;0.074;2.088;10
3.229;0.519;2.386;10
3.208;0.739;2.046;10
2.428;0.928;0.24;10
2.541;1.191;-1.081;10
2.722;1.378;-0.281;10
2.4;1.251;-0.022;10
1.041;1.046;-0.798;10
-0.323;0.752;-1.111;10
-1.222;0.297;-1.562;10
-2.43;-0.254;-2.148;10
-3.211;-0.739;-2.644;10
-3.694;-1.204;-3.063;10
-3.09;-1.651;-3.143;10
-2.703;-1.526;-2.876;10
-2.672;-1.671;-1.911;10
-2.045;-2.056;-1.621;10
-1.042;-2.126;-2.006;10
-0.947;-2.403;-1.974;10
0.016;-2.439;-1.899;10
0.284;-2.283;-1.703;10
0.602;-2.398;-1.388;10
0.747;-2.736;-0.581;10
1.075;-2.913;-0.051;10
0.56;-3.068;-0.438;10
0.256;-3.231;-0.806;10
0.507;-3.143;-0.589;10
0.214;-3.055;-0.401;10
0.104;-3.027;-0.445;10
0.072;-2.727;-0.519;10
0.19;-2.152;-0.898;10
0.266;-1.596;-0.884;10
0.636;-1.141;-0.804;10
0.633;-0.781;-1.206;10
0.158;-0.438;-1.062;10
-0.457;-0.04;-1.156;10
-0.974;0.441;-1.463;10
-1.368;1.391;-0.875;10
-1.796;2.295;-0.682;10
-2.237;3.471;-0.463;10
-2.326;4.433;0.018;10
-1.886;4.751;0.633;10
-1.001;4.355;0.833;10
-0.265;3.18;0.454;10
0.407;1.709;-0.25;10
0.69;0.684;-1.118;10
0.873;0.238;-2.011;10
0.693;1.335;-2.305;10
-0.451;3.552;-1.005;10
-1.182;4.296;-0.297;10
-1.243;2.687;0.724;10
-0.905;1.289;1.576;10
0.191;0.923;0.705;10
0.983;-0.029;0.621;10
1.486;-1.009;0.893;10
1.777;-0.658;1.164;10
1.42;-0.137;0.976;10
1.444;0.57;0.9;10
0.879;2.19;2.035;10
0.097;2.159;1.271;10
-0.06;0.166;2.062;10
-0.287;-1.788;3.037;10
-1.034;-2.325;1.226;10
-1.086;-2.666;0.466;10
-1.325;-2.05;1.462;10
-1.319;-1.377;1.463;10
-0.786;-1.356;0.859;10
-0.225;-1.399;0.5;10
0.228;-1.097;0.501;10
0.845;-0.809;0.701;10
1.395;-0.061;0.972;10
1.764;0.558;1.03;10
2.032;0.714;1.052;10
1.949;0.59;0.934;10
1.812;0.208;0.847;10
1.562;0.047;0.609;10
1.074;0.09;0.419;10
0.658;0.046;0.364;10
0.31;-0.014;0.163;10
-0.128;0.002;0.039;10
-0.505;-0.071;-0.078;10
-0.819;-0.262;-0.165;10
-1.0;-0.572;-0.082;10
-1.087;-0.909;-0.004;10
-1.291;-0.978;-0.153;10
-1.479;-0.934;-0.405;10
-1.512;-0.83;-0.619;10
-1.516;-0.663;-0.774;10
-1.492;-0.409;-0.734;10
-1.336;-0.146;-0.716;10
-1.034;0.03;-0.673;10
-0.756;0.141;-0.504;10
-0.376;0.166;-0.32;10
-0.007;0.117;-0.258;10
0.191;0.034;-0.197;10
0.375;-0.038;-0.143;10
0.523;-0.187;-0.101;10
0.57;-0.263;-0.147;10
0.534;-0.198;-0.082;10
0.45;-0.064;-0.143;10
0.226;0.08;-0.163;10
0.046;0.132;-0.16;10
-0.013;0.117;-0.062;10
-0.023;0.137;0.131;10
-0.042;0.354;0.088;10
0.052;0.705;0.044;10
0.135;0.85;0.281;10
0.141;0.722;0.363;10
0.519;0.658;0.051;10
0.888;0.661;-0.074;10
1.109;0.44;0.161;10
1.212;0.107;0.274;10
1.03;-0.226;0.298;10
0.746;-0.516;0.26;10
0.466;-0.611;0.273;10
0.252;-0.61;0.329;10
0.022;-0.558;0.415;10
-0.256;-0.478;0.533;10
-0.605;-0.575;0.596;10
-1.146;-0.735;1.026;10
-0.329;0.433;0.302;10
0.046;1.178;-0.104;10
-1.031;0.886;1.074;10
-0.764;0.131;1.589;10
-0.127;0.092;0.833;10
0.503;0.432;0.871;10
-0.361;1.001;1.07;10
0.06;0.636;0.487;10
0.934;0.725;0.447;10
1.537;0.711;-1.104;10
2.053;0.515;0.364;10
0.617;-0.217;0.881;10
0.212;-0.323;-1.567;10
0.502;-0.732;0.303;10
-0.285;-1.601;0.622;10
-0.252;-1.064;-0.455;10
0.464;0.387;-2.483;10
0.224;0.143;-0.741;10
-1.585;1.949;0.6;10
-1.58;1.844;0.652;10
-1.102;0.75;-0.104;10
-0.835;-0.15;-0.829;10
-0.74;-0.525;-1.531;10
-0.123;-1.154;-1.548;10
0.516;-1.086;-0.007;10
1.044;-0.88;1.325;10
0.642;-0.154;1.07;10
-0.57;-0.117;-1.138;10
-1.134;0.493;0.395;10
-2.538;1.035;0.962;10
-0.775;0.698;0.898;10
-0.301;0.781;-0.454;10
-0.006;0.796;-0.512;10
-0.16;0.255;-0.709;10
-0.338;0.087;-0.203;10
-0.393;0.6;-0.361;10
-0.319;0.859;-0.03;10
-0.294;0.573;0.595;10
-0.012;0.597;1.017;10
0.312;0.384;1.398;10
-0.346;1.592;-0.901;110
-0.24;0.575;-0.348;20
-0.149;0.407;0.378;20
-0.177;0.248;-0.37;20
0.409;-0.375;-1.273;20
1.081;-1.142;1.184;20
0.755;-0.54;3.193;20
-0.016;0.515;0.429;20
-0.163;0.0;-2.767;20
0.178;-1.15;2.213;20
0.559;1.187;3.393;20
-0.296;1.37;-1.074;20
-0.734;-0.681;5.17;20
-0.63;-0.485;7.57;20
-1.016;-2.347;5.373;20
0.626;0.071;1.128;20
0.564;-1.205;1.245;20
0.887;-4.097;4.46;20
1.242;-5.278;5.713;19
1.823;-3.873;5.159;20
2.225;-3.293;2.729;20
1.974;-4.094;0.423;20
2.107;-4.525;-2.928;20
2.482;-5.06;-1.443;20
2.357;-5.882;4.355;20
2.16;-4.494;5.345;20
1.746;-3.367;5.645;20
1.685;-2.559;4.011;20
1.176;-1.555;1.236;20
0.722;-0.862;1.481;20
0.37;-0.034;3.055;20
0.177;-0.018;3.442;20
0.332;-0.568;2.123;20
0.266;-0.817;3.125;20
0.542;-0.619;2.892;20
0.64;-0.236;1.594;20
0.602;0.446;1.262;20
0.428;0.387;1.198;20
0.097;0.531;0.23;75
0.213;0.199;-0.236;20
0.332;0.113;0.214;20
0.523;0.11;1.232;20
0.652;-0.048;0.543;20
0.726;-0.538;-0.355;20
0.717;-0.125;-0.757;20
0.426;0.369;-1.302;20
0.403;0.419;-1.347;20
0.577;-0.05;-0.874;20
0.667;-0.343;-0.225;20
0.406;0.023;-0.089;20
-0.034;0.216;0.1;20
-0.249;0.248;0.367;20
-0.282;0.449;-0.091;20
-0.172;0.637;-1.202;20
-0.231;0.149;-1.56;20
-0.379;-0.462;1.467;20
-0.082;-0.484;1.777;20
0.176;-0.531;1.678;20
0.226;-0.614;0.744;20
0.083;-0.474;0.446;20
-0.291;-0.318;0.004;20
-0.485;-0.13;-0.174;20
-0.809;0.108;2.347;20
-0.913;0.183;5.204;20
-0.231;-0.365;-1.697;20
0.027;-0.522;-2.024;20
0.14;-0.176;-1.348;20
0.078;-0.181;-1.399;20
-0.02;-0.207;-0.607;20
-0.388;-0.781;1.221;20
-0.289;0.147;2.182;20
-0.314;-0.039;1.076;20
-0.076;0.135;0.518;20
0.064;-0.176;-0.13;20
0.119;-0.293;-0.065;20
0.153;-0.172;-0.248;19
0.209;0.044;-0.375;20
0.113;0.046;-0.219;20
0.053;0.043;-0.269;20
-0.075;-0.005;-0.22;20
-0.057;0.18;-0.061;20
-0.047;0.14;-0.249;20
-0.001;0.045;-0.267;20
-0.085;0.132;-0.202;20
-0.197;0.118;-0.129;20
-0.185;0.088;0.087;20
-0.202;0.116;-0.362;20
-0.208;0.089;-0.09;20
-0.266;0.236;0.442;20
-0.263;0.11;0.49;20
-0.303;0.208;0.083;20
-0.174;0.107;-0.403;20
-0.131;0.213;-0.257;20
-0.123;0.366;-0.147;20
-0.108;0.292;-0.256;20
0.048;-0.347;-0.534;20
0.252;-0.398;-0.176;20
0.248;-0.113;0.119;20
0.192;0.004;0.408;20
0.175;0.02;0.715;20
0.132;-0.059;0.81;19
0.178;-0.009;0.333;20
0.25;0.149;-0.195;20
0.229;0.178;-0.268;20
0.199;-0.104;0.023;20
0.127;-0.197;0.04;20
0.031;-0.03;-0.092;20
0.028;0.099;-0.272;20
0.075;0.23;-0.555;20
0.116;0.054;-0.333;20
0.042;-0.003;-0.257;20
0.045;0.0;-0.07;20
0.005;-0.035;0.054;20
0.028;0.103;-0.053;20
-0.037;0.278;0.043;20
-0.054;0.338;0.15;20
-0.066;0.236;0.052;20
-0.081;0.127;-0.138;20
-0.078;0.134;-0.285;20
-0.052;0.179;-0.219;20
-0.044;0.193;-0.081;20
-0.052;0.17;0.041;20
-0.127;0.14;0.079;20
-0.11;0.146;-0.026;20
-0.103;0.19;-0.229;20
-0.042;0.154;-0.36;20
-0.039;0.067;-0.199;19
-0.079;0.049;0.039;20
-0.053;0.05;0.034;20
-0.069;0.087;-0.217;20
-0.169;0.198;-0.811;20
-0.179;0.252;0.33;20
-0.153;0.205;0.458;20
-0.063;0.211;0.241;20
0.012;-0.06;-0.434;20

# Completed @Wed Jan 06 20:55:52 GMT+02:00 2021
