# Accelerometer Data File
# Started @Tue Jan 26 20:44:08 GMT+02:00 2021
#
#
# sensor Vendor: BOSCH
# sensor Name: BMI160 Accelerometer Non-wakeup
# sensor Resolution: 0.0023928226m/sec^2; Max Range: 78.4532; Min Delay: 2500 microseconds
# The sensor's attributes are the result hardware and the Android capabilities.
# It means that the Android may not utilize all features provided by the hardware.
#
# Some devices and Android versions save battery too much so the device may go to sleep.
# It just happens after couple of minutes from turning off the scree and it is easy to find it out.
#
# The following file provides the data from accelerometer in the m/s^2 format.
# The diff value is just a time delta between the samples
#
#
# data format:
# so we have 4 columns with values separated by the ";"
# X;Y;Z;time_from_previous_sample(ms)

# sensor speed set to:NORMAL
# units set to: m/sec^2
# gravity  filtered out
# Accuracy: HIGH
-5.957;2.73;6.201;0
-5.011;2.007;5.949;19
-3.446;1.563;5.1;20
-2.095;0.692;4.178;20
-1.262;0.19;2.955;20
-1.277;-0.593;2.381;20
-1.033;-1.579;1.067;20
0.367;-2.115;-1.724;20
1.355;-2.967;-3.642;20
0.399;-4.185;-4.591;20
-1.184;-5.155;-4.761;20
-1.19;-6.631;-2.555;20
-0.777;-7.874;-0.647;20
-0.9;-9.242;1.984;20
-4.076;-8.022;3.441;20
-11.705;-4.377;3.784;20
-19.567;1.117;5.78;20
-21.293;5.16;10.252;20
-18.753;6.868;12.165;20
-16.226;8.752;8.332;20
-11.977;9.464;2.908;20
-8.626;8.826;-0.793;20
-5.528;7.476;-3.344;20
-1.418;4.743;-4.965;20
3.345;2.013;-23.682;20
8.279;-5.32;-10.346;20
8.844;-4.655;-5.305;19
6.998;-4.355;-3.75;20
2.651;-1.508;-2.208;20
-0.286;1.824;1.067;20
-1.668;2.134;3.108;20
-0.866;1.73;3.135;20
2.492;0.247;2.228;20
4.33;0.495;3.344;20
5.685;-1.676;4.905;20
10.502;-2.202;-0.954;20
8.25;-2.935;-1.456;20
2.753;-2.944;0.635;20
2.16;-8.137;1.195;20
5.908;-13.902;0.532;20
3.72;-11.358;-1.722;20
-5.092;-5.359;2.098;20
-2.687;-4.77;0.326;20
-0.958;-5.286;0.042;20
-2.881;-2.004;0.551;20
-5.278;-3.548;-2.406;20
-4.791;0.378;-0.007;20
-3.76;5.901;-0.726;20
-1.832;6.486;-4.465;20
0.709;1.034;-0.962;20
2.146;-6.227;-4.938;20
0.583;-3.836;-3.713;20
-0.178;-3.481;-2.973;20
-1.159;-1.558;-0.94;19
-1.305;-2.127;-0.417;20
-0.042;-2.574;-1.82;20
2.048;-2.899;4.01;20
2.472;-1.835;0.161;20
2.286;-4.341;-4.087;20
2.209;-2.284;3.656;20
1.76;-0.114;4.732;20
2.212;2.212;2.183;20
5.079;2.583;0.145;20
5.429;0.903;-3.303;20
4.991;-3.103;-4.996;20
1.685;-6.624;-1.065;20
1.805;-2.218;1.359;20
3.702;3.599;2.952;20
6.271;2.579;1.315;20
4.399;1.487;-0.682;20
5.617;2.314;-1.044;20
5.547;4.668;-1.811;20
4.354;3.941;-1.7;20
2.007;2.73;-5.247;20
-0.535;0.67;-6.595;20
-0.78;1.963;-7.826;20
0.768;2.418;-8.86;20
-0.55;1.092;-8.427;20
-1.75;1.2;-5.856;19
1.633;2.43;-2.297;20
4.7;4.626;-1.847;20
5.703;0.835;-2.671;20
8.627;-12.74;-15.136;20
-3.865;-17.657;5.231;20
2.914;-5.641;11.305;20
9.175;6.664;0.706;20
-0.119;8.415;9.104;20
3.748;4.181;3.782;20
3.205;2.804;5.374;20
0.225;0.285;6.475;20
-1.318;-2.825;8.672;20
-2.861;-6.095;5.189;20
-5.166;-6.02;3.981;20
-4.012;-4.196;2.367;20
-2.983;-4.29;6.683;20
-4.477;-8.129;12.85;20
-5.263;-8.863;17.357;20
-3.058;-8.397;-1.034;20
-0.155;-16.501;-24.483;20
1.43;-34.667;-2.385;20
-8.359;-4.115;-12.177;20
-4.61;12.39;-10.069;20
-4.382;13.694;-5.371;20
-2.031;13.275;-2.609;20
-1.374;13.033;-0.63;20
0.908;11.767;-0.078;19
2.097;10.648;0.298;20
2.68;9.177;-0.469;20
4.463;5.566;-4.604;20
4.112;1.276;-3.436;20
1.769;-3.88;7.837;20
1.958;-11.658;7.62;20
4.368;-21.302;9.591;20
-3.548;-16.893;7.899;20
-8.057;-14.495;6.065;20
15.283;-18.611;-10.709;20
19.521;-7.346;-9.33;20
7.107;1.414;2.656;20
-9.007;6.64;14.63;20
-7.237;14.105;4.993;20
3.214;16.127;10.289;20
7.29;17.782;7.396;20
6.886;16.945;3.254;20
3.842;16.135;1.778;20
0.658;14.047;-2.028;20
-3.167;10.519;-5.205;20
-6.159;6.697;-3.011;20
-3.256;3.498;-1.009;20
-1.528;4.094;-4.34;20
-2.998;-0.267;0.145;20
4.464;-32.912;-10.094;20
13.181;-43.156;15.809;19
4.049;-2.734;-1.776;20
0.721;10.074;-5.241;20
3.472;6.753;-2.209;20
5.684;-0.484;22.963;20
4.425;-17.301;31.447;20
-3.085;-17.518;-6.528;20
-7.807;-13.82;-7.58;20
-11.908;-20.14;-41.266;20
-12.599;2.467;-40.047;20
-2.226;7.753;1.207;20
-3.863;10.991;-7.5;20
-5.195;11.111;-3.557;20
-3.741;10.606;-0.292;20
-2.755;12.104;2.865;20
-2.111;12.793;2.63;20
-4.952;9.554;1.604;20
-9.464;5.316;12.089;20
-4.74;-1.145;3.923;20
1.162;-10.788;0.276;20
6.483;-21.919;2.02;20
6.336;-17.639;5.433;20
4.212;-12.72;9.911;20
10.277;-9.451;-5.163;20
1.095;-3.817;-10.602;20
-7.323;0.763;2.342;20
-1.027;7.997;16.919;20
6.661;17.546;17.821;20
8.329;20.19;10.523;19
7.322;19.331;5.727;20
6.622;16.091;2.544;20
4.804;12.509;-2.022;20
2.258;9.603;-5.775;20
-1.909;6.466;-8.14;20
-5.252;3.804;-9.062;20
-3.746;2.064;-5.828;20
-2.648;0.895;-0.583;20
-0.994;-17.677;-5.276;20
2.39;-33.365;7.875;20
4.84;-12.041;7.593;20
3.251;4.049;-0.052;20
1.286;4.857;-3.526;20
-0.097;1.051;15.384;20
3.223;-7.196;41.142;20
3.049;-15.603;-1.706;20
2.154;-13.375;-17.89;20
2.149;-18.803;-17.329;20
-5.596;-7.635;-49.788;20
-4.82;5.779;5.052;20
-5.8;7.244;-10.582;20
-5.455;11.968;-2.439;20
-8.23;11.044;-4.843;20
-7.936;9.181;-4.409;20
-4.88;10.269;-0.804;20
-2.833;10.476;0.702;20
-2.376;10.064;-1.008;19
-6.565;8.273;-1.317;20
-3.138;1.767;8.416;20
0.881;-10.916;6.479;20
6.027;-21.863;2.197;20
4.029;-15.812;-1.958;20
4.668;-15.407;4.087;20
3.009;-15.473;14.697;20
8.074;-11.654;2.215;20
0.01;-4.568;-11.997;20
-9.739;-0.473;0.839;20
-5.605;6.612;8.809;20
4.762;13.651;18.688;20
11.926;18.524;16.288;20
9.946;19.608;8.189;20
8.717;18.511;5.072;20
7.606;17.148;-0.283;20
5.69;13.904;-3.491;20
-0.356;10.252;-6.932;20
-7.379;6.861;-8.295;20
-8.5;1.568;-10.266;20
-5.796;-3.624;-11.097;20
-5.726;-3.698;-3.549;20
-0.334;-31.479;-8.744;20
0.265;-18.12;7.191;20
5.593;2.471;7.141;20
7.641;3.491;8.414;19
7.7;0.957;9.616;20
4.401;1.129;2.243;20
5.966;-3.777;-0.707;20
11.775;-12.855;5.251;20
5.658;-13.392;17.248;20
-3.355;-12.056;-7.088;20
-8.272;-9.451;-8.502;20
-11.298;-18.517;-15.969;20
-19.8;1.013;-53.968;20
-4.374;8.781;-5.787;20
-1.827;9.753;6.891;20
-4.002;10.627;-4.071;20
-4.434;11.205;-1.376;20
-4.303;11.331;1.32;20
-3.345;10.857;-0.113;20
-3.847;10.265;-5.058;20
-5.499;7.644;-0.367;20
-2.266;0.593;12.075;20
1.429;-8.857;4.606;20
7.239;-20.137;2.013;20
7.629;-20.724;3.173;20
6.272;-14.646;8.592;20
3.584;-9.517;11.835;20
3.586;-6.331;-6.604;20
-6.878;-0.975;-1.836;20
-7.181;2.784;1.723;19
1.581;9.141;14.25;20
6.888;17.051;16.737;20
9.196;18.666;6.363;20
7.371;18.534;4.387;20
5.33;17.269;2.072;20
3.464;13.796;-3.552;20
0.782;11.215;-6.126;20
-2.606;7.316;-7.676;20
-5.392;2.869;-9.775;20
-3.229;0.717;-6.447;20
-0.681;-5.328;-3.303;20
7.082;-24.659;2.211;20
7.941;-25.918;10.077;20
2.383;-4.085;6.422;20
-0.637;3.354;1.361;20
-3.98;2.192;5.125;20
-2.916;-3.745;24.678;20
-3.343;-12.404;26.86;20
-2.946;-17.92;-10.193;20
-3.334;-12.198;-20.323;20
5.053;-16.58;-46.332;20
-0.671;1.866;-14.814;20
-5.456;5.133;-6.408;20
-5.522;10.208;-5.602;20
-7.569;11.768;-3.421;19
-8.158;9.378;-2.733;20
-5.529;10.026;-0.371;20
-2.761;11.251;-0.297;20
-1.935;10.841;-0.967;20
-3.268;8.19;-0.178;20
-1.255;0.503;8.368;20
-1.548;-9.312;5.44;20
4.387;-22.333;5.991;20
5.173;-16.352;5.171;20
6.331;-10.112;8.385;20
3.595;-10.727;11.008;20
4.712;-7.538;-8.15;20
-1.443;-0.98;-13.3;20
-5.566;2.479;0.442;20
-0.994;7.653;14.274;20
6.272;14.354;16.269;20
9.665;17.073;11.351;20
9.81;16.705;6.789;20
7.669;15.569;3.593;20
5.225;13.566;-1.066;20
2.729;11.29;-4.089;20
-0.089;8.455;-8.357;20
-10.492;3.385;-24.353;20
-10.737;-10.638;-25.131;20
1.377;-7.601;20.745;20
0.386;-3.202;16.648;20
11.364;-18.532;18.597;20
3.422;-10.138;5.217;19
1.66;-3.372;-3.227;20
2.198;-3.111;-3.358;20
3.38;-7.535;7.882;20
0.0;-10.766;21.855;20
-4.727;-10.747;-3.674;20
-2.05;-15.157;-19.607;20
-7.85;-10.835;-50.854;20
-5.252;6.478;-15.508;20
-2.915;8.499;2.61;20
-5.961;11.607;-2.239;20
-7.52;10.507;-3.21;20
-9.756;8.334;-3.816;20
-6.455;7.571;-1.892;20
-2.193;8.747;-0.675;20
-1.072;8.368;-1.36;20
-5.509;5.368;8.573;20
1.922;-6.64;4.788;20
9.041;-21.481;-1.78;20
8.239;-19.097;0.412;20
6.962;-15.681;6.6;20
8.388;-14.757;15.473;20
4.708;-6.882;7.582;20
0.144;-2.542;-2.044;20
-9.429;3.449;2.971;20
-3.798;7.194;5.446;19
4.837;14.002;10.783;20
6.087;19.359;11.86;20
3.753;21.511;9.212;20
4.014;20.932;7.369;20
5.598;17.884;0.43;20
4.022;14.917;-2.796;20
0.239;11.226;-6.049;20
-6.048;4.627;-9.007;20
-9.839;-3.996;-20.309;20
-10.731;-14.129;-17.739;20
0.72;-30.715;12.431;20
3.67;-13.728;12.644;20
10.795;-5.181;11.251;20
6.069;1.203;2.382;20
4.315;3.682;-0.747;20
4.831;2.267;4.904;20
9.14;-8.069;15.027;20
6.119;-15.827;6.501;20
-6.282;-12.585;-12.392;20
-6.077;-11.542;-8.561;20
-8.779;-10.178;-40.304;20
-9.84;5.831;-28.276;20
-4.228;8.525;-0.769;20
-6.176;9.509;-2.882;19
-6.582;9.604;-3.195;20
-5.047;9.63;-1.468;20
-3.634;10.482;0.614;20
-1.698;10.234;-0.544;20
-1.611;8.153;-3.048;20
-2.348;4.469;3.908;20
-1.259;-2.323;16.111;20
0.096;-15.538;5.925;20
7.104;-28.272;6.569;20
7.798;-17.723;2.182;20
5.109;-10.075;2.983;20
12.445;-10.325;-17.421;20
-2.355;-2.788;2.585;20
-12.507;6.647;15.01;20
-2.067;13.202;13.776;20
5.475;16.295;10.439;20
7.331;17.919;10.091;20
7.853;17.178;9.175;20
6.747;13.451;4.6;20
4.173;9.961;-2.063;20
1.241;7.386;-6.841;20
-6.064;5.001;-19.733;20
-8.582;-0.537;-21.071;20
-7.045;-2.725;-6.983;20
-0.282;-12.151;-2.376;20
4.115;-15.054;12.643;19
7.28;-13.039;16.894;20
4.331;-4.134;9.968;20
1.653;2.061;5.033;20
1.087;1.635;12.11;20
1.689;-2.725;25.985;20
1.263;-9.991;-0.426;20
-2.361;-12.121;-12.691;20
0.703;-18.637;-10.948;20
-9.648;-10.227;-48.97;20
-7.377;3.712;-11.853;20
-4.749;7.467;-3.594;20
-5.269;9.792;-5.191;20
-7.258;10.155;-4.881;20
-7.796;9.336;-3.661;20
-4.295;8.885;-1.273;20
-1.668;9.671;-0.065;20
-0.529;9.125;0.012;20
-2.71;3.904;6.727;20
-3.632;-3.707;14.678;20
2.514;-17.529;3.193;20
11.169;-22.199;0.374;20
10.841;-15.156;2.474;20
7.009;-9.803;11.107;20
11.255;-8.182;-0.749;20
1.153;-1.327;-7.106;19
-11.169;4.315;6.237;20
-5.989;10.386;11.999;20
4.421;14.423;6.98;20
4.668;16.699;7.946;20
3.384;17.49;5.923;20
4.611;17.123;6.548;20
4.302;15.474;0.288;20
2.436;13.205;-2.216;20
-0.272;9.464;-5.061;20
-6.591;3.858;-10.635;20
-11.496;-4.045;-15.609;20
-6.226;-10.916;-16.788;20
7.199;-28.444;4.564;20
7.03;-17.723;17.256;20
6.971;-2.876;10.419;20
2.077;3.578;3.583;20
1.385;3.626;5.01;20
1.729;0.374;16.086;20
4.194;-9.695;17.083;20
1.779;-12.915;-0.853;20
-2.85;-13.736;-13.168;20
-3.642;-10.651;-12.065;20
-0.488;-7.976;-48.375;20
-5.763;5.058;-13.03;20
-5.498;6.882;-3.222;20
-6.33;9.035;-4.23;19
-6.591;9.458;-2.893;20
-4.377;9.1;-1.193;20
-4.007;10.328;1.569;20
-3.019;9.74;1.34;20
-4.8;6.491;-2.332;20
-7.081;3.111;6.853;20
-1.332;-7.183;5.295;20
8.054;-22.753;3.022;20
13.124;-23.0;3.086;20
8.606;-12.958;9.545;20
12.289;-10.227;5.185;20
5.406;-4.93;-18.374;20
-12.246;0.712;9.461;20
-9.837;7.969;13.631;20
2.103;13.385;10.638;20
3.783;17.703;10.68;20
2.809;19.334;9.726;20
4.98;17.442;8.294;20
5.561;14.953;2.396;20
2.871;12.762;-1.811;20
-1.005;9.574;-4.656;20
-8.61;3.718;-10.34;20
-21.503;-10.811;-41.271;20
9.93;-22.484;-3.334;20
8.343;-15.827;19.32;20
8.712;-8.959;17.074;19
5.963;-0.479;7.896;20
2.123;3.384;3.007;20
2.429;0.886;4.393;20
3.932;-6.088;11.516;20
2.647;-11.316;17.856;20
-1.955;-12.105;-1.979;20
-8.934;-9.254;-17.875;20
-2.863;-15.519;-20.829;20
-7.716;-1.189;-45.915;20
-3.404;5.867;-7.85;20
-4.661;7.068;1.637;20
-6.926;8.488;-1.564;20
-5.989;9.359;-0.269;20
-3.666;10.59;-0.919;20
-2.333;10.984;0.827;20
-2.553;10.3;0.74;20
-4.915;6.153;-4.262;20
-6.893;3.109;1.166;20
-2.97;-5.462;2.69;20
8.21;-23.506;7.75;20
17.381;-33.027;11.901;20
8.678;-17.682;7.342;20
12.77;-7.397;-19.715;20
-0.69;-2.577;-2.781;19
-13.084;5.286;12.367;20
-2.523;12.564;12.26;20
3.708;17.797;13.823;20
4.673;20.103;10.332;20
5.326;18.999;8.95;20
5.228;16.592;6.361;20
4.339;13.338;0.674;20
1.598;10.186;-2.883;20
-3.301;6.378;-5.195;20
-9.451;0.413;-7.571;20
-9.068;-3.551;-11.686;20
-3.086;-13.038;-22.163;20
12.874;-35.742;14.883;20
7.651;-14.553;18.397;20
0.687;4.281;0.818;20
0.136;6.045;-4.705;20
-1.032;4.346;5.424;20
1.688;-1.801;28.906;20
-1.473;-6.125;17.288;20
-0.23;-11.95;-15.982;20
0.573;-11.412;-17.322;20
2.495;-10.256;-46.69;20
-4.0;5.278;-19.623;20
-5.609;6.002;-5.036;20
-5.542;7.56;0.344;20
-5.089;9.318;0.491;19
-5.359;10.638;2.16;20
-4.434;11.024;2.148;20
-2.31;9.933;-1.358;20
-2.997;6.463;-7.196;20
-5.342;0.412;4.037;20
-1.125;-11.921;10.234;20
11.516;-31.009;11.187;20
11.09;-18.23;5.095;20
6.809;-8.316;0.538;20
14.921;-9.731;-20.455;20
1.781;-5.098;-2.596;20
-14.678;4.398;16.611;20
-7.855;10.494;14.348;20
6.565;13.978;11.171;20
7.424;17.188;7.688;20
5.17;16.547;8.51;20
4.531;15.938;6.647;20
2.556;14.704;2.432;20
-3.206;11.915;-1.208;20
-7.83;7.052;-4.766;20
-11.61;0.507;-5.502;20
-8.381;-2.23;-13.724;20
-4.102;-4.747;-12.458;20
6.285;-23.667;-6.013;20
16.6;-34.469;19.095;19
4.212;-2.941;8.005;20
4.249;3.898;-0.274;20
1.703;5.147;-1.552;20
3.231;1.777;18.898;20
4.759;-8.989;31.597;20
-3.567;-11.05;-10.636;20
-8.224;-5.941;-17.759;20
-0.13;-15.859;-6.377;20
-12.811;-5.392;-51.023;20
-9.541;5.848;-30.863;20
-4.0;6.478;2.945;20
-4.062;9.537;4.693;20
-5.187;12.566;5.26;20
-3.302;12.467;4.285;20
0.073;11.041;1.372;20
0.092;9.656;-2.231;20
-0.755;4.766;-6.309;20
-1.291;-3.555;-1.256;20
6.663;-24.884;10.493;20
12.219;-32.207;15.705;20
2.225;-8.196;2.554;20
7.465;-9.826;-20.624;20
-4.372;-5.006;-7.131;20
-8.348;0.441;16.774;20
2.939;13.576;22.874;20
10.315;17.779;14.429;20
6.837;19.769;9.904;19
4.937;18.47;7.795;20
3.986;16.413;7.424;20
2.565;12.732;3.421;20
-1.666;9.754;-1.549;20
-6.938;5.813;-4.24;20
-11.627;-3.263;-4.007;20
-20.1;-16.02;-35.963;20
7.561;-26.249;-21.753;20
12.958;-20.796;18.683;20
6.632;-0.372;13.505;20
6.308;4.228;9.282;20
4.172;4.801;4.956;20
3.461;1.793;12.651;20
5.394;-6.748;26.135;20
1.031;-11.761;10.315;20
-5.965;-10.93;-13.622;20
-1.814;-19.393;-22.955;20
-5.995;-8.997;-51.641;20
-5.821;6.651;-5.822;20
-6.202;9.099;-4.067;20
-7.132;10.476;-4.612;20
-7.698;10.065;-2.996;20
-6.977;9.87;-0.903;20
-5.247;10.771;1.532;20
-2.573;10.053;-1.641;20
-4.675;5.649;-4.707;19
-2.675;-2.127;9.86;20
10.764;-26.267;2.986;20
15.766;-28.462;2.999;20
11.738;-13.129;10.696;20
14.492;-6.943;10.856;20
7.263;-4.79;-16.186;20
-18.082;3.074;12.339;20
-10.601;10.712;16.368;20
6.217;14.607;11.006;20
3.682;19.285;8.44;20
2.116;20.368;7.347;20
2.998;19.136;7.2;20
2.48;16.324;2.688;20
0.721;13.508;-1.599;20
-2.206;10.956;-5.787;20
-5.902;6.204;-8.831;20
-10.039;-1.901;-24.331;20
-0.607;-16.436;-19.415;20
13.135;-45.175;26.268;20
5.407;-16.462;12.882;20
0.513;3.571;-3.118;20
-2.073;4.666;-2.112;20
1.495;0.89;24.72;20
1.47;-5.537;37.32;20
4.306;-12.824;-19.106;19
9.347;-18.82;-22.276;20
-2.214;-15.874;-54.859;20
-4.344;4.547;-2.674;20
-10.147;6.367;-11.269;20
-9.023;8.546;-9.762;20
-9.496;9.077;-3.607;20
-10.272;10.12;1.257;20
-7.097;11.201;0.961;20
-2.611;10.194;-0.11;20
-0.68;7.447;-2.906;20
-2.293;1.966;0.353;20
-3.149;-3.217;8.922;20
0.37;-15.698;8.156;20
6.536;-30.166;16.882;20
3.123;-19.345;2.719;20
8.071;-19.278;-30.642;20
-4.383;-11.722;-11.003;20
-14.487;-0.323;25.376;20
5.449;17.6;36.324;20
15.367;23.505;19.936;20
11.324;24.609;12.292;20
8.769;23.405;7.514;20
7.903;17.782;1.612;20
4.582;12.641;-3.512;20
-2.262;8.656;-7.311;20
-9.51;4.753;-8.49;19
-12.071;-1.124;-10.966;20
-3.761;-2.587;-10.756;20
-3.109;-0.805;-3.473;20
-2.246;-21.879;0.219;20
7.928;-27.189;11.575;20
3.634;-2.156;-1.968;20
1.265;6.838;-7.184;20
3.406;3.655;-0.983;20
5.586;-3.125;28.412;20
8.548;-15.061;27.503;20
5.198;-13.637;-19.646;20
1.86;-13.959;-22.834;20
0.019;-9.403;-46.142;20
-6.319;5.87;1.833;20
-9.257;8.548;-10.412;20
-8.921;11.392;-5.954;20
-9.839;9.593;-5.529;20
-8.472;9.206;-1.921;20
-6.943;11.011;0.005;20
-3.452;10.479;-1.087;20
-0.505;7.914;-2.834;20
-1.408;2.348;4.365;20
0.094;-5.217;10.686;20
5.962;-22.576;3.176;20
10.534;-28.782;5.161;19
5.101;-15.105;7.921;20
9.678;-15.336;-7.651;20
-1.871;-8.369;-9.225;20
-17.873;-2.882;11.339;20
-3.6;9.568;24.988;20
14.487;17.921;22.538;20
10.08;23.165;11.265;20
4.354;23.734;9.524;20
3.869;21.895;7.714;20
3.985;18.96;1.809;20
1.117;14.646;-2.521;20
-4.095;7.963;-6.083;20
-12.961;-4.989;-2.439;20
-17.935;-15.82;-21.81;20
-2.049;-6.734;-24.213;20
4.366;-9.339;0.287;20
19.214;-36.57;11.324;20
6.748;-5.285;7.871;20
1.977;10.569;0.323;20
7.077;7.167;3.21;20
11.076;-0.567;8.661;20
12.222;-4.773;13.787;20
9.714;-13.453;4.859;19
-5.411;-10.619;-12.628;20
-10.42;-9.638;-4.113;20
-15.985;-20.981;-0.865;20
-29.166;4.639;-67.019;20
-7.49;9.658;-11.067;20
-3.655;9.551;6.951;20
-2.917;11.645;1.555;20
-2.77;12.557;3.682;20
-1.883;11.64;3.77;20
-4.251;9.875;-6.195;20
-3.968;5.914;-14.423;20
-3.757;-1.001;-2.515;20
1.116;-17.0;8.735;20
15.621;-37.548;14.879;20
11.692;-24.163;9.039;20
10.273;-10.151;-17.11;20
5.101;-9.793;-12.522;20
-17.103;-3.084;8.798;20
-8.693;8.338;31.288;20
12.926;19.053;27.169;20
16.902;24.068;16.246;20
8.854;24.871;8.656;20
4.886;21.214;6.223;20
-0.538;15.198;-0.772;19
-8.678;10.268;-5.664;20
-11.529;6.29;-7.391;20
-7.241;-1.162;-4.402;20
-3.06;-1.431;-8.206;20
-3.041;3.171;-10.949;20
3.397;-11.167;-8.804;20
17.281;-39.798;9.043;20
-0.367;-6.351;7.722;20
-1.261;9.184;-5.281;20
-1.044;7.185;-1.445;20
0.843;-0.517;15.092;20
3.4;-12.251;42.129;20
2.409;-18.687;1.166;20
4.058;-8.223;-20.098;20
7.823;-20.29;-38.135;20
-4.623;-5.409;-22.436;20
-11.841;3.424;-7.613;20
-10.598;10.238;-4.625;20
-13.503;11.105;-6.568;20
-11.181;10.388;-3.662;20
-6.91;12.706;-0.117;20
-4.687;12.611;1.204;20
-1.214;10.831;0.507;20
-1.766;8.875;-4.975;19
-2.086;2.252;-5.547;21
-1.809;-8.297;3.82;19
7.812;-25.792;9.589;20
11.224;-27.426;8.741;20
8.845;-16.582;14.148;20
11.596;-14.312;-9.973;20
4.757;-8.889;-18.757;20
-13.038;-3.243;10.138;20
-3.757;8.151;23.346;20
9.19;20.725;21.399;20
8.732;25.039;12.635;20
6.203;24.583;7.322;20
4.71;23.363;5.217;20
4.121;19.684;3.044;20
2.243;13.471;-2.624;20
-4.395;6.774;-6.643;20
-9.341;2.299;-10.199;20
-4.026;-0.165;-7.834;20
-1.997;2.408;-2.533;20
0.691;-13.672;-5.194;20
13.632;-44.221;12.103;20
5.515;-18.416;4.661;20
-0.858;6.207;-8.51;20
-0.907;9.162;-6.972;19
1.398;2.147;2.76;20
4.471;-8.013;29.301;20
2.629;-17.767;20.732;20
-4.822;-9.259;-18.35;20
1.668;-18.904;-31.501;20
-4.423;-3.519;-39.407;20
-7.872;5.938;-2.172;20
-8.763;10.412;-5.78;20
-10.09;10.921;-4.434;20
-9.198;8.511;-2.478;20
-5.874;9.767;-0.567;20
-4.235;11.226;0.264;20
-2.824;11.254;-3.26;20
-2.507;8.486;-6.492;20
-4.726;2.806;7.575;20
-3.104;-6.958;11.796;20
5.377;-25.349;4.427;20
12.053;-29.768;3.589;20
9.276;-17.071;7.43;20
13.815;-16.008;-14.845;20
-1.948;-9.388;-8.053;20
-17.732;-0.35;13.597;20
-0.033;10.809;27.057;20
15.16;18.259;20.278;19
11.888;23.254;11.861;20
8.296;23.15;5.378;20
6.472;21.692;4.352;20
3.998;17.489;0.34;20
0.101;13.927;-5.386;20
-3.583;9.625;-7.019;20
-6.839;3.317;-5.232;20
-8.452;-3.139;-9.885;20
-4.993;-6.584;-12.333;20
2.183;-28.86;-4.47;20
3.082;-29.655;12.564;20
2.059;-1.354;5.963;20
1.703;6.157;-2.547;20
2.132;3.699;3.312;20
6.429;0.704;18.52;20
10.987;-2.445;19.908;20
18.3;-16.993;-12.273;20
3.423;-16.789;-15.704;20
-16.858;-15.076;-40.476;20
-12.832;1.506;-11.762;20
-9.71;6.234;-5.353;20
-6.482;10.062;-6.96;20
-8.998;9.626;-6.491;20
-10.664;8.314;-2.693;20
-8.64;10.245;1.514;19
-4.549;10.223;1.013;20
-1.709;8.476;-4.798;20
-5.707;3.889;-7.42;20
-5.917;-2.803;6.619;20
4.84;-18.631;9.503;20
11.706;-25.904;3.925;20
11.145;-17.833;5.648;20
8.791;-10.17;12.257;20
14.85;-6.656;-8.638;20
2.87;-3.347;-9.155;20
-11.378;2.975;13.297;20
-3.753;11.116;13.884;20
5.723;17.344;16.068;20
3.526;22.25;13.005;20
3.129;22.376;8.566;20
5.402;17.916;6.612;20
3.112;15.433;-0.21;20
-2.367;11.108;-5.976;20
-8.928;5.326;-8.279;20
-8.991;-0.968;-3.839;20
-7.996;-2.478;-6.99;20
-4.616;-15.676;-23.166;20
13.189;-36.028;15.01;19
5.218;-9.88;5.625;20
1.289;5.938;0.175;20
0.064;3.291;3.612;20
-0.221;0.871;10.137;20
4.922;-8.316;35.755;20
5.131;-15.845;0.221;20
6.916;-14.448;-22.578;20
12.822;-19.658;-51.177;20
-4.849;0.555;4.863;20
-11.339;4.79;-19.992;20
-9.89;10.294;-6.67;20
-12.415;9.699;-8.045;20
-10.929;8.107;-4.796;20
-9.992;10.034;-0.552;20
-6.658;10.982;-0.089;20
-2.143;10.6;-1.981;20
-0.263;7.904;-5.014;20
-0.581;-0.31;3.808;20
4.294;-19.512;11.103;20
7.21;-29.074;5.723;20
6.959;-16.854;2.826;20
8.103;-13.047;7.873;20
12.601;-18.47;-15.441;20
-11.956;-9.561;7.003;19
-16.576;2.899;19.262;20
9.035;14.435;26.412;20
12.44;23.516;16.268;20
6.475;26.52;9.684;20
7.538;25.555;8.797;20
7.177;21.603;6.468;20
4.867;14.589;-3.035;20
-0.082;10.999;-7.701;20
-2.793;4.581;-9.355;20
-10.366;-2.683;-5.792;20
-10.948;-9.845;-16.245;20
-3.662;-5.327;-11.359;20
6.002;-25.418;1.218;20
9.324;-25.006;14.415;20
1.516;0.145;1.611;20
-0.385;6.063;-0.361;20
1.242;3.797;12.137;20
5.346;-2.223;32.518;20
8.172;-12.927;6.34;20
7.024;-14.593;-27.579;20
-0.429;-18.092;-21.459;20
-18.432;-5.018;-38.358;20
-7.859;3.935;-4.235;20
-7.929;8.433;-9.223;19
-8.572;10.059;-7.812;20
-9.664;8.605;-7.201;20
-6.454;9.613;-2.446;20
-3.979;10.475;3.481;20
-1.797;9.368;2.86;20
-1.009;5.159;-2.588;20
-4.696;0.443;6.467;20
-3.58;-5.225;4.334;20
3.763;-20.238;6.848;20
11.897;-28.65;15.707;20
5.112;-15.755;2.472;20
12.643;-14.552;-18.744;20
-5.55;-5.343;-10.829;20
-12.005;2.125;19.275;20
5.405;15.688;24.793;20
10.102;21.751;14.453;20
8.961;23.411;10.548;20
8.878;22.323;8.176;20
7.93;18.1;4.214;20
4.406;13.741;-1.206;20
-0.954;10.468;-5.064;20
-6.201;6.978;-6.305;20
-6.121;2.728;-3.908;19
-2.245;1.175;-5.48;20
-0.78;-4.322;-3.435;20
6.698;-28.454;-7.376;20
8.838;-34.044;13.349;20
0.641;-3.711;-0.777;20
-2.31;7.383;-7.761;20
-2.487;4.343;4.471;20
-1.876;-3.853;35.739;20
-0.428;-17.081;17.541;20
1.011;-16.399;-22.325;20
0.863;-18.176;-26.188;20
-4.551;-6.21;-43.306;20
-7.122;4.025;-2.613;20
-5.214;9.368;-8.857;20
-7.934;12.272;-8.173;20
-9.931;9.264;-5.534;20
-7.882;8.751;-1.553;20
-5.629;10.259;-0.392;20
-2.011;10.342;-3.449;20
0.941;8.134;-3.807;20
-0.011;2.308;5.636;20
-1.224;-5.112;14.822;20
0.724;-16.241;6.357;20
6.814;-24.832;6.75;20
5.695;-15.393;11.023;20
6.065;-15.14;-3.292;19
5.661;-11.072;-20.959;20
-6.258;-3.727;0.302;20
-7.243;7.635;25.464;20
10.224;19.236;24.026;20
12.028;23.267;17.057;20
8.656;23.689;9.827;20
6.738;21.104;7.008;20
5.717;16.132;0.164;20
-0.872;13.806;-5.599;20
-8.719;7.509;-7.103;20
-10.436;-1.544;-2.876;20
-8.282;-6.492;-10.021;20
-5.019;-2.742;-16.253;20
1.48;-16.621;-10.39;20
15.412;-35.835;17.171;20
1.604;-2.972;5.252;20
1.455;6.722;-3.421;20
4.741;2.962;-2.182;20
6.859;-0.278;13.925;20
9.21;-6.434;30.203;20
10.654;-14.319;-7.721;20
-1.232;-12.284;-14.445;19
-7.902;-19.33;-35.211;20
-14.185;-0.984;-18.142;20
-10.702;7.714;-6.795;20
-8.638;12.283;-6.849;20
-11.058;10.987;-8.445;20
-10.345;10.112;-5.617;20
-6.162;10.453;-1.298;20
-3.269;10.324;-2.545;20
-1.2;8.947;-7.221;20
0.164;4.082;-2.923;20
-0.919;-5.415;15.069;20
2.847;-21.75;13.119;20
6.956;-27.491;2.467;20
7.076;-14.588;1.228;20
9.72;-13.507;1.99;20
15.368;-14.449;-18.299;20
-8.433;-6.104;15.043;20
-20.201;5.952;14.146;20
5.62;12.845;22.794;20
17.477;20.034;19.51;20
9.754;25.066;8.202;20
5.873;24.152;8.688;20
4.685;20.287;5.942;20
3.683;14.532;-3.959;20
-2.841;9.964;-7.602;19
-9.222;4.391;-7.721;20
-10.928;-3.423;-9.02;20
-4.575;-6.969;-13.936;20
-1.072;-1.417;-8.495;20
3.926;-11.25;2.834;20
18.518;-37.095;14.163;20
2.293;-7.954;6.952;20
-0.037;4.243;-2.571;20
1.767;3.085;-7.296;20
1.189;1.139;3.072;20
4.281;-2.243;35.358;20
1.627;-12.885;2.075;20
-4.8;-8.859;-18.935;20
-6.589;-15.813;-2.653;20
-18.3;-6.948;-52.599;20
-9.293;8.539;-17.087;20
-5.17;8.194;0.893;20
-7.008;9.363;-4.494;20
-5.875;8.981;-3.807;20
-4.227;10.452;-0.409;20
-1.846;10.808;-0.059;20
-0.108;9.477;-3.28;20
-1.194;4.487;-1.434;20
-0.885;-3.572;10.532;19
4.571;-18.971;5.404;20
13.341;-30.653;5.532;20
13.226;-19.864;7.125;20
15.287;-11.354;-8.849;20
4.417;-11.417;-14.597;20
-24.07;-3.171;12.519;20
-13.908;7.455;16.075;20
9.812;14.919;25.248;20
13.768;22.008;16.182;20
7.594;23.865;7.481;20
6.113;22.241;7.105;20
2.964;19.18;3.414;20
-2.457;13.858;-1.99;20
-6.431;9.661;-3.725;20
-5.621;4.999;-4.909;20
-3.832;-1.026;-4.571;20
-2.491;-2.836;-8.717;20
-1.825;-10.329;-16.07;20
13.603;-35.835;-3.139;20
6.423;-20.816;14.444;20
-0.826;4.651;-2.02;20
-1.615;8.087;-0.064;20
-1.745;2.154;7.673;20
1.838;-6.589;27.207;19
0.241;-14.156;28.908;20
2.831;-10.449;-22.652;20
6.534;-16.913;-24.133;20
0.199;-9.942;-41.445;20
-8.96;2.94;-3.151;20
-7.367;8.687;-8.714;20
-8.46;12.49;-7.053;20
-12.395;9.64;-6.808;20
-10.488;8.02;-3.908;20
-6.115;9.473;-0.918;20
-3.074;9.959;0.709;20
-0.436;9.647;-3.61;20
0.508;6.341;-7.455;20
-0.656;-4.005;9.532;20
0.88;-19.827;10.861;20
4.933;-28.528;6.409;20
8.947;-19.05;7.81;20
7.116;-11.81;2.505;20
10.817;-14.912;-21.522;20
-7.291;-6.276;5.813;20
-13.689;5.587;22.838;20
7.25;15.591;24.419;20
15.309;20.322;16.853;20
9.495;22.938;7.72;20
7.716;22.649;3.568;20
6.74;21.105;2.129;19
3.128;16.841;-4.039;20
-2.241;12.45;-9.671;20
-7.124;5.268;-6.277;20
-9.365;-1.804;-4.466;20
-5.579;-2.27;-11.162;20
-4.557;-6.895;-5.793;20
7.201;-35.387;3.444;20
7.13;-25.442;12.256;20
1.761;2.474;-3.337;20
-2.621;6.803;-1.964;20
-2.031;4.729;30.933;20
-3.41;-5.802;27.48;20
9.805;-20.448;-20.642;20
12.039;-17.009;-17.175;20
-6.301;-17.042;-48.358;20
-7.848;1.105;-1.524;20
-9.905;7.105;-14.081;20
-7.907;10.71;-5.263;20
-9.077;10.694;-6.511;20
-8.46;10.052;-3.886;20
-7.29;11.476;0.336;20
-4.288;11.577;1.123;20
-0.029;10.485;-1.407;20
1.314;8.89;-5.507;19
-0.091;3.216;-0.71;20
-1.545;-4.492;8.864;20
0.523;-19.318;13.882;20
5.957;-30.593;15.274;20
2.363;-14.503;6.477;20
13.119;-16.141;-26.208;20
10.93;-12.185;-23.787;20
-12.567;-3.385;14.297;20
-13.581;9.03;18.458;20
5.211;16.679;22.712;20
13.569;20.812;15.436;20
10.716;21.221;9.005;20
8.53;19.509;6.847;20
7.408;15.376;3.856;20
4.383;11.408;-1.528;20
-3.555;7.495;-4.306;20
-10.428;3.674;-9.954;20
-10.246;-0.712;-10.237;20
-6.219;-6.022;-9.971;20
-0.315;-14.811;-12.218;20
15.054;-27.003;13.892;20
8.636;-8.457;3.114;20
2.066;5.692;1.18;20
0.289;7.31;13.774;20
1.433;2.319;15.956;19
5.128;-11.856;23.262;20
0.659;-15.141;-4.005;20
2.085;-14.834;-2.33;20
14.869;-29.41;-51.845;20
-10.221;-3.947;-12.811;20
-10.081;2.92;-6.97;20
-12.409;10.596;-4.678;20
-15.544;10.409;-7.998;20
-14.983;9.462;-7.985;20
-9.274;10.344;-4.033;20
-6.594;12.113;-0.682;20
-3.729;12.074;-0.183;20
-0.058;10.002;-1.564;20
1.097;5.373;1.357;20
0.267;-4.052;9.376;20
2.178;-19.211;7.513;20
6.355;-27.534;4.595;20
6.872;-15.22;5.486;20
7.042;-14.132;4.651;20
11.785;-17.033;-17.833;20
-4.469;-8.453;-0.023;20
-15.662;1.732;14.017;20
4.096;13.371;27.287;20
17.325;21.255;22.766;20
12.543;25.645;9.029;20
8.157;25.005;5.774;19
6.051;20.579;3.623;20
3.103;15.215;-1.472;20
-0.486;10.81;-6.113;20
-4.321;6.993;-6.524;20
-7.217;2.364;-4.876;20
-6.204;-4.933;-4.277;20
-3.68;-5.139;-10.07;20
-3.402;-5.359;-4.668;20
1.989;-28.963;-0.215;20
4.047;-20.681;4.391;20
2.016;0.304;-5.739;20
-0.881;9.439;-6.989;20
-1.07;9.357;6.863;20
4.1;3.901;41.885;20
14.967;-21.494;1.187;20
7.31;-11.721;-11.576;20
0.424;-14.301;-19.134;20
-12.452;-7.429;-34.76;20
-7.625;-0.998;-2.664;20
-5.38;4.615;-5.774;20
-8.118;5.242;-7.622;20
-12.45;5.203;-12.298;20
-10.055;6.634;-7.803;20
-4.681;10.104;1.033;19
-2.84;11.331;1.786;20
-0.755;10.564;-1.183;20
-2.502;7.272;-3.531;20
-3.536;-0.04;7.04;20
-2.89;-11.216;10.034;20
1.099;-22.415;8.851;20
3.957;-17.413;7.912;20
5.264;-12.543;9.352;20
12.129;-14.74;-11.053;20
5.201;-7.952;-12.792;20
-10.206;-0.782;2.266;20
-2.731;10.69;23.139;20
14.759;17.314;22.654;20
11.994;22.939;11.783;20
7.924;22.334;6.524;20
7.256;19.126;4.221;20
5.095;14.638;-1.608;20
1.631;11.005;-7.953;20
-4.523;7.142;-8.053;20
-7.419;1.722;-4.693;20
-6.295;-4.936;-6.887;20
-3.528;-24.294;-15.873;20
7.553;-33.449;8.538;20
3.361;-2.676;4.746;20
1.563;8.533;8.18;19
4.01;5.54;11.58;20
6.428;2.582;28.853;20
12.44;-9.302;9.829;20
10.379;-21.103;-8.349;20
4.641;-28.035;-31.903;20
-6.442;-12.862;-29.671;20
-10.792;2.473;-13.425;20
-8.435;9.061;-4.963;20
-12.693;10.265;-7.722;20
-15.049;8.422;-10.22;20
-14.143;7.771;-5.81;20
-7.359;10.171;-0.955;20
-3.623;12.326;2.76;20
-0.014;12.074;3.443;20
1.237;11.454;0.976;20
0.05;5.775;4.751;20
0.817;-5.503;6.754;20
5.145;-22.209;3.669;20
4.137;-22.183;-2.621;20
5.669;-18.824;5.929;20
4.775;-15.366;10.615;20
8.303;-11.512;-12.799;20
-6.486;-5.61;-4.531;20
-12.202;4.661;11.446;20
3.6;12.479;22.06;20
12.575;20.671;19.536;20
7.733;24.314;10.537;19
8.412;21.901;8.655;20
7.191;19.07;0.117;20
4.037;14.978;-5.972;20
-3.255;10.474;-11.02;20
-9.58;6.034;-7.01;20
-7.812;-0.603;-8.775;20
-2.043;-1.929;-8.733;20
-5.72;-1.141;0.324;20
0.29;-20.197;3.412;20
8.072;-33.449;15.691;20
2.958;-8.644;1.571;20
0.108;4.721;-7.68;20
0.936;6.59;-4.556;20
4.353;0.571;27.344;20
9.766;-15.824;17.963;20
6.747;-19.794;-24.148;20
-2.464;-15.294;-29.392;20
-7.482;-2.151;-29.71;20
-8.164;4.78;-3.594;20
-6.31;9.268;-6.139;20
-8.089;9.958;-5.45;20
-9.392;8.043;-4.787;20
-7.39;8.5;-3.455;20
-3.975;9.587;-1.55;20
-2.531;9.359;0.919;20
-2.432;6.402;0.03;19
-1.062;1.879;4.1;20
-1.557;-5.469;6.253;20
-1.432;-16.371;2.603;20
4.223;-22.928;7.434;20
5.473;-14.898;11.791;20
7.069;-16.993;12.322;20
8.863;-10.723;-12.091;20
-1.487;-3.142;-11.146;20
-11.177;3.541;5.167;20
-1.045;12.604;23.104;20
9.112;20.152;18.343;20
8.832;21.697;8.329;20
7.617;20.28;6.827;20
5.876;17.557;2.053;20
4.128;13.372;-2.644;20
1.299;10.205;-5.112;20
-3.32;7.336;-7.434;20
-6.21;4.02;-6.168;20
-5.356;1.294;-7.921;20
-3.482;-4.726;-6.251;20
4.092;-27.64;-2.105;20
11.066;-35.564;17.216;20
0.095;-2.704;3.651;20
-0.008;7.152;2.359;20
2.821;5.329;6.464;20
6.507;-1.238;31.827;19
9.191;-15.187;-2.856;20
2.449;-17.127;-12.047;20
-1.751;-22.138;-34.835;20
-4.303;-3.054;-32.065;20
-8.966;4.294;-5.002;20
-9.267;8.757;-6.686;20
-10.595;10.18;-3.361;20
-11.813;9.087;-2.993;20
-7.272;9.363;-2.868;20
-5.671;11.192;0.692;20
-3.46;10.802;0.75;20
-3.766;9.151;-5.803;20
-4.841;5.015;2.902;20
-2.496;-6.981;10.124;20
5.759;-25.237;8.58;20
6.597;-24.041;1.733;20
8.414;-18.087;7.972;20
10.266;-16.942;7.547;20
11.154;-9.686;-19.975;20
-4.487;-5.361;5.221;20
-12.168;7.782;18.287;20
4.371;18.421;17.834;20
8.503;22.911;15.983;20
7.459;23.046;7.921;20
6.802;21.199;6.394;20
5.024;17.952;3.327;20
2.86;13.754;-4.015;19
-0.572;10.75;-6.921;20
-3.488;6.509;-9.221;20
-9.388;0.21;-6.691;20
-13.247;-10.21;-26.551;20
-0.102;-23.028;-13.211;20
7.853;-24.95;15.574;20
7.095;-6.653;17.738;20
1.028;3.403;15.756;20
4.879;3.803;7.982;20
13.33;0.861;23.498;20
10.312;-4.709;5.686;20
11.078;-23.429;-11.132;20
0.878;-27.586;-16.793;20
-15.95;-16.214;-50.137;20
-8.213;3.157;-4.553;20
-7.493;9.82;-13.42;20
-8.919;11.782;-9.879;20
-12.202;9.757;-7.016;20
-10.931;8.164;-3.338;20
-8.006;10.559;1.964;20
-5.534;11.169;3.174;20
-4.029;8.057;1.025;20
-6.187;2.322;6.488;20
1.418;-10.006;1.92;20
10.262;-21.976;-3.26;20
9.07;-20.214;2.093;19
9.472;-15.979;13.007;20
11.457;-17.023;-3.547;20
-9.056;-9.734;-3.881;20
-19.219;0.646;13.294;20
2.565;10.282;28.523;20
8.971;23.035;20.764;20
5.9;27.861;12.862;20
7.177;24.361;8.677;20
5.684;22.037;5.729;20
3.537;19.094;-0.694;20
1.421;14.022;-7.779;20
-0.81;8.333;-9.297;20
-4.235;2.416;-7.094;20
-4.931;0.981;-8.638;20
-2.334;-6.435;-12.493;20
7.503;-32.437;-2.723;20
7.632;-35.832;11.257;20
-0.713;-3.369;1.522;20
-3.191;7.033;-1.498;20
-3.176;3.934;14.687;20
-4.828;-3.056;40.442;20
5.424;-18.886;-15.06;20
12.554;-18.481;-17.498;20
-2.564;-19.833;-50.364;20
-4.674;-0.565;-10.698;20
-9.492;4.757;-14.4;20
-8.32;10.938;-6.152;19
-10.398;10.949;-5.198;20
-7.956;9.7;-1.486;20
-7.231;12.439;1.467;20
-4.189;11.931;0.728;20
-1.894;10.746;-4.396;20
-1.997;7.508;-6.732;20
-2.167;1.903;8.033;20
-0.204;-9.227;13.013;20
3.291;-23.512;9.729;20
6.482;-22.653;5.466;20
5.85;-11.984;8.108;20
12.786;-14.726;-5.397;20
8.932;-8.731;-18.781;20
-10.457;-0.279;12.271;20
-9.162;12.458;18.882;20
7.206;19.991;18.373;20
10.742;22.159;13.832;20
9.17;21.129;5.722;20
8.011;18.207;4.422;20
5.694;13.765;-1.027;20
2.062;10.488;-7.06;20
-2.705;7.785;-11.183;20
-7.914;3.299;-7.882;20
-8.43;-1.588;-7.437;20
-5.327;0.072;-6.92;19
-1.497;-4.731;-1.762;20
10.526;-31.81;8.471;20
7.013;-21.661;10.976;20
0.506;-0.48;2.361;20
0.103;3.583;-1.63;20
3.451;2.064;23.752;20
3.091;-5.176;22.417;20
11.256;-22.468;-17.417;20
2.618;-20.447;-20.535;20
-13.966;-13.32;-48.383;20
-6.562;3.859;-2.749;20
-7.666;9.167;-11.12;20
-9.83;11.456;-8.403;20
-11.903;8.676;-6.513;20
-7.753;8.931;-1.642;20
-5.094;11.728;1.74;20
-2.495;11.744;4.347;20
-1.031;9.773;-0.623;20
1.06;4.585;-0.413;20
1.712;-2.444;6.28;20
0.029;-13.329;5.743;20
1.852;-28.059;7.565;20
4.2;-21.506;15.521;20
3.693;-15.685;2.901;20
9.551;-17.799;-30.781;20
-5.804;-6.343;0.323;20
-8.371;8.699;28.382;19
8.821;21.055;27.641;20
10.805;24.911;15.669;20
9.587;25.035;8.811;21
9.225;20.592;8.295;19
7.013;14.565;-0.823;20
2.293;11.644;-5.271;20
-3.666;8.068;-9.459;20
-8.37;3.617;-8.299;20
-7.768;-1.053;-7.406;20
-5.401;-11.036;-6.913;20
1.073;-26.934;-0.981;20
7.464;-20.822;8.625;20
1.268;0.439;0.987;20
-1.211;8.012;3.346;20
6.173;3.852;10.492;20
10.835;-4.079;38.339;20
12.435;-18.52;-9.991;20
7.271;-23.97;-17.718;20
-9.25;-23.304;-52.825;20
-9.799;0.784;-5.677;20
-9.256;7.123;-14.355;20
-9.179;12.208;-5.634;20
-11.916;10.39;-5.444;20
-10.233;9.764;-2.499;20
-6.766;11.102;-0.642;20
-3.718;10.999;-0.624;19
-2.071;9.91;-2.281;20
-1.179;5.437;-4.967;20
-1.491;-1.446;8.615;20
0.219;-13.639;10.927;20
3.535;-22.839;6.223;20
5.813;-18.003;8.998;20
6.48;-13.74;14.465;20
10.409;-13.508;-9.702;20
-1.236;-3.046;-6.502;20
-10.217;6.922;12.399;20
4.303;16.994;21.117;20
9.336;21.491;13.382;20
7.822;21.125;6.812;20
6.804;19.926;3.695;20
5.383;17.474;1.66;20
4.259;12.944;-3.634;20
0.652;10.952;-10.382;20
-5.516;4.518;-16.174;20
-6.858;-4.736;-27.864;20
-1.168;-11.45;-8.678;20
0.496;-28.539;9.667;20
-2.915;-8.205;16.524;20
1.282;2.538;18.116;20
1.322;0.638;14.187;20
3.368;-0.9;4.743;20
7.836;-1.223;4.519;19
10.819;-7.511;15.311;20
11.43;-17.691;-8.718;20
3.574;-20.085;-13.836;20
-5.985;-16.647;-50.865;20
-7.61;0.763;-1.405;20
-11.167;6.144;-11.811;20
-7.362;11.157;-6.545;20
-11.127;10.44;-4.374;20
-12.568;7.762;-4.262;20
-9.713;9.557;-1.786;20
-6.11;9.578;-0.259;20
-2.757;8.527;-3.153;20
-1.466;5.955;-7.57;20
-1.977;2.095;2.577;20
-0.443;-8.539;14.367;20
2.6;-23.415;10.275;20
1.312;-21.04;6.065;20
2.335;-11.484;8.456;20
9.897;-16.651;5.117;20
13.058;-12.362;-26.107;20
-9.639;-7.358;9.945;20
-16.451;8.804;18.781;20
5.339;17.226;21.964;20
13.964;20.44;18.843;20
9.623;23.161;11.86;20
9.066;20.92;7.259;20
8.972;17.527;1.305;19
6.573;13.503;-3.996;20
0.54;10.396;-12.706;20
-6.219;4.705;-11.842;20
-12.665;-4.859;-7.383;20
-12.58;-11.966;-12.502;20
-6.07;-3.931;-14.093;20
-1.434;-14.362;1.712;20
6.712;-21.01;12.189;20
5.295;-3.815;11.04;20
1.174;1.036;10.124;20
7.352;2.371;7.936;20
13.872;2.132;11.209;20
13.838;-3.07;-2.039;20
17.078;-17.459;-14.769;20
-0.347;-16.428;-13.138;20
-22.156;-12.602;-25.817;20
-22.847;2.139;-25.025;20
-11.069;5.724;-2.047;20
-6.69;9.799;-6.002;20
-5.357;10.731;-4.364;20
-6.132;11.252;0.498;20
-4.061;10.695;0.307;20
-2.535;9.907;-2.696;20
-1.89;7.167;-8.793;20
-1.023;2.622;-5.441;20
-1.378;-4.718;11.99;19
2.856;-17.944;15.161;20
6.3;-25.132;13.101;20
5.431;-15.409;7.933;20
8.388;-12.791;-5.352;20
7.338;-9.886;-20.282;20
-8.219;-3.805;8.4;20
-6.603;6.95;22.0;20
8.605;17.936;18.615;20
10.598;21.778;11.617;20
7.765;22.178;7.351;20
6.31;19.652;7.051;20
5.394;13.581;2.86;20
2.504;9.03;-1.922;20
-3.295;5.72;-5.489;20
-10.261;-1.812;-9.367;20
-14.375;-7.344;-9.546;20
-13.237;-11.754;-21.23;20
2.139;-22.963;-22.948;20
6.251;-8.067;11.341;20
7.358;1.921;19.782;20
7.504;1.83;19.515;20
8.916;-1.183;11.397;20
12.598;0.01;3.839;20
11.128;0.127;1.099;20
6.951;-5.144;6.77;20
3.696;-14.396;-5.674;19
-5.13;-17.346;-7.578;20
-16.851;-10.189;-40.123;20
-14.518;5.143;-21.832;20
-7.038;7.931;3.757;20
-6.097;9.582;-4.265;20
-8.348;9.176;-3.957;20
-10.4;7.954;-5.344;20
-7.237;9.29;-2.415;20
-3.719;9.359;-3.573;20
-0.185;7.94;-7.754;20
3.052;3.348;1.006;20
3.022;-3.334;13.685;20
2.816;-16.699;9.802;20
11.905;-33.651;8.904;20
14.618;-16.891;2.015;20
17.464;-9.992;-13.894;20
8.77;-7.567;-8.823;20
-20.845;0.151;20.398;20
-16.845;10.455;16.912;20
6.816;12.236;17.444;20
12.374;15.533;11.904;20
8.954;20.341;5.447;20
5.645;22.346;5.444;20
3.912;20.161;1.843;20
-5.634;14.822;-2.156;20
-17.041;4.935;-5.775;19
-17.752;-5.821;-15.885;20
-4.971;-5.742;-31.974;20
1.625;-0.3;-7.099;20
8.214;-16.274;2.746;20
13.989;-33.583;14.627;20
3.993;-2.142;9.933;20
0.724;8.673;13.005;20
5.048;3.038;9.478;20
9.498;-0.031;-0.978;20
9.291;-1.647;-0.713;20
9.224;-7.788;5.796;20
1.705;-9.928;7.626;20
-8.366;-9.798;-6.129;20
-13.644;-9.562;2.983;20
-22.133;-20.8;10.631;20
-39.477;2.666;-71.966;20
-7.745;9.888;-24.354;20
-1.811;10.213;2.494;20
-2.189;11.183;8.179;20
-0.264;11.326;4.909;20
2.239;10.724;2.995;20
0.924;8.333;0.819;20
-0.82;4.648;-8.033;20
-0.059;-4.559;-1.962;20
12.167;-34.176;10.127;20
18.132;-33.043;8.229;19
12.364;-7.838;-12.65;21
-0.281;-1.052;1.016;19
-8.205;4.17;12.262;20
3.757;11.801;24.794;20
12.203;19.85;16.549;20
10.811;24.433;10.718;20
4.163;21.343;10.688;20
1.76;14.476;3.31;20
-3.072;8.913;-2.587;20
-11.194;3.063;-7.51;20
-13.862;-1.93;-9.026;20
-9.88;-2.377;-5.975;20
-8.829;-0.57;-6.932;20
-10.635;-20.736;-33.641;20
6.032;-27.405;-3.43;20
12.916;-4.837;12.867;20
14.069;3.931;13.232;20
12.482;3.63;13.568;20
11.02;4.831;10.434;20
11.909;3.708;-0.68;20
16.507;-5.965;-3.747;20
14.864;-13.791;3.586;20
-4.514;-13.484;21.499;20
-21.321;-20.882;7.889;20
-33.558;-29.068;-20.735;20
-29.162;7.38;-63.521;20
-4.174;9.617;6.432;19
-2.971;10.594;2.027;20
-3.57;12.562;-1.513;20
-2.455;13.138;-1.087;20
-0.042;13.619;0.468;20
1.764;13.781;0.512;20
1.48;14.446;-0.871;20
-0.895;9.374;-2.108;20
-1.94;2.895;9.053;20
4.133;-17.485;4.502;20
18.717;-38.044;10.479;20
10.119;-12.479;3.39;20
15.489;-6.267;-6.007;20
11.693;-1.503;-23.208;20
-5.717;-0.476;14.365;20
-16.77;8.864;12.795;20
-3.641;13.267;15.878;20
5.262;15.784;10.457;20
6.098;17.604;8.685;20
4.589;18.303;4.298;20
2.187;17.003;-1.468;20
0.48;14.323;-2.876;20
-2.314;8.171;-8.082;20
-13.216;-3.976;-2.896;20
-17.339;-10.014;-31.264;20
9.545;-16.393;-46.934;20
22.331;-49.703;15.438;19
-2.746;-1.625;32.873;20
3.731;7.237;16.987;20
3.773;4.66;6.636;20
3.285;2.772;5.74;20
-0.554;4.536;5.461;20
-1.265;5.873;8.091;20
5.669;4.348;-4.046;20
8.477;7.678;-3.749;20
7.818;3.866;-3.688;20
5.019;-2.157;-1.698;20
-3.808;-5.594;4.198;20
-13.156;-3.142;5.246;20
-12.672;0.385;-1.779;20
-12.539;2.73;-7.624;20
-8.84;6.275;-4.323;20
-4.53;3.778;-7.824;20
-0.825;0.356;-6.173;20
1.161;2.427;1.418;20
-2.041;1.475;-8.067;20
-3.84;-1.542;-1.889;20
3.177;-6.294;9.38;20
6.302;-7.839;-4.802;20
1.597;-7.282;-5.572;20
-7.208;-6.236;-4.161;20
0.135;0.819;-19.637;20
9.757;-0.171;-13.651;20
10.8;-6.641;2.206;19
9.55;-5.923;11.447;21
8.147;-3.703;13.487;19
2.797;0.553;12.89;20
-2.708;2.681;8.251;20
-1.984;4.399;8.61;20
-0.459;4.067;3.218;20
-0.049;6.415;-2.338;20
-3.524;8.273;-3.239;20
-5.805;3.578;-6.691;20
-2.852;2.056;-3.847;20
-4.133;1.655;3.087;20
-8.204;2.808;5.425;20
-4.047;2.78;0.142;20
-2.773;0.519;-3.697;20
2.278;-6.205;-3.252;20
7.085;-5.778;-0.513;20
2.013;2.374;0.97;20
0.578;1.789;-4.715;20
0.115;4.676;-9.989;20
0.024;4.814;-9.128;20
-0.354;1.539;-4.494;20
-6.152;1.078;0.965;20
-10.619;1.338;2.15;20
-8.32;0.561;0.4;20
-8.064;-0.457;-3.985;20
-5.651;-3.269;4.83;20
-1.693;-4.199;9.051;19
-0.768;-3.685;3.802;20
-3.391;-0.948;2.21;20
-4.776;2.588;-0.042;20
-4.133;3.252;1.735;20
-1.999;2.842;1.255;20
-0.839;2.501;1.435;20
-0.191;3.089;0.048;20
-0.706;3.963;0.307;20
-5.714;5.791;7.031;20
-8.034;7.334;7.738;20
-6.633;7.877;7.158;20
-3.209;7.093;8.042;20
-1.148;6.415;7.829;20
0.052;5.587;6.251;20
1.89;4.763;4.815;20
3.379;3.103;3.773;20
5.366;0.974;3.246;20
6.338;-0.174;2.674;20
7.465;-0.868;1.084;20
6.868;0.621;-0.263;20
6.084;0.704;-3.378;20
4.424;2.21;-4.961;20
2.688;2.449;-5.183;20
1.062;3.035;-5.745;20
-7.901;4.353;8.766;20
-8.934;3.649;3.487;19
1.818;0.049;4.489;20
1.038;2.126;-0.037;20
1.781;2.569;0.761;20
1.214;2.837;0.796;20
0.146;2.393;1.027;20
-0.656;2.381;2.716;20
-1.69;2.742;2.442;20
-1.94;2.845;1.994;20
-1.109;3.098;1.137;20
-0.996;3.411;0.73;20
0.42;2.058;0.09;20
1.105;1.533;-1.081;20
1.617;2.052;-1.82;20
1.375;1.472;-1.551;20
-0.157;1.125;-0.371;20
-1.029;1.103;-0.233;20
-1.021;0.646;0.143;20
-1.392;0.507;0.342;20
-1.56;0.516;0.198;20
-1.779;0.307;-0.562;20
-2.055;0.223;-0.563;20
-2.229;0.041;-0.393;20
-2.423;0.293;0.302;20
-1.696;0.639;0.153;20
-0.756;0.583;-0.814;20
-0.396;0.594;-0.001;20
-0.613;0.892;-0.759;19
-0.851;0.844;-0.799;21
-0.733;0.908;-1.045;20
-0.872;0.888;-1.771;19
-0.53;0.795;-1.306;20
-1.11;1.156;-0.806;20
-0.965;1.009;-0.308;20
-0.589;0.883;-0.004;20
-0.103;0.928;0.118;20
0.311;0.911;0.522;20
0.541;0.983;0.737;20
0.639;1.067;0.846;20
0.443;1.235;0.646;20
0.369;1.164;1.011;20
0.26;0.871;1.34;20
0.436;0.92;1.421;20
0.723;0.991;1.218;20
0.903;0.857;0.785;20
0.987;0.622;1.339;20
1.182;0.072;1.878;20
1.225;-0.11;1.966;20
1.686;-0.314;0.467;20
1.581;-0.225;-0.58;20
1.536;-0.084;-0.797;20
1.244;0.095;-0.74;20
1.302;-0.212;-0.406;20
1.228;-0.321;-0.352;20
1.278;-0.175;-0.61;19
1.276;-0.068;-0.733;20
1.074;0.07;-0.769;20
1.004;0.266;-0.64;20
0.757;0.598;-0.465;20
0.558;0.721;-0.174;20
0.093;0.734;0.593;20
0.077;0.685;-0.186;20
-0.084;0.024;2.253;20
-0.165;0.172;1.75;20
-0.327;-0.051;0.639;20
0.174;0.043;-0.969;20
0.865;0.405;-1.908;20
1.077;0.467;-1.205;20
0.953;0.523;-0.527;20
0.477;0.96;-0.541;20
0.293;0.877;-0.633;20

# Completed @Tue Jan 26 20:44:43 GMT+02:00 2021
