# Accelerometer Data File
# Started @Tue Jan 26 20:39:29 GMT+02:00 2021
#
#
# sensor Vendor: BOSCH
# sensor Name: BMI160 Accelerometer Non-wakeup
# sensor Resolution: 0.0023928226m/sec^2; Max Range: 78.4532; Min Delay: 2500 microseconds
# The sensor's attributes are the result hardware and the Android capabilities.
# It means that the Android may not utilize all features provided by the hardware.
#
# Some devices and Android versions save battery too much so the device may go to sleep.
# It just happens after couple of minutes from turning off the scree and it is easy to find it out.
#
# The following file provides the data from accelerometer in the m/s^2 format.
# The diff value is just a time delta between the samples
#
#
# data format:
# so we have 4 columns with values separated by the ";"
# X;Y;Z;time_from_previous_sample(ms)

# sensor speed set to:NORMAL
# units set to: m/sec^2
# gravity  filtered out
# Accuracy: HIGH
-3.673;3.589;4.926;0
-3.741;2.553;3.68;19
-3.058;1.329;2.45;20
-2.413;-0.035;1.066;20
-0.812;-1.549;-0.257;20
-0.005;-2.715;-1.886;20
0.178;-3.962;-2.499;20
-2.075;-4.237;-2.99;20
-3.447;-4.084;-1.837;20
-0.027;-7.871;0.842;20
1.665;-10.984;3.274;20
-2.339;-11.791;2.37;20
-8.669;-10.094;4.956;20
-19.351;-4.801;8.913;20
-22.674;0.428;10.194;20
-20.725;3.08;5.902;20
-20.078;6.425;1.361;20
-19.376;10.317;-1.621;20
-14.632;11.414;-4.632;20
-9.309;10.76;-7.218;20
-2.793;8.827;-9.087;20
2.954;5.834;-10.341;20
10.893;-0.318;-10.547;20
10.064;-3.412;-3.492;20
9.527;-4.637;-2.041;20
6.659;-3.397;-0.453;20
4.134;-2.357;2.609;20
1.864;-0.293;5.919;20
1.133;0.365;6.122;20
1.749;-1.281;6.673;20
1.967;-1.282;3.305;20
2.649;0.385;0.655;19
2.166;-0.202;-0.8;20
2.72;2.286;-0.959;20
0.217;0.195;1.334;20
-0.883;0.088;1.313;20
-0.782;-0.025;-0.393;20
1.863;-1.774;0.68;20
5.591;-4.788;0.937;20
5.66;-5.778;0.371;20
2.134;-3.935;-0.744;20
0.871;-3.626;-2.563;20
-1.261;-4.118;-0.644;20
-2.579;-3.273;-2.538;20
-1.293;-3.055;-2.09;20
-3.023;-3.544;-3.403;20
-5.74;0.964;-2.671;20
0.326;2.344;-5.49;20
4.054;-1.448;-4.637;20
-0.917;-4.557;-3.434;20
-6.85;-1.77;2.229;20
-3.526;-1.17;-2.847;20
2.974;-2.155;-0.301;20
5.103;-0.831;3.228;20
5.113;0.023;4.908;20
3.194;1.023;2.481;20
1.374;0.608;0.945;20
1.438;-1.907;3.585;20
3.251;-3.971;2.027;20
4.29;-4.136;-6.731;20
3.98;-5.423;-6.28;20
3.807;-5.583;-1.474;20
3.592;-0.395;6.282;19
7.081;-2.334;-1.098;20
6.82;-1.351;-0.776;20
3.2;0.138;-2.214;20
1.849;1.661;-1.742;20
2.196;2.821;-1.754;20
3.488;3.74;-3.128;20
1.279;3.781;-7.481;20
-1.688;3.823;-9.693;20
-4.029;4.188;-4.594;20
5.382;1.496;6.491;20
9.497;-0.125;5.258;20
8.941;-3.187;2.138;20
2.729;-4.684;-0.196;20
0.866;-3.214;7.571;20
0.694;-0.013;3.466;20
1.287;1.974;1.268;20
1.229;2.655;-0.301;20
2.095;-0.329;4.493;20
0.871;-7.999;18.446;20
-8.528;-11.475;38.724;20
-4.191;-25.663;13.278;20
-2.821;-33.85;-10.135;20
-8.559;-30.826;-55.777;20
0.979;3.198;-20.694;20
-3.525;11.553;-1.948;20
-5.393;12.93;-2.658;20
-3.157;14.46;0.468;20
-0.078;13.657;0.361;20
1.669;12.318;-0.36;20
2.621;9.824;-0.497;19
2.045;4.677;-5.067;20
2.857;-2.502;-6.777;20
1.196;-8.89;3.783;20
-1.344;-20.037;8.736;20
1.547;-30.443;7.864;20
4.036;-14.85;7.846;20
6.228;-9.517;-4.671;20
-3.784;-5.427;-1.761;20
-13.743;-1.322;5.827;20
-7.244;11.096;15.206;20
17.221;12.393;20.019;20
18.333;18.901;9.591;20
10.103;21.65;4.726;20
6.731;19.776;3.324;20
4.412;16.54;0.467;20
0.422;13.627;-3.517;20
-3.364;9.743;-3.874;20
-3.823;5.37;-2.331;20
-2.746;2.555;-0.847;20
-2.609;-5.819;1.772;20
-11.911;-18.171;-14.003;20
5.856;-33.01;5.067;20
6.857;-13.112;0.828;20
1.996;5.683;-3.532;20
2.765;5.556;-2.618;20
7.062;-3.746;24.353;20
5.834;-19.046;34.054;20
-2.214;-18.545;-12.614;20
-10.035;-18.151;-13.22;20
-18.993;-10.645;-63.248;20
-7.234;4.153;-4.279;20
-4.821;12.245;-7.874;20
-7.387;13.742;-6.593;19
-6.028;11.863;-2.551;20
-1.779;12.161;1.916;20
-0.119;12.833;1.619;20
-1.568;12.603;-5.064;20
-4.335;5.59;-10.265;20
-1.734;-4.17;4.168;20
-0.788;-11.541;10.46;20
-0.106;-23.157;8.433;20
8.556;-27.388;11.599;20
7.361;-12.495;10.409;20
9.852;-9.673;-17.234;20
-3.971;-5.712;-2.071;20
-14.99;4.519;9.619;20
0.464;14.994;28.212;20
20.743;18.02;17.891;20
15.41;22.295;7.085;20
10.78;20.995;5.766;20
7.735;17.169;0.859;20
4.363;12.213;-3.977;20
-0.959;8.673;-6.073;20
-6.045;4.522;-8.34;20
-8.113;-0.561;-5.969;20
-9.973;-3.226;-2.842;20
-13.469;-21.582;-19.962;20
5.944;-21.588;5.851;20
10.731;-6.724;6.67;20
7.855;3.552;3.847;20
7.51;2.833;9.958;20
13.479;-2.55;22.816;20
15.354;-13.603;23.726;20
0.773;-18.646;-12.936;20
-9.724;-29.144;4.4;19
-26.149;-16.108;-69.853;20
-9.14;6.376;-4.478;20
-4.533;12.993;-10.979;20
-7.998;14.389;-7.435;20
-9.965;11.945;-5.386;20
-5.543;11.705;-2.76;20
-1.849;12.184;-0.575;20
0.012;11.987;0.025;20
-2.111;8.352;-2.769;20
-3.475;2.516;5.517;20
-0.941;-4.083;6.355;20
-1.071;-18.227;3.127;20
4.743;-32.871;7.499;20
2.655;-16.712;12.49;20
8.043;-11.206;-0.514;20
1.802;-4.776;-11.778;20
-8.938;3.066;1.928;20
-0.283;13.0;24.507;20
17.079;16.956;21.352;20
13.948;22.237;11.155;20
11.597;20.954;8.039;20
8.493;18.173;2.169;20
4.398;14.346;-4.236;20
0.039;10.383;-6.775;20
-5.33;5.283;-7.761;20
-6.687;0.815;-6.763;20
-7.296;-0.159;-4.719;20
-9.798;-18.222;-5.331;20
2.451;-33.054;5.062;20
6.634;-8.866;6.199;20
4.689;3.729;-0.439;20
4.567;3.736;-3.737;19
6.917;0.346;22.635;20
8.474;-9.921;35.194;20
4.179;-21.699;-15.67;20
-6.404;-26.476;-6.651;20
-23.388;-12.728;-67.32;20
-8.087;7.833;-9.492;20
-5.353;12.113;-9.517;20
-7.667;12.402;-6.266;20
-6.682;11.216;-2.951;20
-3.609;12.263;0.413;20
-1.103;12.968;0.721;20
0.327;12.512;0.995;20
-2.525;10.744;-2.935;20
-1.932;3.463;1.118;20
-2.544;-5.39;6.157;20
-4.62;-21.481;8.564;20
3.825;-33.074;9.734;20
5.352;-16.102;10.671;20
8.489;-12.499;-6.401;20
5.279;-6.907;-13.635;20
-7.526;3.209;1.095;20
-3.92;13.813;24.287;20
14.295;17.473;23.415;20
15.782;20.64;12.239;20
12.817;19.009;7.139;20
9.061;17.171;0.718;20
5.059;14.277;-5.627;20
-0.427;11.002;-8.756;20
-6.936;6.499;-7.204;20
-9.434;0.347;-3.356;20
-7.167;-1.104;-8.802;20
-8.386;-6.846;-3.803;20
-1.502;-40.877;-0.968;19
4.646;-12.147;7.756;20
5.769;5.277;1.372;20
5.695;5.557;-0.795;20
9.699;0.809;7.449;20
17.125;-7.326;36.369;20
11.094;-16.611;1.198;20
-0.196;-18.343;-8.443;20
-14.758;-25.704;-23.894;20
-21.334;1.282;-54.114;20
-8.006;9.935;-5.552;20
-7.659;11.217;-9.15;20
-7.219;10.604;-4.532;20
-5.128;11.282;-1.288;20
-3.071;12.6;2.198;20
-1.042;12.122;2.199;20
-1.518;10.273;-3.155;20
-3.888;4.939;-0.088;20
-3.388;-3.26;8.364;20
-4.991;-15.581;7.74;20
3.168;-29.484;7.762;20
5.436;-16.096;8.547;20
4.538;-12.792;4.645;20
5.181;-9.559;-10.565;20
-6.23;-1.42;-4.481;20
-10.506;10.181;13.762;20
12.113;13.422;26.49;20
16.255;20.007;16.469;20
12.592;21.047;8.966;20
11.664;18.862;5.978;20
7.422;16.106;-1.291;20
2.665;12.736;-7.547;19
-3.22;8.693;-10.257;20
-11.59;1.277;-8.256;20
-27.711;-17.757;-28.691;20
0.734;-45.924;-31.684;20
15.08;-7.366;38.128;20
12.623;5.442;26.864;20
9.69;9.876;22.106;20
10.912;6.272;3.355;20
12.892;-1.712;-10.524;20
10.199;-16.94;15.68;20
-0.063;-26.307;4.965;20
-15.761;-25.158;-2.651;20
-22.628;-22.433;-48.083;20
-17.388;11.336;-37.28;20
-3.266;11.93;-1.897;20
-5.21;11.598;-8.732;20
-7.375;12.66;-5.7;20
-6.576;13.054;-4.314;20
-3.613;12.708;-0.936;20
-1.186;12.033;1.971;20
-1.339;7.956;-2.772;20
-3.46;0.987;5.531;20
-4.885;-4.542;10.927;20
-1.69;-18.589;7.337;20
11.683;-32.744;10.076;20
8.267;-14.98;8.665;20
12.823;-13.384;-18.911;20
3.161;-7.191;-2.375;20
-16.36;6.027;3.019;20
-5.041;13.534;24.551;19
15.853;19.246;23.177;20
15.164;24.442;13.337;20
11.265;23.263;7.73;20
7.421;18.988;3.369;20
2.272;13.85;-2.274;20
-2.93;8.908;-3.958;20
-6.247;1.676;-8.328;20
-9.342;-3.856;-10.983;20
-6.012;-3.973;-16.051;20
-3.494;1.854;-7.856;20
-2.615;-13.399;5.187;20
3.259;-30.583;15.132;20
-0.614;2.442;-0.662;20
2.387;6.791;-1.529;20
3.647;-0.969;2.722;20
5.376;-5.591;28.481;20
6.889;-11.53;41.176;20
6.737;-12.089;-29.262;20
8.266;-21.039;-9.594;20
-8.348;-22.265;-54.631;20
-9.034;7.694;-6.187;20
-7.982;9.674;-15.579;20
-7.217;11.719;-4.919;20
-8.918;9.174;-5.387;20
-8.026;10.508;-3.394;20
-4.791;11.884;-0.675;20
-2.477;11.202;-1.73;20
-2.533;9.172;-5.901;20
0.694;2.524;5.342;20
-0.295;-6.658;8.757;19
-1.792;-24.545;7.195;20
3.935;-29.359;10.327;20
7.045;-13.386;14.776;20
7.477;-7.447;-4.669;20
2.41;-4.948;-11.892;20
-9.891;6.415;9.82;20
1.71;16.475;26.169;20
12.929;20.977;17.814;20
10.616;20.899;7.45;20
6.65;19.278;3.913;20
2.906;16.448;-0.646;20
1.007;12.886;-4.86;20
0.143;9.72;-8.463;20
-3.7;4.293;-13.811;20
-3.345;0.189;-12.73;20
-4.186;-9.976;-12.701;20
5.279;-44.393;2.484;20
0.467;-12.353;12.335;20
-0.812;7.256;-0.758;20
-5.617;5.544;9.45;20
-5.039;-2.738;56.812;20
-8.783;-7.946;18.747;20
13.063;-23.243;-28.44;20
14.568;-25.735;-25.363;20
-0.534;-11.201;-47.879;20
-0.971;10.017;5.575;20
-6.409;8.557;-22.86;20
-6.545;11.667;-9.247;20
-6.576;10.183;-0.871;19
-9.438;11.436;2.358;20
-7.294;12.347;-0.489;20
-5.051;12.216;-6.164;20
-3.204;7.575;1.004;20
-0.75;-0.452;11.337;20
-1.372;-10.583;3.356;20
2.499;-24.043;4.261;20
0.424;-17.05;6.83;20
-2.401;-8.784;10.27;20
8.355;-16.442;-3.221;20
0.634;-4.747;-9.344;20
-7.216;2.576;-1.486;20
0.691;10.092;24.072;20
14.321;17.348;26.283;20
15.439;20.74;11.865;20
11.649;19.414;5.014;20
8.132;17.668;-0.056;20
4.939;14.113;-7.855;20
0.575;10.039;-11.09;20
-7.748;4.169;-10.052;20
-10.453;-2.659;-8.896;20
-7.884;-0.147;-5.798;20
-8.394;-4.083;-1.842;20
1.313;-28.357;10.486;20
9.971;-16.959;13.111;20
2.228;3.148;-4.261;20
3.691;3.565;-0.416;20
7.749;-0.874;20.689;20
10.848;-6.881;36.497;20
10.761;-17.021;-22.571;19
-0.258;-15.582;-12.311;20
-2.41;-21.376;-49.766;20
-4.54;4.866;3.976;20
-10.77;7.452;-19.851;20
-8.021;10.588;-8.615;20
-10.746;9.836;-8.634;20
-10.145;10.025;-4.949;20
-5.969;11.132;-3.051;20
-2.785;10.939;0.183;20
-2.29;9.311;2.19;20
-2.28;2.873;4.178;20
-1.579;-3.27;5.484;20
1.548;-18.889;3.399;20
5.714;-28.238;7.754;20
3.032;-18.109;12.273;20
0.822;-10.787;9.681;20
8.123;-7.67;-6.504;20
-6.673;-1.591;-11.658;20
-12.413;5.483;4.441;20
2.647;13.286;24.195;20
16.629;20.195;25.923;20
13.322;23.919;12.81;20
9.407;21.464;7.21;20
4.817;17.038;1.873;20
0.641;12.614;-4.543;20
-4.888;8.351;-5.394;20
-9.846;2.313;-6.252;19
-8.984;-5.308;-7.809;20
-5.877;-4.803;-13.445;20
-6.989;-18.936;-5.501;20
4.645;-29.334;-9.663;20
6.841;-5.635;6.809;20
5.941;4.622;2.121;20
9.169;5.04;6.484;20
8.713;3.276;15.05;20
14.388;-5.244;30.602;20
6.858;-12.098;-4.598;20
-5.347;-9.194;-16.385;20
-4.448;-19.109;-3.567;20
-13.572;-12.732;-55.714;20
-12.977;6.715;-22.716;20
-7.803;7.504;0.63;20
-6.008;9.334;-3.548;20
-4.197;11.049;-0.656;20
-4.286;12.082;1.981;20
-3.1;12.012;0.562;20
-3.075;9.218;-4.355;20
-7.08;4.546;-0.429;20
-4.034;-1.407;3.151;20
4.797;-23.395;6.336;20
16.939;-38.263;11.701;20
3.243;-10.731;5.368;20
8.267;-10.188;-16.83;20
-8.696;-7.224;-1.522;20
-16.194;3.189;13.338;19
4.741;12.57;29.818;20
15.702;20.343;18.752;20
10.34;23.687;11.925;20
7.643;21.617;10.779;20
4.95;18.349;6.091;20
1.868;13.816;-2.588;20
-2.589;10.652;-7.05;20
-7.873;5.106;-7.09;20
-10.024;-3.116;-3.168;20
-9.98;-10.823;-12.284;20
-4.656;-21.428;-32.445;20
9.918;-39.094;-0.264;20
1.005;-0.311;11.703;20
4.162;8.271;6.637;20
9.424;1.294;14.976;20
8.867;-1.005;11.545;20
12.672;-1.183;31.977;20
4.681;-3.597;7.131;20
2.499;-13.729;-24.696;20
-6.492;-13.34;-10.768;20
-12.377;-13.54;-40.933;20
-9.857;6.447;-14.887;20
-6.649;9.113;-6.28;20
-5.431;10.53;-6.398;20
-6.317;10.588;-4.686;20
-6.414;10.671;-1.591;20
-5.134;11.226;0.251;20
-3.355;11.453;0.557;20
-3.343;10.099;-3.494;19
-3.929;0.692;10.86;20
1.579;-15.411;2.955;20
14.477;-30.885;0.866;20
17.805;-20.554;-1.652;20
9.712;-12.346;7.972;20
12.766;-9.917;7.753;20
7.031;-5.625;-10.439;20
-14.602;-3.992;22.347;20
-21.458;12.128;2.548;20
3.695;12.381;6.893;20
11.913;14.632;12.088;20
7.701;19.956;9.339;20
4.465;22.324;7.301;20
1.159;23.403;8.356;20
-2.414;20.022;2.703;20
-7.923;13.584;-0.27;20
-11.281;3.788;-0.558;20
-16.969;-7.562;-1.998;20
-21.284;-18.982;-48.89;20
9.524;-45.425;-28.069;20
14.025;-21.97;25.242;20
5.923;5.823;16.685;20
9.634;4.896;13.901;20
13.224;3.005;10.135;20
12.206;3.972;3.643;20
11.059;-1.77;-2.848;20
6.337;-8.744;3.773;20
-1.606;-11.641;-2.821;20
-15.523;-8.163;-3.748;19
-19.937;-21.005;-13.143;20
-26.218;4.954;-69.261;20
-7.019;7.821;-11.817;20
-2.573;7.917;4.684;20
0.302;9.643;5.835;20
2.237;11.295;6.048;20
3.181;11.719;0.565;20
2.608;8.613;-2.078;20
-1.254;2.417;-1.422;20
-0.257;-7.901;5.4;20
13.066;-39.716;9.991;20
10.435;-14.949;-7.062;20
6.132;-12.539;-12.424;20
-13.738;-6.015;5.184;20
-11.835;2.761;18.867;20
6.099;12.959;20.046;20
15.229;21.847;20.36;20
12.025;25.091;15.276;20
3.941;21.606;9.257;20
1.629;17.111;5.15;20
-1.753;11.444;0.001;20
-6.447;7.443;-4.742;20
-9.312;2.56;-8.486;20
-12.587;-5.127;-16.995;20
-4.853;-13.157;-51.437;20
14.306;-42.065;10.395;20
2.387;-9.778;19.959;20
1.993;7.812;13.405;20
6.038;4.763;16.422;19
7.609;2.286;8.677;20
9.814;1.333;-0.505;20
11.336;-6.388;2.882;20
5.812;-13.51;22.236;20
-8.528;-13.205;-0.722;20
-20.19;-9.459;-3.35;20
-18.569;-22.55;-32.475;20
-14.965;7.692;-53.127;20
-3.13;8.276;0.753;20
-6.983;8.119;-5.074;20
-7.1;9.824;-5.093;20
-3.818;10.282;-2.245;20
-0.17;11.22;-0.404;20
2.461;11.36;0.355;20
2.858;9.798;2.648;20
-1.508;4.405;5.729;20
-0.543;-1.562;1.519;20
11.598;-28.757;7.719;20
18.261;-35.635;-0.473;20
13.71;-11.627;-13.791;20
11.256;-14.723;-10.451;20
-21.788;-5.465;12.968;20
-25.095;5.096;7.764;20
2.173;9.279;27.315;20
20.24;18.999;24.66;20
8.472;26.131;8.788;20
3.423;25.549;9.075;20
2.199;21.666;2.73;20
-1.206;11.697;-1.925;19
-3.841;6.33;-8.751;20
-3.699;3.313;-14.098;20
-4.188;1.314;-12.985;20
-2.478;2.898;-8.921;20
6.789;-4.634;3.687;20
11.618;-14.959;18.49;20
10.404;-19.006;7.379;20
-0.777;-3.008;0.839;20
1.425;-0.11;-2.088;20
0.914;-3.134;-4.488;20
-0.075;-12.59;1.649;20
-3.302;-17.716;35.13;20
-18.694;-3.869;20.259;20
-5.883;-12.277;-18.806;20
6.48;-25.521;-59.304;20
-4.759;-1.317;-14.292;20
-7.971;9.237;-6.612;20
-10.56;11.72;-7.149;20
-11.61;12.324;-4.458;20
-9.068;12.24;-3.1;20
-4.478;11.697;-1.41;20
-0.723;11.5;0.348;20
0.827;11.386;1.763;20
1.531;6.971;-3.439;20
5.042;-1.481;-1.921;20
2.21;-6.208;4.073;20
1.933;-13.043;3.279;20
3.421;-20.154;8.873;19
0.437;-15.792;16.556;20
0.831;-11.883;6.266;20
5.455;-14.326;-11.829;20
0.025;-11.47;-17.687;20
-13.547;-5.437;1.29;20
-2.951;9.489;36.726;20
15.354;21.483;29.609;20
16.13;27.545;13.859;20
9.976;27.514;9.178;20
7.679;22.776;2.101;20
5.895;14.057;-3.108;20
-1.045;7.789;-7.319;20
-6.181;5.151;-9.013;20
-4.517;1.857;-7.574;20
-2.779;1.82;-3.967;20
-2.096;-7.872;6.082;20
-3.857;-38.208;-14.477;20
5.343;-16.833;3.597;20
3.836;3.612;-5.472;20
1.822;10.94;-3.916;20
4.409;8.05;4.932;20
6.798;-1.38;33.057;20
12.063;-20.392;18.868;20
4.799;-15.502;-14.635;20
2.381;-18.666;-5.72;20
-2.304;-21.063;-57.232;20
-9.302;3.437;-10.821;20
-9.451;9.541;-8.747;20
-10.664;11.725;-7.83;19
-12.667;11.264;-7.776;20
-10.238;11.19;-2.867;20
-8.502;13.104;0.844;20
-3.872;13.1;1.491;20
-3.017;12.849;1.456;20
-3.226;8.178;0.161;20
-1.504;0.123;8.217;20
-0.868;-12.688;5.173;20
13.883;-47.048;13.0;20
10.247;-29.556;-6.06;20
17.811;-13.842;-13.15;20
19.051;-9.231;-18.467;20
-6.387;-2.527;22.852;20
-25.242;12.062;3.243;20
0.989;12.477;28.078;20
16.461;20.299;20.771;20
8.537;25.553;10.489;20
4.861;23.842;9.156;20
3.218;18.913;5.684;20
0.713;13.288;-0.252;20
-3.253;8.263;-2.63;20
-6.153;2.94;-6.796;20
-9.846;-3.213;-15.617;20
-7.074;-7.737;-19.479;20
1.735;-31.945;-15.265;20
5.041;-25.178;21.169;20
1.868;4.917;10.847;20
3.714;7.462;7.181;19
1.674;5.118;7.995;20
8.755;-3.471;8.472;20
12.382;-10.069;37.387;20
6.267;-17.762;-13.403;20
-2.856;-19.009;-24.758;20
-5.488;-20.703;-51.399;20
-6.48;9.071;-0.039;20
-10.126;8.236;-19.893;20
-9.045;10.82;-7.492;20
-8.62;10.316;-4.677;20
-5.548;11.649;-1.38;20
-4.479;12.361;2.507;20
-3.662;11.933;2.786;20
-3.398;8.725;-3.269;20
-2.438;2.825;-0.733;20
-2.566;-3.012;4.888;20
0.454;-20.974;6.027;20
8.481;-35.67;15.062;20
2.264;-14.831;10.652;20
9.786;-13.275;-18.552;20
-2.325;-6.79;-11.072;20
-15.908;3.095;7.222;20
-5.961;15.899;31.023;20
12.589;22.564;29.146;20
18.657;23.986;16.615;20
13.1;22.538;6.037;20
8.016;16.932;-1.087;20
1.744;11.524;-7.342;20
-5.718;8.626;-7.575;19
-9.507;3.455;-5.799;20
-4.611;-0.471;-6.223;20
-5.168;-1.728;-4.525;20
-2.1;-20.373;-3.44;20
4.514;-30.569;9.948;20
2.189;-3.456;0.793;20
0.04;4.999;-0.893;20
2.749;4.246;4.872;20
8.139;-1.657;30.476;20
15.897;-21.373;2.441;20
10.419;-25.419;-16.76;20
-14.404;-23.718;-56.539;20
-8.756;1.424;-10.391;20
-9.383;8.906;-15.184;20
-9.482;12.331;-7.566;20
-10.023;10.61;-5.831;20
-7.182;11.337;-2.593;20
-6.207;12.376;1.824;20
-5.117;12.384;1.669;20
-4.533;8.708;-2.702;20
-3.331;2.893;3.636;20
-1.789;-4.575;6.075;20
2.76;-19.43;3.498;20
7.864;-28.56;8.994;20
3.127;-15.494;16.002;20
10.454;-12.627;-2.356;20
6.188;-9.658;-18.402;20
-11.574;-1.364;-0.47;20
-6.894;13.651;33.33;19
11.564;22.949;30.751;20
15.713;23.63;12.296;20
10.082;23.488;7.068;20
6.633;19.738;-1.138;20
2.453;15.336;-7.851;20
-5.98;10.762;-7.356;20
-10.039;4.754;-3.97;20
-4.177;0.94;-4.339;20
-2.947;-2.09;-1.741;20
0.958;-27.221;-6.589;20
10.358;-34.151;14.103;20
1.632;-3.631;-0.258;20
-0.193;6.409;-9.359;20
3.057;6.251;-4.503;20
8.455;-1.498;38.383;20
15.007;-23.989;7.372;20
1.216;-19.837;-19.32;20
-15.161;-19.814;-52.07;20
-9.857;3.783;-20.629;20
-8.135;9.925;-8.109;20
-6.893;12.321;-7.646;20
-7.079;10.445;-3.885;20
-7.419;11.394;-1.268;20
-6.919;12.033;0.187;20
-3.901;10.37;-5.326;20
-1.375;4.804;-3.32;20
-1.361;0.808;11.633;20
-1.099;-7.139;5.204;19
4.698;-27.542;7.603;20
8.786;-26.817;15.38;20
3.615;-4.524;8.563;20
11.376;-11.494;-19.138;20
-5.381;-3.371;-3.695;20
-12.025;8.252;14.891;20
6.849;18.014;29.62;20
14.341;22.387;17.548;20
11.679;21.614;8.405;20
7.242;18.774;2.434;20
3.708;13.306;-4.343;20
-3.431;9.477;-6.37;20
-9.895;5.354;-7.532;20
-5.812;2.44;-6.223;20
-3.181;0.646;-0.959;20
-1.021;-17.927;-4.97;20
5.555;-32.811;4.735;20
3.298;-9.622;3.74;20
1.371;4.644;-3.391;20
3.319;4.851;1.699;20
5.752;-0.533;24.178;20
7.573;-10.169;30.216;20
6.964;-18.887;-24.294;20
-2.501;-25.51;-26.392;20
-17.194;-3.93;-49.956;20
-9.972;7.376;-2.732;20
-7.56;10.371;-7.472;20
-6.144;11.343;-3.448;20
-8.396;12.054;-1.764;19
-8.482;12.686;-2.996;20
-5.444;11.268;-4.084;20
-2.851;7.175;-13.628;20
-0.917;1.082;-1.063;20
-1.905;-6.852;11.186;20
1.49;-28.695;16.104;20
10.24;-42.556;15.131;20
4.163;-11.241;-10.251;20
7.828;-16.845;-21.971;20
-8.218;-8.51;10.783;20
-6.136;8.937;33.988;20
13.855;26.514;32.48;20
21.857;30.818;19.06;20
12.399;27.353;11.548;20
5.484;21.312;8.87;20
1.771;14.138;0.687;20
-6.102;8.467;-4.968;20
-10.559;3.714;-5.938;20
-8.3;-2.181;-5.998;20
-5.482;-4.413;-6.776;20
-7.08;-10.743;-8.809;20
-0.713;-38.576;-7.224;20
3.498;-19.033;-6.774;20
2.699;7.927;-1.576;20
7.904;7.931;-1.264;20
10.192;2.809;-5.891;20
15.929;-0.219;18.365;20
15.072;-8.742;43.21;20
3.064;-14.955;-26.535;20
-7.037;-12.721;-2.948;19
-23.975;-17.172;-44.539;20
-17.321;8.472;-35.247;20
-6.52;9.186;3.278;20
-5.744;10.619;-4.832;20
-4.609;12.409;-0.992;20
-4.941;13.177;-0.339;20
-4.615;12.547;-1.889;20
-4.45;10.156;-8.902;20
-3.857;3.721;-8.952;20
-4.098;-3.465;9.802;20
1.209;-22.656;15.233;20
17.473;-45.244;16.15;20
6.696;-11.732;-1.631;20
10.942;-8.569;-21.626;20
-7.523;-5.508;-2.8;20
-14.503;3.22;19.891;20
7.024;17.46;32.595;20
19.302;25.339;22.955;20
13.122;26.219;10.818;20
7.051;22.488;7.37;20
0.934;17.106;1.73;20
-7.69;11.219;-3.561;20
-7.882;7.065;-5.327;20
-3.868;3.466;-4.279;20
-3.952;-0.135;-3.256;20
-4.219;-18.236;-21.634;20
12.393;-39.424;-0.404;19
5.21;-9.323;1.305;20
3.151;7.175;1.591;20
3.4;8.022;0.777;20
4.995;4.005;14.059;20
8.342;-6.647;40.202;20
6.039;-19.262;0.08;20
-3.264;-14.613;-10.919;20
-9.812;-30.757;-31.711;20
-18.582;-2.224;-43.8;20
-7.273;8.595;-1.972;20
-9.698;12.143;-10.158;20
-12.959;10.033;-7.513;20
-8.913;10.131;-2.953;20
-4.377;12.659;-0.857;20
-1.725;12.64;0.673;20
-3.386;10.867;-3.234;20
-3.205;2.823;3.03;20
-0.718;-3.982;7.794;20
6.641;-19.273;4.682;20
13.472;-33.076;5.703;20
7.784;-15.253;11.984;20
11.688;-5.82;3.634;20
6.158;-4.152;-8.778;20
-14.37;1.685;1.74;20
-9.188;10.465;13.757;20
8.597;17.562;25.719;20
12.125;24.1;16.256;20
9.356;24.741;9.246;20
6.919;20.558;2.376;19
4.87;15.249;-4.674;20
-0.216;10.119;-7.179;20
-5.922;5.439;-7.632;20
-6.851;0.883;-6.34;20
-5.226;-3.69;-6.042;20
-1.707;-23.163;-14.98;20
5.502;-25.592;4.937;20
5.041;-6.68;6.75;20
2.866;4.437;-1.208;20
3.667;3.809;10.486;20
7.705;-2.503;30.227;20
10.123;-12.409;15.785;20
6.263;-15.118;-22.018;20
4.857;-29.338;-20.295;20
-8.986;-12.681;-45.23;20
-11.013;4.192;-10.887;20
-10.488;10.958;-8.897;20
-12.245;11.033;-4.436;20
-12.839;10.863;-2.651;20
-11.755;12.493;1.015;20
-6.069;12.033;-2.622;20
-3.43;11.443;-9.27;20
-2.435;6.309;-7.083;20
-2.041;-1.718;15.809;20
-0.63;-16.16;11.295;20
4.481;-34.671;10.362;20
7.087;-21.146;14.747;20
7.146;-9.254;5.368;19
15.814;-12.829;-29.848;20
-7.926;-3.077;10.299;20
-10.648;14.431;22.777;20
7.859;22.072;26.133;20
11.36;24.738;16.628;20
9.638;23.972;9.203;20
5.379;21.04;5.726;20
3.861;15.741;-4.123;20
2.325;11.934;-9.283;20
-2.261;6.434;-8.842;20
-8.234;0.279;-7.447;20
-8.778;-5.898;-12.561;20
0.045;-31.29;-16.266;20
7.003;-25.488;12.963;20
5.024;-1.111;6.075;20
3.516;5.575;3.392;20
4.473;3.867;15.274;20
11.586;-3.89;46.636;20
12.184;-16.53;-16.473;20
6.541;-24.953;-10.859;20
-12.89;-30.433;-51.337;20
-7.003;0.806;-15.966;20
-8.582;8.284;-17.92;20
-9.951;12.619;-10.025;20
-14.242;10.882;-9.007;20
-11.699;10.65;-2.439;20
-6.35;12.217;1.573;20
-2.917;12.61;3.604;19
-1.967;11.221;-0.527;20
-4.242;3.846;4.348;20
-3.48;-4.51;7.098;20
2.557;-19.51;5.433;20
4.944;-24.591;5.376;20
0.113;-13.512;15.068;20
6.025;-16.732;0.499;20
1.127;-11.765;-17.3;20
-8.776;-4.29;-7.513;20
-1.398;8.678;38.477;20
17.442;20.777;31.436;20
12.624;26.448;11.296;20
7.819;27.627;9.985;20
4.506;24.704;3.416;20
3.662;19.218;-4.316;20
-0.006;13.806;-5.698;20
-3.486;5.38;-6.47;20
-6.929;-2.322;-4.594;20
-8.161;-8.459;-9.336;20
-6.649;-32.582;-12.187;20
4.855;-24.856;-0.645;20
6.223;-4.702;1.083;20
3.064;8.54;-2.463;20
9.023;8.47;12.785;20
16.452;-0.907;30.679;20
20.705;-14.736;6.235;20
5.687;-19.803;-19.752;20
-4.732;-27.227;-12.063;19
-16.966;-12.66;-53.46;20
-10.374;7.817;-8.388;20
-8.202;11.695;-13.002;20
-10.157;10.877;-6.105;20
-11.841;10.262;-3.143;20
-7.882;11.407;-0.81;20
-3.922;11.624;0.606;20
-1.998;10.748;-3.516;20
-2.542;6.03;-4.517;20
-3.581;0.265;11.62;20
-3.778;-5.247;9.7;20
-1.639;-17.429;4.058;20
2.474;-24.392;11.379;20
1.213;-14.785;13.818;20
8.376;-16.604;-17.462;20
3.414;-10.438;-17.639;20
-14.64;-0.868;12.924;20
1.803;14.383;35.687;20
17.398;20.926;24.687;20
12.362;24.42;9.297;20
7.782;24.528;7.172;20
4.992;21.254;1.841;20
2.639;15.68;-5.53;20
-3.769;10.402;-5.546;20
-6.184;4.579;-5.238;20
-3.875;-0.074;-5.719;20
-3.666;-8.75;-3.458;20
-0.419;-36.07;-9.277;19
3.276;-19.653;10.411;20
3.636;1.684;1.116;20
3.374;6.505;-6.606;20
3.999;3.81;0.537;20
10.206;-5.846;40.35;20
11.925;-17.395;6.394;20
3.136;-18.491;-17.603;20
-7.159;-27.711;-34.271;20
-11.843;-1.817;-34.48;20
-10.313;8.367;-12.257;20
-10.03;12.203;-11.68;20
-9.799;10.874;-6.527;20
-7.075;11.409;-1.388;20
-4.294;12.213;1.461;20
-2.429;11.846;3.891;20
-2.918;10.335;-0.644;20
-1.925;5.434;-2.668;20
-0.744;-0.301;5.47;20
-1.1;-11.101;4.351;20
1.483;-27.735;7.691;20
3.622;-20.722;12.537;20
4.348;-10.137;12.149;20
10.594;-12.278;-14.982;20
0.839;-4.895;-6.295;20
-12.664;4.773;5.443;20
-0.717;15.918;33.721;20
16.559;20.787;24.033;20
14.575;22.442;5.748;20
7.971;20.712;2.547;19
4.628;17.336;-2.371;20
0.428;11.817;-8.388;20
-8.403;9.127;-9.25;20
-8.888;4.285;-7.269;20
-5.021;1.453;-3.734;20
-4.41;-16.799;-5.713;20
3.64;-28.487;2.175;20
12.79;-19.664;8.798;20
1.823;5.134;-1.564;20
3.448;8.428;2.433;20
6.838;5.362;8.19;20
18.371;-8.065;38.914;20
8.582;-20.966;-14.255;20
-6.44;-21.1;-4.169;20
-9.936;-29.125;-50.48;20
-9.403;1.268;-15.347;20
-7.028;9.261;-12.079;20
-11.738;12.66;-8.017;20
-15.52;10.6;-6.929;20
-11.767;9.684;-4.833;20
-5.575;12.14;-4.373;20
-2.828;12.5;-0.344;20
-0.884;9.415;4.627;20
-0.465;2.843;7.935;20
-0.502;-3.762;5.2;20
2.825;-20.005;0.381;20
6.72;-29.628;3.105;20
5.142;-17.458;10.993;19
9.397;-14.278;3.139;20
4.733;-10.859;-7.024;20
-15.48;-1.34;2.235;20
-6.631;11.052;26.723;20
15.245;20.73;29.213;20
14.608;26.617;13.024;20
8.023;27.212;9.049;20
5.384;23.119;4.794;20
1.923;16.159;-4.98;20
-4.444;10.391;-6.965;20
-8.941;4.519;-6.476;20
-6.057;-2.613;-6.44;20
-3.475;-2.795;-10.546;20
-3.084;-3.064;-7.449;20
6.937;-28.335;-3.819;20
9.821;-23.4;5.737;20
1.928;3.512;2.556;20
2.068;5.041;2.335;20
3.597;2.188;11.167;20
8.589;-7.882;35.41;20
5.955;-14.786;9.593;20
-2.148;-14.006;-23.427;20
-4.234;-30.135;-23.082;20
-10.49;-6.832;-42.009;20
-9.797;7.975;-14.945;20
-9.116;12.153;-10.276;20
-11.202;11.553;-8.424;20
-8.758;11.097;-3.845;19
-6.355;12.748;1.946;20
-3.633;12.614;0.049;20
-1.637;8.658;-5.103;20
1.637;0.217;5.222;20
3.183;-11.622;7.433;20
6.766;-30.992;3.316;20
7.623;-24.063;6.657;20
5.911;-7.341;10.891;20
14.497;-16.686;-19.167;20
-14.366;-7.76;9.859;20
-19.551;5.219;13.725;20
4.51;17.654;34.265;20
19.395;25.483;20.84;20
11.429;27.214;8.291;20
7.77;23.515;6.206;20
6.141;17.72;0.241;20
2.552;11.136;-5.006;20
-6.425;6.973;-5.849;20
-10.908;1.755;-9.426;20
-11.229;-2.708;-14.129;20
-6.501;-6.891;-11.817;20
4.038;-22.831;-10.878;20
14.679;-23.417;14.479;20
6.799;-1.105;9.391;20
5.123;4.787;6.87;20
6.418;5.213;6.707;20
17.417;-2.609;20.728;20
17.27;-17.006;2.812;19
-7.2;-20.528;-5.075;20
-16.919;-39.649;-15.219;20
-23.563;-5.807;-60.165;20
-8.166;10.55;-3.54;20
-10.31;11.891;-12.702;20
-13.321;11.296;-8.803;20
-10.288;11.211;-4.652;20
-3.74;13.121;-2.747;20
-0.451;13.007;3.388;20
1.298;12.72;5.959;20
1.711;7.895;1.401;20
0.55;1.553;3.103;20
-1.073;-6.846;2.189;20
2.628;-24.709;3.652;20
9.201;-31.935;11.494;20
3.752;-13.071;7.331;20
7.472;-14.795;-16.869;20
-9.266;-6.272;-5.042;20
-16.183;6.62;22.585;20
8.441;19.506;35.28;20
15.712;26.888;20.783;20
12.924;27.29;11.157;20
9.354;24.906;7.615;20
5.796;18.75;-0.758;20
0.112;13.229;-6.121;20
-5.436;7.398;-7.361;20
-8.036;0.294;-7.181;19
-6.163;-4.817;-10.365;20
-4.726;-6.287;-7.628;20
3.245;-40.645;-9.784;20
9.013;-21.987;5.325;20
5.028;6.341;2.384;20
3.827;9.916;6.048;20
7.648;6.846;18.047;20
16.234;-3.616;36.021;20
15.205;-19.069;-18.961;20
-8.401;-13.268;-11.778;20
-8.557;-34.672;-12.749;20
-16.216;-4.822;-55.759;20
-9.183;7.234;-6.439;20
-9.427;10.419;-11.574;20
-11.858;10.947;-7.027;20
-9.186;10.892;-4.347;20
-5.085;12.754;0.703;20
-1.705;12.507;2.742;20
-1.369;11.027;-0.767;20
-4.114;6.004;0.782;20
-4.003;-1.16;9.388;20
-0.93;-14.322;4.044;20
7.467;-31.317;5.563;20
7.634;-19.295;9.936;20
8.887;-11.746;1.113;20
9.665;-11.079;-13.788;20
-11.896;-0.519;2.577;20
-12.374;11.941;21.656;19
10.686;18.902;27.303;20
13.924;23.87;17.994;20
10.285;23.977;9.5;20
7.23;21.125;5.873;20
5.07;15.81;-3.427;20
0.794;10.47;-7.218;20
-4.795;6.727;-8.541;20
-7.609;1.493;-9.669;20
-5.671;-4.119;-9.553;20
-5.529;-5.524;-6.312;20
-0.809;-32.522;-1.856;20
8.079;-25.867;12.003;20
2.62;3.369;1.251;20
4.425;5.536;-5.264;20
8.896;3.41;3.194;20
15.593;-2.086;51.586;20
11.722;-10.476;-13.735;20
0.823;-17.727;-15.122;20
-12.185;-28.079;-17.444;20
-22.895;-3.265;-51.483;20
-8.079;8.487;-6.2;20
-9.195;9.945;-10.715;20
-8.916;9.963;-6.702;20
-7.533;10.619;-4.397;20
-2.796;11.415;-1.489;20
-0.703;11.147;2.476;20
-0.948;10.47;2.482;20
-2.508;4.269;2.16;20
-4.495;-0.041;9.134;19
-2.504;-9.504;3.165;20
6.508;-31.64;5.424;20
7.192;-28.86;8.975;20
12.431;-19.025;-17.183;20
6.973;-15.296;-8.682;20
-19.381;-2.219;9.714;20
-8.313;11.754;28.025;20
10.618;22.964;29.181;20
12.695;29.488;13.159;20
9.472;28.661;11.5;20
6.937;22.929;7.499;20
4.439;14.904;-1.907;20
-1.081;8.156;-5.779;20
-5.445;5.615;-7.419;20
-6.261;1.101;-10.826;20
-3.662;-1.606;-8.706;20
-2.926;-13.166;-12.002;20
5.716;-28.627;3.665;20
5.199;-10.983;10.104;20
3.46;0.77;7.244;20
1.976;3.046;4.159;20
3.346;0.047;5.451;20
11.474;-9.878;26.819;20
6.793;-13.622;7.743;20
-0.574;-18.31;-19.577;20
-3.904;-29.925;-43.585;20
-8.11;1.249;-20.654;20
-10.008;8.492;-16.482;20
-9.647;12.004;-9.928;19
-11.779;10.66;-6.695;20
-8.583;10.832;-3.774;20
-4.707;12.343;0.375;20
-2.755;12.552;5.178;20
-0.828;11.02;1.893;20
-1.605;5.584;-1.73;20
-2.987;0.248;5.68;20
-3.001;-11.174;4.123;20
1.442;-28.761;5.692;20
4.336;-23.592;10.995;20
5.73;-13.596;11.576;20
11.502;-14.463;-17.574;20
-3.1;-5.942;-7.314;20
-14.812;8.952;21.583;20
8.709;18.585;30.966;20
14.893;23.347;18.337;20
10.115;24.48;9.435;20
9.481;22.544;5.584;20
6.488;18.07;-1.487;20
2.545;13.283;-6.883;20
-4.456;8.67;-8.098;20
-9.933;1.859;-8.347;20
-9.093;-5.61;-12.61;20
-4.589;-3.763;-9.272;20
-0.996;-26.903;-1.697;20
9.054;-29.74;14.745;20
5.425;-1.388;6.202;20
2.969;4.626;-2.605;20
4.958;4.87;5.071;19
13.487;-1.282;23.807;20
16.414;-11.043;7.991;20
4.415;-21.131;-18.378;20
-11.121;-27.822;-19.083;20
-21.453;-3.704;-52.758;20
-9.512;7.746;-7.815;20
-9.237;10.885;-12.392;20
-9.678;10.602;-5.775;20
-7.982;11.189;-2.843;20
-4.4;11.78;1.228;20
-1.901;11.071;3.47;20
-0.227;9.105;-1.184;20
0.947;6.033;-0.6;20
2.546;1.676;3.768;20
-0.373;-6.233;7.361;20
-8.482;-26.554;11.45;20
0.479;-35.215;24.491;20
-1.014;-11.596;-0.929;20
7.848;-17.528;-39.132;20
-1.506;-12.418;4.064;20
-9.801;9.874;32.41;20
7.251;23.99;34.299;20
16.561;26.972;16.471;20
12.368;26.724;10.232;20
10.024;21.607;5.946;20
6.908;15.009;-0.582;20
2.75;10.295;-6.308;20
-2.852;6.445;-10.497;20
-6.809;1.698;-11.88;19
-4.975;-1.817;-9.465;20
-3.549;0.581;-5.841;20
-3.604;-14.158;-1.229;20
6.823;-42.208;19.074;20
0.698;-2.833;-0.52;20
0.11;7.455;-5.548;20
1.808;4.042;-5.698;20
6.403;-3.88;25.629;20
1.161;-14.909;37.935;20
13.22;-23.405;-30.82;20
1.378;-24.507;-25.247;20
-10.022;-8.98;-39.109;20
-10.634;5.85;-14.286;20
-9.408;13.545;-7.719;20
-11.421;12.345;-5.353;20
-10.627;11.493;-3.209;20
-6.778;12.941;-0.994;20
-4.021;12.579;3.861;20
-2.445;10.598;-0.788;20
-1.677;5.682;-5.214;20
-1.721;-0.726;5.346;20
0.102;-11.964;6.688;20
4.815;-23.477;3.127;20
4.23;-18.914;8.948;20
6.583;-13.278;17.376;20
11.144;-14.083;-9.719;20
-0.701;-6.502;-12.098;20
-13.492;6.093;15.18;19
5.156;18.366;27.859;20
10.587;23.351;15.893;20
7.631;24.43;7.119;20
7.841;22.207;6.228;20
7.304;17.434;1.257;20
4.011;13.005;-4.782;20
-1.475;8.386;-6.846;20
-7.64;4.001;-11.478;20
-5.468;1.054;-8.804;20
-2.882;3.363;-0.13;20
-2.105;-9.331;-0.07;20
12.551;-48.292;18.154;20
1.573;-13.607;6.027;20
-1.54;3.279;-8.562;20
0.956;6.696;-10.525;20
6.076;0.927;10.35;20
4.955;-11.172;46.533;20
6.472;-24.086;-20.732;20
-3.606;-19.424;-26.046;20
-10.583;-7.758;-53.058;20
-7.494;5.768;-4.016;20
-6.857;10.951;-8.173;20
-8.995;11.591;-4.321;20
-9.644;9.553;-3.114;20
-7.984;11.367;-3.314;20
-4.725;11.914;-2.037;20
-2.551;10.704;0.201;20
-2.312;5.384;1.86;20
-4.016;1.416;10.03;19
-3.209;-8.744;1.321;20
4.704;-27.935;4.527;20
6.536;-29.116;11.257;20
6.044;-17.461;13.769;20
13.858;-12.266;-18.898;20
-1.383;-5.98;-5.402;20
-13.544;9.686;20.516;20
8.288;18.529;26.128;20
12.823;24.753;20.231;20
10.238;25.167;10.854;20
9.149;22.116;7.463;20
6.093;17.931;-1.428;20
1.942;13.305;-6.859;20
-3.54;9.047;-8.907;20
-8.208;1.899;-7.825;20
-8.557;-6.343;-9.94;20
-8.638;-9.133;-8.93;20
1.093;-36.501;-7.105;20
9.349;-16.678;13.153;20
7.219;2.988;2.224;20
6.282;7.409;0.857;20
11.242;4.846;23.296;20
19.99;-2.532;37.357;20
11.531;-16.822;-19.823;20
-2.542;-24.47;-10.765;20
-13.785;-37.372;-32.562;20
-14.14;0.534;-35.351;20
-9.397;9.35;-9.98;20
-10.901;12.487;-10.289;19
-13.555;11.193;-7.314;20
-10.311;11.058;-5.165;20
-4.906;12.477;-1.369;20
-1.73;12.662;3.936;20
0.362;11.836;3.542;20
-1.795;5.382;5.479;20
-3.817;-0.369;7.235;20
-1.497;-13.184;1.571;20
4.8;-26.788;3.725;20
4.642;-19.0;10.636;20
5.726;-14.478;5.401;20
5.899;-14.128;-13.722;20
-9.595;-3.077;-5.323;20
-10.929;7.431;19.203;20
13.004;16.567;32.39;20
15.485;25.859;17.907;20
10.069;26.933;9.39;20
7.539;22.671;5.53;20
5.024;16.275;-1.718;20
-1.308;11.488;-6.0;20
-8.829;7.175;-6.224;20
-10.188;0.364;-8.856;20
-6.508;-4.509;-10.012;20
-4.341;-0.421;-5.696;20
-2.858;-16.746;-5.793;20
9.933;-33.32;12.347;20
5.973;-8.393;5.722;20
3.318;3.835;-3.335;19
6.373;4.092;-5.84;20
12.483;0.286;16.609;20
17.951;-10.039;34.98;20
6.523;-18.895;-26.904;20
-8.194;-19.922;-5.456;20
-24.245;-17.754;-53.156;20
-12.232;7.766;-17.993;20
-9.08;11.176;-10.574;20
-8.995;10.182;-7.224;20
-7.71;10.301;-2.871;20
-4.983;11.756;0.138;20
-2.289;11.937;1.636;20
-1.092;11.7;3.593;20
-0.694;9.081;0.068;20
-1.185;4.318;2.867;20
-1.312;-3.956;6.346;20
-1.617;-17.563;4.169;20
5.186;-28.744;6.945;20
7.872;-18.819;10.761;20
7.865;-12.269;6.956;20
10.678;-9.976;-21.866;20
-7.2;-1.688;5.05;20
-9.347;12.115;21.327;20
8.947;19.273;21.967;20
10.64;22.427;11.291;20
8.323;22.108;5.856;20
6.882;19.65;3.992;20
4.044;14.798;-1.051;19
-0.292;11.614;-5.491;20
-6.373;7.001;-4.826;20
-8.544;0.772;-4.595;20
-5.198;-3.366;-9.154;20
-5.177;-2.505;-5.386;20
0.612;-25.872;-1.468;20
5.204;-24.337;7.229;20
2.921;-0.141;1.33;20
3.871;3.101;0.357;20
3.748;2.641;2.686;20
8.247;-2.906;32.0;20
7.312;-11.874;22.413;20
7.544;-14.916;-22.846;20
1.162;-21.95;-6.638;20
-14.2;-20.644;-52.222;20
-8.816;4.175;-15.439;20
-9.78;9.174;-12.485;20
-9.141;11.318;-9.481;20
-9.127;10.46;-3.2;20
-5.779;11.28;0.413;20
-3.962;13.089;4.969;20
-0.875;12.537;2.212;20
-2.026;9.521;0.123;20
-5.464;4.387;12.096;20
-3.834;-7.913;4.7;20
9.265;-34.028;7.807;20
13.599;-28.624;1.029;20
5.311;-9.947;0.004;20
19.181;-11.098;-13.426;19
-0.947;-6.205;2.455;20
-22.192;8.83;17.25;20
-7.459;15.333;19.167;20
8.397;18.487;17.641;20
6.885;22.033;12.358;20
7.127;21.272;10.462;20
6.007;19.228;6.547;20
3.648;16.03;-2.303;20
1.508;12.017;-6.463;20
-1.41;6.619;-11.682;20
-13.142;-3.23;-23.714;20
-8.542;-19.594;-40.166;20
8.667;-35.396;8.111;20
0.604;-9.577;26.841;20
4.238;2.562;24.99;20
1.265;5.647;13.074;20
5.936;-0.224;5.116;20
14.197;-8.937;24.749;20
9.263;-16.938;2.87;20
-1.303;-19.405;-25.294;20
0.374;-32.224;-51.097;20
-5.08;4.528;5.534;20
-10.368;8.111;-29.86;20
-6.91;11.808;-14.497;20
-8.951;10.042;-7.056;20
-8.374;10.451;-0.095;20
-6.482;12.553;4.358;20
-3.676;12.634;4.151;20
-1.356;10.658;0.854;19
-2.674;6.137;1.493;20
-4.143;0.995;4.408;20
-1.937;-8.117;1.861;20
4.791;-24.018;6.377;20
3.12;-17.808;9.039;20
5.169;-12.558;1.238;20
7.981;-12.686;-16.604;20
-5.824;-5.244;-6.799;20
-15.008;2.253;11.481;20
2.606;14.374;32.672;20
14.107;21.258;16.216;20
10.505;22.499;5.244;20
7.432;20.951;4.538;20
5.721;16.334;0.032;20
0.359;12.035;-3.271;20
-5.885;8.351;-4.631;20
-7.128;4.6;-6.072;20
-2.684;2.183;-3.963;20
-1.59;3.531;0.195;20
-0.845;1.87;0.536;20
0.5;-13.471;-2.85;20
13.062;-44.661;18.127;20
-2.229;-12.167;-2.141;20
-0.708;1.245;-7.339;20
1.503;2.6;-14.079;20
2.183;-2.874;22.349;20
0.706;-13.424;39.153;20
4.472;-20.593;-25.636;20
1.545;-17.93;-46.679;20
-4.341;-3.283;-18.178;20
-9.909;6.505;-13.84;19
-8.652;11.714;-6.245;20
-10.928;10.232;-4.868;20
-8.556;9.268;-1.251;20
-5.449;11.379;-1.723;20
-3.618;11.676;-0.715;20
-3.686;10.292;-0.692;20
-4.996;4.455;4.171;20
-5.298;-2.266;7.821;20
1.026;-12.489;4.719;20
8.924;-23.022;1.096;20
9.625;-22.619;7.105;20
5.599;-15.404;15.927;20
10.882;-11.813;-12.073;20
-5.558;-5.194;-6.339;20
-11.712;5.789;18.02;20
9.914;15.629;25.444;20
10.318;24.373;20.397;20
6.554;26.223;10.928;20
6.358;24.646;8.692;20
3.437;21.195;1.943;20
2.952;15.509;-5.821;20
0.367;9.316;-7.298;20
-2.78;1.364;-5.316;20
-7.401;-4.455;-9.847;20
-4.59;-4.539;-13.36;20
0.939;-19.323;-1.209;20
14.33;-55.553;5.119;20
0.2;-1.778;-5.228;20
0.211;13.278;-14.363;20
-6.115;10.588;-1.707;19
-13.095;10.757;61.038;20
-10.246;-26.138;14.953;20
20.272;-30.036;-28.861;20
5.742;-12.815;-25.214;20
2.003;-8.289;-44.048;20
-4.004;5.152;-8.359;20
-4.088;10.719;-9.846;20
-5.988;12.519;-5.773;20
-7.209;9.964;-6.134;20
-7.055;10.255;-5.857;20
-5.642;11.193;-4.488;20
0.08;6.886;1.513;20
1.713;2.882;8.233;20
0.113;-6.69;12.554;20
-5.061;-25.656;7.574;20
-10.842;-25.958;11.609;20
-14.367;-8.671;21.263;20
1.333;-11.839;10.942;20
20.272;-11.091;-31.77;20
16.475;-4.263;-9.537;20
-9.111;11.632;27.424;20
1.173;21.828;24.684;20
14.53;21.981;20.166;20
11.438;23.228;8.037;20
6.42;23.177;3.946;20
2.446;20.618;-2.029;20
0.748;16.493;-8.336;20
-0.977;9.721;-4.539;20
-3.48;4.182;-4.378;20
-8.231;1.733;-17.765;20
-9.078;-9.512;-9.652;19
8.688;-53.007;8.317;20
12.784;-38.342;10.501;20
-7.532;23.226;0.195;20
-12.798;35.523;36.481;20
26.919;-9.247;4.395;20
28.786;-20.468;12.663;20
-4.794;-31.412;-41.127;20
-16.312;-19.17;-30.909;20
-8.141;-0.963;-24.508;20
-8.351;6.659;-14.719;20
-9.652;10.728;-9.736;20
-8.515;12.163;-2.563;20
-6.812;11.563;1.127;20
-5.663;12.316;2.701;20
-5.074;9.1;1.579;20
-9.758;4.106;3.864;20
-8.697;-7.537;-0.083;20
-1.656;-20.839;3.458;20
-0.963;-22.173;2.571;20
-9.73;-14.779;16.024;20
4.844;-18.242;27.351;20
18.59;-13.898;-4.291;20
12.085;-5.121;-21.064;20
-7.475;2.392;12.853;20
-6.443;14.69;16.462;20
12.983;18.848;25.837;20
13.39;24.443;19.74;20
10.274;24.55;10.642;20
7.209;22.862;3.192;20
4.647;18.843;-6.403;19
2.919;14.32;-14.497;20
0.252;7.278;-16.722;20
-7.681;-5.566;-21.533;20
-5.628;-9.955;-12.371;20
-3.35;-6.866;-3.171;20
-2.444;-28.971;9.0;20
1.679;-30.186;-4.539;20
5.634;-0.537;0.686;20
3.308;8.027;-2.348;20
1.544;8.397;9.27;20
2.678;7.042;19.008;20
6.11;0.469;15.083;20
5.176;-2.293;0.686;20
1.238;1.307;-10.69;20
-4.154;6.84;-14.1;20
-4.078;5.651;-11.648;20
0.253;-0.695;-6.693;20
1.492;-9.707;-6.661;20
-7.209;2.851;-0.837;20
13.645;-2.158;-4.558;20
5.55;8.234;-12.983;20
2.022;5.235;-5.398;20
-1.766;7.162;-0.984;20
-2.549;6.618;-0.012;20
-5.234;8.173;-1.531;20
-8.488;8.576;-1.409;20
-3.816;-20.728;22.02;20
-26.748;-33.777;39.642;20
-0.623;-2.64;-11.868;19
14.426;4.743;-1.758;20
16.276;7.048;-3.656;20
7.79;13.162;-2.038;20
5.143;2.53;-3.837;20
3.631;-0.13;0.917;20
-0.753;0.667;-0.071;20
-3.538;-2.015;-3.401;20
-1.367;-0.176;0.556;20
2.373;4.663;3.923;20
0.081;7.944;-1.195;20
-0.585;0.62;1.521;20
2.052;-0.969;2.763;20
-1.643;0.293;0.502;20
-0.571;-0.512;0.239;20
-4.009;0.018;-0.83;20
-6.091;-0.36;-5.267;20
-3.613;0.515;-10.617;20
-1.252;-0.461;-10.976;20
0.675;-1.085;-4.785;20
-0.552;0.098;-0.279;20
-2.594;-0.673;1.761;20
-2.855;-1.914;3.701;20
-4.635;0.343;1.41;20
-2.996;-1.851;0.488;20
2.698;-6.09;2.137;20
3.519;-5.637;-3.125;20
-2.781;2.619;-1.815;20
-3.093;2.823;-0.608;20
-1.925;0.859;-0.505;19
1.651;-2.878;-0.392;20
-1.588;0.93;0.064;20
-1.804;3.45;1.431;20
-0.911;4.342;0.142;20
0.222;1.063;-2.553;20
0.298;-1.317;-2.558;20
-1.117;1.953;2.385;20
-9.526;1.636;5.542;20
-8.054;-0.964;2.227;20
-2.442;-1.439;-0.034;20
0.024;-0.932;-0.765;20
-2.382;2.33;0.869;20
-1.005;-3.345;-0.542;20
-5.085;2.303;1.854;20
-4.524;0.672;1.517;20
-6.685;1.626;3.186;20
-13.516;4.519;6.111;20
-15.161;7.447;4.1;20
-9.886;7.922;3.867;20
-2.818;7.542;5.685;20
2.364;7.708;4.4;20
4.842;7.029;4.058;20
5.959;5.453;5.439;20
5.764;3.227;5.849;20
6.681;-0.05;6.044;20
6.859;-1.739;5.963;20
5.876;-1.465;4.902;20
4.07;-0.897;3.039;20
3.152;-0.149;0.317;20
2.737;1.397;-2.543;19
2.901;2.117;-3.003;20
2.414;2.759;-2.984;20
2.404;2.683;-2.595;20
0.931;3.916;-2.305;20
-0.91;4.763;-0.754;20
-2.272;4.51;3.301;20
-0.446;3.59;4.771;20
2.147;2.999;-0.257;20
3.221;3.275;-2.264;20
2.102;4.513;-0.771;20
-0.111;4.835;-0.035;20
-0.944;4.89;-0.159;20
-0.48;4.658;-0.333;20
-0.8;4.454;-0.347;20
-1.598;4.671;-0.082;20
-0.549;3.943;-0.254;20
-0.072;3.219;-0.696;20
-0.332;3.065;-0.644;20
-0.346;2.691;0.433;20
-0.551;2.308;1.064;20
-0.955;2.006;1.073;20
-1.072;1.869;0.903;20
-1.143;1.852;0.474;20
-1.074;1.823;-0.744;20
-0.675;1.433;0.512;20
-1.211;1.345;0.343;20
-1.403;0.934;1.068;20
-0.942;1.022;0.375;20
-0.665;0.81;-0.667;20
-0.524;0.905;-0.953;19
-0.616;0.749;-0.17;20
-0.772;0.73;0.052;20
-0.58;0.841;-0.096;20
-0.223;0.705;-0.231;20
-0.03;0.748;-0.345;20
-0.026;0.672;-0.377;20
0.046;0.541;-0.174;20
0.106;0.335;0.175;20
-0.09;0.214;0.542;20
-0.006;0.104;0.849;20
-0.011;0.084;0.723;20
-0.07;0.127;0.475;20
0.141;0.149;0.1;20
0.219;0.148;-0.381;20
0.325;0.11;-0.353;20
0.195;0.096;-0.453;20
0.041;0.116;-0.189;20
0.147;0.059;0.046;20
-0.123;0.026;0.219;20
-0.238;0.134;0.281;20
-0.021;0.019;0.23;20
-0.112;0.057;0.147;20
0.046;0.091;-0.213;20
0.249;0.054;-0.371;20
0.146;0.079;-0.189;20
0.111;0.047;-0.261;20
0.107;0.027;-0.181;20
0.234;-0.114;0.055;20

# Completed @Tue Jan 26 20:40:03 GMT+02:00 2021
