# Accelerometer Data File
# Started @Tue Jan 26 20:38:42 GMT+02:00 2021
#
#
# sensor Vendor: BOSCH
# sensor Name: BMI160 Accelerometer Non-wakeup
# sensor Resolution: 0.0023928226m/sec^2; Max Range: 78.4532; Min Delay: 2500 microseconds
# The sensor's attributes are the result hardware and the Android capabilities.
# It means that the Android may not utilize all features provided by the hardware.
#
# Some devices and Android versions save battery too much so the device may go to sleep.
# It just happens after couple of minutes from turning off the scree and it is easy to find it out.
#
# The following file provides the data from accelerometer in the m/s^2 format.
# The diff value is just a time delta between the samples
#
#
# data format:
# so we have 4 columns with values separated by the ";"
# X;Y;Z;time_from_previous_sample(ms)

# sensor speed set to:NORMAL
# units set to: m/sec^2
# gravity  filtered out
# Accuracy: HIGH
-8.989;0.378;1.15;0
-6.476;-1.005;-0.387;19
-3.097;-2.805;-2.901;20
0.301;-4.729;-5.134;20
2.491;-6.68;-5.252;20
2.662;-9.04;-3.402;20
0.569;-10.497;-0.934;20
-0.892;-11.089;3.359;20
-2.775;-12.327;11.007;20
-10.126;-10.573;15.876;20
-18.162;-5.781;17.871;20
-20.887;-1.43;18.014;20
-22.029;2.361;13.365;20
-22.374;5.654;10.348;20
-19.503;8.013;6.083;20
-15.208;9.435;1.89;20
-10.91;9.653;-3.755;20
-5.682;9.548;-13.193;20
2.118;8.466;-27.853;20
4.349;3.362;-11.944;20
6.697;0.329;-4.308;20
6.475;-0.376;-0.311;20
6.042;-0.432;1.621;20
6.398;-0.517;3.938;20
12.308;-2.913;5.073;20
14.944;-3.829;-1.24;20
7.736;-2.715;-1.427;20
3.972;-4.071;-0.158;20
1.84;-2.21;-1.298;20
1.952;-0.703;1.408;20
1.705;-1.345;0.434;20
2.062;-1.192;-1.563;19
0.315;0.058;-0.882;20
-2.234;1.108;-0.529;20
-1.918;1.411;-2.091;20
1.431;1.21;-1.855;20
1.911;-0.199;-2.533;20
1.719;-0.76;-0.664;20
0.52;-2.893;-0.23;20
-3.978;-4.375;3.262;20
-3.801;-5.264;1.148;20
1.659;-8.542;-2.098;20
2.694;-6.412;-1.934;20
3.716;-2.842;-2.225;20
0.759;2.445;0.331;20
-2.237;4.44;0.529;20
-3.615;5.689;-1.12;20
-2.268;6.13;-2.365;20
0.469;5.219;1.99;20
4.175;2.219;-7.313;20
3.102;-4.367;3.109;20
8.096;-11.182;3.092;20
2.696;-6.682;-0.528;20
0.735;-4.019;-2.369;20
1.763;-6.531;1.574;20
1.103;-6.812;3.021;20
-0.918;-4.962;3.756;20
2.457;-10.133;0.266;20
1.129;-6.796;3.427;20
-4.659;-1.05;-3.491;20
-5.764;0.214;-0.237;20
-6.409;2.359;2.858;19
-14.933;9.425;1.926;20
-16.714;12.415;-2.004;20
-8.665;8.621;1.039;20
-2.666;8.716;1.689;20
2.985;6.112;5.941;20
8.352;1.562;9.502;20
10.494;-0.817;7.68;20
12.834;-5.389;2.479;20
16.881;-7.779;-0.511;20
14.05;-2.767;-4.51;20
8.836;1.735;-4.656;20
5.578;3.876;-2.581;20
3.043;4.705;-0.424;20
3.604;3.027;1.956;20
3.318;2.742;2.445;20
0.858;4.287;1.961;20
-0.961;5.024;3.52;20
-0.95;4.372;5.883;20
-1.656;3.971;6.782;20
-2.504;4.172;5.095;20
-2.298;3.87;3.547;20
-2.164;3.973;1.51;20
-1.141;3.399;0.196;20
0.444;2.028;-0.073;20
1.019;1.069;-0.014;20
0.832;0.639;-0.392;20
1.15;0.146;-1.932;20
2.617;-0.961;-4.507;20
6.253;-3.363;-7.524;20
9.806;-6.705;-9.694;20
12.139;-10.077;-10.833;19
11.063;-12.192;-9.881;20
9.024;-15.212;-5.76;20
2.658;-17.339;1.187;20
-11.817;-13.778;7.074;20
-27.885;-4.427;11.227;20
-39.402;4.569;12.532;20
-41.35;8.383;6.249;20
-39.663;13.656;-46.257;20
-2.908;-1.339;-21.321;20
6.539;-1.378;-10.641;20
1.115;5.983;-3.634;20
-1.088;9.232;4.513;20
9.28;3.953;9.989;20
15.319;0.5;10.919;20
10.009;0.727;4.428;20
8.591;2.781;-2.201;20
4.944;2.796;-1.806;20
0.552;4.692;2.258;20
-6.313;4.079;-0.527;20
-4.038;4.01;6.124;20
-0.961;-7.119;7.169;20
10.195;-15.452;2.019;20
7.102;-10.177;-4.249;20
4.17;-4.343;-0.057;20
-0.359;5.522;2.972;20
-6.669;6.976;6.429;20
-5.507;-9.775;-0.216;20
2.691;-5.134;-2.361;20
4.304;-2.277;3.464;20
4.22;-2.253;2.971;20
1.849;-1.782;2.919;19
-2.708;2.682;3.609;20
-1.436;3.895;1.628;20
2.14;6.278;-1.123;20
-6.972;16.282;-5.397;20
-6.444;15.549;-9.39;20
2.401;5.512;-7.16;20
4.241;1.396;-7.423;20
3.318;-1.381;-4.953;20
-0.473;-0.431;0.259;20
1.877;-0.29;2.558;20
0.347;-6.301;2.293;20
-5.2;1.955;10.965;20
0.556;-14.941;7.792;20
-0.529;-5.947;1.914;20
-4.757;2.476;-8.568;20
2.2;-10.643;0.081;20
2.753;-9.968;5.619;20
-3.33;-5.44;7.537;20
3.75;-0.758;-0.394;20
3.844;-3.321;-4.474;20
7.018;-0.714;-1.786;20
5.643;-2.499;0.261;20
3.045;-0.868;1.754;20
-0.471;3.344;-0.801;20
-0.085;1.45;-0.474;20
2.492;1.656;-2.02;20
4.113;5.221;-2.75;20
4.157;5.599;-6.644;20
0.948;5.866;-0.086;20
-3.896;8.719;2.474;19
-1.893;8.566;-1.234;20
5.32;5.066;-5.944;20
8.521;-0.915;-5.212;20
2.416;-2.075;1.669;20
-3.419;-0.798;3.678;20
-7.847;1.926;6.583;20
-0.972;-2.328;0.867;20
-1.48;-0.009;0.895;20
-3.206;5.63;2.866;20
14.562;-1.802;1.472;20
19.093;-11.45;0.587;20
-2.282;-6.19;1.645;20
-11.575;-4.69;0.042;20
-14.374;-3.297;-2.724;20
-9.59;-1.022;-3.601;20
-1.788;-1.067;-7.81;20
-4.268;2.779;-3.225;20
1.724;-0.281;-0.751;20
1.986;0.252;-2.393;20
4.163;3.407;-3.675;20
4.791;5.635;1.037;20
4.715;4.889;1.372;20
5.231;1.327;0.435;20
0.067;-4.057;4.893;20
0.05;-7.18;6.195;20
5.058;-5.074;5.278;20
3.923;1.032;2.235;20
-4.196;6.119;6.62;20
3.458;-4.825;0.36;20
8.629;-11.405;2.436;20
2.94;-5.927;-5.72;19
-5.047;-7.119;-8.435;20
-6.093;-18.162;-8.063;20
1.706;-11.783;4.176;20
6.406;4.481;8.066;20
6.505;10.099;4.632;20
4.548;13.341;-0.611;20
4.343;13.13;-1.946;20
4.395;10.033;-1.347;20
3.829;8.527;1.608;20
3.003;7.615;0.799;20
1.129;6.386;-3.953;20
0.478;5.536;-3.963;20
0.195;4.158;-3.143;20
0.257;1.747;2.093;20
-3.67;-8.952;33.865;20
-7.587;-31.47;43.612;20
2.799;-52.729;18.065;20
15.482;-32.394;-64.979;20
12.226;-7.491;-36.9;20
-8.557;-4.924;-5.622;20
-12.14;4.531;2.798;20
-12.173;12.939;-6.823;20
-12.368;14.701;-7.984;20
-7.563;13.322;-2.159;20
-2.643;12.268;0.426;20
-0.081;12.317;1.097;20
-1.123;11.823;-5.803;20
-5.716;8.099;-3.976;20
-0.734;-4.774;1.279;20
1.346;-19.532;3.468;20
3.82;-29.056;4.011;19
6.944;-17.876;5.9;20
6.7;-9.524;10.75;20
5.866;-3.973;1.828;20
2.36;-1.736;-9.854;20
-7.571;0.307;0.211;20
-7.772;9.765;10.065;20
8.261;14.765;19.801;20
16.661;16.882;15.872;20
13.288;17.227;6.483;20
9.195;18.277;4.75;20
4.806;17.929;0.108;20
1.964;13.83;-6.954;20
-2.547;9.16;-5.175;20
-5.412;3.547;-2.654;20
-6.337;-0.274;-1.813;20
-9.78;-14.454;-15.36;20
0.653;-28.831;-2.505;20
12.98;-25.636;7.145;20
2.039;5.058;-2.757;20
1.924;6.216;2.581;20
5.817;-0.038;32.737;20
7.812;-9.534;17.645;20
8.525;-19.212;-3.381;20
-0.916;-24.322;-18.507;20
-5.312;-17.543;-57.878;20
-6.113;2.311;-7.042;20
-8.324;9.317;-9.484;20
-11.739;12.194;-8.337;20
-11.085;10.784;-4.827;20
-6.549;12.041;-1.968;20
-3.008;13.111;1.619;19
-0.81;12.628;4.144;20
-0.444;11.67;0.087;20
-1.028;5.859;-3.044;20
-1.08;-0.786;4.216;20
-2.978;-10.187;2.918;20
1.401;-31.159;12.279;20
6.138;-25.473;16.048;20
3.919;-11.847;1.872;20
10.366;-9.935;-22.824;20
-4.594;-5.662;-8.919;20
-13.997;5.092;12.799;20
4.041;16.049;29.748;20
15.861;19.933;21.868;20
14.232;21.329;8.287;20
9.265;18.749;4.229;20
5.438;15.25;-0.647;20
1.59;12.18;-7.128;20
-4.567;9.593;-8.852;20
-8.264;5.662;-6.31;20
-3.848;2.334;-3.913;20
-2.216;1.329;-5.397;20
-2.413;-10.101;-2.126;20
9.251;-40.538;6.788;20
4.679;-12.6;7.06;20
-0.43;4.79;-3.571;20
0.982;5.632;8.677;20
3.691;-0.727;35.014;20
14.123;-17.656;5.702;20
11.416;-22.92;-15.458;20
-9.464;-28.099;-38.759;19
-12.53;-2.613;-34.788;20
-8.941;5.963;-6.586;20
-9.03;11.469;-8.538;20
-8.68;11.727;-3.885;20
-6.585;11.538;-1.007;20
-4.278;12.609;0.296;20
-2.528;12.7;1.972;20
-1.106;11.977;-0.309;20
-1.481;9.825;-5.394;20
0.846;2.905;-1.136;20
-0.762;-2.463;8.38;20
-2.981;-13.785;4.687;20
0.976;-32.442;17.765;20
0.872;-14.865;14.604;20
6.059;-17.376;-17.959;20
7.089;-16.395;-24.02;20
-11.59;-7.148;1.992;20
-9.459;9.587;25.573;20
6.442;22.098;29.875;20
16.286;23.495;18.431;20
13.156;22.706;10.061;20
8.502;19.352;4.623;20
5.077;14.897;-1.193;20
-0.691;11.632;-5.995;20
-6.878;8.427;-6.178;20
-7.099;2.851;-6.168;20
-3.677;-1.04;-4.854;20
-1.784;-0.076;-5.602;20
-3.815;-9.37;-3.391;20
7.86;-40.283;13.121;20
4.537;-13.333;2.456;19
-0.253;4.678;-10.118;20
1.32;9.158;-8.461;20
4.621;2.322;26.406;20
17.252;-20.626;37.155;20
9.932;-23.821;-20.57;20
-5.664;-21.874;-40.38;20
-3.577;-7.892;-29.816;20
-10.545;4.496;-14.684;20
-11.525;12.14;-9.295;20
-11.998;10.958;-5.186;20
-8.677;10.926;-2.574;20
-5.221;12.979;1.403;20
-3.54;13.02;4.389;20
-2.353;11.879;3.259;20
-2.001;8.837;-5.411;20
1.267;2.666;0.327;20
0.697;-4.848;8.984;20
-1.333;-19.389;3.524;20
0.164;-27.452;11.514;20
-0.373;-13.677;20.474;20
6.111;-16.116;2.662;20
15.953;-12.751;-35.515;20
-5.162;-6.562;-5.614;20
-17.138;9.498;26.265;20
5.283;21.954;30.035;20
17.197;22.072;20.886;20
14.452;22.735;8.017;20
8.699;20.499;3.585;20
4.474;16.498;-3.183;20
-1.778;12.323;-8.681;20
-10.019;8.715;-6.789;20
-9.964;1.437;-5.075;19
-5.734;-3.165;-6.065;20
-6.05;-6.165;-4.215;20
2.522;-26.152;-11.454;20
16.743;-23.467;13.257;20
5.187;0.537;1.369;20
4.375;7.652;5.629;20
7.114;6.383;19.508;20
20.819;-4.735;24.71;20
22.923;-30.562;-8.944;20
-10.649;-27.807;-7.824;20
-27.644;-30.801;-59.982;20
-8.132;5.245;-17.622;20
-9.005;11.391;-15.989;20
-14.172;11.524;-10.422;20
-11.897;10.887;-3.164;20
-5.131;12.65;-1.408;20
-1.167;13.031;4.981;20
0.798;13.193;5.341;20
0.493;11.186;0.834;20
-1.326;4.091;1.758;20
-2.544;-2.377;5.566;20
-2.624;-14.903;3.008;20
5.198;-30.129;10.296;20
3.781;-15.679;15.124;20
5.639;-14.282;4.822;20
8.875;-8.747;-20.324;20
-6.963;-3.03;-9.899;20
-11.659;9.54;18.967;20
6.679;20.306;31.071;20
12.57;23.957;19.574;20
10.945;24.504;11.676;20
7.604;20.86;6.705;19
4.114;17.125;-1.971;20
-0.546;12.198;-6.119;20
-5.509;6.742;-8.504;20
-7.656;-1.06;-5.435;20
-11.604;-12.085;-5.139;20
-9.085;-32.502;-34.731;20
12.074;-20.983;5.609;20
11.212;-1.176;17.927;20
7.19;6.299;27.213;20
8.199;7.784;13.491;20
28.084;3.805;10.132;20
23.168;-14.704;-2.043;20
4.41;-37.135;-7.769;20
-25.177;-45.899;-43.628;20
-16.532;-0.242;-27.2;20
-12.999;12.681;-17.027;20
-15.253;13.29;-12.646;20
-15.453;12.0;-6.04;20
-9.502;13.216;-2.965;20
-4.116;14.141;2.83;20
-0.198;13.677;4.911;20
0.755;13.493;2.816;20
0.462;7.202;-0.875;20
0.052;-0.108;4.404;20
-1.625;-7.711;3.34;20
-0.837;-20.13;3.977;20
6.07;-25.046;12.328;20
4.112;-14.184;15.273;20
11.37;-13.455;-12.264;20
-1.439;-5.638;-11.671;20
-13.973;1.516;-3.133;19
-7.075;12.591;30.134;20
13.635;19.739;31.808;20
15.085;25.161;10.973;20
7.162;25.219;10.321;20
3.82;20.487;2.1;20
0.808;15.427;-5.362;20
-3.175;10.286;-5.909;20
-7.062;3.805;-7.37;20
-7.242;-3.945;-5.19;20
-5.195;-7.879;-10.921;20
-1.811;-2.621;-9.85;20
0.817;-15.417;0.385;20
9.397;-26.735;10.995;20
0.311;0.876;0.99;20
1.227;4.552;-0.411;20
3.389;1.821;13.154;20
12.202;-3.492;39.141;20
30.943;-17.694;-12.004;20
6.568;-22.594;-14.553;20
-20.094;-35.876;-36.027;20
-14.928;-2.757;-33.406;20
-11.305;8.228;-13.503;20
-11.964;11.017;-9.032;20
-11.038;11.247;-1.615;20
-6.774;13.044;0.344;20
-3.867;14.319;2.756;20
-1.836;13.756;2.711;20
-3.089;12.485;-2.222;20
-1.356;4.476;0.328;20
-2.169;-3.004;5.656;20
-0.147;-16.745;4.559;19
9.048;-33.071;7.981;20
6.019;-18.812;13.876;20
12.792;-15.006;-7.994;20
8.534;-12.084;-19.585;20
-19.129;-1.557;6.526;20
-10.342;13.688;29.543;20
9.295;24.407;28.606;20
11.784;26.467;15.212;20
6.56;25.894;10.332;20
4.774;21.184;3.858;20
3.22;16.058;-4.417;20
-2.249;11.04;-7.559;20
-7.45;5.285;-7.57;20
-8.859;-2.335;-10.229;20
-7.496;-8.812;-15.618;20
2.452;-31.904;-19.968;20
14.179;-23.92;19.74;20
7.449;2.438;16.12;20
4.58;7.537;14.449;20
6.93;5.325;6.609;20
15.784;0.134;0.17;20
27.509;-15.953;27.287;20
-1.244;-25.283;-19.054;20
-12.709;-35.342;-25.036;20
-21.434;-10.996;-47.635;20
-10.951;9.635;-15.46;20
-14.279;11.073;-14.102;20
-13.333;11.21;-5.296;20
-8.607;13.299;-2.765;20
-1.963;13.133;2.567;20
0.651;13.606;8.212;19
1.691;13.495;2.516;20
1.023;9.527;-2.346;20
-0.283;2.216;4.199;20
-2.985;-5.079;5.25;20
-0.352;-28.824;6.751;20
7.087;-31.796;16.725;20
0.0;-10.503;6.612;20
12.59;-14.413;-23.345;20
-5.982;-6.876;-7.992;20
-15.644;6.688;15.326;20
1.934;18.606;29.851;20
10.57;24.002;22.872;20
10.22;25.293;12.264;20
8.692;22.634;7.892;20
5.011;18.796;-0.145;20
1.35;14.563;-5.806;20
-2.701;9.527;-8.71;20
-5.609;3.42;-10.031;20
-10.587;-5.127;-10.505;20
-11.182;-21.139;-26.379;20
5.346;-35.741;1.217;20
8.491;-6.802;21.05;20
5.573;4.926;23.86;20
4.546;6.591;15.771;20
12.392;2.845;0.683;20
31.941;-4.971;11.389;20
16.583;-24.692;-11.1;20
-4.882;-32.152;-15.244;20
-21.169;-28.908;-50.535;20
-11.169;6.848;-10.925;20
-11.063;11.53;-19.046;19
-11.668;12.078;-8.688;20
-12.6;12.0;-3.091;20
-7.78;12.612;-2.1;20
-3.142;12.912;1.164;20
-0.842;12.782;3.702;20
0.76;11.185;2.013;20
1.257;5.159;1.706;20
-0.037;-0.322;9.364;20
-2.511;-11.715;3.428;20
-0.548;-29.28;8.247;20
4.0;-18.966;13.409;20
0.808;-9.937;8.508;20
13.148;-13.871;-23.399;20
-3.843;-4.622;-4.172;20
-15.792;9.112;14.165;20
0.351;18.875;25.8;20
10.23;22.111;22.014;20
9.878;23.012;10.611;20
8.233;20.125;6.736;20
4.917;16.608;0.982;20
1.444;13.448;-5.643;20
-2.267;9.718;-8.365;20
-7.377;2.9;-8.81;20
-10.427;-5.643;-8.115;20
-4.248;-6.831;-14.319;20
-3.694;-8.224;-1.204;20
6.616;-35.521;14.309;20
2.462;-9.346;6.212;20
0.941;5.502;-1.863;20
4.13;5.197;0.016;20
7.716;0.8;15.852;20
18.122;-4.601;37.611;20
25.637;-22.188;-26.303;19
-2.7;-20.702;-12.011;20
-25.161;-24.474;-48.198;20
-12.676;3.864;-23.564;20
-10.934;9.069;-6.125;20
-9.965;10.646;-8.596;20
-8.588;10.527;-1.998;20
-4.633;11.489;-0.035;20
-2.459;12.185;2.243;20
-1.17;11.272;3.349;20
-1.863;6.598;-0.424;20
-4.362;1.842;7.21;20
-4.007;-7.856;5.697;20
4.333;-24.877;6.39;20
10.678;-22.601;7.898;20
1.645;-12.112;14.576;20
16.286;-14.268;-14.273;20
2.315;-8.298;-13.086;20
-19.87;4.119;15.634;20
-4.168;16.608;20.704;20
5.744;21.927;19.779;20
7.241;22.976;10.834;20
8.495;21.204;7.703;20
5.953;18.926;4.123;20
3.137;15.176;-1.88;20
0.648;11.435;-4.137;20
-3.395;6.91;-6.593;20
-7.22;0.887;-9.223;20
-12.918;-10.883;-20.581;20
1.346;-34.575;-20.106;20
10.328;-21.148;23.111;20
5.242;2.108;17.725;19
2.727;7.382;16.416;20
5.861;4.354;10.391;20
19.877;-4.244;21.528;20
17.231;-18.211;7.899;20
-0.328;-26.853;-26.835;20
-6.489;-37.173;-43.769;20
-10.387;1.178;-15.91;20
-11.766;9.333;-20.633;20
-9.462;11.743;-12.996;20
-11.631;10.984;-8.826;20
-9.706;11.33;-2.351;20
-4.496;12.633;-0.588;20
-2.05;13.156;5.445;20
-0.185;12.372;4.62;20
-1.054;7.228;2.087;20
-5.388;2.412;6.808;20
-5.569;-8.137;2.211;20
5.135;-30.883;6.116;20
11.225;-30.371;7.521;20
-1.352;-13.549;12.593;20
18.669;-12.692;-17.185;20
1.417;-6.187;-9.099;20
-19.126;7.805;15.592;20
-1.551;18.161;25.732;20
6.847;24.026;23.743;20
7.999;25.655;11.691;20
8.112;22.398;9.789;20
3.974;18.829;2.115;20
1.467;14.193;-3.577;20
-0.029;9.044;-5.452;20
-1.636;3.961;-8.692;20
-6.589;-1.823;-12.02;20
-6.965;-6.154;-16.737;19
-1.639;-14.931;-4.359;20
7.478;-31.169;4.016;20
3.421;-10.487;14.32;20
-2.396;3.569;14.583;20
1.498;3.336;4.184;20
12.883;0.441;33.671;20
19.122;-7.3;-8.366;20
10.936;-24.304;-12.371;20
-13.936;-32.454;-36.219;20
-14.797;-3.781;-33.535;20
-9.087;6.665;-12.392;20
-11.518;9.623;-12.641;20
-13.379;9.912;-8.173;20
-9.378;10.662;-1.979;20
-2.414;12.318;0.116;20
0.275;12.719;4.429;20
1.116;12.803;3.635;20
-0.246;8.069;-0.419;20
-2.752;2.233;5.466;20
-3.365;-7.029;2.368;20
4.038;-33.165;9.531;20
6.527;-29.739;12.458;20
8.929;-15.2;-16.175;20
8.949;-15.03;-18.241;20
-15.582;-3.062;2.117;20
-14.902;10.764;27.619;20
6.936;23.564;33.062;20
15.906;26.281;20.127;20
11.188;26.172;10.262;20
8.171;19.721;4.546;20
4.912;14.198;-1.271;19
-0.369;9.049;-5.818;20
-7.25;6.529;-7.59;20
-9.542;1.263;-9.307;20
-6.094;-2.337;-11.039;20
-3.057;-0.598;-7.262;20
-1.437;-10.533;0.116;20
10.808;-34.759;11.279;20
5.946;-12.505;6.938;20
0.753;4.879;-2.093;20
7.124;3.285;3.48;20
11.583;-0.922;26.147;20
21.998;-16.41;7.266;20
5.789;-23.978;-12.759;20
-19.667;-27.954;-36.014;20
-16.291;-1.251;-37.403;20
-6.846;9.59;-10.408;20
-10.093;12.245;-11.148;20
-11.666;10.488;-5.524;20
-7.576;11.706;-0.817;20
-2.388;12.892;-0.729;20
-0.215;12.493;4.56;20
0.314;11.767;2.987;20
0.008;6.216;-0.347;20
-1.529;0.061;3.573;20
-3.253;-10.457;1.932;20
1.627;-26.388;5.914;20
6.091;-26.086;13.119;20
2.01;-14.147;10.554;20
11.039;-15.218;-20.568;20
-3.003;-7.46;-10.655;20
-13.472;6.116;22.645;19
4.041;21.395;30.303;20
11.804;24.55;21.912;20
9.928;25.855;11.629;20
6.428;23.972;11.361;20
4.122;18.67;-0.144;20
1.709;13.313;-6.432;20
-2.016;7.731;-8.036;20
-6.0;1.684;-7.705;20
-9.108;-6.584;-6.145;20
-9.255;-15.442;-18.131;20
6.905;-40.605;-15.166;20
7.422;-9.889;10.859;20
5.985;6.379;15.847;20
5.8;5.857;21.954;20
8.577;3.36;21.448;20
22.317;-4.384;31.01;20
11.417;-27.035;-30.649;20
-3.329;-34.89;-22.553;20
-19.807;-19.581;-50.725;20
-10.22;6.232;-13.824;20
-10.198;11.272;-15.594;20
-13.549;12.121;-7.843;20
-12.498;11.141;-3.199;20
-6.409;13.442;-2.08;20
-3.231;13.534;1.931;20
-1.396;12.416;1.317;20
-2.298;6.925;-1.16;20
-3.465;1.05;8.265;20
-3.137;-7.593;4.339;20
2.121;-23.756;3.891;20
7.063;-25.336;10.206;19
4.357;-15.076;9.345;20
13.328;-19.298;-19.508;20
-1.679;-8.714;-8.358;20
-16.309;6.191;18.925;20
4.661;21.412;35.755;20
14.51;26.408;22.145;20
10.281;28.688;13.882;20
5.835;25.608;10.557;20
4.436;19.563;-1.762;20
-0.982;13.338;-7.891;20
-6.967;7.723;-5.041;20
-7.369;1.064;-4.124;20
-6.298;-5.586;-5.321;20
-5.508;-11.073;-12.081;20
5.807;-39.088;-13.667;20
8.636;-20.316;1.845;20
3.4;7.355;7.608;20
4.775;10.693;6.273;20
8.066;6.555;14.717;20
15.35;-1.71;29.708;20
23.59;-20.669;-7.108;20
-3.911;-23.396;-11.617;20
-18.622;-38.1;-23.335;20
-21.686;-0.976;-56.823;20
-7.364;10.372;-0.178;20
-10.261;12.792;-8.89;20
-10.947;12.211;-5.087;20
-7.692;12.849;-3.559;20
-4.319;13.71;0.65;20
-2.219;13.086;0.725;20
-1.573;10.372;-3.0;20
-3.913;3.521;-0.902;20
-3.953;-3.825;9.134;20
-0.788;-11.736;6.357;19
10.681;-29.071;6.637;20
12.67;-23.905;11.827;20
8.891;-13.773;-3.865;20
7.325;-9.386;-15.28;20
-11.728;-1.659;-1.722;20
-11.827;11.057;23.819;20
8.918;19.752;28.663;20
12.081;25.343;16.2;20
7.808;26.826;14.261;20
4.746;23.425;5.825;20
2.044;16.962;-2.386;20
-2.971;10.697;-5.101;20
-5.967;5.368;-7.466;20
-8.033;-2.102;-8.949;20
-12.819;-13.107;-16.424;20
1.538;-38.08;-45.134;20
16.469;-19.176;21.955;20
9.859;4.784;26.372;20
6.238;10.231;22.617;20
6.621;8.903;9.185;20
14.987;2.873;4.492;20
17.799;-14.436;17.787;20
6.264;-35.458;-10.794;20
-12.057;-35.699;-16.829;20
-27.305;-16.569;-59.824;20
-9.066;11.028;-10.141;20
-6.787;14.949;-14.448;20
-11.863;12.998;-9.157;20
-11.412;12.123;-3.393;20
-6.358;12.899;-0.271;20
-2.525;12.998;2.388;20
-0.983;12.372;1.76;19
-2.281;9.074;-2.614;21
-1.173;3.344;1.551;19
-0.77;-4.526;9.64;20
-2.724;-16.377;5.786;20
4.361;-27.873;10.161;20
6.732;-16.082;12.86;20
8.679;-11.209;-1.201;20
11.105;-9.545;-10.941;20
-5.469;1.271;-4.781;20
-12.145;11.174;17.843;20
6.166;18.833;28.121;20
11.924;23.724;17.77;20
10.117;24.377;10.003;20
6.322;20.709;6.016;20
2.743;15.77;-2.948;20
0.094;10.909;-6.116;20
-2.918;4.788;-8.359;20
-7.041;-1.825;-9.051;20
-9.874;-7.59;-14.137;20
-4.58;-27.212;-19.843;20
11.407;-32.876;9.495;20
4.015;3.006;10.384;20
3.994;9.078;15.148;20
2.603;6.572;25.831;20
11.975;-0.073;4.301;20
18.047;-11.151;28.544;20
1.8;-21.156;-28.256;20
-2.6;-27.028;-30.57;20
-8.915;-7.185;-42.855;20
-9.71;8.374;-5.769;20
-9.052;9.767;-11.149;20
-8.821;12.731;-2.993;19
-10.353;11.073;-2.779;20
-10.628;11.631;-1.39;20
-7.314;11.92;-3.995;20
-4.589;9.636;-5.377;20
-6.589;1.945;1.604;20
-7.546;-5.393;13.467;20
0.472;-19.52;7.367;20
14.382;-31.835;-0.239;20
11.056;-15.653;1.889;20
11.69;-11.592;9.646;20
16.336;-11.933;-18.099;20
-11.303;-3.83;9.737;20
-23.653;8.261;11.197;20
6.893;14.577;26.606;20
16.279;19.972;19.762;20
7.074;25.397;11.069;20
5.248;25.485;11.29;20
1.442;22.584;4.696;20
-3.324;16.53;-2.599;20
-6.997;9.6;-5.426;20
-7.732;1.78;-6.871;20
-11.328;-9.718;-7.799;20
-5.792;-21.052;-43.052;20
13.426;-42.425;-13.7;20
3.664;-9.834;18.254;20
4.019;9.184;17.76;20
7.043;7.763;16.155;20
7.576;4.501;8.197;20
13.748;0.709;12.877;20
11.307;-5.522;16.32;20
6.485;-22.015;-14.434;20
-11.922;-17.206;-18.614;19
-18.519;-24.212;-16.448;20
-25.206;4.866;-56.844;20
-8.637;11.593;-0.995;20
-4.037;10.301;0.677;20
-3.62;12.089;-2.81;20
-4.043;13.592;0.949;20
-4.159;13.724;-2.698;20
-4.705;12.531;-8.867;20
-2.655;7.462;-14.294;20
0.01;2.311;-2.874;20
-0.894;-6.267;14.71;20
2.95;-25.395;19.183;20
14.166;-41.777;16.768;20
0.943;-9.265;-2.303;20
6.744;-9.311;-29.473;20
-3.569;-8.042;-3.682;20
-7.728;0.746;22.62;20
7.492;14.817;28.408;20
14.536;22.983;21.574;20
13.907;25.46;11.929;20
9.27;23.354;7.94;20
2.83;18.727;5.949;20
-3.051;13.137;-2.491;20
-9.243;8.605;-3.211;20
-10.47;1.838;-4.471;20
-8.112;-4.122;-6.948;20
-4.595;-2.371;-17.241;20
-2.061;-5.693;-13.06;20
5.591;-35.548;-7.007;20
2.151;-22.572;10.312;20
1.706;12.589;3.627;19
7.645;6.603;3.721;20
10.675;0.581;0.282;20
9.874;-0.543;5.292;20
9.993;-5.949;21.762;20
5.147;-13.759;9.525;20
-4.973;-7.37;-7.512;20
-5.59;-11.141;-3.257;20
-15.239;-9.973;-41.869;20
-15.512;8.187;-31.036;20
-7.253;7.735;6.979;20
-4.942;9.269;-2.554;20
-4.049;11.154;-0.472;20
-5.053;11.48;1.759;20
-6.73;11.717;-6.665;20
-6.327;10.748;-18.354;20
-1.049;5.888;-11.02;20
-0.19;-0.937;4.482;20
-2.205;-10.929;17.144;20
7.81;-41.563;22.159;20
9.006;-32.605;10.32;20
2.953;-4.773;-24.526;20
-0.873;-6.763;-20.384;20
-1.994;-6.031;11.4;20
2.925;6.929;31.332;20
11.97;20.064;22.351;20
16.498;22.767;20.184;20
12.756;22.681;8.951;20
5.109;18.564;4.351;20
-1.901;12.952;-0.669;20
-5.531;7.156;-5.194;20
-8.866;2.014;-7.426;19
-9.428;-3.348;-5.965;20
-6.406;-2.15;-8.319;20
-4.048;3.007;-9.876;20
-2.711;-8.808;-12.061;20
6.405;-33.868;-5.896;20
2.412;-5.015;6.214;20
2.993;9.128;5.487;20
9.417;3.241;10.773;20
13.268;-0.071;10.515;20
13.45;0.912;6.186;20
15.463;-5.703;5.395;20
8.946;-15.191;12.229;20
-14.667;-16.59;8.667;20
-24.525;-35.355;-17.533;20
-29.554;-1.527;-57.451;20
-8.627;6.628;4.507;20
-10.138;9.874;-10.481;20
-9.637;11.442;-6.107;20
-4.532;11.156;-1.627;20
0.145;12.174;0.904;20
2.263;12.424;1.351;20
1.051;10.685;-4.919;20
-0.965;1.514;-1.266;20
-0.888;-1.809;7.015;20
3.536;-12.539;8.937;20
9.565;-32.223;15.543;20
0.962;-17.853;-3.698;20
-2.05;-13.532;-13.576;20
-4.596;-12.333;-12.548;20
-8.013;-4.966;10.734;19
2.396;13.737;31.071;20
12.872;25.198;30.757;20
18.739;28.779;19.542;20
12.613;26.351;10.198;20
7.229;20.546;3.6;20
2.854;14.64;-3.355;20
-2.702;6.869;-6.704;20
-6.659;4.832;-6.52;20
-5.201;1.607;-5.548;20
-3.079;-1.572;-3.027;20
-8.706;-12.297;-5.62;20
-3.514;-37.682;-44.309;20
6.747;-16.019;0.972;20
4.264;5.867;6.045;20
5.187;8.445;14.028;20
10.426;2.17;20.812;20
7.669;0.324;12.049;20
12.396;-4.958;3.918;20
11.477;-10.925;-6.055;20
-6.136;-4.859;-2.579;20
-1.971;-22.714;2.405;20
-20.1;-22.28;-52.279;20
-16.762;7.328;-31.233;20
-6.757;8.55;8.397;20
-6.663;11.959;-1.499;20
-5.938;13.45;-1.407;20
-6.065;14.352;-0.881;20
-4.95;14.125;0.488;20
-4.339;13.702;-3.26;20
-6.239;12.454;-10.929;20
-1.817;6.904;-5.577;19
-1.103;-0.04;7.386;20
-3.345;-11.866;13.85;20
8.631;-43.549;18.309;20
9.619;-32.401;9.454;20
6.733;-5.976;-20.3;20
8.679;-7.66;-24.482;20
-2.559;-4.842;-8.032;20
-8.836;2.236;26.164;20
1.249;16.799;28.793;20
14.421;21.637;24.292;20
17.285;21.831;11.928;20
10.49;20.034;4.683;20
4.6;15.345;-0.359;20
-2.165;10.528;-4.136;20
-8.298;7.095;-4.376;20
-10.531;1.782;-5.7;20
-7.479;-2.482;-5.879;20
-6.799;-3.696;-9.33;20
-3.074;-19.047;-12.48;20
16.817;-28.133;11.079;20
5.927;-0.365;5.692;20
4.759;6.512;1.166;20
5.926;6.075;1.263;20
11.525;0.379;5.318;20
26.373;-13.799;21.648;20
3.381;-15.728;1.495;20
-14.922;-19.258;6.817;20
-33.905;-25.925;-50.827;20
-17.294;7.046;-27.209;20
-3.608;7.749;1.586;19
-8.006;11.796;-6.248;20
-9.977;11.469;-3.758;20
-6.055;10.878;-3.464;20
-1.616;12.123;-0.739;20
0.464;12.546;-0.626;20
0.592;12.298;-1.853;20
-1.162;5.247;0.571;20
-0.818;-0.351;8.41;20
3.714;-15.5;3.287;20
13.689;-37.048;8.866;20
7.579;-17.628;8.774;20
10.437;-6.902;-8.155;20
1.885;-9.163;-14.246;20
-16.05;-4.336;4.896;20
-11.919;6.818;16.416;20
8.571;14.733;25.671;20
16.301;20.19;19.006;20
11.162;23.575;8.31;20
6.188;22.041;6.133;20
3.231;17.855;2.123;20
0.162;13.183;-3.378;20
-5.395;8.106;-5.996;20
-9.63;3.645;-7.16;20
-5.992;-0.519;-9.09;20
-0.854;1.649;-5.516;20
-2.473;1.623;-1.348;20
-0.067;-19.294;-0.764;20
12.265;-45.917;17.851;20
-1.28;-6.103;-1.444;20
-1.929;5.726;-8.187;20
1.945;3.824;-10.152;19
3.268;-1.547;-6.651;20
9.237;-5.721;49.807;20
9.519;-13.522;2.068;20
2.96;-7.875;-22.605;20
-6.013;-16.707;-33.201;20
-15.26;1.27;-31.073;20
-10.985;7.764;-1.687;20
-9.331;10.091;-5.831;20
-7.074;9.942;-3.498;20
-4.933;10.24;-0.554;20
-3.581;11.177;0.569;20
-3.254;10.079;-0.34;20
-6.576;4.748;0.479;20
-6.583;1.514;2.498;20
1.551;-8.796;-0.801;20
13.846;-32.675;9.112;20
12.064;-31.656;10.246;20
7.948;-12.748;-3.393;20
9.504;-12.089;-19.935;20
-13.903;-8.456;10.64;20
-13.049;4.517;19.202;20
7.001;16.657;28.769;20
12.318;25.117;19.847;20
7.764;27.52;10.964;20
5.77;24.768;8.149;20
3.473;19.194;3.677;20
0.107;13.078;-3.056;20
-4.337;7.419;-6.492;20
-6.427;4.572;-6.621;20
-4.622;-0.076;-7.3;19
-0.368;-0.204;-8.512;20
0.337;-0.52;-4.997;20
6.052;-24.723;1.816;20
9.593;-44.909;11.481;20
-3.706;-2.688;-4.702;20
-1.783;8.833;-10.074;20
1.15;3.603;-8.981;20
1.048;-4.81;11.67;20
-0.858;-9.086;59.251;20
0.835;-11.688;-23.264;20
5.985;-8.501;-13.645;20
-4.767;-18.959;-51.32;20
-10.498;3.263;-12.883;20
-7.718;9.399;-7.1;20
-7.44;11.725;-6.587;20
-7.499;9.526;-4.559;20
-4.957;9.427;-2.001;20
-3.099;10.192;0.671;20
-1.84;10.415;1.415;20
-2.572;9.089;-6.836;20
-2.331;1.923;-11.566;20
0.766;-12.439;9.51;20
5.897;-29.835;16.713;20
7.699;-29.53;13.59;20
3.751;-12.072;7.484;20
3.413;-16.22;-25.947;20
-8.109;-14.942;-7.573;20
-10.666;1.674;35.153;20
10.209;18.043;27.191;20
13.438;24.159;16.511;19
11.066;27.503;10.162;20
9.439;26.918;8.149;20
6.988;21.481;5.501;20
2.918;15.76;0.4;20
-1.198;11.002;-3.298;20
-4.623;7.504;-4.47;20
-5.103;3.56;-3.862;20
-2.374;1.085;-3.883;20
-3.317;-0.824;-3.697;20
-1.249;-24.807;-5.696;20
8.059;-46.468;13.085;20
-0.406;-13.104;-3.324;20
-2.109;4.899;-15.876;20
-3.258;8.929;-13.244;20
-4.619;7.436;24.033;20
2.1;-14.562;38.194;20
8.036;-22.719;-32.944;20
0.376;-10.084;-35.75;20
-6.999;-2.445;-29.456;20
-9.028;5.584;-8.381;20
-9.343;9.713;-7.968;20
-7.935;10.133;-5.628;20
-5.188;10.283;-1.698;20
-1.805;10.845;1.042;20
-0.532;11.086;3.545;20
-0.041;10.478;0.815;20
-2.623;5.83;-4.397;20
-5.122;-0.122;4.517;20
-3.331;-7.961;5.574;20
5.948;-26.386;11.736;20
11.861;-30.5;15.898;20
5.584;-11.009;4.984;19
12.989;-8.125;-17.133;20
-3.142;-2.486;-8.648;20
-9.221;4.596;4.111;20
4.456;13.364;20.306;20
10.989;19.188;18.811;20
7.639;23.113;9.634;20
4.899;23.07;5.436;20
2.103;19.78;2.401;20
0.638;15.837;-3.516;20
-1.145;10.668;-4.907;20
-3.653;3.457;-2.415;20
-7.463;-4.065;-17.766;20
-6.032;-13.966;-22.372;20
15.024;-46.203;14.946;20
5.687;-14.576;16.683;20
3.144;6.107;4.774;20
1.578;4.778;21.585;20
1.045;7.318;37.954;20
16.402;-13.704;-7.1;20
12.711;-26.629;-16.893;20
-18.292;-27.82;-52.014;20
-4.695;-2.053;-3.725;20
-7.357;4.86;-31.42;20
-7.592;8.886;-14.287;20
-9.918;8.982;-8.213;20
-8.727;10.47;0.638;20
-7.71;12.359;5.956;20
-4.974;12.357;6.002;20
-4.241;11.912;1.367;20
-5.665;8.543;-1.779;20
-3.42;1.009;4.845;20
-2.124;-13.031;11.737;20
1.723;-47.772;8.468;19
-12.118;-31.809;-22.14;20
-7.291;-25.956;-26.31;20
-7.925;-22.984;24.711;20
12.199;7.505;50.004;20
31.185;26.349;39.175;20
18.328;38.432;14.927;20
10.484;31.384;10.463;20
6.822;24.46;4.019;20
2.404;19.666;-3.455;20
0.836;12.896;-8.612;20
-0.398;7.668;-6.789;20
-1.032;5.194;1.176;20
-3.12;3.978;7.899;20
-2.577;-5.13;-24.575;20
19.846;-52.998;-6.218;20
1.577;-39.122;-1.144;20
-4.447;3.004;-12.188;20
-22.542;22.451;8.652;20
-33.406;6.366;29.465;20
8.658;-26.598;-9.758;20
31.828;-23.865;-46.949;20
-3.48;-7.732;-23.31;20
-13.171;9.164;-12.051;20
-12.247;15.144;-8.161;20
-12.616;13.604;-3.165;20
-8.803;13.022;-2.446;20
-4.83;15.147;1.582;20
-1.422;12.011;6.287;20
-1.978;5.944;5.717;20
-5.104;5.458;9.484;19
-5.488;3.096;11.324;20
0.31;-11.387;-1.966;20
24.736;-42.217;-0.192;20
15.031;-13.421;-7.738;20
16.27;-3.565;5.84;20
17.871;-2.624;-6.473;20
3.119;-0.645;0.992;20
-15.907;6.917;6.725;20
-5.746;9.964;0.897;20
9.536;9.471;15.039;20
12.149;15.304;13.604;20
7.644;18.663;6.883;20
4.745;16.859;1.276;20
0.57;14.581;-3.132;20
-5.494;9.941;-5.988;20
-12.117;-1.884;-7.229;20
-13.132;-6.699;-13.337;20
-6.956;0.385;-15.797;20
-3.578;2.154;-0.003;20
-5.855;-13.805;1.58;20
11.046;-27.548;17.073;20
7.368;-6.493;7.282;20
5.53;2.867;2.937;20
9.084;3.079;5.118;20
11.092;4.172;8.947;20
17.004;1.752;2.554;20
21.163;-12.059;-4.039;20
-4.283;-17.003;-14.37;20
-17.597;-19.641;10.634;20
-35.472;-17.052;-38.165;19
-22.97;9.667;-46.814;20
-6.276;8.684;7.43;20
-3.917;8.989;-0.019;20
-3.606;11.751;1.281;20
-2.147;12.141;0.884;20
-0.702;11.523;-1.231;20
-1.365;8.504;-5.246;20
-3.492;0.692;-1.246;20
-3.229;-5.753;15.366;20
3.77;-24.527;12.664;20
14.124;-34.804;14.571;20
4.812;-9.181;5.254;20
14.388;-10.977;-32.376;20
-8.286;-7.754;1.681;20
-16.879;6.899;24.527;20
7.376;18.724;28.292;20
14.954;22.058;17.018;20
9.013;22.837;10.012;20
7.968;20.334;6.878;20
4.994;17.375;3.524;20
-0.016;13.322;-1.8;20
-6.612;8.891;-3.291;20
-10.604;2.823;-3.163;20
-7.531;-3.767;-3.144;20
-6.282;-4.704;-10.617;20
-5.793;-20.088;-11.847;20
12.881;-40.136;2.16;20
2.026;-0.762;2.969;20
3.024;7.413;0.375;19
6.111;4.834;3.088;20
13.621;0.003;19.012;20
19.785;-5.734;34.6;20
11.42;-14.105;-24.635;20
-7.954;-13.362;-4.82;20
-20.953;-32.175;-19.472;20
-24.711;3.195;-52.575;20
-9.727;10.518;2.068;20
-11.381;9.822;-8.312;20
-10.583;10.253;-5.815;20
-6.589;10.674;-1.962;20
-2.405;11.926;-0.42;20
0.696;11.399;-0.125;20
2.2;10.249;-0.428;20
0.727;4.802;-3.058;20
0.829;-3.365;8.22;20
2.66;-19.237;7.906;20
12.653;-37.95;13.279;20
5.197;-18.869;10.997;20
12.687;-13.588;-23.741;20
-4.157;-9.352;-6.795;20
-16.75;1.239;13.398;20
-3.867;14.882;26.295;20
11.634;20.852;23.947;20
12.036;24.642;15.581;20
9.986;24.217;8.526;20
8.542;20.234;5.308;20
4.611;15.845;-1.953;19
-0.746;11.829;-6.031;20
-7.445;7.487;-6.021;20
-9.251;1.521;-4.287;20
-6.547;-1.649;-6.934;20
-7.012;-8.579;-8.763;20
2.558;-35.715;-9.739;20
7.766;-22.562;4.879;20
1.805;4.5;-1.641;20
3.737;7.178;-2.482;20
6.279;3.696;7.049;20
16.24;-3.981;36.239;20
9.818;-8.248;9.321;20
1.616;-9.569;-12.253;20
-3.325;-21.083;-0.892;20
-15.069;-19.905;-58.943;20
-9.968;3.305;-12.046;20
-8.945;8.336;-8.802;20
-9.457;10.47;-9.997;20
-11.638;9.798;-7.256;20
-7.22;9.211;-1.847;20
-2.771;10.932;-0.748;20
-0.303;11.429;1.567;20
0.192;9.59;3.745;20
-5.26;6.005;8.806;20
-4.377;-1.604;4.4;20
-0.643;-13.724;3.225;20
7.965;-29.935;7.669;20
5.814;-19.216;11.11;20
11.865;-13.263;-10.335;19
11.5;-11.032;-21.232;20
-12.311;-4.063;3.428;20
-14.787;6.647;17.999;20
4.336;15.885;25.949;20
12.158;21.128;19.992;20
9.457;23.739;9.531;20
8.547;21.493;6.545;20
7.631;16.531;2.923;20
4.598;11.983;-2.13;20
1.418;7.581;-6.073;20
-3.342;4.43;-9.085;20
-5.872;1.926;-8.382;20
-5.713;-3.337;-7.027;20
-5.513;-17.978;-10.929;20
0.092;-26.989;12.324;20
5.004;-9.582;7.702;20
1.241;2.372;0.643;20
-0.928;4.156;1.661;20
4.635;-0.362;5.869;20
10.656;-6.294;24.224;20
9.763;-8.645;-1.936;20
7.356;-16.419;-6.662;20
-1.895;-26.41;-31.615;20
-12.15;-4.849;-37.396;20
-9.517;4.097;-4.339;20
-9.231;10.526;-8.002;20
-9.878;11.185;-7.046;20
-11.058;8.95;-5.386;20
-6.798;9.38;-2.412;19
-3.115;11.095;1.419;20
-1.222;11.435;3.396;20
0.033;11.132;0.785;20
-1.186;6.599;-0.449;20
-0.817;-0.302;7.421;20
-0.743;-13.403;4.903;20
1.189;-28.059;9.313;20
4.419;-20.695;13.165;20
2.516;-10.257;9.834;20
15.595;-14.539;-24.926;20
-0.02;-9.246;-7.551;20
-15.53;2.912;9.971;20
-3.322;13.808;20.35;20
9.583;19.347;23.145;20
10.213;21.625;11.434;20
8.337;20.517;4.724;20
7.672;17.917;2.125;20
5.29;13.984;-1.977;20
2.242;10.932;-5.682;20
-2.031;7.479;-6.735;20
-6.183;2.416;-7.446;20
-5.131;-0.757;-8.629;20
-5.745;-5.627;-6.833;20
-0.633;-26.158;0.469;20
8.492;-25.155;16.398;20
0.979;-1.804;3.501;20
-2.29;4.539;-1.463;20
2.003;3.125;0.422;19
10.705;-4.726;20.376;20
8.087;-7.29;12.221;20
8.599;-12.617;-13.112;20
2.287;-18.973;-12.177;20
-7.418;-14.389;-52.01;20
-8.088;3.359;-6.961;20
-9.437;7.255;-8.001;20
-8.577;10.069;-5.99;20
-9.882;9.229;-4.831;20
-8.211;8.445;-1.492;20
-5.678;10.628;0.825;20
-3.037;10.698;1.792;20
-1.261;10.68;0.815;20
-2.784;7.168;1.264;20
-2.375;0.591;9.321;20
-0.897;-11.164;5.984;20
3.559;-28.026;8.147;20
3.538;-20.999;11.232;20
0.933;-10.073;11.417;20
15.327;-14.699;-18.692;20
6.42;-7.74;-15.307;20
-11.802;0.337;10.136;20
-7.326;12.233;13.566;20
5.295;18.122;17.058;20
10.134;19.849;16.23;20
8.448;20.309;6.39;20
7.673;17.274;3.72;20
5.571;13.925;0.12;20
2.786;10.969;-3.62;20
-0.796;7.982;-6.113;19
-5.186;3.843;-6.378;20
-6.42;-1.063;-5.813;20
-6.396;-0.504;-7.939;20
-6.76;-14.949;-1.827;20
5.436;-35.691;14.797;20
2.973;-8.405;1.688;20
-0.464;4.65;-4.863;20
1.069;6.521;-6.942;20
3.631;3.155;9.489;20
14.45;-7.45;42.604;20
11.631;-12.186;-14.245;20
4.384;-9.882;-8.124;20
-1.019;-20.629;-19.143;20
-7.804;-6.759;-39.721;20
-9.126;2.604;-4.094;20
-8.666;6.652;-8.692;20
-8.9;9.113;-6.356;20
-10.77;8.107;-6.433;20
-7.054;8.317;-0.911;20
-4.049;10.585;0.655;20
-1.511;10.731;1.313;20
-0.607;10.067;0.72;20
-2.654;6.368;3.672;20
-2.308;-1.839;6.62;20
-1.747;-17.256;7.948;20
3.733;-30.169;12.109;20
4.018;-17.234;9.849;20
6.324;-12.366;3.423;20
13.511;-10.516;-27.036;19
-4.57;-4.282;0.816;20
-12.839;7.775;16.476;20
2.472;15.357;17.141;20
8.927;19.818;17.052;20
7.955;20.967;9.683;20
7.964;18.577;5.913;20
7.036;14.735;2.797;20
4.024;11.497;-2.332;20
1.115;8.243;-6.32;20
-3.808;3.736;-11.812;20
-12.39;-5.995;-28.88;20
-4.731;-16.759;-18.298;20
2.882;-20.432;20.194;20
7.549;-12.083;24.033;20
1.365;0.089;14.445;20
2.952;2.669;3.896;20
8.795;0.961;2.711;20
10.665;-5.277;17.746;20
5.979;-10.167;-0.337;20
0.589;-15.407;-12.562;20
-1.52;-24.409;-38.638;20
-10.439;0.499;-25.687;20
-8.964;7.469;-5.405;20
-6.552;9.565;-10.173;20
-7.564;9.225;-8.143;20
-9.683;8.338;-4.876;20
-7.548;8.581;0.451;20
-4.777;10.681;2.667;20
-2.04;10.719;2.406;20
-0.537;7.906;0.344;19
-5.39;2.351;9.778;20
-5.212;-6.832;5.273;20
4.298;-26.932;4.981;20
12.918;-30.183;5.067;20
4.416;-11.58;7.773;20
11.471;-10.076;-3.029;20
4.145;-5.362;-11.429;20
-15.34;1.597;7.927;20
-7.101;10.357;14.763;20
9.46;14.79;15.692;20
7.597;20.352;15.107;20
5.932;21.733;8.713;20
7.703;20.094;7.072;20
5.362;17.342;3.402;20
1.649;13.759;-2.802;20
-0.634;9.494;-6.108;20
-2.912;4.289;-7.139;20
-6.199;-5.579;-11.992;20
-7.434;-18.54;-19.031;20
-0.355;-39.836;3.706;20
0.122;-11.016;10.078;20
2.015;5.424;2.603;20
2.492;4.713;2.847;20
5.549;1.882;10.42;20
12.115;-3.975;26.383;20
7.945;-5.11;18.675;20
5.741;-12.016;-18.798;20
-1.327;-13.982;-16.56;20
-4.278;-19.378;-46.75;19
-6.657;3.607;-9.664;20
-9.438;5.611;-10.18;20
-8.631;8.699;-10.939;20
-9.375;9.401;-6.754;20
-7.877;8.527;-2.912;20
-5.509;10.372;1.213;20
-3.007;10.83;2.057;20
-1.03;9.497;1.225;20
-5.042;7.31;3.609;20
-4.313;0.152;5.461;20
-1.293;-12.142;4.312;20
8.042;-31.17;11.476;20
2.767;-17.466;8.72;20
3.422;-10.433;4.401;20
13.568;-12.309;-29.408;20
-4.453;-7.453;-1.64;20
-14.645;4.264;16.09;20
0.995;13.8;19.397;20
8.838;19.518;16.832;20
7.978;22.684;12.765;20
9.086;19.537;8.759;20
8.13;14.349;3.471;20
4.594;10.407;-0.952;20
0.608;7.292;-5.526;20
-4.337;4.193;-7.629;20
-6.6;0.35;-6.333;20
-4.564;0.896;-6.905;20
-3.126;-1.746;-3.29;20
0.974;-16.979;-2.802;20
6.408;-27.779;7.799;19
-0.46;-5.026;0.606;20
-3.207;2.195;1.013;20
-0.812;-1.371;17.546;20
-3.391;-0.851;34.941;20
8.918;-13.523;-10.917;20
11.187;-17.613;-12.831;20
-3.182;-19.333;-55.654;20
-6.671;-1.483;-12.159;20
-9.735;4.884;-7.055;20
-9.523;9.372;-3.474;20
-10.223;10.806;-4.993;20
-7.882;10.038;-2.871;20
-4.531;11.401;0.123;20
-2.87;12.219;2.317;20
-0.175;11.027;-1.652;20
-1.973;8.007;-8.887;20
-2.549;-0.678;3.436;20
-0.156;-17.023;11.783;20
6.357;-32.178;13.765;20
9.704;-19.776;7.622;20
5.556;-6.988;8.753;20
14.475;-9.173;-19.219;20
-1.884;-6.021;-6.071;20
-15.372;4.685;16.432;20
3.523;13.865;22.649;20
11.447;18.882;14.973;20
8.081;20.676;8.673;20
7.828;18.968;5.856;20
6.693;17.039;3.777;20
4.086;13.661;-0.508;19
0.316;10.444;-3.29;20
-2.823;6.782;-5.062;20
-4.455;2.77;-4.572;20
-5.589;-1.254;-6.698;20
-6.121;-10.563;-7.527;20
1.807;-37.769;0.457;20
4.032;-22.904;8.127;20
-1.544;2.511;-3.932;20
-3.481;5.12;-2.215;20
1.584;1.015;15.045;20
8.788;-5.451;42.837;20
8.978;-9.182;-19.25;20
9.494;-14.822;-15.734;20
-6.837;-17.3;-51.036;20
-8.15;2.021;-11.843;20
-10.052;5.567;-6.032;20
-9.166;9.874;-3.036;20
-9.071;10.375;-2.0;20
-8.031;9.494;-2.174;20
-5.82;11.325;-0.209;20
-4.093;11.342;-0.591;20
-4.113;9.32;-5.499;20
-7.58;5.096;0.362;20
-4.644;-1.402;5.838;20
2.651;-18.287;7.696;20
13.417;-35.16;7.424;20
9.593;-22.052;7.164;20
5.93;-8.701;13.693;20
11.724;-3.081;-10.609;20
-2.364;0.015;-10.371;19
-9.642;5.308;9.374;20
2.519;12.354;17.344;20
8.342;18.566;16.874;20
6.809;21.663;12.792;20
6.765;21.263;8.165;20
5.42;18.403;4.569;20
2.627;13.444;-2.474;20
0.003;8.608;-5.028;20
-3.35;2.117;-12.487;20
-6.28;-6.437;-22.868;20
-0.805;-14.336;-18.66;20
4.609;-22.393;5.162;20
4.769;-15.079;12.057;20
0.714;-5.484;7.404;20
-6.908;3.71;7.0;20
-6.953;8.386;8.005;20
-3.765;7.981;29.3;20
0.926;-5.963;9.935;20
7.027;-17.98;-19.716;20
7.38;-13.814;-20.837;20
4.626;-8.999;-53.784;20
-1.062;3.928;2.733;20
-4.746;8.912;7.526;20
0.202;3.218;-5.643;20
0.006;6.249;-8.134;20
-2.988;9.877;-3.054;20
-7.39;13.906;2.401;20
-6.922;12.151;-1.65;20
-6.463;9.929;-2.162;20
-3.917;2.125;6.896;19
-6.379;-7.413;10.149;20
2.288;-35.31;-6.754;20
11.044;-28.958;3.204;20
28.055;-17.217;1.906;20
21.179;16.629;3.244;20
-1.771;9.943;3.75;20
-7.679;-2.136;26.23;20
-1.459;1.98;0.183;20
-5.309;2.713;-10.762;20
-4.417;5.996;-7.811;20
-3.237;6.748;4.801;20
0.786;10.872;9.402;20
2.422;13.478;5.883;20
1.483;12.41;-4.519;20
2.519;9.464;-8.238;20
4.838;6.225;-1.932;20
0.165;1.4;2.261;20
-6.456;3.05;1.72;20
-1.018;-5.053;-9.954;20
-0.995;-1.425;-15.904;20
-4.175;2.616;-3.876;20
0.024;0.83;1.789;20
1.887;0.164;3.719;20
4.422;-2.542;4.91;20
0.902;-17.485;7.849;20
-4.025;-5.879;-13.163;20
10.983;5.343;7.753;20
14.803;5.589;9.279;20
10.992;3.76;8.364;19
1.942;-0.104;9.875;20
-4.439;-5.162;7.277;20
-15.003;-4.004;5.207;20
-12.761;-6.113;3.965;20
-9.27;-4.357;2.78;20
-5.499;-3.795;-9.764;20
-0.975;0.408;-25.548;20
-2.595;0.413;-7.798;20
-2.42;2.512;3.957;20
-1.439;2.946;-2.798;20
1.902;0.159;-1.458;20
3.859;3.916;3.606;20
-1.285;3.634;-1.593;20
-8.042;1.371;-0.046;20
-9.566;0.542;0.697;20
-5.647;-1.632;0.599;20
-1.714;-3.316;-0.708;20
-0.589;-3.965;0.34;20
0.271;-2.159;3.424;20
1.788;-0.904;5.244;20
-3.582;-0.677;2.139;20
-1.294;0.554;-1.957;20
1.5;-0.013;2.561;20
1.239;1.023;3.726;20
-2.492;-1.178;0.711;20
-5.442;0.935;3.485;20
-5.868;1.809;0.953;20
-4.753;1.551;-1.068;20
-3.075;-0.367;0.909;20
-1.691;-0.656;4.036;20
-3.667;0.879;0.65;19
-7.427;3.979;1.582;20
-8.976;5.788;5.015;20
-7.577;5.419;7.57;20
-2.945;4.461;7.964;20
0.032;3.234;7.627;20
1.982;2.651;6.314;20
2.247;2.172;4.705;20
2.306;1.878;1.141;20
3.032;1.178;-1.968;20
2.787;0.962;-2.538;20
4.408;0.581;-1.922;20
4.277;0.588;-2.25;20
3.242;1.412;-3.211;20
3.345;2.118;-4.318;20
2.493;3.684;-4.536;20
1.064;5.112;-3.009;20
0.974;4.628;-0.904;20
0.167;4.112;-0.118;20
-2.137;4.535;4.01;20
-1.676;5.235;1.233;20
-2.888;6.626;0.253;20
-0.025;6.26;-0.582;20
2.123;4.508;0.344;20
-0.223;6.06;0.512;20
-2.159;6.054;0.274;20
-0.962;5.048;1.44;20
-0.018;4.875;1.778;20
0.162;4.863;2.339;20
-1.341;4.913;2.175;19
-0.31;4.478;1.974;20
0.164;3.953;1.32;20
0.452;2.588;0.715;20
-0.167;1.968;1.788;20
-0.745;1.116;2.866;20
-1.328;0.329;2.815;20
-1.256;-0.059;0.755;20
-1.054;0.112;0.08;20
0.005;0.296;-1.754;20
1.128;0.366;-2.446;20
1.521;0.708;-1.643;20
1.578;0.701;-0.938;20
0.998;1.033;-1.468;20
-0.099;0.793;-1.528;20
-0.849;0.211;0.76;20
-1.362;-0.056;2.236;20
-1.158;0.034;1.371;20
-0.611;0.219;0.148;20
-0.24;0.513;-0.396;20
-0.127;0.591;-1.005;20
0.085;0.592;-0.859;20
-0.081;0.516;-0.017;20
-0.082;0.535;0.109;20
0.0;0.495;0.089;20
-0.226;0.401;0.272;20
-0.16;0.426;0.281;20
-0.546;0.379;0.662;20
-0.841;0.454;0.727;20
-0.871;0.513;0.835;20
-0.831;0.639;0.953;20
-0.509;0.803;0.147;19
-0.238;0.915;-0.327;20
-0.029;0.816;-0.131;20
0.389;0.55;0.188;20
0.856;0.205;0.208;20
1.013;0.087;-0.088;20
0.75;0.053;-0.701;20
0.509;0.099;-0.717;20

# Completed @Tue Jan 26 20:39:16 GMT+02:00 2021
