# Accelerometer Data File
# Started @Tue Jan 26 20:43:23 GMT+02:00 2021
#
#
# sensor Vendor: BOSCH
# sensor Name: BMI160 Accelerometer Non-wakeup
# sensor Resolution: 0.0023928226m/sec^2; Max Range: 78.4532; Min Delay: 2500 microseconds
# The sensor's attributes are the result hardware and the Android capabilities.
# It means that the Android may not utilize all features provided by the hardware.
#
# Some devices and Android versions save battery too much so the device may go to sleep.
# It just happens after couple of minutes from turning off the scree and it is easy to find it out.
#
# The following file provides the data from accelerometer in the m/s^2 format.
# The diff value is just a time delta between the samples
#
#
# data format:
# so we have 4 columns with values separated by the ";"
# X;Y;Z;time_from_previous_sample(ms)

# sensor speed set to:NORMAL
# units set to: m/sec^2
# gravity  filtered out
# Accuracy: HIGH
-1.124;4.38;6.493;0
-1.216;4.067;5.917;19
-0.963;3.477;5.673;20
-0.946;3.089;4.894;20
-1.137;2.866;4.618;20
-1.304;2.766;4.494;20
-1.522;2.704;4.528;20
-1.688;2.453;4.542;20
-1.637;2.226;4.643;20
-1.426;1.795;4.084;20
-1.507;1.692;3.341;20
-1.407;1.513;2.646;20
-1.278;1.336;1.957;20
-1.444;1.1;1.306;20
-1.843;0.476;1.998;20
-2.493;0.037;2.553;20
-2.092;-1.13;2.105;20
-1.979;-1.54;1.488;20
-1.702;-1.432;-0.378;20
-1.378;-1.718;-1.534;20
-0.684;-2.21;-2.417;20
-0.332;-2.793;-2.836;20
-0.35;-3.604;-3.106;20
-0.847;-3.834;-4.271;20
-1.36;-4.435;-5.292;20
-1.46;-5.222;-6.054;20
1.147;-6.883;-7.575;20
2.721;-9.492;-4.334;20
3.17;-11.696;-0.775;20
1.352;-12.041;-0.53;20
-3.756;-11.227;-2.124;20
-15.62;-2.384;3.077;20
-25.932;6.529;7.144;20
-28.395;12.941;2.8;19
-21.583;13.599;-5.416;20
-14.221;13.449;-9.704;20
-6.402;11.096;-14.194;20
2.126;8.107;-21.971;20
5.183;3.918;-10.262;20
6.575;0.916;-0.456;20
7.232;0.186;-0.089;20
4.225;0.05;-0.327;20
3.765;0.647;2.365;20
2.743;-1.5;4.631;20
2.171;-1.262;3.026;20
0.416;-1.212;-1.446;20
-1.759;-0.733;-2.264;20
-2.323;0.947;1.965;20
3.792;-0.709;1.755;20
6.252;-1.081;4.904;20
0.387;0.181;5.431;20
3.134;-0.634;4.647;20
1.442;-2.357;5.344;20
2.655;-2.475;3.211;20
5.02;-4.836;2.725;20
5.222;-7.262;0.738;20
-6.031;-4.753;-0.733;20
-4.522;-2.783;-3.342;20
2.668;-6.691;-5.972;20
0.259;-6.175;-4.488;20
1.041;-8.223;1.384;20
-2.364;-6.077;3.516;20
-6.729;1.117;1.902;20
-4.688;5.293;1.619;20
1.263;-0.477;-0.54;19
6.919;-5.105;-1.968;20
5.773;-0.309;-0.024;20
3.732;0.357;0.774;20
1.465;-2.375;0.462;20
0.669;-3.64;-1.049;20
0.662;-2.662;2.583;20
-0.389;-1.653;-2.994;20
-2.105;-1.88;-3.121;20
-3.108;-2.709;-1.523;20
-4.203;-1.734;1.054;20
-4.522;-1.383;1.808;20
-2.918;-2.158;-0.772;20
-1.697;-1.412;-0.805;20
-0.219;-2.004;-2.028;20
3.144;-4.175;-3.083;20
3.646;-3.222;0.927;20
4.585;-2.561;4.932;20
4.169;-2.379;5.937;20
4.418;-2.609;4.038;20
5.087;-1.792;2.67;20
4.39;-1.123;-0.943;20
1.85;1.183;-3.069;20
0.846;1.121;-1.381;20
1.394;-0.399;1.268;20
3.615;0.177;3.558;20
6.89;1.282;-1.283;20
6.331;1.41;3.186;20
3.722;-0.064;-1.728;20
3.824;0.728;0.275;20
5.372;0.711;-0.046;20
4.691;-0.765;-2.001;20
2.478;-0.798;-2.946;20
1.597;-1.318;-4.893;19
0.961;-1.647;-7.118;20
-0.259;-1.706;-6.249;20
-3.64;1.5;-5.847;20
-3.429;1.17;-4.566;20
-0.706;0.424;-4.721;20
-1.081;2.784;-4.839;20
-0.543;1.492;-1.821;20
-2.329;-2.935;-4.04;20
-1.483;-5.271;1.08;20
8.316;-0.707;16.248;20
9.644;-1.416;-12.402;20
3.421;4.41;1.724;20
1.685;5.345;11.154;20
2.116;0.789;6.017;20
1.924;-2.952;3.116;20
1.867;-4.508;2.624;20
0.218;-2.796;3.173;20
-3.266;-0.736;4.189;20
1.529;-1.065;7.962;20
0.859;-8.48;8.11;20
-2.511;-19.16;-7.756;20
4.549;-25.93;-12.952;20
0.804;-8.089;0.513;20
-9.976;10.928;6.423;20
6.789;-0.313;-6.878;20
15.605;-6.782;-19.707;20
-2.854;8.515;-2.111;20
-4.457;8.325;-0.164;20
-6.448;9.218;-3.668;20
-6.106;7.83;-0.18;20
-3.858;5.492;-1.664;20
-3.266;3.217;0.07;20
-0.295;2.783;1.745;19
2.69;-0.697;1.169;20
4.245;-8.032;2.807;20
9.537;-21.521;8.388;20
10.357;-24.926;5.978;20
10.261;-11.004;2.262;20
8.813;-1.672;-5.233;20
4.453;-1.34;0.896;20
-3.294;-1.763;1.661;20
-4.689;2.999;4.412;20
-2.597;11.424;10.629;20
0.305;16.644;12.234;20
3.388;19.387;9.866;20
5.965;18.108;4.713;20
4.631;15.407;2.323;20
1.853;11.079;-1.573;20
-3.471;5.983;-6.246;20
-5.918;2.076;-6.742;20
-3.567;2.618;-1.949;20
-7.228;1.9;0.183;20
-3.335;-9.73;-3.788;20
9.884;-23.391;7.115;20
8.751;-17.919;6.995;20
1.313;-0.659;-6.511;20
0.457;3.762;-7.362;20
-0.099;-0.354;0.703;20
-2.434;-6.157;44.942;20
0.532;-13.107;7.39;20
2.275;-11.75;-18.922;20
9.893;-16.124;-41.334;20
1.473;-6.831;-9.119;20
-6.979;1.332;-8.337;20
-8.975;6.994;-6.761;19
-11.522;7.122;-7.96;20
-10.924;7.719;-4.443;20
-5.906;9.174;-3.314;20
-4.223;11.647;-1.187;20
-4.273;11.941;2.096;20
-4.605;7.515;0.186;20
-2.127;0.449;6.148;20
2.363;-6.252;4.478;20
7.624;-17.71;3.559;20
9.649;-19.718;5.489;20
6.809;-12.033;10.881;20
14.289;-14.027;-2.136;20
9.641;-4.71;-11.495;20
-5.096;-5.269;-3.534;20
-9.364;-1.106;4.964;20
-2.503;8.971;14.16;20
2.967;17.964;19.324;20
3.784;23.625;14.239;20
4.452;23.841;9.71;20
5.738;17.536;1.016;20
0.194;10.743;-2.21;20
-6.294;5.653;-7.731;20
-9.345;2.418;-11.791;20
-7.87;1.457;-4.364;20
-7.513;1.254;-5.296;20
2.942;-11.835;-10.538;20
15.031;-19.929;11.294;20
12.55;-15.102;7.322;20
4.416;-0.056;-0.154;20
2.231;3.423;1.183;20
2.139;0.165;5.608;19
2.855;-9.265;28.678;20
0.946;-18.426;10.767;20
-5.334;-13.88;-16.027;20
-0.746;-18.484;-36.567;20
-2.763;-6.64;-20.203;20
-3.871;3.488;-5.478;20
-5.751;9.971;-4.77;20
-12.006;9.419;-8.299;20
-10.426;8.285;-5.959;20
-6.023;9.538;-3.292;20
-5.318;11.499;-0.701;20
-5.028;11.244;-0.215;20
-3.674;6.326;-5.714;20
-2.438;-0.095;-1.313;20
1.212;-6.912;11.499;20
8.317;-16.481;7.844;20
10.734;-19.054;3.935;20
7.242;-13.532;12.634;20
11.095;-14.077;12.606;20
14.897;-4.142;-18.798;20
-0.187;-4.599;-4.769;20
-11.07;4.375;10.992;20
-1.193;13.024;13.98;20
1.938;19.97;14.904;20
3.788;21.336;8.708;20
3.198;20.371;7.558;20
4.202;17.024;2.54;20
-0.185;12.264;-1.874;20
-7.664;6.844;-6.739;20
-11.198;2.426;-9.319;20
-5.127;-0.202;-3.925;19
-1.891;3.883;-2.103;20
-3.93;1.156;-1.516;20
9.468;-22.561;-5.137;20
17.183;-34.824;22.674;20
0.218;-1.573;-6.644;20
0.606;5.579;-5.603;20
1.42;2.025;-4.189;20
2.172;-5.337;25.616;20
-1.188;-13.18;36.0;20
1.425;-17.925;-22.958;20
-1.214;-12.908;-30.554;20
0.957;-10.649;-34.143;20
-6.607;1.918;-6.337;20
-5.167;8.727;-5.318;20
-9.081;10.88;-7.346;20
-9.44;9.045;-4.371;20
-7.77;10.191;-2.043;20
-6.38;10.815;-0.16;20
-5.124;10.092;-5.135;20
-1.706;5.709;-9.04;20
1.554;0.47;8.433;20
4.325;-6.862;12.43;20
5.513;-15.828;2.596;20
8.726;-20.786;7.867;20
5.083;-11.464;18.145;20
8.447;-11.602;7.451;20
12.717;-8.463;-27.822;20
-3.939;-5.904;2.007;20
-11.266;6.998;14.409;20
-1.106;17.838;16.7;20
2.338;22.151;14.957;20
5.682;21.604;8.052;19
5.478;18.763;7.0;20
3.883;14.462;0.432;20
1.338;9.895;-4.551;20
-4.715;5.472;-10.296;20
-9.038;-0.567;-10.302;20
-4.556;-0.088;-5.375;20
-4.685;-0.325;-2.281;20
2.404;-12.148;-4.776;20
11.922;-23.087;10.423;20
4.269;-8.223;6.504;20
1.984;1.237;1.984;20
-0.228;0.818;6.622;20
2.33;-4.794;26.538;20
0.309;-7.698;16.428;20
6.781;-16.428;-15.682;20
6.191;-21.221;-37.291;20
0.743;-10.545;-28.219;20
-7.767;0.824;-5.09;20
-7.28;6.74;-6.599;20
-10.011;10.024;-6.573;20
-12.234;8.637;-6.674;20
-9.432;9.369;-2.934;20
-6.675;11.064;-0.655;20
-4.237;11.164;-3.378;20
-2.416;9.303;-8.389;20
-1.479;1.603;8.281;20
0.823;-4.312;14.079;20
5.936;-14.046;0.471;20
10.089;-21.377;3.894;20
6.634;-14.741;14.204;20
13.019;-18.743;1.944;20
9.029;-9.213;-15.62;20
-10.221;-2.984;1.246;19
-9.943;5.009;6.597;20
-2.073;16.912;19.369;20
3.077;23.084;19.611;20
6.912;23.365;12.988;20
6.573;20.203;10.629;20
4.645;15.289;1.839;20
2.618;10.781;-4.091;20
-0.148;7.119;-11.191;20
-7.132;1.477;-15.522;20
-8.304;-3.386;-11.623;20
-1.882;-10.551;-10.97;20
5.087;-18.938;9.341;20
4.26;-16.61;18.164;20
0.368;-1.873;11.194;20
1.241;-0.467;0.716;20
3.57;-3.185;2.612;20
4.827;-4.731;28.152;20
6.447;-9.191;-2.207;20
11.131;-24.104;-26.544;20
4.894;-18.326;-49.434;20
-6.807;2.339;-2.473;20
-7.924;7.067;-8.372;20
-9.153;10.894;-5.136;20
-11.447;9.078;-3.699;20
-12.335;10.408;-0.679;20
-12.436;12.432;0.625;20
-6.281;10.472;-1.321;20
-3.4;7.85;-13.292;20
-2.586;1.439;-2.51;20
-0.071;-5.288;18.027;19
7.205;-18.148;8.566;20
9.055;-22.33;5.493;20
5.664;-15.446;14.925;20
11.847;-12.445;10.956;20
14.647;-4.609;-23.527;20
-2.346;-0.278;1.285;20
-5.232;10.201;10.446;20
-1.698;18.386;12.793;20
-0.629;22.228;9.513;20
1.536;20.938;7.121;20
2.736;17.577;6.011;20
1.317;14.42;-1.296;20
-0.585;11.109;-6.392;20
-6.032;4.416;-6.565;20
-8.78;-1.158;-7.589;20
-3.475;-0.498;-5.473;20
-0.422;-10.777;-9.358;20
14.919;-25.637;4.785;20
11.165;-15.821;9.646;20
2.764;3.643;3.612;20
-0.51;4.175;12.837;20
3.653;-2.057;14.634;20
4.294;-5.591;26.825;20
8.927;-16.754;-12.255;20
2.875;-17.415;-19.872;20
0.238;-19.978;-52.595;20
-6.67;3.377;0.795;20
-9.579;4.768;-10.977;20
-8.889;9.709;-5.198;20
-11.095;9.467;-6.08;20
-11.046;10.148;-1.584;19
-10.577;12.087;3.0;20
-5.603;10.98;-1.18;20
-2.201;7.518;-7.093;20
-3.699;1.44;5.03;20
-1.526;-3.732;14.789;20
6.578;-15.831;5.689;20
10.007;-19.811;3.178;20
7.255;-14.109;11.271;20
9.74;-15.641;6.36;20
5.987;-7.278;-23.069;20
-6.321;-3.851;-1.861;20
-7.617;6.069;12.631;20
2.084;14.647;16.846;20
3.879;19.812;16.388;20
5.127;21.054;11.555;20
5.809;19.07;6.863;20
4.059;16.407;2.798;20
0.223;13.257;-3.787;20
-7.895;9.147;-8.643;20
-11.844;2.301;-7.818;20
-10.329;-4.279;-11.487;20
-0.276;-16.699;-17.173;20
12.874;-20.931;13.848;20
13.288;-15.937;11.954;20
5.6;0.663;-1.394;20
2.227;4.476;1.315;20
0.831;1.819;7.825;20
5.657;-7.141;27.634;20
2.642;-12.157;6.999;20
1.617;-17.123;-19.41;20
-1.021;-19.475;-45.315;19
-4.777;-1.171;-24.885;20
-6.261;4.527;-0.775;20
-7.203;9.27;-6.599;20
-8.527;9.653;-4.869;20
-8.34;9.611;-1.973;20
-8.551;11.737;2.235;20
-6.014;11.336;0.58;20
-3.551;9.138;-3.815;20
-2.666;2.445;-4.796;20
-2.331;-0.542;11.337;20
2.336;-9.478;7.553;20
10.476;-23.595;10.196;20
7.508;-17.876;14.537;20
11.017;-13.325;3.239;20
5.505;-5.713;-20.425;20
-5.999;-2.607;-6.767;20
-5.57;6.436;13.894;20
3.164;16.459;16.852;20
5.007;18.647;14.164;20
5.807;18.126;9.767;20
4.413;16.882;7.569;20
1.421;13.812;2.237;20
-0.861;11.028;-3.684;20
-4.928;8.694;-8.686;20
-8.596;1.59;-9.024;20
-10.764;-8.451;-8.94;20
-4.319;-18.289;-25.74;20
12.61;-21.884;4.458;20
9.184;-6.928;14.384;20
5.802;1.671;14.878;20
3.513;2.567;14.363;20
3.55;1.973;12.451;19
7.592;-3.125;19.223;20
7.432;-13.111;-2.112;20
3.295;-19.181;-20.675;20
-4.21;-22.049;-51.595;20
-8.695;2.282;-11.491;20
-8.446;4.352;1.075;20
-5.826;9.989;-2.681;20
-6.247;12.094;-3.654;20
-10.291;11.876;-0.008;20
-11.269;12.243;-1.303;20
-6.505;9.64;-4.647;20
-4.174;3.832;-9.696;20
-3.736;-1.395;3.558;20
0.173;-6.461;7.584;20
9.475;-22.115;9.22;20
14.157;-25.572;13.961;20
10.44;-8.9;9.796;20
11.222;-5.903;-20.337;20
-8.512;-2.153;-5.061;20
-8.524;4.584;11.222;20
2.573;15.494;17.133;20
4.958;18.848;13.016;20
2.171;19.752;10.777;20
3.858;16.935;9.63;20
2.449;13.968;4.948;20
-0.855;11.52;-1.194;20
-5.547;8.639;-5.129;20
-10.586;2.932;-9.887;20
-16.422;-9.055;-13.895;20
-2.241;-19.156;-36.5;20
14.441;-17.003;16.854;20
14.573;-13.38;17.266;20
7.903;-0.203;9.207;19
2.963;3.076;6.047;20
2.625;2.069;8.876;20
6.195;-3.941;27.36;20
6.154;-14.2;5.387;20
-0.028;-16.816;-24.725;20
-0.666;-19.457;-47.952;20
-5.576;0.002;-10.964;20
-9.429;4.773;-5.957;20
-7.569;9.409;-3.77;20
-9.418;10.579;-4.715;20
-11.068;10.139;-1.049;20
-10.966;11.111;2.603;20
-5.949;9.772;-1.207;20
-4.193;6.679;-10.273;20
-6.123;0.247;0.065;20
1.66;-10.467;11.6;20
11.991;-23.246;5.12;20
12.287;-20.724;4.542;20
7.464;-13.99;18.644;20
18.761;-11.043;6.016;20
4.39;-4.894;-21.772;20
-11.406;1.408;14.842;20
-2.351;12.577;13.505;20
1.543;19.076;12.036;20
-0.104;22.454;10.017;20
0.851;23.135;8.906;20
2.864;20.025;9.031;20
0.797;17.441;1.079;20
-0.75;13.641;-4.88;20
-3.999;9.393;-10.136;20
-7.823;2.165;-8.056;20
-7.103;-6.225;-14.575;19
-1.076;-18.246;-14.607;20
12.849;-36.928;14.026;20
7.233;-14.685;15.255;20
2.352;2.989;1.674;20
2.329;4.332;3.924;20
4.985;2.517;9.641;20
8.363;-1.645;30.463;20
14.055;-16.308;-15.303;20
0.93;-14.707;-22.344;20
-10.274;-18.639;-40.976;20
-10.26;-0.551;-15.584;20
-12.197;5.399;-5.516;20
-9.437;9.392;-7.872;20
-10.348;10.042;-4.72;20
-8.387;9.495;-0.331;20
-5.883;10.696;2.034;20
-3.186;10.091;0.73;20
-1.378;6.998;-2.562;20
-4.459;2.494;2.046;20
-2.014;-4.764;14.121;20
5.576;-17.386;7.943;20
9.342;-19.957;1.155;20
6.869;-13.379;11.246;20
12.174;-16.672;5.297;20
10.065;-8.561;-24.309;20
-7.564;-1.066;9.681;20
-7.875;10.944;13.761;20
1.527;16.072;12.524;20
2.811;20.058;12.681;20
3.999;20.353;8.258;20
6.281;18.444;7.373;20
4.585;16.597;5.736;19
1.341;13.27;-2.83;20
-1.692;10.129;-7.609;20
-6.288;6.205;-9.611;20
-11.315;-1.97;-8.589;20
-8.95;-14.989;-29.383;20
8.269;-30.242;4.89;20
9.934;-20.37;17.094;20
5.686;-1.725;13.676;20
2.794;4.024;7.406;20
3.948;3.472;9.609;20
6.782;-1.927;12.229;20
8.689;-7.836;12.852;20
6.212;-16.702;-17.023;20
-2.538;-14.351;-20.435;20
-5.927;-13.448;-45.268;20
-8.89;2.757;-6.257;20
-10.454;5.646;-3.596;20
-8.85;9.959;-6.289;20
-9.018;11.24;-2.758;20
-8.28;11.703;0.411;20
-7.169;11.871;2.184;20
-2.79;10.577;-0.988;20
-1.573;8.587;-6.321;20
-3.065;3.391;-6.461;20
-4.735;-4.654;11.719;20
7.168;-23.879;19.022;20
16.41;-31.979;6.711;20
9.695;-14.458;8.351;20
18.233;-11.093;-16.056;20
7.431;-5.218;-10.163;20
-9.6;4.332;17.304;20
-7.55;14.039;10.507;20
0.091;18.257;10.785;19
1.507;19.593;9.628;20
1.804;18.746;6.895;20
2.278;16.542;8.865;20
-0.423;14.277;2.032;20
-2.241;11.106;-2.195;20
-4.991;7.457;-6.666;20
-10.039;-1.184;-4.441;20
-16.45;-11.181;-8.774;20
-5.504;-14.619;-39.633;20
12.144;-25.544;-1.047;20
12.028;-15.299;17.926;20
6.941;-0.716;18.486;20
6.057;3.467;9.713;20
5.617;4.087;16.365;20
8.598;2.34;9.124;20
9.963;-2.113;4.0;20
10.669;-13.451;-9.37;20
-3.287;-9.691;-15.406;20
-10.166;-12.116;-23.573;20
-16.011;-0.4;-30.044;20
-10.241;5.214;-9.899;20
-7.008;7.99;3.404;20
-5.087;10.238;-3.256;20
-3.485;10.969;-0.171;20
-3.415;10.818;2.456;20
-4.065;10.286;0.573;20
-3.805;7.206;-8.449;20
-1.548;1.849;-11.887;20
-0.909;-7.611;11.579;20
8.468;-25.323;23.12;20
11.05;-23.845;12.388;20
7.629;-10.547;9.485;20
9.421;-8.876;-33.089;19
-1.444;-8.371;-10.598;20
-10.475;-1.582;12.175;20
-5.063;9.847;18.866;20
3.676;15.6;13.763;20
5.624;18.45;12.38;20
4.719;19.1;11.022;20
3.597;17.816;11.799;20
1.537;14.701;3.401;20
-3.975;11.059;-1.632;20
-11.652;6.072;-3.766;20
-14.851;-1.56;-4.322;20
-13.1;-8.882;-8.831;20
-2.249;-9.148;-40.958;20
13.379;-18.416;-10.036;20
21.321;-34.21;27.009;20
4.301;-3.051;15.008;20
4.221;6.282;0.443;20
6.055;3.008;1.199;20
5.024;1.942;17.374;20
8.284;-3.378;19.581;20
2.688;-4.229;-4.505;20
-5.17;-5.059;-12.829;20
-6.289;-13.97;-7.219;20
-17.955;-5.478;-44.476;20
-10.594;5.758;-31.262;20
-5.613;6.109;4.003;20
-3.848;8.07;5.85;20
-3.179;10.707;1.945;20
-2.682;11.542;2.615;20
-1.43;10.581;1.919;20
-2.463;7.655;-4.835;20
-3.53;1.45;-7.958;19
-1.535;-6.342;4.487;20
17.527;-35.265;13.567;20
14.234;-22.455;14.976;20
13.284;-9.543;-13.141;20
-1.31;-6.939;-15.247;20
-10.849;-7.038;-2.433;20
-7.769;2.868;23.578;20
6.812;15.784;20.643;20
9.852;20.482;13.99;20
4.619;23.363;11.822;20
3.017;21.063;10.775;20
1.3;16.868;3.74;20
-5.164;12.193;-0.115;20
-13.92;6.108;-4.512;20
-14.571;-2.273;-10.909;20
-9.109;-8.743;-6.622;20
-8.187;-10.515;-34.361;20
13.458;-27.281;-13.655;20
16.426;-14.316;17.692;20
8.793;0.58;12.282;20
10.255;2.444;13.371;20
7.039;4.941;9.658;20
8.246;2.391;3.755;20
11.926;-7.455;3.084;20
5.291;-9.991;11.761;20
-6.331;-11.18;-1.913;20
-8.152;-16.267;-6.518;20
-17.967;-15.675;-40.508;20
-13.718;8.192;-32.907;20
-6.075;8.085;6.175;20
-8.21;8.887;-2.604;19
-8.658;9.583;-2.818;20
-7.306;10.935;0.236;20
-5.98;12.04;1.9;20
-2.613;11.135;0.938;20
-0.414;8.121;-6.9;20
-4.884;2.837;-3.844;20
-0.757;-5.108;7.856;20
13.288;-26.462;9.895;20
17.506;-25.001;10.82;20
9.62;-7.902;10.076;20
15.434;-10.386;-13.839;20
-3.566;-4.858;-12.661;20
-12.957;-2.604;2.791;20
-4.987;8.021;23.142;20
7.788;17.148;16.816;20
8.559;19.77;12.022;20
5.651;20.609;8.028;20
3.581;19.637;7.436;20
1.704;16.272;2.834;20
-1.76;12.72;-2.84;20
-7.575;8.803;-4.102;20
-11.669;1.994;-4.477;20
-10.206;-5.63;-5.805;20
-4.756;-3.758;-13.036;20
-2.041;-10.088;-9.871;20
17.196;-38.758;12.539;20
7.956;-17.408;8.571;20
0.938;3.363;-3.857;20
1.467;5.668;-4.63;20
2.122;4.659;11.828;20
8.112;0.595;27.065;19
17.305;-10.525;-5.329;21
3.35;-9.434;-19.192;19
-7.325;-16.93;-11.001;20
-20.524;-8.653;-40.298;20
-12.018;5.829;-16.356;20
-8.754;7.746;3.73;20
-6.889;8.695;-1.689;20
-6.941;10.829;2.152;20
-7.149;12.027;2.763;20
-3.488;10.839;1.33;20
-1.272;9.264;-0.076;20
-1.126;6.831;-7.686;20
-0.699;2.087;-10.079;20
0.025;-7.395;3.362;20
10.581;-29.624;17.703;20
13.752;-31.113;18.858;20
2.586;-11.079;4.632;20
5.066;-10.516;-25.504;20
-2.608;-8.082;-12.455;20
-5.817;3.231;24.291;20
5.225;17.96;21.125;20
6.264;21.616;14.091;20
5.644;20.765;10.313;20
5.891;19.16;6.984;20
5.264;16.306;5.617;20
3.157;12.081;-0.021;20
-1.958;8.859;-4.638;20
-9.542;4.597;-7.035;20
-11.359;-1.475;-4.404;20
-10.706;-5.525;-5.479;20
-4.068;-17.281;-28.206;19
16.937;-30.062;15.322;20
12.49;-12.896;7.59;20
3.862;3.814;2.642;20
1.383;6.705;11.492;20
8.482;1.913;20.675;20
10.059;-5.224;13.177;20
9.454;-14.261;-8.843;20
-2.357;-15.155;-13.715;20
-10.756;-23.806;-38.958;20
-16.366;0.337;-26.1;20
-10.386;6.669;-1.733;20
-10.394;9.598;-6.659;20
-9.364;9.714;-2.948;20
-6.746;10.934;-0.155;20
-5.955;12.15;2.789;20
-2.991;11.516;2.551;20
-1.557;10.19;-3.515;20
-3.013;6.035;-9.537;20
-4.822;1.212;5.798;20
0.934;-11.173;10.638;20
16.008;-33.033;12.399;20
14.762;-28.695;12.258;20
12.537;-14.62;-10.023;20
7.264;-11.582;-27.61;20
-15.031;-3.556;10.53;20
-4.312;10.297;23.53;20
5.121;20.092;19.966;20
4.547;23.435;13.873;20
4.962;23.193;9.591;20
3.101;22.844;7.962;20
1.159;18.571;2.005;20
-2.125;15.061;-4.339;19
-5.612;10.439;-6.577;20
-7.275;3.659;-5.111;20
-13.636;-8.137;-7.606;20
-5.202;-20.299;-41.2;20
16.198;-26.783;15.41;20
15.458;-17.641;20.068;20
5.012;2.002;10.071;20
4.351;5.639;2.929;20
9.996;2.15;9.809;20
14.154;-3.537;22.293;20
12.456;-18.021;-3.895;20
-1.816;-21.511;-19.426;20
-16.508;-22.473;-43.486;20
-15.148;1.678;-13.1;20
-10.178;6.749;-5.617;20
-7.781;11.953;-7.768;20
-10.877;10.403;-9.445;20
-10.555;8.624;-4.146;20
-7.231;10.351;-0.237;20
-3.854;11.071;0.581;20
-0.463;10.176;-3.22;20
-0.172;5.511;-2.527;20
-1.928;1.962;13.128;20
0.697;-6.758;6.238;20
8.287;-24.645;5.897;20
10.523;-27.436;12.84;20
4.151;-13.534;3.832;20
8.353;-14.01;-24.244;20
-5.918;-9.516;-4.712;20
-11.738;-0.767;19.967;20
2.544;15.194;29.72;19
8.787;25.042;21.67;20
8.375;25.299;11.213;20
5.759;24.583;8.546;20
4.63;19.627;2.751;20
2.045;14.287;-2.587;20
-3.149;10.026;-7.204;20
-7.351;5.875;-8.029;20
-7.471;0.517;-6.71;20
-2.184;-1.413;-8.967;20
-3.1;-6.467;-5.098;20
11.187;-44.753;8.075;20
6.491;-26.325;16.641;20
-0.915;2.214;-7.951;20
-1.042;6.551;-11.974;20
-2.75;6.281;-4.176;20
0.508;4.326;35.845;20
10.913;-12.113;9.123;20
9.377;-15.272;-28.24;20
-5.607;-14.356;-51.938;20
-5.196;1.763;-12.606;20
-9.937;4.329;-5.095;20
-7.779;9.051;-1.509;20
-9.222;12.002;3.725;20
-8.627;12.6;2.986;20
-5.343;11.936;-0.908;20
-3.871;10.129;-1.106;20
-3.649;6.604;-6.832;20
-3.826;2.494;-2.487;20
-3.396;-3.653;10.335;20
2.597;-17.008;11.814;20
11.922;-34.687;16.484;19
3.301;-18.457;-3.735;20
15.598;-14.722;-34.535;20
1.241;-10.068;-3.17;20
-7.634;-1.296;10.789;20
-0.17;15.569;21.131;20
8.281;23.494;18.897;20
10.455;24.034;13.001;20
7.229;20.671;8.83;20
3.889;14.9;4.767;20
0.49;8.971;0.064;20
-5.259;3.59;-2.454;20
-9.573;-0.641;-5.594;20
-9.988;-3.391;-10.795;20
-9.391;-4.668;-8.847;20
-6.142;-15.418;-37.971;20
12.719;-15.224;-0.906;20
14.935;-6.205;20.061;20
7.265;2.967;22.617;20
5.729;4.396;14.69;20
6.204;3.883;6.645;20
10.883;-1.202;0.699;20
13.591;-10.279;15.655;20
5.041;-20.322;2.174;20
-6.251;-20.948;-8.654;20
-14.94;-28.185;-49.713;20
-14.139;-0.919;-17.01;20
-7.768;7.18;-2.602;20
-10.912;11.017;-6.609;20
-13.137;10.135;-3.062;20
-8.309;10.637;-0.489;20
-4.452;13.05;-0.223;20
-3.966;13.729;3.454;20
-4.019;13.231;0.141;19
-6.347;10.121;-7.636;20
-5.88;4.374;2.338;20
-2.61;-2.551;7.113;20
6.049;-18.207;7.02;20
15.767;-31.82;8.177;20
12.375;-22.898;13.635;20
14.319;-14.928;-11.337;20
4.772;-9.812;-20.109;20
-11.906;-3.194;8.738;20
-2.96;10.153;22.622;20
5.393;22.34;21.84;20
6.693;25.086;14.601;20
6.365;23.386;6.872;20
4.45;21.344;4.852;20
2.07;17.781;2.571;20
-1.355;14.37;-1.781;20
-3.523;10.575;-5.29;20
-5.841;6.082;-6.241;20
-7.232;0.492;-2.592;20
-8.87;-8.948;-9.236;20
-2.126;-25.782;-25.762;20
10.471;-28.475;8.596;20
6.418;-5.81;11.503;20
3.417;3.506;7.923;20
4.406;3.889;4.684;20
9.922;0.349;11.323;20
16.735;-5.097;11.718;20
15.85;-15.777;-3.969;20
4.417;-19.797;-16.002;20
-11.544;-19.622;-50.495;20
-13.201;0.496;3.17;20
-11.443;4.414;-11.568;19
-9.975;10.907;-7.012;20
-13.134;9.528;-5.365;20
-11.236;8.645;-2.868;20
-6.697;10.733;-1.31;20
-5.143;11.272;2.01;20
-2.16;10.05;0.308;20
-0.615;7.014;-2.869;20
-2.381;2.23;5.939;20
-1.86;-3.887;10.59;20
1.591;-14.542;3.479;20
5.959;-19.723;7.707;20
2.867;-11.994;13.396;20
5.421;-16.215;5.325;20
7.169;-14.313;-20.39;20
-2.281;-9.086;-13.404;20
-8.356;0.016;13.676;20
4.263;14.66;27.972;20
9.264;22.972;17.983;20
8.005;22.474;7.65;20
5.491;21.596;6.292;20
4.259;18.64;1.851;20
2.584;14.673;-2.775;20
-1.974;11.433;-5.89;20
-7.329;7.165;-5.131;20
-8.204;1.191;-3.671;20
-5.966;-2.771;-5.996;20
-4.054;-18.618;-15.931;20
9.514;-27.284;7.038;20
12.711;-16.607;7.45;20
3.706;3.025;1.588;19
4.084;5.554;3.268;20
7.565;4.025;7.451;20
15.493;-4.88;17.568;20
13.468;-14.756;-0.014;20
1.335;-17.973;-10.184;20
-9.88;-23.707;-18.636;20
-20.989;-9.934;-47.621;20
-10.284;5.85;-3.267;20
-7.751;9.905;-4.91;20
-9.554;11.009;-4.046;20
-10.64;8.861;-2.025;20
-6.312;10.008;-1.82;20
-4.265;11.886;0.218;20
-2.831;12.229;0.715;20
-1.967;11.378;2.542;20
-1.156;6.903;1.509;20
-1.677;2.649;9.288;20
-1.296;-3.11;7.091;20
5.128;-20.905;5.7;20
13.64;-32.047;7.405;20
4.084;-14.898;5.474;20
14.571;-17.672;-18.156;20
4.768;-7.934;-7.896;20
-10.159;-2.559;6.03;20
-10.549;7.752;9.614;20
1.063;15.341;16.316;20
5.696;19.393;16.412;20
6.425;19.959;11.371;20
6.022;19.677;8.079;20
6.722;17.421;3.052;20
3.737;15.819;-1.84;19
-3.804;12.257;-6.668;20
-9.409;7.451;-11.077;20
-8.873;1.281;-9.58;20
-0.97;-1.022;-6.311;20
-3.884;-6.301;0.308;20
6.476;-33.383;7.874;20
13.717;-28.35;20.706;20
1.873;-1.095;-4.886;20
0.366;5.816;-5.279;20
3.692;3.709;0.066;20
11.759;-1.64;18.267;20
18.656;-15.367;8.584;20
3.176;-17.727;-20.226;20
-10.223;-19.041;-31.6;20
-14.249;-2.347;-25.386;20
-11.545;6.234;-2.51;20
-9.479;9.901;-6.206;20
-11.375;10.538;-4.562;20
-10.128;8.666;-1.966;20
-6.251;9.826;-1.218;20
-3.673;10.32;-1.183;20
-1.721;9.113;-1.301;20
-0.956;5.233;0.368;20
-2.434;-0.801;12.423;20
-1.974;-8.382;7.825;20
5.072;-22.27;4.421;20
8.03;-21.113;2.627;20
2.783;-15.876;6.076;20
20.376;-21.399;-8.474;20
2.966;-11.453;-4.297;19
-16.482;-0.338;12.548;20
-2.634;12.232;19.555;20
4.313;21.441;19.132;20
4.396;23.778;12.675;20
5.993;22.47;7.832;20
6.74;20.818;5.741;20
3.739;18.023;0.843;20
-0.088;15.299;-4.756;20
-2.251;11.111;-7.713;20
-2.634;5.666;-7.757;20
-9.22;-4.407;-19.139;20
2.906;-21.888;-33.939;20
7.525;-37.982;23.764;20
2.22;-9.056;22.367;20
1.025;5.334;13.33;20
0.632;4.492;4.472;20
8.211;-4.227;8.42;20
13.38;-9.027;25.782;20
8.862;-16.926;-6.637;20
6.144;-27.574;-28.589;20
-5.341;-20.935;-48.56;20
-7.698;5.948;2.666;20
-9.805;8.814;-14.07;20
-12.241;13.616;-7.393;20
-13.616;11.342;-7.675;20
-12.054;9.841;-2.811;20
-7.861;11.87;-1.335;20
-3.818;12.244;-0.423;20
-1.239;12.138;-0.354;20
0.237;8.116;1.594;20
0.331;2.14;10.161;19
1.838;-7.007;6.924;20
6.991;-24.757;2.321;20
6.425;-22.124;-0.278;20
4.599;-15.005;2.123;20
16.12;-19.005;-3.879;20
7.426;-12.074;-12.197;20
-15.844;-5.499;4.749;20
-16.15;7.922;15.287;20
6.593;17.662;25.746;20
10.883;21.99;17.847;20
5.87;23.277;11.919;20
4.621;21.619;8.308;20
2.436;19.766;6.725;20
-3.74;18.32;-2.509;20
-8.631;12.364;-4.611;20
-8.286;6.768;-6.405;20
-8.98;-2.302;-9.321;20
-6.647;-13.071;-23.38;20
2.956;-10.381;-13.581;20
6.425;-21.678;3.085;20
7.607;-29.133;15.882;20
1.278;1.348;7.599;20
2.498;4.799;0.454;20
5.228;1.568;6.541;20
9.431;-2.776;16.112;20
16.129;-4.839;13.495;20
24.923;-20.352;-22.754;20
0.075;-17.76;-11.667;20
-26.523;-19.248;-40.467;20
-15.914;2.804;-14.058;20
-11.943;10.383;-6.994;19
-9.793;12.577;-6.829;20
-8.145;12.134;-2.382;20
-6.584;12.988;1.54;20
-5.321;12.967;2.948;20
-2.0;11.082;-0.048;20
-1.347;8.272;-4.589;20
-0.317;4.172;-9.211;20
-2.694;-1.821;4.053;20
2.505;-19.684;17.727;20
10.585;-32.47;13.124;20
6.79;-18.964;9.101;20
12.913;-16.693;-4.651;20
11.495;-11.754;-33.782;20
-9.505;-4.819;15.706;20
-10.942;12.235;25.347;20
3.606;21.24;20.46;20
5.981;22.894;13.775;20
6.112;21.255;8.45;20
5.918;20.946;7.334;20
3.904;18.046;2.18;20
-0.28;14.809;-3.889;20
-5.026;10.69;-7.313;20
-8.667;5.394;-5.435;20
-9.107;-1.083;-3.392;20
-6.075;-4.459;-9.75;20
-2.498;-18.476;-13.047;20
14.262;-36.43;17.966;20
6.837;-12.797;8.73;20
0.73;1.874;-6.203;20
-0.212;5.41;-2.682;20
5.497;4.216;26.867;19
11.87;-4.83;21.354;20
16.678;-24.188;-22.307;20
-1.848;-23.198;-38.878;20
-12.738;-5.546;-22.801;20
-11.401;5.212;-6.369;20
-9.485;10.246;-6.689;20
-11.623;11.348;-5.576;20
-11.322;9.212;-3.741;20
-7.686;9.838;-1.354;20
-5.802;11.136;0.309;20
-2.134;10.236;-1.967;20
-2.791;5.287;-6.153;20
-5.71;0.606;10.978;20
2.586;-9.564;6.761;20
12.67;-24.052;1.045;20
14.225;-22.559;4.135;20
10.241;-14.932;9.748;20
12.706;-14.529;-6.366;20
-8.449;-5.809;-3.648;20
-15.927;0.108;6.21;20
0.413;12.448;23.021;20
10.453;19.772;17.521;20
6.658;22.999;11.478;20
4.46;22.219;7.126;20
4.151;21.09;7.284;20
2.765;17.793;0.589;20
-0.939;14.858;-5.234;20
-4.051;9.289;-8.121;20
-7.593;2.28;-6.526;20
-9.336;-7.89;-15.51;19
-2.806;-12.96;-19.759;20
8.553;-36.995;1.611;20
3.241;-14.691;16.122;20
5.012;1.983;9.592;20
3.083;5.236;5.688;20
6.143;2.197;5.781;20
12.944;-1.027;10.282;20
14.436;-4.854;13.469;20
14.17;-18.301;-9.09;20
-0.505;-20.264;-17.663;20
-17.59;-16.984;-42.737;20
-14.359;1.59;-12.607;20
-12.274;7.883;-7.989;20
-9.305;10.463;-10.372;20
-10.223;9.522;-5.569;20
-8.241;10.431;-0.725;20
-6.309;11.579;2.628;20
-2.949;10.62;1.794;20
-1.149;7.136;-2.147;20
-4.917;2.56;3.775;20
-3.608;-2.192;9.438;20
3.208;-14.815;4.774;20
11.966;-24.461;7.76;20
8.033;-15.092;10.168;20
11.56;-16.171;-9.174;20
0.559;-10.041;-19.488;20
-15.507;-4.887;5.911;20
-5.524;7.886;25.538;20
8.598;18.334;22.529;20
7.993;22.039;13.452;20
5.625;21.53;7.961;19
5.158;19.682;5.968;20
4.938;16.386;1.209;20
2.673;12.493;-4.166;20
-1.982;8.847;-8.527;20
-8.587;3.776;-10.984;20
-10.268;-2.681;-15.955;20
-0.628;-1.539;-5.874;20
-1.05;-9.386;-1.357;20
11.679;-33.656;16.995;20
5.503;-13.852;14.08;20
0.286;1.393;-0.536;20
0.509;2.633;-3.184;20
3.172;-1.194;-1.709;20
9.053;-5.348;26.445;20
9.81;-11.662;1.471;20
6.661;-17.632;-20.886;20
-8.964;-16.094;-47.95;20
-9.858;1.252;-7.752;20
-10.343;5.826;-5.67;20
-8.59;10.49;-6.47;20
-9.705;9.46;-5.246;20
-9.943;9.345;-1.213;20
-9.259;10.845;2.327;20
-5.125;10.073;0.254;20
-1.638;7.047;-2.855;20
-2.805;2.824;-3.291;20
-3.399;-0.821;10.424;20
2.712;-11.07;9.93;20
6.663;-16.79;4.662;19
10.2;-17.742;9.95;20
7.103;-15.451;14.63;20
10.243;-17.683;-20.344;20
-5.745;-9.027;-15.882;20
-10.147;0.293;14.555;20
2.464;14.775;22.634;20
5.349;22.17;16.827;20
4.338;23.452;9.542;20
6.173;21.77;9.553;20
6.983;18.461;5.346;20
5.637;13.76;-1.379;20
1.121;10.46;-6.311;20
-5.143;6.267;-10.389;20
-7.894;2.327;-10.264;20
-1.518;0.901;-3.471;20
0.134;-8.724;-1.978;20
11.751;-36.793;12.332;20
7.021;-22.017;12.689;20
-0.007;0.636;-8.243;20
-2.059;6.451;-9.27;20
-1.02;0.915;4.694;20
2.34;-6.704;46.105;20
2.769;-16.613;-3.672;20
3.752;-16.971;-24.571;20
-3.629;-14.214;-49.092;20
-4.686;4.221;-8.626;20
-5.402;6.249;-3.099;20
-7.798;10.736;-6.882;20
-10.323;9.476;-7.142;19
-10.547;7.315;-4.318;20
-7.125;8.328;-2.064;20
-4.254;9.872;-1.659;20
-1.008;9.501;-1.733;20
1.255;6.13;-0.606;20
0.001;-0.228;9.552;20
1.715;-10.15;9.905;20
2.959;-19.238;1.46;20
6.73;-18.9;5.91;20
4.755;-15.511;15.555;20
8.705;-20.523;-5.973;20
-1.137;-10.41;-16.255;20
-8.55;-2.827;5.197;20
-0.814;10.81;20.438;20
7.157;20.52;18.524;20
5.171;24.256;13.381;20
6.031;23.197;10.193;20
8.073;20.696;7.442;20
5.997;16.589;2.511;20
1.809;12.76;-3.91;20
-2.246;8.507;-8.513;20
-6.239;3.54;-11.004;20
-4.189;-0.182;-11.029;20
-0.384;-9.016;-7.094;20
7.32;-39.708;11.42;20
3.341;-25.037;21.794;20
-1.503;2.054;-5.975;20
-2.006;6.881;-13.077;20
-1.672;3.344;2.589;19
6.948;-3.885;41.254;20
5.342;-9.281;0.927;20
12.871;-20.835;-25.234;20
-5.679;-17.487;-43.767;20
-9.395;0.468;-19.339;20
-9.432;6.937;-4.517;20
-8.886;8.867;-8.3;20
-9.369;9.247;-5.72;20
-7.617;8.354;-1.917;20
-7.798;10.917;2.181;20
-5.452;11.009;1.558;20
-1.351;9.18;-0.087;20
-1.439;5.715;-4.602;20
-4.444;1.478;7.658;20
0.026;-9.496;9.774;20
7.551;-25.301;5.556;20
6.75;-23.27;6.762;20
5.729;-13.43;1.598;20
16.893;-16.074;-27.391;20
-6.937;-9.985;2.288;20
-16.579;-0.445;17.878;20
0.38;14.405;26.252;20
9.678;21.387;16.462;20
6.312;22.962;11.676;20
6.245;20.605;6.704;20
7.095;17.297;2.152;20
4.698;14.288;-2.438;20
0.201;10.733;-6.069;20
-5.725;7.375;-12.06;19
-10.953;2.554;-15.457;20
-4.832;-0.988;-14.412;20
1.819;-17.809;-11.898;20
10.248;-31.883;20.953;20
4.898;-6.77;12.039;20
2.894;5.601;-0.224;20
2.705;3.93;6.677;20
2.194;0.458;7.534;20
10.116;-7.148;19.029;20
9.329;-9.717;14.186;20
3.277;-13.393;-16.866;20
-1.055;-18.047;-22.02;20
-6.636;-11.962;-44.023;20
-10.125;3.026;-3.95;20
-9.194;7.512;-7.607;20
-9.253;10.2;-4.818;20
-10.634;8.984;-2.806;20
-8.259;9.736;-0.724;20
-7.343;11.196;2.336;20
-4.161;10.59;0.252;20
-2.483;8.23;-8.095;20
-4.929;2.527;-3.781;20
-1.809;-7.629;12.13;20
8.412;-24.824;10.6;20
8.994;-22.705;3.603;20
5.635;-13.767;9.775;20
13.331;-14.906;-0.704;20
6.822;-9.877;-16.38;20
-11.944;-1.439;13.065;19
-0.8;9.005;22.828;20
8.961;18.314;16.348;20
5.117;23.272;11.159;20
3.338;23.875;8.176;20
2.864;21.855;8.931;20
1.432;18.104;1.254;20
-0.812;13.907;-4.799;20
-2.868;9.564;-8.459;20
-4.171;4.299;-9.479;20
-9.307;-6.851;-9.467;20
-6.315;-11.347;-20.49;20
0.61;-24.516;-4.08;20
10.393;-32.74;9.771;20
5.279;-3.164;14.546;20
2.161;5.005;7.248;20
4.963;3.21;4.926;20
12.48;1.073;18.483;20
10.355;-2.185;15.25;20
11.88;-14.745;-17.79;20
0.923;-15.414;-18.62;20
-16.223;-15.095;-28.972;20
-21.476;1.217;-23.984;20
-10.96;5.974;-4.916;20
-8.368;10.202;-2.696;20
-6.758;10.357;-5.402;20
-6.269;10.881;-0.263;20
-4.328;11.401;0.384;20
-2.287;10.949;-1.565;19
-1.648;9.593;-2.028;20
-1.542;6.885;-12.041;20
0.041;1.896;-6.05;20
0.449;-6.235;13.493;20
9.583;-29.651;23.046;20
13.017;-38.059;15.968;20
0.865;-13.568;-7.826;20
-1.077;-8.941;-24.986;20
-1.333;-4.37;-2.778;20
0.693;3.967;17.949;20
6.856;15.465;21.817;20
6.737;22.273;13.162;20
6.566;22.552;7.449;20
6.008;20.738;7.394;20
3.083;17.142;5.484;20
0.771;12.071;-1.494;20
-4.228;7.709;-4.893;20
-11.033;0.575;-3.283;20
-13.814;-5.007;-3.515;20
-7.018;-2.743;-24.141;20
1.302;-0.814;-14.246;20
3.633;-14.033;0.35;20
10.516;-37.994;17.746;20
1.875;-4.384;11.612;20
4.859;6.604;2.781;20
8.434;2.742;-0.022;20
6.062;1.077;-2.755;20
4.73;1.044;15.641;20
5.524;-4.841;18.077;19
-1.49;-8.464;-4.212;20
-4.538;-7.502;-14.961;20
-5.466;-11.37;-7.829;20
-18.194;-1.134;-34.328;20
-10.697;7.108;-27.05;20
-3.701;7.04;-0.024;20
-2.893;8.755;4.189;20
-2.349;9.572;2.94;20
-0.828;9.914;0.09;20
0.221;9.927;-2.799;20
0.085;6.501;-6.114;20
-3.518;1.091;4.646;20
-4.541;-2.881;14.801;20
9.94;-26.018;4.974;20
19.945;-24.91;8.58;20
10.22;-5.658;-17.674;20
9.966;-6.364;-17.093;20
-5.041;-3.327;8.55;20
-17.769;2.937;10.521;20
-1.562;7.689;9.974;20
8.443;11.55;10.86;20
8.053;15.0;8.203;20
3.865;15.782;4.947;20
1.314;16.351;5.796;20
-1.931;15.642;1.749;20
-8.237;11.843;-0.891;20
-10.342;6.534;-2.979;20
-8.114;1.336;-4.014;20
-6.26;-2.236;-5.004;19
-3.566;0.849;-16.429;20
0.97;2.446;-5.262;20
4.611;-3.946;5.088;20
18.83;-39.784;13.811;20
7.88;-28.487;18.119;20
-1.447;1.133;-3.013;20
0.41;2.516;-9.68;20
1.11;1.505;-5.216;20
4.625;-1.463;11.166;20
6.085;-4.575;32.613;20
2.456;-8.604;-8.234;20
-6.508;-3.23;-12.206;20
-8.089;-9.621;5.186;20
-26.401;-4.521;-43.702;20
-15.122;5.443;-30.644;20
-7.827;5.539;3.357;20
-3.603;6.886;1.279;20
-0.784;9.414;0.782;20
0.46;10.157;1.968;20
1.634;10.287;3.005;20
2.05;8.257;-0.618;20
-0.102;2.326;-2.733;20
0.327;-4.372;3.458;20
11.192;-25.5;8.759;20
15.774;-30.028;15.886;20
9.634;-12.228;0.147;20
2.273;-6.851;-21.271;20
-8.239;-6.164;-5.076;20
-10.337;0.556;15.79;20
3.852;13.271;21.885;19
9.971;19.246;16.616;20
8.17;20.985;10.008;20
5.505;19.135;5.879;20
2.729;16.609;4.264;20
0.33;13.155;0.476;20
-4.99;9.353;-1.778;20
-10.292;5.436;-4.568;20
-9.347;0.946;-6.384;20
-4.07;-1.797;-7.482;20
-3.455;-1.046;-7.905;20
-3.2;-14.25;-12.585;20
11.579;-34.037;11.252;20
7.714;-13.634;5.679;20
3.391;3.079;-2.569;20
4.569;4.798;-2.509;20
4.502;3.009;12.933;20
7.294;-2.08;21.129;20
10.767;-9.743;12.246;20
-2.015;-7.008;-10.309;20
-4.764;-11.003;-9.276;20
-9.897;-17.311;-27.922;20
-13.02;3.577;-35.757;20
-5.96;7.211;2.709;20
-8.708;8.785;-5.669;20
-7.256;8.758;-3.762;20
-5.309;9.427;-1.911;20
-4.072;10.565;2.023;20
-2.367;10.548;3.541;20
0.478;9.309;2.06;19
-2.169;6.042;-1.514;20
-4.321;1.543;1.104;20
2.397;-13.163;4.446;20
16.246;-32.061;11.548;20
10.231;-17.279;8.808;20
13.788;-10.686;-1.767;20
5.821;-6.743;-27.49;20
-9.663;-6.895;-4.979;20
-12.098;0.698;14.439;20
1.252;11.402;18.231;20
7.284;17.062;16.075;20
7.895;18.684;11.807;20
5.08;17.896;9.591;20
3.708;16.746;6.781;20
2.593;13.614;0.869;20
-6.259;9.84;-3.669;20
-12.049;5.63;-9.144;20
-10.718;0.793;-13.13;20
-2.845;0.438;-7.927;20
-4.562;-0.89;-7.685;20
3.741;-12.702;1.137;20
18.603;-34.212;19.37;20
6.44;-12.056;4.71;20
4.188;3.7;-5.747;20
3.179;4.367;-4.872;20
3.095;-0.372;1.654;20
4.832;-8.066;13.4;20
0.873;-10.598;24.59;20
-7.873;-6.545;-7.902;19
-7.5;-5.67;-12.023;20
-4.344;-10.295;-30.42;20
-8.809;5.31;-34.132;20
-3.457;5.919;5.491;20
-6.225;6.984;0.435;20
-5.125;8.132;-1.487;20
-4.618;9.48;-1.731;20
-3.287;10.386;0.149;20
-2.782;10.175;2.016;20
-3.664;8.758;-0.824;20
-8.079;4.812;-3.089;20
-5.255;-0.321;-2.195;20
2.643;-16.739;3.125;20
19.041;-37.505;9.048;20
15.868;-25.531;7.757;20
14.166;-7.339;4.791;20
14.915;-4.114;-18.169;20
-7.009;-3.837;4.146;20
-10.6;3.858;16.574;20
2.022;12.655;11.359;20
4.554;17.767;12.279;20
2.174;20.429;8.241;20
1.296;20.566;8.326;20
2.431;17.725;5.945;20
-1.747;14.358;-1.311;20
-7.709;9.915;-3.801;20
-11.06;5.345;-7.772;20
-9.188;-1.646;-4.371;20
-7.061;-3.178;-9.632;19
-4.29;-7.371;-29.413;20
14.753;-26.887;3.447;20
16.051;-22.138;18.492;20
6.974;-0.1;9.047;20
4.31;4.729;-0.531;20
2.346;4.158;1.888;20
4.401;-1.179;21.961;20
8.243;-15.008;25.729;20
-0.231;-12.573;-3.205;20
-11.136;-2.893;-16.515;20
-3.464;-14.843;-18.39;20
-6.843;-4.445;-44.869;20
-3.351;4.073;-0.898;20
-4.513;6.887;0.337;20
-6.661;10.277;-1.309;20
-8.483;9.678;-2.642;20
-6.841;9.692;-2.703;20
-5.268;9.962;0.051;20
-3.673;9.075;0.76;20
-2.656;6.596;-8.506;20
-0.692;-0.531;-4.804;20
7.011;-17.671;12.98;20
14.066;-24.236;4.993;20
6.215;-12.863;-1.912;20
0.575;-5.757;9.217;20
14.119;-6.161;18.451;20
10.415;-0.958;-5.898;20
-0.576;2.891;13.395;20
-3.772;9.661;6.859;20
-0.303;12.478;4.253;20
0.144;15.349;4.353;19
-0.665;17.83;2.402;20
-1.666;17.636;4.92;20
-1.526;14.54;1.773;20
-1.711;10.821;2.413;20
-1.525;4.213;1.572;20
-1.817;-6.75;-22.225;20
-0.381;-5.151;-16.744;20
-0.701;-2.55;-9.253;20
0.935;-9.27;-5.62;20
4.413;-7.865;0.414;20
4.58;-5.28;0.849;20
1.849;-11.554;35.082;20
-1.002;-4.259;33.03;20
2.002;-2.791;11.766;20
0.379;-5.805;-0.424;20
1.688;-7.007;-16.139;20
3.918;-8.24;-24.536;20
1.787;-4.747;-16.341;20
0.406;-3.907;-18.759;20
-10.032;4.957;-18.042;20
-9.197;8.475;-1.854;20
-8.4;7.767;-6.934;20
-7.342;7.509;-5.644;20
-6.306;6.515;-6.414;20
-7.048;6.878;-0.019;20
-3.549;2.978;2.539;20
1.36;-1.799;0.549;19
4.801;-5.252;3.621;20
6.9;-15.565;7.189;20
7.749;-15.366;15.149;20
13.269;-11.614;2.189;20
9.563;-6.72;6.557;20
7.747;-7.389;8.362;20
-1.232;-2.754;-1.433;20
-14.928;0.961;-0.512;20
-9.515;4.558;-0.756;20
-0.63;9.373;9.276;20
2.72;13.273;9.922;20
4.974;18.018;5.262;20
7.132;19.009;7.98;20
5.556;17.837;3.567;20
3.06;13.663;-3.006;20
0.793;9.558;-2.501;20
-1.343;4.711;-5.985;20
-3.55;3.21;-4.338;20
-4.998;-3.333;-5.946;20
-4.015;-15.932;-15.363;20
-3.125;-20.048;-13.3;20
-5.625;-11.057;11.511;20
-4.526;-6.786;18.46;20
2.521;-1.511;8.052;20
9.222;-1.779;10.089;20
13.075;-5.819;0.668;20
11.208;-7.208;-4.979;20
0.358;-6.507;-6.133;19
-1.846;-8.899;-17.744;20
-5.828;-5.593;-18.67;20
-6.707;-2.145;-9.548;20
-4.653;-0.248;-15.789;20
-9.478;8.823;-10.932;20
-11.026;11.646;-6.565;20
-10.53;11.879;-5.284;20
-8.116;11.723;0.02;20
-3.498;9.958;3.561;20
0.537;6.792;4.602;20
3.889;1.87;6.43;20
1.736;-0.784;2.599;20
4.811;-14.952;-1.537;20
10.822;-34.036;10.133;20
-6.496;-7.897;13.931;20
9.481;-11.22;-0.36;20
-2.496;-1.621;6.042;20
-9.257;1.52;0.625;20
1.862;0.682;-21.115;20
-0.486;6.591;8.049;20
5.057;10.981;20.304;20
8.735;15.507;13.891;20
7.986;14.338;6.627;20
5.726;13.235;5.557;20
3.139;11.34;-0.691;20
0.576;9.873;-8.186;20
-2.475;8.455;-13.691;20
-3.382;5.473;-7.545;20
-3.058;3.705;-0.87;19
-2.337;-1.712;-4.693;20
-0.53;-17.932;8.048;20
0.342;-30.137;11.959;20
1.254;-15.164;9.809;20
-2.677;0.695;2.233;20
-2.014;1.915;1.71;20
-2.16;-2.33;28.469;20
-6.056;-9.377;19.547;20
-0.737;-9.869;-15.654;20
6.575;-12.363;-21.963;20
7.064;-10.93;-47.149;20
-2.766;2.346;-2.066;20
-6.39;6.713;-3.325;20
-5.693;7.73;-2.543;20
-7.182;5.744;-5.621;20
-13.351;7.616;-9.335;20
-7.682;8.305;-4.24;20
-1.501;6.662;-1.472;20
-0.952;11.432;3.54;20
-3.007;12.936;7.347;20
-0.452;9.553;9.479;20
-0.821;-3.424;5.921;20
15.46;-44.399;-0.93;20
13.64;-28.129;10.922;20
27.857;-2.74;11.663;20
4.298;15.061;-8.8;20
4.329;-15.468;5.61;20
-18.905;-0.819;10.864;20
-14.86;9.573;3.234;19
-5.529;11.323;-4.078;20
7.534;7.989;7.888;20
13.161;12.115;10.954;20
11.307;12.668;5.612;20
7.127;13.371;2.824;20
4.085;10.404;-1.758;20
1.983;2.784;-4.106;20
-10.306;-4.983;-8.068;20
-21.213;-3.484;-20.109;20
-13.083;1.591;-29.382;20
-7.001;-17.797;-21.853;20
9.241;-18.215;-7.269;20
22.321;-9.162;48.128;20
15.162;2.113;24.703;20
9.076;5.878;14.35;20
-0.737;3.804;9.604;20
1.218;-0.987;5.664;20
2.006;-9.093;7.903;20
0.655;-12.719;-5.006;20
-4.733;-3.172;-34.745;20
-6.229;3.511;-2.1;20
-5.594;1.812;8.078;20
-8.842;6.113;-0.085;20
-5.366;3.132;-3.645;20
-2.853;3.643;-3.152;20
-1.682;5.228;-5.303;20
-4.086;5.804;-5.961;20
-6.913;7.035;2.208;19
-6.993;7.1;3.821;20
-2.112;4.357;1.319;20
-3.799;5.422;0.35;20
-6.393;3.286;0.44;20
-3.923;1.091;5.149;20
-3.825;-0.245;5.976;20
-1.678;-2.471;5.909;20
-1.276;-4.38;7.049;20
-3.63;-5.101;4.258;20
-5.569;-3.891;2.217;20
-5.719;-0.662;2.469;20
-3.081;-1.415;6.766;20
-0.114;-0.259;9.633;20
1.795;1.0;8.434;20
2.481;3.645;4.564;20
2.993;5.237;0.529;20
3.35;5.185;0.143;20
4.896;4.274;-1.349;20
6.048;3.805;-3.678;20
6.38;3.664;-5.66;20
5.938;3.611;-5.549;20
4.869;2.807;-5.541;20
1.391;5.037;-3.158;20
-2.411;4.406;3.017;20
-8.672;4.11;6.246;20
-4.383;3.885;-0.123;20
1.64;4.498;-3.09;20
0.517;5.446;-0.907;20
1.699;5.376;0.95;20
0.733;4.386;2.387;19
-1.332;3.883;3.441;20
-2.106;4.061;2.152;20
-3.718;4.422;1.245;20
-0.858;4.94;1.878;20
-1.253;5.638;1.75;20
-1.112;5.053;1.54;20
-0.68;4.639;2.408;20
-0.789;4.616;2.332;20
-0.542;4.376;0.694;20
-1.069;3.088;-1.12;20
-1.502;1.942;0.874;20
-1.059;0.089;2.949;20
-0.522;-0.637;2.658;20
0.445;-1.144;1.897;20
0.2;-0.241;0.03;20
-0.539;0.691;-1.35;20
-1.054;1.002;-1.899;20
-0.56;1.33;-2.199;20
-0.593;1.303;-1.46;20
-1.119;1.346;-0.692;20
-1.285;1.363;-1.166;20
-1.642;1.069;-1.41;20
-1.882;0.899;-0.216;20
-1.548;0.604;0.0;20
-1.03;0.627;-0.296;20
-1.16;0.865;-0.511;20
-1.238;1.223;-0.485;20
-1.167;1.561;-0.929;20
-0.736;1.568;-1.165;20
-0.538;1.515;-1.089;19
-0.546;1.413;-0.623;20
-0.494;1.13;-0.511;20
-0.531;1.071;-0.336;20
-0.693;0.858;0.101;20
-0.667;0.735;0.563;20
-0.428;0.508;0.108;20
-0.15;-0.01;-0.508;20
-0.565;-0.32;0.626;20
-0.682;-0.059;1.705;20
-0.532;0.136;1.45;20
-0.045;0.296;0.75;20
0.258;0.39;0.545;20
0.488;0.275;0.533;20
0.803;0.337;0.261;20
0.943;0.348;0.073;20
0.806;0.296;0.107;20
0.672;0.299;0.155;20
0.749;0.302;0.017;20
0.948;0.28;-0.373;20
1.045;0.244;-0.657;20
1.015;0.119;-0.52;20
0.937;0.095;-0.447;20
0.97;0.107;-0.502;20
0.622;0.159;0.063;20
0.394;0.074;0.151;20
0.099;-0.01;0.357;20
0.072;-0.057;0.434;20
0.091;0.24;0.519;20
0.308;0.457;0.082;19
0.368;0.667;-0.34;20
0.375;0.714;-0.545;20
0.188;0.697;-0.186;20
-0.237;0.458;0.167;20
-0.425;0.186;0.584;20
-0.489;0.017;0.851;20
-0.252;-0.102;0.649;20
-0.211;-0.063;0.393;20
-0.347;-0.156;0.072;20
-0.352;-0.175;-0.149;20
-0.398;-0.019;-0.574;20
-0.474;0.045;-0.402;20
-0.16;0.124;-2.107;20
-0.062;-0.072;0.332;20
-0.719;0.042;0.896;20
-0.31;0.139;0.044;20
0.098;0.13;-1.074;20
0.134;0.069;-0.848;20

# Completed @Tue Jan 26 20:43:58 GMT+02:00 2021
