# Accelerometer Data File
# Started @Sun Jan 24 20:34:15 GMT+02:00 2021
#
#
# sensor Vendor: BOSCH
# sensor Name: BMI160 Accelerometer Non-wakeup
# sensor Resolution: 0.0023928226m/sec^2; Max Range: 78.4532; Min Delay: 2500 microseconds
# The sensor's attributes are the result hardware and the Android capabilities.
# It means that the Android may not utilize all features provided by the hardware.
#
# Some devices and Android versions save battery too much so the device may go to sleep.
# It just happens after couple of minutes from turning off the scree and it is easy to find it out.
#
# The following file provides the data from accelerometer in the m/s^2 format.
# The diff value is just a time delta between the samples
#
#
# data format:
# so we have 4 columns with values separated by the ";"
# X;Y;Z;time_from_previous_sample(ms)

# sensor speed set to:NORMAL
# units set to: m/sec^2
# gravity  filtered out
# Accuracy: HIGH
-1.41;5.641;6.824;0
-1.277;5.108;6.172;19
-1.467;4.821;5.493;20
-1.869;4.755;4.878;20
-1.496;4.228;4.657;20
-0.564;3.095;4.101;20
0.266;2.276;3.43;20
0.234;2.104;3.411;20
0.676;1.862;3.022;20
-0.277;1.725;2.812;20
1.504;1.061;2.457;20
0.438;0.993;2.958;20
0.819;1.086;3.103;20
0.953;0.895;1.476;20
0.933;0.807;1.128;20
0.772;0.814;1.17;20
0.403;0.876;1.241;20
-0.05;0.939;1.23;20
-0.007;0.766;1.543;20
0.227;0.565;1.553;20
0.447;0.605;0.414;20
0.153;0.666;0.061;20
0.444;0.441;0.802;20
0.395;0.362;0.969;20
0.116;0.294;0.726;20
-0.279;0.275;0.461;20
-0.128;0.114;0.096;20
0.237;-0.17;0.245;19
0.469;0.058;0.545;20
0.46;0.017;0.533;20
0.411;-0.056;0.695;20
0.09;0.047;0.974;20
-0.205;0.0;1.074;20
-0.217;0.238;0.31;20
-0.11;0.166;0.325;20
0.077;-0.113;0.558;20
-0.186;0.114;-0.005;20
0.076;0.087;0.343;20
0.248;-0.168;0.537;20
-0.054;0.045;-0.184;20
-0.019;-0.016;-0.165;20
0.051;-0.043;0.286;20
0.199;-0.028;0.243;20
0.339;-0.181;0.252;20
0.412;-0.159;0.238;20
0.372;-0.198;0.375;20
0.314;0.01;0.424;20
0.284;-0.021;0.157;20
0.298;-0.035;-0.253;20
0.34;-0.125;-0.411;20
0.425;-0.05;-0.384;20
0.254;0.19;-0.086;20
-0.084;0.247;-0.256;20
-0.16;0.217;-0.382;19
-0.058;0.276;-0.443;20
0.044;0.269;-0.322;20
-0.318;0.369;0.391;20
-0.449;0.266;0.665;20
-0.142;0.017;0.582;20
0.35;-0.047;0.455;20
0.43;0.245;0.142;20
-0.241;0.414;0.219;20
-0.006;0.235;-0.695;20
-0.11;0.449;-0.696;20
-0.347;0.456;0.159;20
-0.101;0.205;0.269;20
0.148;0.097;0.079;20
0.108;0.212;-0.203;20
0.062;0.37;0.162;20
0.231;-0.031;0.739;20
-0.164;0.231;0.412;20
-0.442;-0.022;0.706;20
-0.433;-0.249;0.899;20
-0.185;-0.498;1.073;20
-0.013;-0.713;0.503;20
-0.277;-0.32;-0.273;20
-0.189;-0.47;0.042;20
-0.194;-0.552;0.113;20
-0.482;-0.616;0.034;20
-0.667;-0.602;-0.175;20
-0.813;-0.709;-0.8;20
-0.999;-0.606;-1.289;20
-1.12;-0.52;-0.693;20
-1.025;-0.63;-0.485;20
-1.002;-0.792;-0.806;20
-0.957;-0.761;-0.803;20
-0.981;-0.469;-0.436;20
-0.857;-0.467;0.245;20
-0.451;-0.479;0.302;20
-0.21;-0.347;-0.003;20
-0.372;-0.855;-1.455;95
-0.076;-1.302;-0.757;20
-0.648;-1.176;0.488;20
-1.879;-0.388;1.218;20
-2.985;0.888;0.121;20
-2.315;0.898;-2.225;20
-2.528;-0.28;-0.995;20
-3.911;-0.642;0.658;20
-4.253;-0.621;0.307;20
-4.714;-0.988;-0.38;20
-4.81;-1.122;-1.903;20
-4.201;-0.783;-3.836;20
-0.7;0.48;-3.621;20
-0.824;1.329;-2.825;20
-2.173;-0.655;1.359;20
-3.174;-0.484;0.158;20
-1.815;-0.078;-0.558;20
1.478;-2.305;-0.448;20
5.181;-4.615;-0.429;20
6.36;-4.472;-1.188;20
1.056;-4.236;-3.549;20
-4.598;-4.224;-3.278;20
-4.912;-5.408;-3.286;20
-3.934;-7.502;-3.031;20
-6.136;-7.204;-3.129;20
-10.002;-4.436;-4.459;20
-9.129;-1.644;-4.056;20
-7.024;-0.923;-5.129;20
-7.285;-1.325;-5.877;20
-7.214;-1.235;-6.758;20
-4.029;0.948;-8.678;20
-3.13;2.179;-5.691;20
-4.125;0.795;-3.705;20
-1.557;1.399;-0.663;20
-1.035;3.063;2.121;20
-1.487;4.059;2.197;20
-0.42;3.379;1.105;20
-0.544;2.009;0.138;20
-0.233;1.224;1.038;20
0.552;0.521;1.411;20
-0.683;-0.168;0.75;20
-0.988;0.033;-0.13;20
1.529;-0.59;0.624;20
0.596;-1.771;0.915;20
-2.285;-2.275;-1.196;20
-1.968;-2.793;-1.363;20
1.268;-4.56;2.051;20
2.872;-4.861;0.973;20
0.364;-4.239;-2.881;20
-2.207;-3.8;-5.258;20
-0.91;-4.045;-2.789;19
3.822;-4.242;3.137;21
2.829;-3.046;1.64;19
-0.036;-1.551;-4.124;20
-0.774;0.155;-5.639;20
-2.294;1.037;-7.179;20
1.113;0.221;-4.075;20
4.198;-1.085;0.053;20
1.903;-0.584;-0.051;20
1.249;-0.89;-1.979;20
1.803;-1.139;-1.79;20
3.029;0.461;0.688;20
4.319;2.351;6.177;20
3.913;3.369;5.105;20
1.648;2.933;0.651;20
1.326;2.454;-3.686;20
5.393;1.657;-0.931;20
4.789;3.155;2.891;20
3.008;4.282;2.895;20
1.521;4.572;0.376;20
0.235;3.815;-0.674;20
0.226;1.941;0.234;20
0.232;1.344;1.331;20
-1.522;2.445;1.047;20
-2.797;2.494;0.722;20
-0.296;0.72;5.307;20
-2.563;2.131;0.602;20
-9.32;7.407;-6.916;20
-3.767;1.736;0.126;20
-0.894;-0.205;2.323;20
-0.251;-1.504;3.026;20
-0.592;-1.873;3.504;20
-2.05;-1.548;0.476;20
-1.24;-3.191;-0.675;20
-0.339;-4.314;-0.297;20
0.817;-3.482;2.254;20
3.57;-0.816;3.803;20
5.962;2.382;5.704;20
-6.657;5.652;0.369;20
-1.056;2.54;-4.488;20
1.489;1.713;-3.92;20
-1.492;1.886;0.108;20
0.558;-1.406;1.283;20
3.462;-4.536;0.083;20
3.295;-5.904;-0.923;20
0.904;-4.818;-0.276;20
1.825;-3.859;2.879;20
2.692;-3.976;3.932;20
-1.409;-2.052;1.534;20
-4.748;0.85;1.583;20
-4.267;2.427;3.6;20
-5.131;3.159;3.067;20
-4.582;2.412;2.245;20
0.714;-0.537;2.465;20
1.112;-0.828;2.167;20
1.301;-2.213;0.238;20
3.837;-3.803;-1.236;20
3.091;-6.031;-4.348;20
0.126;-6.131;-3.555;20
1.761;-3.914;0.641;20
5.571;-3.175;0.663;20
4.712;-4.436;-1.08;20
2.121;-2.921;0.034;20
-1.451;-1.369;-3.267;20
1.455;-1.549;-3.559;20
4.571;-1.944;1.972;20
3.534;-1.879;7.743;20
0.49;0.727;1.091;20
-0.082;0.458;-3.296;20
0.908;-0.805;-1.388;20
1.93;-1.151;1.145;20
2.597;-1.7;0.166;20
-1.202;-0.435;-1.396;20
-3.645;0.211;1.647;20
-1.398;-1.572;2.056;20
1.565;-4.615;-0.275;20
-0.593;-3.472;0.371;20
-2.502;-1.687;3.268;20
-3.509;-1.537;3.404;20
-2.369;-0.025;2.995;20
-0.524;-1.342;0.964;20
2.393;-3.771;-2.247;20
3.626;-2.148;-1.888;20
2.791;1.677;0.404;20
2.741;0.908;0.206;20
4.42;-4.583;-4.837;20
2.85;-5.248;-5.429;20
-1.733;-1.78;4.953;20
-3.269;-1.766;2.914;20
-0.532;-2.339;0.499;20
2.963;-0.801;1.387;20
4.883;3.538;1.024;20
4.408;3.553;-0.516;20
2.27;1.622;-1.592;20
2.373;0.425;-2.12;20
4.048;0.522;-2.829;20
5.088;0.746;-0.746;20
4.199;1.838;0.772;20
2.277;2.251;3.272;20
-1.468;0.972;2.222;20
-5.414;1.288;2.101;20
-6.612;-3.714;3.661;20
-9.083;-4.8;2.247;20
-3.156;-2.686;2.296;20
6.669;-2.57;0.894;20
4.622;0.404;-1.45;20
0.958;-0.323;-3.804;20
0.614;-2.063;-6.181;20
2.506;-1.785;-5.161;20
3.364;-0.887;0.994;20
4.131;-0.623;4.464;20
3.517;0.917;-0.644;20
2.178;1.934;-2.684;20
1.402;0.815;-3.709;20
0.906;0.505;-5.981;20
0.77;-0.336;-5.817;20
0.251;-0.045;-2.488;20
0.584;0.521;-0.43;20
1.319;0.275;0.599;20
1.342;0.111;0.373;20
3.058;-2.715;0.571;20
3.211;-2.415;-0.216;20
1.861;1.219;-0.274;20
1.464;1.821;-1.219;20
1.421;0.85;-2.895;20
2.275;-1.612;-3.179;20
2.237;-3.766;-0.83;20
0.554;-7.785;3.355;20
-2.834;-7.147;6.949;20
-3.357;-5.193;6.438;20
-4.429;-2.83;5.289;20
-1.351;-0.402;2.77;20
3.481;-0.353;-2.167;19
3.115;-0.977;-3.308;20
2.763;-1.906;-3.568;20
5.712;-4.591;-7.726;20
4.427;-4.391;-13.598;20
-3.696;-0.452;-7.624;20
-2.018;0.752;12.032;20
4.105;1.705;14.157;20
2.024;4.764;-2.353;20
1.384;6.327;-2.131;20
0.894;6.317;-0.064;20
0.503;5.845;-1.954;20
2.063;5.12;-3.113;20
3.887;4.828;-1.851;20
4.861;5.156;-0.594;20
5.944;5.393;0.961;20
5.613;4.767;3.37;20
1.775;0.134;8.047;20
-12.592;-6.797;12.6;20
-24.741;-11.093;-19.541;20
-12.246;-11.023;-7.387;20
-4.189;-2.716;11.176;20
6.631;-3.817;5.992;20
9.935;-5.281;5.001;20
5.531;-3.261;0.148;20
0.621;2.704;-7.226;20
1.768;5.801;-6.157;20
2.132;5.221;-1.8;20
1.274;3.707;-0.838;20
0.875;1.659;-1.357;20
0.704;-0.172;-0.521;20
-0.696;-0.468;0.757;20
-1.737;1.124;-2.181;20
-2.356;2.251;-3.746;20
-1.832;1.659;-3.007;20
-1.398;1.644;-3.54;20
-1.351;1.504;-1.311;20
-0.798;0.111;0.704;20
0.969;-1.175;2.996;20
1.56;-1.351;6.2;20
0.503;-1.231;7.497;20
-2.386;-0.409;1.439;20
-4.728;-0.681;-4.993;20
-3.936;-2.495;-1.954;20
-2.236;-0.633;5.137;20
-3.433;0.682;5.072;20
-5.315;-0.508;2.107;20
-3.593;0.432;0.711;20
-1.617;1.872;-1.108;20
-1.274;-1.063;-1.487;20
2.395;-5.848;-1.89;20
7.273;-9.562;-5.323;20
11.371;-12.94;-9.829;20
4.316;-5.471;-5.681;20
-8.248;5.764;9.486;20
0.714;3.633;10.767;20
2.988;3.223;0.219;20
1.439;5.983;-1.149;20
1.125;6.48;-0.01;20
2.032;5.757;-2.314;20
3.963;4.767;-3.044;20
5.697;4.126;-2.101;20
6.895;4.88;-1.18;20
7.932;5.476;1.899;20
5.761;3.9;2.07;20
-0.628;-2.972;13.658;20
-21.433;-9.537;1.777;20
-24.567;-10.965;-18.484;20
-13.478;-5.999;-3.209;20
-3.78;2.019;6.826;20
6.764;-1.334;8.614;20
12.148;-3.081;11.62;20
6.481;-2.294;-3.091;20
2.487;1.356;-7.977;20
3.808;3.902;-6.078;20
3.358;2.93;-3.868;20
1.942;1.833;-2.162;20
1.008;1.125;-1.154;20
-0.124;0.562;0.842;20
-1.166;1.045;0.92;20
-1.429;1.503;-1.008;20
-1.521;2.114;-3.484;20
-0.834;1.775;-4.287;20
-0.828;1.324;-2.163;20
-1.724;1.403;0.299;20
-1.343;0.171;1.573;20
0.418;-1.272;3.893;20
1.077;-0.571;6.908;20
0.187;0.39;4.587;20
-1.131;0.069;-2.569;20
-2.611;-1.33;-6.486;20
-2.997;-3.021;-1.452;20
-2.151;-1.322;5.832;20
-3.562;0.394;5.458;20
-5.137;-0.554;0.439;20
-4.283;-0.421;1.08;20
-1.903;1.744;0.524;20
-1.353;1.224;-0.897;20
-0.144;-3.168;-1.102;20
4.768;-7.805;-2.818;20
9.748;-11.848;-7.646;20
10.694;-10.656;-8.64;20
-1.426;0.994;1.715;20
-7.016;6.963;10.98;20
2.114;2.343;4.615;20
1.409;3.646;-0.509;20
0.585;5.821;0.13;20
1.671;5.631;-0.704;20
3.793;5.185;-2.832;20
5.697;4.834;-2.316;20
6.721;4.793;-1.226;20
7.564;5.639;0.683;20
7.746;4.599;1.822;20
4.953;0.98;3.724;20
-8.098;-7.482;16.227;20
-30.013;-8.363;-13.497;20
-21.305;-11.994;-13.581;20
-8.507;0.37;1.792;20
2.911;2.679;8.533;20
11.897;-3.569;13.69;20
11.341;-3.766;7.761;20
2.103;-2.581;-8.392;20
1.418;1.177;-8.271;20
3.911;3.412;-6.068;20
2.463;3.129;-3.831;20
1.066;2.721;-1.486;20
0.696;1.683;-0.059;20
0.417;0.549;2.162;20
-0.598;0.865;1.036;20
-0.59;1.501;-2.436;19
-0.46;1.972;-5.672;20
-0.636;1.541;-3.796;20
-0.783;1.4;-0.444;20
-0.94;1.167;-0.046;20
-0.163;-0.395;1.719;20
0.965;-1.457;5.422;20
0.381;-0.505;7.449;20
-0.919;0.336;2.688;20
-2.52;0.19;-4.626;20
-4.195;-1.107;-4.674;20
-3.088;-2.645;0.697;20
-1.511;-1.247;6.261;20
-3.607;0.104;4.527;20
-5.141;-0.699;-0.884;20
-4.131;0.245;0.855;20
-2.23;1.465;0.341;20
-1.259;-0.507;-1.327;20
1.513;-5.542;-1.88;20
6.967;-9.597;-3.427;20
11.557;-11.498;-6.993;20
8.558;-4.81;-5.942;20
-2.717;5.059;5.989;20
-3.659;5.698;8.402;20
1.928;2.071;1.823;20
0.351;4.24;-0.707;20
0.113;4.864;0.629;20
1.307;4.498;-1.611;20
3.533;4.272;-2.183;20
5.361;3.946;-1.947;20
6.162;4.58;-1.373;20
7.052;5.469;0.85;20
7.151;4.427;2.382;20
3.993;0.651;6.303;20
-11.022;-6.627;12.623;20
-26.096;-7.422;-14.524;20
-18.183;-9.519;-11.397;20
-9.633;1.207;2.289;20
1.996;1.623;9.595;20
10.427;-4.133;9.86;20
11.391;-4.677;8.031;20
3.455;-3.127;-6.629;20
1.572;1.868;-7.559;20
3.926;3.649;-5.702;20
2.645;2.62;-3.107;20
1.1;2.416;-1.468;20
0.854;1.271;-0.414;20
-0.09;0.01;0.81;20
-0.814;0.453;0.292;20
-0.601;1.939;-3.087;20
0.217;2.523;-5.234;20
0.083;1.846;-2.087;20
-0.513;1.683;0.609;20
-0.457;0.762;0.261;20
-0.297;-0.725;0.345;20
-0.229;-1.694;2.719;20
-0.917;-1.113;5.349;20
-1.815;0.289;5.521;20
-2.537;1.06;0.577;20
-3.467;0.005;-4.548;20
-2.506;-2.196;-2.629;20
-0.202;-1.95;3.872;20
-1.4;-0.442;5.134;20
-3.796;-0.506;1.79;20
-4.481;-0.561;1.354;20
-2.832;1.508;0.423;20
-1.898;2.095;-1.097;20
-1.926;-1.352;-1.294;20
2.765;-6.525;-2.238;20
8.446;-11.286;-6.246;20
8.696;-11.994;-12.635;20
-1.51;-2.591;-3.998;20
-4.526;4.113;18.057;20
3.224;2.167;6.74;20
2.125;4.438;-2.443;20
1.697;6.262;0.825;20
1.872;6.412;-0.593;20
3.224;6.409;-2.58;20
5.034;5.419;-2.751;20
6.02;4.247;-1.913;20
6.352;4.411;-0.577;20
6.928;3.957;2.621;20
5.065;1.972;2.568;20
-0.932;-4.881;12.304;20
-21.245;-8.244;1.072;20
-24.631;-9.013;-17.452;20
-13.095;-4.17;-5.259;20
-3.128;4.697;6.955;20
6.616;-1.371;7.711;20
12.006;-4.362;13.14;20
8.727;-4.27;2.159;20
2.025;-1.705;-9.077;20
2.154;3.292;-7.704;20
3.392;3.144;-4.997;20
1.733;2.851;-2.531;20
0.443;2.816;-0.4;20
0.356;0.861;0.488;20
-0.289;-0.147;1.151;20
-0.831;1.092;-1.262;20
-0.528;2.129;-5.24;20
-0.288;1.847;-3.552;20
-0.341;1.596;-0.069;20
-0.527;1.343;0.541;20
-0.595;0.373;0.543;20
-0.186;-1.117;3.071;20
0.282;-1.337;5.526;20
-0.62;0.147;5.116;20
-1.548;0.891;0.676;20
-2.432;-0.393;-4.666;20
-2.881;-2.527;-3.309;20
-2.052;-2.21;2.857;20
-2.234;-0.303;5.934;20
-4.458;-0.253;2.633;20
-5.286;-0.594;1.037;20
-2.569;1.129;0.737;20
-1.284;1.682;-1.116;20
-1.403;-1.407;-1.472;20
3.022;-6.837;-2.565;20
8.39;-11.342;-5.939;20
10.442;-11.737;-9.875;20
1.207;-2.204;-3.555;20
-7.303;5.945;13.029;20
2.354;2.435;8.231;20
2.938;3.679;-1.773;20
1.527;6.414;0.391;20
1.508;6.598;-0.251;20
2.726;5.878;-2.213;20
4.445;5.042;-2.518;19
5.909;4.301;-2.033;20
7.155;4.834;0.049;20
7.785;4.579;2.392;20
5.169;1.786;2.099;20
-4.341;-6.631;15.031;20
-26.008;-8.512;-4.421;20
-22.851;-10.785;-16.8;20
-9.055;-1.632;-2.849;21
-0.317;3.972;8.002;20
8.898;-3.205;10.845;19
13.267;-4.529;13.031;20
5.213;-3.516;-6.409;20
1.54;0.918;-9.218;20
3.632;3.741;-7.093;20
3.301;2.369;-3.626;20
0.699;2.839;-1.493;20
0.31;2.154;-0.272;20
0.281;0.811;0.864;20
-0.805;0.989;0.323;20
-0.584;1.739;-3.322;20
-0.586;1.906;-3.253;20
-1.271;1.827;-0.933;20
-1.144;1.744;-0.902;20
-1.006;0.681;-0.202;20
-1.058;-0.647;1.747;20
0.103;-1.333;4.843;20
0.804;-0.294;5.926;20
0.247;0.457;1.933;20
-1.184;0.234;-3.571;20
-2.743;-1.425;-4.592;20
-3.075;-3.401;0.745;20
-2.633;-1.168;5.412;20
-3.681;0.763;3.721;20
-4.393;0.027;-0.278;20
-4.143;-0.065;1.012;20
-1.868;1.758;0.898;20
-0.927;1.429;-0.797;20
-0.017;-2.741;-1.19;20
4.089;-7.421;-2.472;20
8.817;-11.001;-5.922;20
9.391;-10.61;-10.172;20
-0.43;-1.324;-2.84;20
-7.452;5.7;12.666;20
1.97;2.266;8.739;20
2.297;3.795;-1.543;20
1.819;6.179;0.107;20
1.984;6.329;-0.058;20
2.957;5.894;-1.913;20
4.528;4.792;-2.293;20
5.645;4.114;-2.324;20
7.001;4.811;-0.145;20
8.017;4.662;2.313;20
5.286;1.908;2.696;20
-4.422;-6.158;13.594;20
-23.894;-7.823;-5.811;20
-22.464;-10.035;-15.337;20
-11.212;-2.708;-3.964;20
-0.853;1.468;7.972;20
7.942;-4.464;15.456;20
11.442;-5.434;11.558;20
5.751;-3.463;-8.041;20
2.722;2.884;-9.418;20
3.754;6.054;-7.631;20
3.674;3.676;-4.561;20
1.908;2.304;-1.248;20
0.727;1.517;1.596;20
0.258;0.087;2.825;20
-0.608;0.145;0.298;20
-0.911;1.566;-3.896;20
-0.956;2.175;-4.274;20
-1.281;1.666;-2.143;20
-1.112;1.224;-1.308;20
-1.162;0.752;-0.375;20
-1.264;-0.176;1.537;20
-0.376;-0.818;4.716;20
0.225;-0.633;6.53;20
-0.301;0.048;3.794;20
-1.566;0.044;-2.612;20
-2.736;-1.732;-4.88;20
-2.481;-2.725;0.859;20
-2.35;-0.497;6.029;20
-4.408;0.537;3.697;20
-5.86;-0.217;0.544;20
-4.011;0.861;0.912;20
-1.445;1.445;-1.692;20
-1.493;-1.014;-2.407;20
2.086;-6.009;-1.592;20
7.254;-10.117;-3.567;20
11.073;-12.195;-7.113;20
5.824;-4.9;-7.27;20
-5.078;5.621;5.729;20
-0.221;4.574;12.536;20
2.933;2.909;1.488;20
1.328;4.89;-1.779;20
0.848;5.371;0.334;20
1.792;4.987;-1.337;20
3.801;4.437;-1.859;20
5.411;4.232;-2.162;20
6.635;5.282;-1.457;20
7.884;5.256;2.181;20
5.673;3.501;1.779;20
1.052;-3.255;12.208;20
-19.736;-8.218;4.017;20
-26.313;-8.781;-16.766;20
-13.79;-6.68;-8.634;20
-3.841;5.215;4.228;20
5.806;2.057;8.771;20
13.718;-5.124;17.203;20
7.719;-4.006;2.553;20
1.18;-4.714;-9.958;20
1.513;0.735;-8.106;20
3.588;3.078;-5.784;20
1.934;3.85;-3.433;20
0.304;3.996;-0.809;20
0.377;1.684;1.132;20
-0.776;-0.03;2.157;20
-1.768;0.477;-0.389;20
-0.582;1.818;-5.824;20
0.51;1.961;-3.456;20
0.541;1.759;-0.851;20
0.638;1.714;-0.119;20
0.514;0.803;0.457;20
1.023;-1.078;2.31;19
1.209;-1.512;4.317;20
0.247;-0.899;4.103;20
-1.324;-0.542;2.255;20
-3.941;-0.759;-0.757;20
-5.674;-2.026;-2.18;21
-4.814;-0.731;0.687;20
-4.574;0.993;4.878;19
-5.535;-0.373;2.698;20
-4.457;-0.75;1.926;20
-1.474;0.833;-0.228;20
-0.939;0.455;-2.268;20
-0.122;-3.555;-1.979;20
4.964;-8.464;-2.975;20
9.568;-11.858;-6.796;20
9.306;-8.54;-9.872;20
-1.377;1.713;-2.164;20
-5.012;5.832;14.643;20
3.394;2.064;7.705;20
1.543;4.294;-1.557;20
0.96;6.049;-0.187;20
1.547;6.157;-0.66;20
3.339;5.664;-2.681;20
5.413;4.703;-2.428;20
6.523;3.979;-1.825;20
6.755;4.751;0.359;20
7.108;4.222;2.346;20
4.944;1.441;2.723;20
-3.706;-6.386;14.276;20
-25.761;-7.774;-4.913;20
-21.773;-10.4;-16.085;20
-10.191;-2.927;-1.586;20
-1.111;1.487;7.848;20
7.698;-2.58;11.093;20
11.148;-3.165;9.378;20
5.762;-2.614;-5.543;20
2.676;2.243;-7.463;20
3.301;4.841;-6.105;20
3.37;2.054;-3.806;20
1.58;1.633;-1.55;20
0.803;1.679;0.103;20
0.248;0.938;1.658;20
-0.679;1.139;0.485;20
-0.926;1.73;-2.12;20
-0.753;2.135;-4.743;20
-0.781;1.447;-4.145;20
-1.016;1.197;-1.2;20
-1.58;0.876;0.176;20
-1.67;-0.394;2.608;20
0.19;-1.443;7.017;20
1.279;-0.182;7.8;20
0.502;0.762;0.895;20
-0.556;-0.277;-6.038;20
-2.331;-2.539;-4.46;20
-3.689;-3.412;2.093;20
-3.768;-0.421;6.18;20
-4.752;0.81;2.96;20
-5.169;-0.646;-1.276;20
-3.887;0.129;0.741;20
-1.262;1.27;0.13;20
-0.396;-0.702;-1.307;20
1.369;-4.833;-1.707;20
6.385;-9.104;-3.2;20
10.332;-10.612;-6.136;20
7.649;-5.134;-7.234;20
-1.965;3.569;0.661;20
-4.241;6.306;11.194;20
2.816;2.668;5.478;20
1.465;4.223;-0.877;20
0.892;5.269;-0.354;20
1.432;5.322;-0.847;20
2.942;4.908;-1.469;20
5.188;3.512;-1.803;20
6.67;3.65;-0.961;20
8.26;4.615;2.205;20
7.169;3.653;1.62;20
2.181;-1.801;8.937;20
-18.074;-6.808;5.126;20
-28.477;-8.755;-17.879;20
-16.042;-8.742;-6.566;20
-4.178;2.79;3.72;20
6.186;-0.735;9.374;20
13.297;-5.126;16.998;20
7.215;-3.609;-2.343;20
2.367;0.172;-9.059;20
3.924;4.435;-7.106;20
4.028;4.136;-4.217;20
1.46;2.967;-0.991;20
0.463;1.819;0.466;20
-0.033;0.201;0.307;20
-0.418;-0.046;0.142;20
-0.081;1.139;-1.095;20
-0.116;2.308;-3.648;20
-0.559;1.829;-3.143;20
-0.725;1.036;-1.221;20
-0.655;0.967;-0.695;20
-1.167;0.564;-0.33;20
-0.559;-0.695;2.09;20
0.303;-1.391;5.855;20
-0.285;-0.863;6.295;20
-2.078;-0.566;0.744;20
-3.595;-1.66;-3.363;20
-3.876;-1.746;-1.072;20
-3.18;0.145;3.845;20
-4.104;0.232;4.344;20
-5.252;-0.805;1.512;20
-3.606;0.615;0.718;20
-1.13;1.343;-2.125;20
-0.933;-1.479;-2.583;20
2.175;-6.43;-2.195;20
7.233;-10.457;-4.237;20
10.143;-11.011;-8.143;20
4.873;-3.332;-7.087;20
-5.317;6.133;8.469;20
1.271;4.03;13.62;20
3.173;3.457;0.432;20
1.066;5.901;-2.193;20
0.748;5.699;0.069;20
1.866;5.012;-1.907;20
3.835;4.274;-2.495;20
5.558;3.501;-2.249;20
6.862;4.313;-0.123;19
8.477;4.753;3.086;20
6.001;3.163;1.602;20
-0.656;-3.368;12.174;20
-22.083;-6.651;0.354;20
-26.403;-9.513;-17.575;20
-13.903;-6.19;-6.575;20
-2.792;3.649;5.89;20
7.205;-2.521;13.635;20
13.177;-5.848;15.247;20
6.038;-4.06;-7.146;20
1.64;1.14;-9.195;20
3.647;5.269;-7.267;20
4.418;3.159;-4.406;20
2.187;1.684;-0.716;20
0.778;1.42;1.508;20
0.413;0.567;1.487;20
-0.114;0.82;-0.09;20
-0.077;1.678;-1.828;20
0.109;2.246;-3.106;20
-0.237;1.89;-1.905;20
-0.705;1.61;-2.273;20
-0.602;1.417;-0.864;20
-0.889;0.037;-0.299;20
-0.723;-1.401;1.657;20
-0.279;-1.102;4.889;20
-0.698;0.211;6.302;20
-1.727;0.539;2.783;20
-3.816;-0.95;-3.202;20
-4.351;-2.782;-3.17;20
-2.829;-1.573;2.7;20
-3.728;0.274;5.18;20
-5.634;-0.841;1.814;20
-4.363;-0.298;1.387;20
-1.587;1.525;-1.103;20
-1.782;0.51;-2.113;20
-0.188;-3.708;-1.633;20
5.343;-8.291;-3.175;20
10.035;-11.923;-6.951;20
8.941;-8.919;-9.229;20
-0.716;1.49;-2.233;20
-5.228;6.761;14.323;20
2.883;2.551;6.541;20
1.794;3.693;-0.049;20
1.056;5.695;0.744;20
1.981;6.249;-0.114;20
3.663;6.241;-2.66;20
5.543;5.401;-2.706;20
6.692;3.897;-1.746;20
7.122;4.092;0.855;20
6.988;3.825;2.492;20
4.64;1.032;2.603;20
-5.866;-6.786;14.103;20
-26.614;-6.735;-7.572;20
-21.426;-10.486;-15.701;20
-8.924;-2.135;-1.864;20
-0.803;3.269;9.11;20
8.541;-2.97;12.726;20
12.458;-4.993;11.122;20
4.796;-4.295;-7.354;20
1.287;1.284;-7.828;20
3.019;4.973;-6.56;20
3.48;2.615;-5.339;20
1.543;1.836;-1.2;20
0.498;1.789;1.254;20
0.149;0.749;1.146;20
-0.115;0.569;0.037;20
-0.595;1.721;-1.88;20
-0.592;2.519;-3.738;20
-0.377;1.881;-2.273;20
-0.141;1.654;-1.393;20
-0.276;1.61;-0.35;20
-0.526;-0.038;0.559;20
-0.443;-1.621;2.677;20
-0.101;-0.931;5.804;20
-0.313;0.638;5.386;20
-1.584;0.452;-0.598;20
-3.957;-1.496;-5.076;20
-4.044;-2.871;-1.283;20
-3.372;-0.54;5.002;20
-4.729;0.647;4.883;20
-5.52;-0.611;0.784;20
-4.084;0.206;1.311;20
-1.448;1.893;-0.956;20
-1.862;0.224;-1.906;20
0.499;-5.081;-1.885;20
6.36;-10.595;-4.025;20
11.491;-15.753;-8.482;20
8.54;-9.51;-8.686;20
-5.126;5.277;6.046;20
-2.253;6.084;12.923;20
3.084;2.951;2.101;20
1.288;5.672;-0.15;20
1.159;6.469;1.294;20
2.61;6.094;-1.294;20
4.082;6.45;-3.183;20
6.166;5.243;-2.477;20
7.572;4.761;-1.28;20
8.962;5.324;1.995;20
6.818;3.69;0.676;20
2.376;-2.32;9.499;20
-16.755;-8.467;8.286;20
-27.149;-8.5;-16.567;20
-15.288;-9.595;-9.729;20
-6.841;3.267;3.822;20
2.252;1.013;9.712;20
11.591;-5.312;17.502;20
9.252;-5.048;1.482;20
2.627;-2.144;-8.602;20
2.237;4.02;-8.552;20
4.357;3.54;-6.401;20
2.552;2.231;-2.219;20
0.555;2.569;0.031;20
0.292;1.217;1.0;20
-0.228;0.547;0.249;20
-0.543;1.174;-1.537;20
-0.273;1.945;-5.71;20
-0.444;2.155;-3.352;20
-0.074;1.944;-0.352;20
-0.257;1.944;0.213;20
-0.205;0.533;0.879;19
0.627;-1.817;3.952;20
0.547;-1.31;7.612;20
-0.47;0.454;5.559;20
-2.415;0.264;-2.155;20
-5.11;-1.641;-6.879;20
-5.742;-2.811;-1.834;20
-3.949;-0.331;7.255;20
-4.462;0.85;5.54;20
-4.982;-0.834;-1.085;20
-3.558;-0.181;-0.375;20
-1.905;1.108;-1.646;20
-1.583;-1.015;-1.729;20
2.076;-5.92;-1.207;20
7.396;-10.481;-3.63;20
11.462;-12.283;-7.023;20
8.906;-5.0;-6.754;20
-2.063;6.048;2.236;20
-4.599;7.295;10.841;20
2.093;2.35;5.057;20
1.03;4.019;-0.473;20
0.881;5.424;0.084;20
2.535;5.356;-1.279;20
4.334;5.402;-3.111;20
6.091;4.28;-2.895;20
7.004;3.964;-1.189;20
8.091;4.583;2.596;20
7.195;3.389;2.55;20
2.468;-1.94;8.547;20
-16.752;-6.853;6.351;20
-26.24;-7.989;-17.22;20
-15.695;-8.247;-8.631;20
-7.279;3.272;4.716;20
3.316;0.425;11.814;20
11.873;-5.196;17.725;20
7.581;-4.316;-1.031;20
3.262;-4.042;-8.598;20
1.963;3.279;-8.081;20
3.649;4.711;-6.643;20
3.137;2.892;-3.383;20
1.789;2.972;-0.456;20
1.664;1.241;1.764;20
0.652;-0.105;2.355;20
0.522;0.263;0.184;20
0.118;1.599;-2.477;20
-0.438;1.928;-4.45;20
-0.357;1.211;-3.009;20
-0.789;1.291;-0.688;20
-1.543;1.645;-0.293;20
-1.061;-0.511;-0.061;20
-1.013;-1.721;4.014;20
-1.752;-0.516;7.838;20
-2.87;0.699;5.826;20
-3.963;0.232;-3.483;20
-4.263;-1.825;-5.927;20
-2.216;-1.861;1.48;20
-1.528;-0.025;7.515;20
-3.715;-0.723;1.402;20
-4.397;-0.578;-0.678;20
-2.959;1.422;-0.832;20
-2.78;0.689;-1.937;20
-1.146;-3.738;-1.088;20
4.627;-9.216;-1.96;20
9.938;-13.076;-5.851;20
11.51;-8.897;-6.32;20
3.979;2.09;0.039;20
-5.136;9.692;10.349;20
0.081;4.478;5.528;20
1.362;2.931;-0.523;20
-0.162;4.774;0.451;20
0.778;5.058;-0.169;20
2.807;4.601;-1.704;20
4.939;3.904;-2.282;20
6.607;3.641;-1.603;20
7.682;4.48;0.932;20
7.437;4.683;2.359;20
5.133;1.636;1.325;20
-5.349;-6.09;12.302;20
-24.75;-6.024;-7.462;20
-19.955;-10.93;-14.796;20
-9.553;-5.583;-1.955;20
-3.348;-0.185;8.481;20
7.17;-4.61;18.05;20
10.133;-3.189;4.75;20
6.837;1.454;-8.401;20
4.114;5.95;-7.438;20
3.922;5.191;-4.196;20
3.375;2.266;-2.748;20
2.36;0.625;-1.74;20
0.714;-0.051;0.945;20
-0.443;0.304;0.367;20
-0.457;1.492;-1.124;20
-0.437;2.356;-2.671;20
-1.014;1.808;-2.745;20
-1.825;0.793;-1.015;20
-1.474;0.739;-0.325;20
-1.928;0.948;-1.586;20
-1.791;0.221;1.073;20
0.064;-0.675;5.072;20
0.605;-0.004;6.952;20
0.14;0.34;3.135;20
-1.417;-0.794;-4.295;20
-2.757;-2.616;-5.456;20
-2.397;-2.499;2.38;20
-3.416;0.052;6.913;20
-5.476;0.48;1.601;20
-6.138;0.303;-0.996;20
-3.504;1.771;0.116;20
-1.793;1.738;-0.88;20
-1.252;-2.005;-1.197;20
2.891;-7.727;-1.998;20
8.013;-12.359;-5.769;20
10.841;-13.033;-9.323;20
4.466;-3.363;-5.155;20
-5.203;7.63;11.553;20
1.554;4.793;11.682;20
2.866;3.628;0.478;20
0.805;5.313;-0.444;20
0.695;5.422;-0.287;20
2.518;5.082;-1.733;20
4.728;4.391;-2.804;19
6.405;3.924;-2.431;20
7.7;5.155;-0.079;20
8.689;5.141;2.657;20
5.641;2.152;1.283;20
-3.559;-5.248;12.931;20
-22.514;-6.881;-6.708;20
-21.97;-9.645;-14.75;20
-13.646;-3.874;-3.853;20
-4.151;4.314;5.664;20
5.536;-1.696;12.057;20
11.612;-3.964;14.867;20
5.673;-4.185;-2.492;20
3.234;-2.337;-7.637;20
3.769;3.407;-7.49;20
3.327;3.905;-5.057;20
1.345;3.141;-1.816;20
0.598;2.083;-0.09;20
0.485;0.381;0.724;20
-0.154;0.532;0.126;20
-0.125;1.259;-1.574;20
0.013;1.97;-4.271;20
0.383;1.728;-3.318;20
0.088;1.449;0.493;20
-0.254;1.643;1.299;20
-0.248;0.459;0.001;20
0.267;-1.287;2.262;20
0.385;-0.676;5.449;20
-0.008;0.577;5.305;20
-1.937;0.148;-0.054;20
-4.574;-1.765;-5.027;20
-5.248;-2.791;-2.353;20
-4.745;-0.404;4.746;20
-5.273;1.013;4.858;20
-4.94;-0.128;0.871;20
-3.232;0.608;0.868;20
-1.591;1.884;-0.471;20
-1.38;-0.35;-0.84;20
1.518;-5.804;-1.573;20
6.461;-10.723;-5.303;20
10.745;-14.795;-10.119;20
8.114;-8.51;-8.495;20
-5.326;5.33;7.866;20
-3.17;6.412;15.267;20
3.716;2.711;2.648;20
2.212;4.76;-0.224;20
0.667;6.021;0.869;20
2.135;5.74;-1.222;20
4.265;5.125;-2.35;20
6.288;4.43;-2.721;20
7.248;4.959;-1.321;20
8.53;5.785;2.529;20
6.655;3.951;0.536;20
1.244;-3.32;11.271;20
-18.843;-7.8;0.379;20
-25.285;-8.889;-16.554;20
-15.601;-8.024;-7.745;20
-6.098;4.031;5.527;20
2.485;-0.008;10.351;20
12.286;-5.341;15.824;20
8.703;-4.71;-0.903;20
3.98;-1.171;-8.5;20
4.067;3.669;-7.525;20
4.024;3.078;-5.005;20
2.083;2.516;-1.507;20
0.975;2.531;0.281;20
0.671;1.224;0.891;20
0.269;0.817;-0.101;20
0.247;1.466;-1.811;20
0.384;2.238;-3.596;20
0.0;2.154;-3.129;20
-0.755;1.184;-0.338;20
-0.816;0.824;0.583;20
-1.131;0.341;-0.182;20
-1.578;-1.077;0.439;20
-1.446;-0.814;4.321;20
-0.704;0.34;6.39;20
-1.005;0.819;3.125;20
-2.073;0.067;-3.35;20
-2.307;-2.075;-5.365;20
-2.158;-2.545;0.487;20
-2.846;-0.615;6.119;20
-5.051;0.612;3.263;20
-5.747;0.031;-0.523;20
-4.485;1.194;0.587;20
-1.615;2.105;-0.652;20
-1.613;0.133;-2.025;20
0.496;-4.883;-1.365;20
5.912;-10.246;-4.236;20
10.489;-14.199;-9.513;20
6.928;-8.25;-9.051;20
-2.558;3.774;4.866;20
-3.279;6.79;16.47;20
3.898;2.696;4.66;20
2.486;4.565;-0.859;20
1.461;5.713;0.024;20
2.3;5.51;-1.167;20
4.224;4.78;-2.81;20
6.481;3.511;-2.553;20
7.469;4.639;-0.372;20
8.727;5.572;3.439;20
6.307;3.113;2.054;20
-1.019;-3.296;10.03;20
-17.755;-5.959;-2.456;20
-21.835;-7.743;-13.105;20
-17.56;-8.426;-10.498;20
-6.353;1.58;3.242;20
2.028;0.085;9.718;20
11.792;-5.478;18.821;20
7.513;-4.32;1.248;20
5.601;-0.426;-7.196;20
4.746;5.006;-6.901;20
3.594;4.419;-5.667;20
1.952;2.013;-3.201;20
1.351;0.895;0.363;20
1.212;0.321;1.251;20
0.754;0.994;-1.456;20
0.381;1.886;-3.55;20
-0.652;2.575;-3.607;19
-1.445;1.811;-0.872;20
-1.593;1.185;1.232;20
-1.52;0.972;0.181;20
-1.922;-0.101;-0.81;20
-1.963;-0.768;2.978;20
-0.07;-0.057;8.976;20
-0.048;1.187;6.821;20
-0.756;0.937;-3.133;20
-0.679;-0.622;-8.74;20
-1.691;-2.343;-3.95;20
-2.276;-2.617;4.569;20
-3.771;-0.572;7.083;20
-5.436;0.159;-0.474;20
-6.289;0.192;-1.284;20
-4.119;1.659;0.702;20
-1.756;1.24;-0.946;20
-0.823;-2.367;-0.832;20
3.085;-7.578;-1.654;20
8.733;-12.611;-5.811;20
12.223;-12.135;-7.565;20
6.446;-2.133;-4.137;20
-5.521;7.983;8.054;20
-3.186;6.094;10.76;20
1.914;2.697;2.554;20
1.224;4.085;-0.361;20
1.067;5.153;-0.445;20
2.489;4.746;-0.931;20
4.424;3.918;-1.845;20
5.971;3.571;-2.15;20
6.433;4.52;-0.917;20
7.713;4.655;2.807;20
6.726;2.564;1.929;20
1.681;-3.095;8.71;20
-15.686;-5.771;0.073;20
-21.584;-6.242;-12.922;20
-16.685;-8.716;-10.662;20
-8.812;0.486;1.498;20
-1.892;1.235;9.458;20
9.016;-3.745;17.992;20
8.783;-4.77;5.84;20
5.395;-2.7;-6.514;20
4.648;3.024;-8.771;20
4.453;4.272;-6.848;20
2.679;3.066;-4.411;20
1.696;2.451;-0.811;20
1.897;0.69;2.634;20
0.944;0.645;1.578;20
0.239;1.301;-1.138;20
0.379;1.97;-4.7;20
-0.389;2.405;-4.72;20
-0.77;1.076;-0.294;20
-0.963;0.356;1.518;20
-1.062;-0.295;0.187;20
-1.786;-1.279;0.099;20
-2.049;-0.61;4.882;20
-1.245;0.931;7.754;20
-1.763;1.694;3.56;20
-2.218;0.867;-3.675;20
-1.649;-1.825;-7.55;20
-1.484;-2.941;-1.929;20
-1.398;-1.157;5.584;20
-3.749;0.657;5.237;20
-5.06;-0.184;-1.385;20
-4.575;0.418;-0.477;20
-2.307;1.6;0.551;20
-1.155;0.412;-0.663;20
-0.443;-3.561;-0.724;20
3.921;-8.278;-1.55;20
9.654;-11.3;-6.048;20
10.334;-7.715;-5.691;20
5.029;0.791;-1.804;20
-4.711;7.189;8.519;20
-3.388;4.799;8.047;20
0.776;1.924;1.548;20
0.47;3.232;-0.35;20
0.697;4.263;-0.701;20
2.632;4.086;-0.493;20
4.745;3.626;-1.105;20
6.221;3.406;-2.047;20
6.559;3.731;-0.348;20
6.532;4.164;3.075;20
6.226;2.148;2.727;20
0.319;-3.615;7.673;20
-17.022;-5.632;-2.915;20
-18.98;-5.618;-11.748;20
-14.456;-6.236;-9.135;20
-8.326;2.925;2.109;20
-0.855;3.188;7.475;20
8.22;-3.638;13.467;20
8.273;-4.029;8.524;20
4.11;-5.868;-4.079;20
3.266;-0.883;-7.375;20
3.537;2.934;-7.612;20
1.963;3.686;-4.397;20
0.518;4.191;-0.732;20
0.792;2.098;0.672;20
0.715;0.448;1.853;20
0.783;0.531;-0.519;20
1.88;0.853;-6.644;20
1.789;1.858;-4.882;20
0.53;1.672;1.336;20
0.134;1.287;2.092;20
-0.245;0.719;1.34;20
-0.667;-1.032;0.82;20
-1.562;-1.983;1.52;20
-2.218;-0.73;3.444;20
-2.147;0.924;3.624;20
-2.182;1.847;2.365;20
-2.479;0.306;-2.31;20
-2.305;-2.341;-4.58;20
-1.085;-2.613;0.866;20
-2.091;0.01;5.615;20
-4.199;0.442;2.814;20
-4.907;-0.819;-0.869;20
-3.806;0.616;-0.211;19
-1.828;1.762;-0.623;20
-1.643;-0.024;-1.156;20
0.646;-4.53;-1.463;20
5.999;-9.346;-4.626;20
10.462;-11.839;-8.712;20
7.387;-5.418;-7.498;20
-2.423;3.531;4.654;20
-4.79;5.556;15.86;20
2.626;2.163;4.2;20
2.333;3.378;-0.941;20
1.253;4.827;0.135;20
2.095;4.556;-0.712;20
4.012;4.005;-2.1;20
5.758;3.685;-2.675;20
6.221;4.187;-1.323;20
6.843;4.516;2.504;20
6.935;3.114;3.521;20
3.883;-1.215;5.129;20
-10.451;-7.229;5.551;20
-21.602;-5.107;-9.059;20
-18.789;-7.641;-13.99;20
-9.828;-2.067;-3.048;20
-3.556;2.024;6.175;20
6.522;-3.556;16.162;20
10.214;-4.552;12.457;20
5.751;-1.144;-5.365;20
3.667;3.888;-8.72;20
3.938;3.777;-6.365;20
2.602;1.965;-4.43;20
1.454;1.68;-1.909;20
1.216;1.085;0.618;20
0.687;1.111;0.183;20
1.056;1.403;-3.337;20
1.543;2.146;-4.211;20
0.994;2.158;-1.246;20
0.317;0.933;1.06;20
-0.218;0.396;1.449;20
-0.783;0.08;0.61;20
-1.22;-1.141;0.735;20
-1.04;-1.236;4.147;20
-0.522;-0.077;6.568;20
-1.89;1.048;2.496;20
-2.712;0.405;-3.576;20
-2.338;-1.888;-4.965;20
-2.966;-2.281;0.067;20
-3.745;0.182;5.631;20
-5.38;0.961;3.544;20
-5.978;-0.085;-0.953;20
-4.425;0.708;-0.591;20
-2.364;0.977;-1.071;20
-1.304;-1.722;-1.332;20
2.172;-6.564;-1.13;20
7.595;-10.825;-4.087;20
11.296;-11.129;-7.36;20
8.454;-3.587;-5.728;20
-2.241;6.132;8.06;20
-1.961;5.48;10.093;20
2.236;2.248;1.474;20
0.676;4.03;0.386;20
-0.197;5.061;0.785;20
1.525;4.138;-0.448;20
3.642;3.856;-1.925;20
5.783;3.626;-2.194;20
6.41;4.289;-1.308;20
6.789;5.096;2.646;20
6.703;3.042;2.759;20
1.041;-2.366;9.168;20
-16.835;-6.357;-2.245;20
-19.966;-6.996;-13.268;20
-16.025;-6.602;-10.475;20
-8.698;0.445;2.589;20
-0.069;-1.235;11.156;20
9.41;-5.565;18.705;20
7.622;-2.926;2.146;20
4.697;0.612;-8.2;20
3.921;4.128;-8.003;20
3.783;3.689;-5.767;20
2.068;2.788;-3.44;20
1.54;2.047;-0.961;20
1.483;0.67;1.689;20
0.923;0.665;1.526;20
0.505;1.634;-1.26;20
1.142;2.011;-3.883;20
1.05;1.403;-2.871;20
-0.158;0.434;0.457;20
-0.696;0.481;1.181;20
-0.78;0.496;0.118;20
-1.422;-0.836;-0.363;20
-2.174;-1.203;1.758;20
-2.084;-0.246;3.391;20
-2.205;1.046;2.603;20
-1.836;1.65;2.164;20
-1.739;-0.325;-0.93;20
-1.049;-3.004;-3.269;20
-0.061;-1.749;0.776;20
-2.303;0.835;2.354;20
-5.242;-0.041;0.937;20
-5.53;0.036;1.355;20
-2.862;1.692;0.115;20
-1.927;0.779;-0.551;20
-1.437;-3.487;0.236;20
3.656;-8.241;-0.323;20
9.732;-11.638;-5.435;20
10.926;-9.263;-7.685;20
5.896;-0.603;-4.558;20
-4.107;7.946;10.326;20
-2.795;5.563;10.175;20
0.68;2.051;1.547;20
0.054;3.102;-0.777;20
0.398;4.472;-0.531;20
2.296;4.428;-0.256;20
4.6;3.461;-1.406;20
5.733;3.233;-1.901;20
5.16;4.229;-0.57;20
4.904;4.248;2.993;19
5.332;1.724;4.451;20
-1.635;-2.238;5.752;20
-15.065;-5.349;-4.293;20
-18.086;-6.537;-11.218;20
-16.745;-6.95;-8.96;20
-9.359;0.233;4.108;20
0.702;1.089;9.695;20
9.768;-3.747;12.33;20
9.617;-5.243;3.596;20
5.133;-1.515;-6.231;20
2.869;4.234;-8.064;20
3.735;4.356;-5.623;20
2.719;2.554;-2.689;20
1.035;2.089;-0.933;20
1.322;0.636;1.081;20
1.056;0.586;0.968;20
0.819;1.169;-0.842;20
1.228;1.533;-2.169;20
0.987;1.082;-2.61;20
-0.348;0.573;-1.148;20
-1.003;0.839;0.626;20
-1.36;1.13;0.96;20
-1.483;0.176;-0.312;20
-1.526;-1.464;-0.701;20
-1.518;-0.979;2.188;20
-1.062;0.431;3.696;20
-0.665;1.367;2.259;20
-0.189;0.07;0.144;20
-0.896;-2.45;-1.792;20
-1.647;-2.75;-0.222;20
-2.934;-0.039;3.253;20
-5.497;0.632;2.457;20
-6.295;-0.493;0.612;20
-3.503;1.086;1.165;20
-0.861;2.006;-0.852;20
-1.697;0.02;-1.381;20
0.587;-4.347;-1.256;20
5.486;-8.625;-4.224;20
9.217;-12.106;-9.97;20
5.963;-7.517;-10.57;20
-1.917;2.101;5.008;20
-2.327;5.648;19.385;20
3.316;2.537;4.561;20
2.473;3.89;-2.2;20
0.928;5.68;0.004;20
1.76;5.308;0.258;20
3.585;4.262;-1.953;20
5.216;3.763;-2.544;20
5.895;4.238;-1.27;20
6.595;4.907;2.029;20
6.315;3.185;2.777;20
2.792;-2.149;6.839;20
-12.86;-6.636;2.764;20
-20.605;-5.712;-10.285;20
-16.544;-8.191;-12.018;20
-9.191;-0.596;-1.656;20
-1.742;0.534;7.076;20
8.903;-4.736;15.777;20
10.158;-4.538;8.833;20
5.889;-0.904;-5.989;20
2.833;4.513;-8.087;20
3.272;4.641;-5.864;20
2.697;2.752;-3.374;20
1.088;2.322;-1.909;20
0.622;0.938;1.088;20
0.417;0.465;1.919;20
0.227;1.095;-0.779;20
0.784;1.686;-3.217;20
0.716;1.632;-3.435;20
0.116;0.738;-1.265;20
-0.783;0.451;1.474;20
-0.98;0.625;1.492;20
-1.089;-0.135;-0.025;20
-1.73;-1.115;0.446;20
-1.484;-0.536;2.825;20
-0.846;0.526;3.101;20
-0.499;0.997;1.987;20
-0.44;-0.009;0.1;20
-1.549;-1.916;-3.322;20
-1.431;-2.423;-0.883;20
-3.164;0.136;4.462;20
-5.73;0.89;2.293;20
-6.342;-0.313;-0.524;20
-4.384;1.063;0.853;20
-2.297;1.795;-0.124;20
-2.11;-0.436;-1.013;20
0.666;-5.547;-1.12;20
6.271;-10.585;-4.195;20
10.792;-12.734;-8.589;20
7.743;-6.041;-7.224;20
-0.658;3.962;4.937;20
-3.611;6.705;14.358;20
2.833;2.098;5.424;20
2.401;3.36;-0.964;20
0.68;5.139;0.05;20
1.257;4.505;-0.269;20
3.168;3.782;-1.357;20
5.285;3.314;-1.98;20
5.865;3.957;-1.76;20
5.957;5.152;0.226;20
6.33;4.359;2.739;20
4.239;0.085;5.974;20
-9.939;-6.435;6.257;20
-23.042;-5.466;-11.503;20
-18.328;-8.949;-12.291;20
-9.736;-0.379;-2.408;20
-2.657;3.293;7.141;20
6.715;-3.223;12.233;20
12.494;-5.734;12.67;20
6.4;-4.054;-3.785;20
1.418;2.531;-7.009;20
2.949;4.287;-6.202;20
2.723;2.378;-5.203;20
0.728;2.148;-2.257;20
0.198;1.356;0.21;20
-0.058;0.675;0.478;20
0.16;1.299;-1.214;19
0.841;1.801;-1.946;20
1.412;1.981;-3.011;20
1.37;1.149;-2.16;20
0.465;0.818;0.851;20
-0.44;1.159;1.963;20
-0.33;0.179;1.228;20
-0.525;-1.41;0.73;20
-1.141;-1.176;1.985;20
-1.641;0.092;2.666;20
-2.083;1.329;1.94;20
-2.327;1.778;0.817;20
-2.444;-0.094;-2.423;20
-1.423;-2.803;-3.021;20
-0.02;-2.057;2.047;20
-2.309;0.049;4.08;20
-4.823;-0.515;0.919;20
-4.901;-0.664;0.212;20
-3.214;1.092;0.366;20
-2.485;1.636;-0.709;20
-2.101;-0.784;-0.53;20
1.463;-5.723;-0.622;20
7.004;-10.12;-4.483;20
10.609;-10.731;-8.013;20
6.961;-3.382;-5.484;20
-0.607;4.497;3.566;20
-4.828;6.522;11.122;20
1.503;1.939;5.044;20
1.792;2.127;-0.017;20
0.669;4.219;-0.412;20
1.757;4.407;-0.241;20
3.718;3.79;-1.189;20
5.2;3.786;-1.713;20
5.607;4.026;-1.419;20
5.613;4.195;1.003;20
5.587;3.064;3.412;20
4.209;-1.112;5.275;20
-8.888;-5.509;5.146;20
-20.553;-3.714;-8.81;20
-16.398;-7.689;-9.988;20
-10.99;-0.836;-4.291;20
-4.869;3.874;4.245;20
4.702;-2.927;9.256;20
11.059;-4.995;15.445;20
5.344;-2.952;-0.949;20
2.485;-2.122;-6.966;20
3.054;1.127;-6.243;20
2.304;4.22;-3.907;20
0.936;5.305;-2.464;20
0.726;2.448;-0.644;20
0.588;-0.801;-0.603;20
0.788;-1.98;-1.692;20
1.938;-1.644;-1.999;20
2.288;-0.662;-2.099;20
1.996;-0.758;-2.432;20
-1.001;1.564;-0.494;20
-2.024;2.703;3.721;20
-0.481;2.668;6.723;20
0.116;2.832;4.736;20
-0.067;1.594;1.037;20
0.784;-1.775;-0.431;20
-0.706;-1.973;-0.924;20
-2.196;-0.303;-1.847;20
-3.026;1.27;-2.154;20
-1.686;-0.134;0.057;20
-1.266;0.128;2.38;20
-3.357;3.436;5.218;20
-3.246;2.993;7.393;20
0.788;-1.699;3.819;20
2.951;-4.759;-2.53;20
5.705;-6.773;-9.706;20
6.784;-6.132;-11.959;20
3.501;-0.961;-6.554;20
2.042;2.971;1.851;20
0.489;1.187;11.268;20
-0.019;0.149;10.829;20
-1.22;1.818;1.388;20
-1.477;2.111;-1.206;20
-1.006;1.658;-0.438;20
-0.961;1.917;0.325;20
-0.313;1.331;0.473;20
0.247;1.236;-0.088;20
0.641;0.556;-0.138;20
0.607;-0.703;-0.678;20
-0.061;0.651;-1.533;20
-0.671;1.998;-1.211;20
0.152;-0.389;0.051;20
0.805;-2.644;0.932;20
-0.657;0.025;-2.172;20
-0.783;1.995;-2.289;20
1.304;-0.967;1.104;20
2.702;-3.559;3.546;20
1.634;-2.248;3.741;20
0.811;1.359;2.296;20
-0.352;3.672;-1.059;20
-2.179;3.113;-4.295;20
-2.192;-0.125;-4.143;20
0.282;-1.275;-3.516;20
1.426;-0.638;-2.851;20
2.208;0.287;-1.038;20
2.871;0.45;1.193;20
3.259;-0.478;1.835;20
2.424;-0.648;1.25;20
0.99;-0.311;0.435;20
0.227;0.271;-1.114;20
0.299;0.328;-1.701;20
-0.7;-0.355;-0.147;20
-1.924;0.402;0.604;20
-0.96;1.219;0.192;20
0.819;0.492;-0.085;20
1.871;-0.794;-0.438;20
1.322;-1.016;-0.61;20
-0.174;-0.186;-0.469;20
-0.592;0.468;-0.448;20
-0.3;1.503;-0.257;20
-0.539;0.965;0.527;19
-0.274;-0.998;-0.003;20
0.761;-1.409;-1.89;20
1.347;-0.082;-1.972;20
1.206;0.339;0.052;20
0.947;-0.056;0.493;20
0.721;-0.37;-0.562;20
-0.079;-1.171;-1.299;20
-1.498;-0.478;-2.075;20
-2.118;1.668;-1.867;20
-0.505;1.361;0.289;20
0.789;0.192;0.228;20
1.18;-0.576;-0.163;20
1.624;-1.709;-0.567;20
0.837;-1.344;-1.504;20
-0.268;-0.166;-2.009;20
0.97;-2.221;-2.31;20
0.739;-2.745;-0.548;20
-0.593;-1.455;2.418;20
-0.788;-0.121;1.719;20
-0.407;-0.353;0.26;20
-1.08;0.589;-0.554;20
-1.067;1.255;-0.201;20
0.634;-0.577;0.635;20
1.245;0.105;0.96;20
1.108;-0.545;-0.875;20
-1.285;-2.105;-1.279;20
-6.503;0.661;-2.656;20
-12.888;4.003;-2.947;20
-8.794;4.657;2.502;20
-1.108;5.533;1.943;20
1.03;3.552;0.455;20
3.601;-3.076;-0.613;20
3.812;-2.337;-2.766;20
3.463;-1.847;-3.595;20
-0.535;-1.779;-3.236;20
-4.584;-2.381;-2.63;20
-4.772;-3.626;-2.011;20
-5.535;-2.88;-1.637;20
-4.321;-2.792;-2.118;20
-2.833;-1.107;0.57;20
-0.456;1.396;6.245;20
-0.154;3.349;9.092;20
-3.987;2.268;9.047;20
-5.173;-0.109;6.25;20
-3.758;-0.887;1.263;20
-2.419;-1.626;-0.691;20
-1.905;-1.912;-1.574;20
-2.174;-1.913;-2.152;20
-2.163;-3.183;-3.041;20
-2.167;-3.277;-5.017;20
-2.306;-1.08;-3.397;20
-2.228;0.879;1.271;20
-1.316;0.794;3.578;20
0.447;-0.697;2.571;20
1.698;-1.358;1.751;20
1.686;-0.629;2.326;20
1.252;0.642;1.967;20
2.502;0.591;1.125;20
3.121;1.081;1.526;20
3.097;1.726;1.692;20
3.236;2.032;1.003;20
3.796;2.21;0.618;20
3.611;2.69;1.156;20
3.521;2.636;1.745;20
3.436;2.569;2.049;20
4.16;2.583;3.231;20
7.566;2.819;10.046;20
8.722;2.714;8.791;20
3.622;3.975;10.609;20
-3.903;4.684;3.229;20
-4.656;4.618;0.159;20
-0.892;4.836;2.922;20
3.058;2.974;4.736;20
1.922;2.593;5.483;20
-1.272;4.129;4.46;20
-2.493;5.635;2.949;20
-1.801;5.889;1.436;20
-1.05;5.955;0.383;20
0.117;5.062;0.366;20
0.631;4.332;0.881;20
0.82;3.437;2.229;20
1.456;2.891;0.173;20
1.757;3.513;0.93;20
1.454;3.216;1.313;20
0.604;3.205;1.557;20
-0.4;3.399;0.757;20
0.264;3.471;-0.506;20
1.344;2.727;-0.028;20
0.853;2.45;0.765;20
-0.195;3.21;0.511;20
-0.695;3.314;0.033;20
-0.539;2.719;0.373;20
-0.591;2.232;1.631;20
-0.236;2.205;1.709;20
-0.279;1.965;0.109;20
-0.524;2.584;-0.301;74
-0.455;2.286;-0.314;20
-0.119;1.616;0.646;20
-0.474;1.372;1.286;20
-0.744;1.773;0.565;20
-0.39;1.623;-0.645;20
0.142;1.166;-0.559;20
0.227;0.759;0.528;20
0.001;0.927;0.496;20
0.289;0.863;-0.042;20
-0.516;1.108;-0.259;20
-0.678;1.129;-0.188;20
0.031;0.508;-0.299;20
0.157;0.449;0.011;20
-0.143;0.401;0.012;20
-0.204;0.39;0.17;20
0.063;0.426;0.305;20
0.044;0.332;0.11;20
-0.614;0.711;-0.231;20
-0.149;0.496;-0.138;20
0.015;0.304;-0.086;20
-0.265;0.245;0.226;20
0.464;-0.137;0.372;20
0.868;-0.735;0.138;20
-0.331;0.254;-0.607;20
-1.151;1.006;0.419;20
-0.859;0.839;1.092;20
-0.025;0.372;0.101;20
0.544;-0.085;-0.584;20
0.529;0.062;0.089;20
-0.128;-0.092;1.646;20
-0.29;0.099;1.847;20
0.322;-0.298;0.005;20
0.449;-0.254;-0.943;20
0.233;-0.163;-0.817;20
0.125;-0.103;-0.376;20
0.203;0.096;-0.079;20
0.083;0.135;0.024;20
0.013;0.296;-0.743;20
0.565;0.178;-1.325;20
0.001;0.303;-0.423;20
-0.797;0.343;0.352;20
-1.114;0.298;0.085;20
-0.684;0.683;0.105;20
-0.623;0.579;0.179;20
-0.516;0.376;0.134;20
-0.226;0.245;0.078;20
-0.139;0.14;0.062;20
-0.139;0.297;0.134;20
0.08;0.209;-0.008;20
0.231;0.139;-0.178;20
0.334;-0.039;-0.248;20
0.419;0.019;-0.349;20
0.463;0.132;-0.781;20
0.16;0.484;-0.998;20
0.122;0.335;-0.788;20
0.074;0.251;-0.191;85
0.013;0.312;-0.297;20
-0.27;0.505;-0.114;20
-0.605;0.64;-0.018;20
-0.424;0.555;-0.045;20
-0.187;0.452;-0.103;20
-0.013;0.415;-0.319;20
0.254;0.339;-0.513;20
0.218;0.26;-0.231;20
-0.275;0.426;0.313;20
-0.047;0.42;-0.118;20
0.55;0.203;-0.661;20
0.738;0.142;-0.549;20
0.455;0.106;-0.285;20
0.453;0.05;-0.328;20
0.546;-0.008;-0.431;20
0.4;-0.139;-0.349;20
0.143;-0.127;0.272;20
-0.164;0.047;0.736;20
-0.926;0.702;-0.231;20
-1.023;1.052;-0.583;20
-0.097;0.05;0.132;20
0.252;-0.42;0.069;20
0.516;-0.285;-0.01;20
0.309;-0.196;-0.473;20
-0.074;-0.036;-0.531;20
-0.884;0.333;0.159;20
-2.081;1.129;-0.175;20
-0.782;0.201;-0.627;20
1.378;-0.253;0.59;20
0.54;-0.213;0.781;20
-0.343;0.019;0.539;20
-0.037;0.314;0.091;20
-0.167;0.736;0.618;20
-0.198;0.714;0.565;20
0.244;-0.07;-0.072;75
0.388;-0.415;0.246;20
-0.62;-0.187;-0.212;20
-1.265;0.09;-1.034;19
-0.873;-0.336;-0.261;20
-0.607;-0.129;0.511;20
-0.481;-0.038;-0.034;20
-0.306;0.041;-0.254;20
0.08;-0.19;0.06;20
0.255;-0.185;0.277;20
0.079;0.104;0.103;20
0.126;0.272;-0.257;20
0.612;-0.244;-0.118;20
0.896;-0.548;0.16;20
0.684;-0.453;0.281;20
0.127;-0.039;-0.067;20
-0.13;0.19;-0.254;20
-0.163;0.111;-0.03;20
-0.032;0.014;0.187;20
0.102;0.128;-0.039;20
0.016;0.23;-0.187;20
-0.178;0.273;-0.071;20
-0.339;0.303;-0.146;20
-0.019;0.093;-0.158;20
0.133;0.01;0.011;20
0.146;-0.139;0.04;20
0.245;-0.104;-0.199;20
0.097;0.056;-0.272;20
0.031;0.02;0.094;20
0.006;0.011;0.3;20
0.083;-0.029;-0.044;20
0.203;0.066;-0.184;20
0.188;0.1;-0.088;20
0.094;0.02;0.114;20
-0.185;0.155;0.177;20
-0.361;0.338;-0.131;20
-0.206;0.309;-0.357;20
0.175;-0.07;-0.284;20
0.251;-0.224;0.044;20
0.159;-0.095;0.103;20
0.043;0.041;-0.179;20
-0.006;0.163;-0.189;20
0.037;0.002;-0.069;20
0.055;-0.006;0.146;20
-0.044;0.046;0.227;20
0.018;-0.073;0.261;20
-0.015;-0.063;0.09;20
-0.033;-0.021;-0.055;20
-0.007;0.043;0.025;20
0.009;0.076;-0.174;20
-0.13;0.043;-0.47;20
0.066;0.022;-0.525;20
-0.161;0.103;-0.285;20
-0.278;0.14;0.185;20
-0.256;0.099;0.279;20
-0.162;0.132;-0.075;20
-0.211;0.226;-0.26;20
-0.242;0.199;-0.04;20
0.006;-0.024;0.109;20
0.028;-0.003;0.122;20
-0.111;0.158;-0.039;20
-0.072;0.165;-0.025;20
-0.143;0.101;0.094;20
-0.134;0.053;0.166;20
-0.031;0.071;0.072;20
0.063;0.033;-0.002;20
0.064;-0.02;-0.007;20
-0.055;0.007;-0.06;20
-0.084;0.08;-0.167;20
0.0;0.079;-0.33;20
0.105;-0.013;-0.299;20
0.104;-0.001;-0.077;20
0.05;0.081;-0.134;20
0.241;-0.016;-0.073;20
0.165;-0.078;0.135;20
-0.081;-0.002;0.221;20
-0.002;0.016;0.122;20
0.18;-0.089;0.051;20
0.103;-0.105;0.292;20
0.019;-0.053;0.199;20
-0.04;0.094;-0.122;20
-0.083;0.139;-0.215;20
0.049;0.03;-0.02;20
0.008;-0.03;-0.002;20
0.063;-0.116;-0.051;20
0.072;-0.107;-0.142;20
0.022;-0.062;-0.162;20
0.031;-0.035;-0.103;20
-0.047;-0.008;-0.043;20
-0.238;0.167;-0.09;20
-0.202;0.157;-0.222;20
-0.253;0.23;-0.091;20
-0.27;0.113;-0.023;20
-0.012;0.013;0.007;20
0.158;-0.17;0.063;20
0.078;-0.271;0.407;20
-0.079;-0.179;0.407;20
-0.323;0.138;0.057;20
-0.063;0.024;-0.057;20
0.054;-0.084;-0.106;20
-0.164;0.005;0.057;20
-0.245;0.166;-0.037;20
-0.161;0.166;-0.077;20
-0.044;0.098;-0.061;20
0.006;-0.01;-0.041;20
0.192;-0.068;-0.121;20
0.176;-0.103;0.121;20
0.162;-0.128;0.209;20
0.12;-0.073;0.118;20
0.093;-0.091;0.043;20
0.19;-0.183;0.13;20
0.197;-0.208;0.175;20
0.129;-0.076;0.006;20
0.06;0.002;-0.032;20
0.01;-0.014;0.045;20
0.04;-0.085;0.093;20
-0.054;-0.005;0.024;20
-0.085;0.047;-0.021;20
-0.032;0.024;-0.069;20
0.052;-0.125;0.051;20
0.042;-0.121;0.124;20
-0.057;0.01;-0.029;20
-0.011;0.046;-0.031;20
-0.078;0.045;0.047;20
-0.317;0.176;0.009;20
-0.16;0.198;-0.111;20
0.114;0.076;-0.118;20
-0.009;0.082;-0.232;20
-0.25;0.164;-0.24;20
0.056;-0.124;0.108;19
0.021;-0.093;0.124;20
0.097;-0.132;0.061;20
0.067;-0.112;0.104;20
0.035;-0.054;0.113;20
-0.017;0.068;-0.062;20
-0.124;0.131;-0.075;20
-0.104;0.039;-0.047;20
0.065;-0.078;-0.061;20
0.043;-0.021;-0.077;20
-0.053;-0.043;0.09;20
-0.104;-0.093;0.1;20
-0.044;-0.076;0.087;20
-0.02;-0.025;-0.038;20
0.018;0.01;-0.095;20
-0.022;-0.045;0.022;20
-0.055;-0.028;0.017;20
-0.003;0.033;-0.095;20
0.05;0.003;0.011;20
-0.024;0.029;0.012;20
-0.157;0.152;-0.239;20
-0.348;0.319;-0.69;20
-0.297;0.28;-0.387;20
-0.005;-0.027;0.303;20
-0.109;0.049;0.3;20
0.003;0.089;0.089;20
-0.056;0.164;0.076;20
-0.034;0.101;0.191;20
0.062;-0.038;0.067;20
0.121;-0.058;-0.033;20
0.106;-0.11;0.002;20
0.222;-0.164;0.142;20
0.441;-0.216;0.039;20
0.435;-0.09;-0.202;20
0.189;0.015;-0.071;20
0.167;-0.042;0.105;20
0.103;-0.036;0.19;20
0.079;-0.001;0.078;20
0.24;-0.057;0.033;20
0.152;-0.095;0.122;20
0.039;0.006;0.058;20
0.054;0.055;-0.072;20
0.022;0.052;-0.118;20
-0.089;0.071;-0.074;20
-0.098;0.12;-0.172;20
-0.035;0.151;-0.226;20
-0.051;0.08;-0.087;20
-0.306;0.182;-0.32;20
-0.444;0.204;-0.549;20
-0.129;0.063;-0.18;20
0.042;-0.032;0.299;20
0.096;-0.017;0.403;20
0.147;-0.037;0.238;20
0.072;0.049;0.017;20
-0.036;0.121;-0.011;20
0.051;0.035;0.081;20
0.032;-0.002;0.114;20
0.125;-0.078;0.043;20
0.189;-0.072;-0.075;20
0.187;-0.022;-0.032;20
0.093;-0.006;0.053;20
0.005;0.009;-0.006;20
0.0;0.051;-0.134;20
0.17;-0.125;-0.134;20
0.081;-0.071;-0.099;20
-0.049;-0.126;0.062;20
-0.066;-0.018;0.101;20
-0.204;0.205;-0.043;20
-0.004;0.165;-0.096;20
0.07;0.056;0.0;20
-0.054;0.058;0.067;20
-0.058;-0.002;-0.03;20
0.084;-0.049;-0.074;20
0.053;-0.1;0.062;20
-0.123;0.018;0.023;20
-0.103;0.051;-0.037;20
-0.025;0.061;-0.11;20
-0.007;0.066;-0.086;20
-0.004;0.054;-0.011;20
-0.015;0.032;0.004;20
-0.036;-0.037;0.131;20
-0.012;-0.015;0.107;20
0.132;-0.005;0.107;20
0.099;0.004;0.124;20
-0.084;0.074;0.026;20
-0.013;0.074;-0.094;20
0.056;0.032;-0.165;20
0.081;-0.063;-0.096;20
0.036;-0.108;-0.032;20
0.028;-0.11;-0.069;20
0.107;-0.072;-0.149;20
0.102;-0.033;-0.239;20
0.118;-0.034;-0.096;20
0.012;0.004;0.071;20
-0.146;0.109;0.036;20
-0.166;0.104;-0.014;20
-0.12;0.088;-0.002;20
-0.009;0.055;0.01;20
-0.066;0.043;-0.058;20
-0.12;0.066;-0.103;20
0.003;0.064;-0.024;20
0.081;-0.034;0.0;20
0.075;-0.122;0.101;20
0.051;-0.134;0.165;20
0.012;0.008;0.131;20
0.0;0.038;0.032;20
-0.053;0.015;0.155;20
0.027;-0.077;0.296;20
-0.04;-0.005;0.136;19
0.008;0.036;-0.112;20
0.041;0.004;-0.113;20
0.034;-0.082;0.15;20
0.014;-0.059;0.176;20
-0.032;0.0;-0.128;20
-0.115;0.048;-0.146;20
-0.123;-0.054;0.095;20
-0.013;-0.184;0.046;20
0.11;-0.166;-0.154;20
0.196;-0.15;-0.139;20
0.174;-0.162;0.045;20
0.052;-0.174;0.191;20
-0.054;-0.052;0.032;20
-0.081;0.017;-0.186;20
-0.115;0.033;-0.133;20
-0.147;0.004;0.016;20
-0.181;0.072;0.006;20
-0.214;0.059;0.002;20
-0.192;0.047;0.064;20
-0.253;0.182;0.071;20
-0.413;0.331;-0.108;20
-0.587;0.474;-0.204;20
-0.619;0.526;-0.399;20
-0.511;0.55;-0.442;20
-0.581;0.604;-0.41;19
-0.53;0.5;-0.361;20
-0.391;0.349;-0.307;20
-0.142;0.182;-0.281;20
-0.063;0.149;-0.278;20
-0.177;0.133;-0.155;20
-0.295;0.188;-0.081;20
-0.175;0.134;-0.154;20
0.026;0.081;-0.214;20
0.107;-0.008;-0.102;20
0.04;-0.035;0.041;20
-0.121;0.065;-0.066;20
-0.034;0.065;-0.223;20
0.031;-0.023;-0.02;20
0.084;-0.156;0.191;20
-0.012;-0.066;0.169;20
-0.187;0.1;-0.119;20
-0.156;0.116;-0.021;20
-0.172;0.066;0.086;20
-0.13;0.111;-0.061;20
-0.259;0.249;-0.239;20
-0.364;0.313;-0.226;20
-0.463;0.31;-0.12;20
-0.351;0.195;-0.216;20
-0.179;0.067;-0.271;20
-0.06;-0.084;-0.059;19
-0.031;-0.056;-0.105;20
-0.082;-0.025;-0.518;20
-0.25;0.225;-0.633;20
-0.093;0.009;0.054;20
0.095;-0.144;0.267;20
0.045;-0.12;0.472;20
-0.032;-0.013;0.101;20
-0.143;0.163;-0.035;20
-0.276;0.147;0.073;20
-0.168;0.113;-0.026;20
-0.13;0.11;-0.195;20
-0.097;0.103;-0.197;20
-0.099;0.036;-0.037;20
-0.067;-0.112;0.139;20
0.117;-0.253;0.195;20
0.151;-0.162;-0.008;20
0.177;-0.1;-0.077;20
0.196;-0.17;-0.002;20
0.244;-0.1;-0.005;20
0.188;0.0;-0.044;20
0.143;0.005;0.049;20
0.01;-0.05;0.284;20
0.009;-0.106;0.146;20
0.019;-0.016;-0.005;20
0.103;0.009;-0.123;19
0.09;-0.02;-0.074;20
0.178;-0.093;0.067;20
0.271;-0.236;-0.002;20
0.199;-0.172;0.048;20
0.183;-0.167;0.152;20
0.186;-0.165;0.14;20
0.102;-0.067;0.043;20
0.004;0.004;0.037;20
-0.113;0.01;0.302;20
-0.21;0.038;0.313;20
-0.195;0.049;0.041;20
-0.065;0.035;-0.028;20
0.031;-0.044;0.071;20
0.033;-0.055;0.087;20
0.052;-0.026;-0.065;20
0.173;-0.031;-0.133;20
0.241;-0.099;-0.009;20
0.29;-0.137;-0.008;20
0.167;-0.068;0.017;20
0.175;-0.032;-0.004;20
0.108;-0.038;0.054;20
-0.028;0.025;0.029;20
-0.131;0.126;-0.082;20
-0.128;0.127;-0.189;20
-0.057;0.058;-0.076;20
-0.068;-0.004;0.102;19
-0.055;0.045;0.176;20
-0.074;0.092;0.031;20
-0.042;0.072;-0.049;20
-0.031;0.0;0.125;20
-0.036;-0.002;0.293;20
-0.065;0.08;0.044;20
0.001;0.024;-0.161;20
-0.085;0.006;-0.045;20
-0.155;0.013;0.032;20
-0.049;-0.002;-0.019;20
0.0;0.016;-0.06;20
-0.213;0.118;-0.774;20
-0.385;0.317;-0.253;20

# Completed @Sun Jan 24 20:34:58 GMT+02:00 2021
