# Accelerometer Data File
# Started @Sun Jan 24 20:39:15 GMT+02:00 2021
#
#
# sensor Vendor: BOSCH
# sensor Name: BMI160 Accelerometer Non-wakeup
# sensor Resolution: 0.0023928226m/sec^2; Max Range: 78.4532; Min Delay: 2500 microseconds
# The sensor's attributes are the result hardware and the Android capabilities.
# It means that the Android may not utilize all features provided by the hardware.
#
# Some devices and Android versions save battery too much so the device may go to sleep.
# It just happens after couple of minutes from turning off the scree and it is easy to find it out.
#
# The following file provides the data from accelerometer in the m/s^2 format.
# The diff value is just a time delta between the samples
#
#
# data format:
# so we have 4 columns with values separated by the ";"
# X;Y;Z;time_from_previous_sample(ms)

# sensor speed set to:NORMAL
# units set to: m/sec^2
# gravity  filtered out
# Accuracy: HIGH
-3.917;4.68;6.708;0
-3.486;4.233;5.916;19
-3.047;3.794;5.277;20
-2.645;3.274;4.738;20
-2.43;2.96;4.192;20
-2.205;2.663;3.781;20
-1.971;2.373;3.654;20
-1.83;2.205;3.301;20
-1.468;2.014;3.176;20
-0.837;1.571;2.953;20
-0.496;1.314;2.636;20
-0.554;1.322;2.312;20
-0.647;1.31;2.089;20
-0.659;1.268;1.679;20
-0.558;1.167;1.277;20
-0.237;0.762;1.371;20
-0.02;0.459;1.786;20
-0.045;0.476;1.704;20
-0.331;0.734;1.611;20
-0.327;0.738;1.204;20
-0.425;0.896;0.593;20
-0.222;0.665;1.242;20
0.197;0.463;0.666;20
0.59;0.187;1.093;20
0.587;0.335;0.537;20
0.544;0.486;0.646;20
0.859;0.269;0.696;20
1.201;0.053;0.451;19
1.155;0.029;0.314;20
0.662;0.027;0.973;20
0.568;-0.142;0.843;20
0.96;-0.103;0.501;20
0.756;0.144;-0.215;20
0.27;0.188;-0.172;20
0.85;-0.478;0.714;20
0.556;-0.341;1.039;20
0.806;-0.49;1.489;20
0.41;-0.302;1.353;20
0.384;-0.1;0.551;20
0.64;-0.226;0.397;20
0.411;-0.332;0.486;20
0.117;-0.32;0.403;20
0.261;-0.357;0.4;20
0.33;-0.314;0.222;20
0.138;-0.136;-0.131;20
0.505;-0.213;-0.141;20
0.4;-0.066;0.285;20
-0.243;0.262;0.263;20
0.427;-0.118;0.645;20
0.522;-0.196;0.478;20
0.372;-0.165;0.272;20
0.63;-0.347;-0.04;20
-0.006;0.089;-0.155;20
0.001;-0.047;-0.262;20
0.146;-0.061;-0.418;20
0.129;0.108;-0.514;20
0.317;0.028;-0.21;20
0.1;0.037;0.256;19
0.04;0.049;0.195;20
-0.045;0.135;-0.009;20
-0.017;0.331;-0.343;20
0.121;0.26;0.001;20
0.219;0.18;0.42;20
0.169;0.303;0.316;20
0.877;-0.336;0.456;20
-0.196;0.584;0.083;20
-0.156;0.57;-0.547;20
0.217;0.413;-0.164;20
-0.018;0.474;-0.093;20
0.105;0.428;0.161;20
0.181;0.288;0.431;20
-0.058;0.287;0.439;20
-0.171;0.38;0.133;20
0.145;0.241;-0.173;20
0.165;0.35;-0.53;20
0.048;0.461;-0.553;20
-0.07;0.318;0.018;20
-0.03;0.058;0.747;20
0.148;-0.205;0.702;20
-0.618;0.363;0.03;20
-0.983;0.237;-0.051;20
-0.849;-0.292;0.248;20
-1.031;-0.007;1.032;20
-0.729;0.273;0.888;20
-0.017;-0.177;0.556;19
0.661;-0.533;0.102;20
1.1;-0.268;-1.306;20
0.902;-0.019;-2.07;20
0.724;0.013;-2.273;20
0.692;0.015;-1.727;20
0.323;-0.05;-0.424;20
0.422;-0.533;1.046;20
0.117;-0.37;0.805;20
0.035;-0.073;0.418;20
-0.019;-0.134;0.049;20
0.125;-0.378;-0.082;20
-0.755;0.368;-1.34;20
-0.872;0.409;-1.271;20
-0.472;0.315;-1.306;20
-0.71;0.355;-0.901;20
-1.066;0.569;-0.641;20
-0.799;0.565;-0.758;20
-0.203;0.434;-0.223;20
-0.18;0.361;0.004;20
-0.211;0.366;0.007;20
-0.364;0.382;-0.245;20
-0.504;0.461;-0.443;20
-0.326;0.389;-0.455;20
-0.537;0.395;-0.81;20
-0.757;0.528;-0.75;20
-0.781;0.15;0.399;20
-0.925;-0.264;1.065;20
-2.976;-0.231;-1.527;85
-3.747;-0.549;-0.495;20
-4.205;-0.595;0.11;20
-4.562;-0.305;-1.017;20
-4.729;-0.246;-2.524;20
-3.913;-0.784;-3.407;20
-3.615;-1.495;-4.142;20
-4.325;-1.389;-4.12;20
-5.184;-1.075;-4.008;20
-3.818;-0.911;-4.269;20
-1.213;-0.251;-8.281;20
-1.273;0.107;-8.565;20
-0.512;-0.905;-6.81;20
0.565;-1.153;-3.115;20
1.021;0.738;-0.093;20
0.686;1.968;1.079;20
0.533;1.938;1.159;20
0.969;1.638;0.344;20
0.622;1.157;-0.618;20
0.696;0.214;-1.516;20
1.021;-1.253;-1.487;20
3.573;-3.668;-1.088;20
2.012;-2.686;0.205;20
0.901;-1.696;-0.838;20
0.891;-1.815;-2.498;20
-0.573;-2.724;-2.184;20
-2.512;-4.31;-1.608;20
-2.388;-4.506;-2.163;20
-0.692;-5.125;-0.534;20
-4.173;-4.61;0.221;20
-6.511;-3.701;-0.507;20
-5.92;-3.423;1.129;20
-5.671;-2.264;4.097;20
-7.133;-1.296;1.825;20
-6.827;-1.123;-4.385;20
-5.458;-1.207;-5.928;20
-5.54;-0.776;-6.007;20
-5.38;0.661;-5.191;20
-3.909;1.708;-3.618;20
-1.929;2.158;-1.387;20
0.126;1.703;1.666;20
0.917;1.386;3.817;20
0.069;1.478;3.394;20
-0.435;-0.142;1.783;20
0.151;-0.841;-1.572;20
0.593;-1.199;-1.654;20
-0.201;-1.066;-0.711;20
-1.3;-0.384;-1.347;20
-2.142;-0.332;-1.048;20
-2.411;-0.375;0.966;20
1.247;-1.687;4.763;20
3.621;-3.113;5.679;20
2.172;-2.908;1.03;20
0.245;-2.08;-1.706;20
-1.518;-0.106;-2.676;20
-0.506;0.257;-1.173;20
1.958;-1.643;-0.265;20
2.17;-2.167;-1.629;20
2.032;-2.707;-2.593;20
4.41;-3.04;-2.118;20
4.769;-2.496;-0.626;20
4.167;-2.132;1.189;20
3.409;-2.113;2.79;20
2.182;-2.598;1.618;20
1.013;-3.136;-1.584;20
0.634;-3.385;-2.767;20
1.316;-3.762;-1.451;20
1.704;-3.304;-0.038;20
0.564;-2.062;0.995;20
-0.891;-1.56;1.077;20
-1.641;-1.445;-0.168;20
-1.768;-0.921;-0.529;20
-1.707;-0.514;-0.265;20
-1.657;0.112;-0.835;20
-2.259;0.459;-2.0;20
-1.108;0.327;-1.142;20
2.087;-0.154;1.008;20
-0.786;1.959;-0.786;20
-2.617;2.716;-0.755;20
-1.239;3.203;0.792;20
-2.665;4.396;-1.712;20
-1.303;3.501;-1.239;20
2.867;2.151;3.112;20
2.621;2.16;1.744;20
0.727;1.633;-1.333;20
0.251;1.429;-1.096;20
-1.022;0.652;-0.827;20
-0.831;-1.311;-4.041;20
1.474;-3.871;-1.483;20
3.017;-4.616;0.68;20
2.568;-1.463;3.031;20
0.253;2.326;2.564;20
0.204;4.031;1.294;20
1.069;4.012;2.187;20
1.273;4.283;1.86;20
1.771;4.547;1.353;20
2.143;3.749;0.748;20
1.196;2.988;0.037;20
1.527;1.898;0.555;20
2.245;0.566;0.083;20
1.322;0.076;-0.696;20
0.302;0.284;-0.368;20
0.36;0.003;1.151;20
-0.954;1.624;3.509;20
-1.663;2.764;4.941;20
-2.216;2.703;3.065;20
-2.963;2.226;1.48;20
-2.227;2.078;1.761;20
-1.012;1.439;-1.06;20
-1.672;0.269;-1.73;20
-2.934;0.195;0.669;20
-4.214;-0.065;0.818;19
-0.835;-0.867;-3.206;20
1.188;-1.694;-2.062;20
2.119;-1.169;1.494;20
-2.367;1.15;-0.642;20
-0.416;0.593;-0.162;21
2.668;-0.873;0.834;20
2.706;-2.237;1.05;19
1.454;-2.821;0.794;20
-1.092;-1.992;-1.341;20
-0.966;-1.144;-1.427;20
-1.975;-0.134;-0.708;20
0.097;-0.781;0.008;20
2.647;-1.451;-0.806;20
2.727;-0.93;1.078;20
1.684;-0.611;1.224;20
0.843;-1.675;0.393;20
-0.995;-1.954;0.383;20
-0.695;-2.192;0.414;20
-0.272;-2.389;0.166;20
-0.618;-2.501;0.02;20
-1.701;-2.057;0.738;20
-1.822;-2.796;2.063;20
-3.058;-1.522;2.376;20
-3.498;-0.072;2.371;20
-2.213;-0.918;2.264;20
-0.708;-1.769;0.97;20
1.013;-2.053;0.433;20
2.861;-3.864;-1.304;20
2.212;-6.314;-3.713;20
1.972;-7.897;-6.394;20
1.061;-5.611;-5.83;20
5.422;-3.7;3.089;20
7.296;-1.446;14.245;20
5.887;-0.31;2.131;20
1.049;0.074;-1.862;20
-2.515;2.356;1.813;20
-1.944;2.108;1.11;20
1.94;0.81;-0.02;20
2.3;0.348;0.109;20
1.697;-0.611;-1.725;20
4.244;-0.535;-1.958;20
5.572;-0.346;-0.553;20
4.614;-0.852;2.958;20
-0.031;-0.01;4.891;20
-1.951;-0.261;4.451;20
-4.244;-1.783;6.626;20
-7.569;-0.723;4.182;20
-2.966;-1.028;0.388;20
0.614;-0.839;0.058;20
2.473;-1.581;-2.875;20
2.29;-4.191;-5.129;20
1.553;-2.45;-4.862;20
1.783;0.215;2.085;20
0.384;-0.599;5.056;20
0.831;-0.448;-5.808;20
3.439;-1.714;-1.82;20
3.407;-2.39;-0.718;20
1.238;-1.002;-2.037;20
-0.834;-0.507;-4.017;20
-2.322;-0.428;-4.904;20
-1.167;0.338;-3.752;20
2.312;2.234;0.816;20
3.665;1.913;4.151;20
2.609;0.189;2.943;20
2.072;-1.892;-0.136;20
1.791;-0.864;-2.162;20
2.1;0.765;-2.748;20
1.851;-0.544;-1.8;20
1.424;-3.264;-1.165;20
1.055;-5.014;-1.989;20
0.838;-4.415;-1.43;20
1.459;-3.264;1.97;20
1.783;-4.061;4.604;20
0.08;-3.286;3.199;20
-1.057;-1.086;1.652;20
0.262;-1.728;2.692;20
1.051;-1.171;2.037;20
1.215;-1.0;0.535;20
0.971;-0.954;0.367;20
2.113;-2.784;-2.456;20
4.407;-4.737;-5.655;20
3.619;-4.716;-2.83;20
0.23;-3.451;-7.985;20
-0.025;1.889;0.193;20
2.325;5.643;7.823;20
2.528;4.261;3.067;20
1.415;3.52;-0.253;20
1.025;2.869;-0.098;20
0.841;3.132;-0.673;20
2.339;3.61;-2.336;20
3.994;2.615;-3.489;20
3.088;2.92;-1.062;20
1.99;3.413;0.216;20
1.702;1.985;2.463;20
-0.836;-1.263;5.506;20
-5.839;-4.131;8.789;20
-12.906;-4.535;4.115;20
-9.418;-4.769;0.209;20
1.235;-0.459;5.382;20
3.817;1.306;-1.356;20
5.981;0.872;-5.353;20
6.938;-1.53;-3.91;20
4.582;-3.091;-1.581;20
-1.218;-1.187;-1.882;20
-2.288;-0.016;-2.657;20
1.247;2.921;-1.133;20
4.578;3.931;-1.483;20
5.088;2.165;-4.685;20
3.202;0.415;-4.029;20
0.654;-0.785;-1.433;20
-0.654;-1.153;-1.156;20
-0.742;-0.304;-2.472;20
-1.894;1.006;-4.448;20
-2.084;2.104;3.389;20
-0.599;2.342;5.452;20
1.055;1.515;1.791;20
2.661;-1.104;-2.686;20
3.348;-4.12;-4.832;20
2.414;-4.708;-3.284;20
-0.53;-4.009;-1.146;20
-2.068;-2.118;6.151;20
-1.059;-1.27;5.214;20
-1.624;-0.852;0.603;20
-1.742;-1.14;1.537;20
-1.233;-2.891;1.849;20
-1.423;-2.423;3.567;20
-1.716;0.08;2.383;20
-2.575;1.137;-1.901;20
-0.407;-1.64;-0.918;20
6.842;-7.989;-3.762;20
11.804;-10.946;-14.595;19
1.994;-0.016;-12.618;20
-5.503;6.95;4.317;20
-1.887;4.684;16.126;20
2.874;1.773;6.56;21
-0.508;3.904;-1.584;20
-1.311;5.409;-1.221;19
0.227;5.26;-1.31;20
1.931;5.325;-2.591;20
3.986;4.961;-3.774;20
5.133;4.941;-1.646;20
5.944;5.404;1.51;20
5.324;5.823;0.518;20
3.679;2.207;1.475;20
-3.35;-4.651;14.893;20
-23.848;-7.361;-2.614;20
-20.079;-13.871;-14.333;20
-5.948;-9.802;2.801;20
1.124;-1.768;4.827;20
2.103;0.329;3.055;20
7.925;-4.452;12.279;20
6.645;-3.233;5.336;20
4.133;1.311;-8.085;20
1.35;5.528;-9.234;20
0.197;6.034;-5.059;20
0.313;4.618;-2.829;20
-0.879;3.056;-1.621;20
-1.423;0.59;-1.461;20
-1.735;-0.783;-0.644;20
-1.325;-0.411;-2.494;20
-0.116;0.737;-6.925;20
-0.113;0.616;-2.88;20
-0.824;0.479;2.95;20
-1.0;0.815;2.823;20
-0.715;0.498;4.328;20
1.27;0.33;7.133;20
1.835;-0.612;4.908;20
-0.844;-0.335;-0.909;20
-2.698;0.051;-5.317;20
-3.62;-1.271;-4.617;20
-3.006;-2.847;0.063;20
-2.647;-0.736;5.448;20
-4.532;1.033;4.373;20
-5.266;-0.839;0.846;20
-4.444;-0.156;2.144;20
-2.833;1.62;0.981;20
-2.164;0.531;-1.251;20
0.099;-3.775;-2.322;20
5.412;-8.89;-3.966;20
10.748;-12.626;-6.827;20
10.346;-8.345;-8.761;20
-0.877;3.07;1.089;20
-5.392;6.948;10.098;20
0.804;2.959;6.863;20
0.721;3.094;-0.269;20
0.623;4.656;-0.582;20
1.921;5.087;-0.703;20
3.921;5.214;-2.252;20
6.3;4.798;-3.09;20
6.98;4.896;-2.028;20
6.453;5.528;0.108;20
5.93;4.667;0.795;20
4.837;1.216;0.164;20
-2.034;-5.118;11.49;20
-19.858;-7.327;1.84;20
-20.912;-10.637;-11.643;20
-10.943;-6.598;-5.218;20
-3.868;1.635;1.579;20
1.72;2.263;4.003;20
7.149;-2.466;10.763;20
7.719;-5.331;13.033;20
3.763;-1.329;-2.022;20
3.386;2.028;-8.859;20
1.508;4.113;-5.201;20
0.862;4.648;-3.695;20
0.652;4.683;-3.216;20
-0.216;2.531;-1.288;20
-0.438;-0.205;0.131;20
-0.625;-0.4;-1.528;20
-0.291;0.616;-5.823;20
1.443;0.789;-6.519;20
1.186;1.006;-0.852;20
-0.031;0.502;2.188;20
-0.558;-0.591;0.742;20
-0.916;-1.129;1.504;20
-0.165;-0.615;5.834;20
0.599;-0.271;9.864;20
-1.584;0.786;5.795;20
-3.831;0.916;-3.546;20
-3.849;-1.363;-7.673;20
-3.078;-2.716;-4.03;20
-2.07;-0.457;3.431;20
-4.562;1.138;6.453;20
-6.229;-0.104;3.208;20
-4.733;0.767;-0.031;20
-3.303;1.82;-1.367;20
-2.688;-0.9;-1.795;20
1.73;-6.942;-2.814;20
7.887;-12.75;-5.836;20
12.352;-14.047;-8.779;20
8.398;-4.21;-1.606;20
-3.192;7.776;12.889;20
-1.993;6.009;4.511;20
1.749;2.42;-0.212;20
0.507;4.45;2.225;20
1.17;5.346;0.075;20
2.896;4.676;-2.008;20
4.646;4.771;-2.26;20
6.581;4.477;-2.206;20
7.359;4.551;-1.789;20
6.843;5.439;1.573;20
5.986;4.037;0.299;20
3.723;-1.68;4.324;20
-10.0;-8.062;10.761;20
-22.071;-6.279;-9.14;20
-13.582;-8.85;-10.902;20
-6.638;-4.902;-2.496;20
-5.504;1.885;1.661;20
-0.154;2.141;2.034;20
7.208;-4.635;13.084;20
4.158;-2.212;10.232;20
4.764;0.807;0.355;20
4.447;2.104;-4.27;20
1.237;3.907;-5.669;20
0.339;4.689;-5.374;20
1.359;3.463;-4.338;20
0.061;1.502;-2.958;20
-0.839;0.166;-3.214;20
0.208;0.018;-8.131;20
1.711;0.402;-5.458;20
0.857;1.213;0.408;20
0.577;0.827;2.894;20
0.616;-0.445;3.613;19
-0.184;-0.385;4.865;20
1.47;-0.448;9.169;21
3.052;-0.257;7.23;20
-1.411;0.331;-3.713;19
-4.129;-0.094;-5.839;20
-4.481;-0.77;-5.731;20
-4.645;-1.176;-1.31;20
-5.125;-0.054;7.498;20
-4.617;1.318;3.965;20
-3.732;-0.753;-1.823;20
-4.056;-1.493;2.123;20
-3.38;1.12;1.447;21
-2.357;1.359;-1.709;20
-1.127;-2.159;-2.391;19
2.587;-7.253;-3.066;20
7.358;-11.781;-7.531;20
9.942;-10.778;-9.19;20
6.924;-2.161;-2.577;20
-5.192;7.532;13.483;20
-2.804;5.17;9.174;20
2.174;1.777;1.388;20
1.471;3.645;0.52;20
2.193;5.107;-0.316;20
4.134;5.008;-1.325;20
6.297;4.356;-2.728;20
7.402;4.037;-1.953;20
7.037;4.5;-0.356;20
6.556;4.209;2.451;20
5.152;2.277;1.01;20
0.762;-4.771;8.937;20
-14.711;-7.241;1.321;20
-18.153;-6.004;-7.459;20
-13.886;-9.239;-8.6;20
-11.758;1.375;-2.454;20
-1.995;4.402;2.935;20
5.266;-0.558;3.062;20
9.026;-7.125;12.597;20
5.264;-2.573;8.524;20
5.908;1.512;-1.177;20
3.992;3.2;-5.684;20
1.245;4.092;-5.092;20
0.786;4.435;-4.404;20
0.477;3.263;-3.668;20
-0.579;0.99;-2.307;20
-1.226;0.127;-2.62;20
-0.148;0.192;-6.443;20
1.373;0.632;-5.646;20
0.765;0.989;-0.955;20
-0.123;0.776;3.577;20
0.464;-0.342;3.611;20
0.148;-0.618;3.707;20
0.726;-0.153;4.697;20
1.335;-0.431;8.492;20
-1.383;0.644;2.451;20
-3.728;0.312;-5.598;20
-4.274;-1.904;-7.916;20
-3.443;-2.785;-2.75;20
-4.069;0.31;7.819;20
-5.917;1.782;5.208;20
-5.183;-0.519;-2.258;20
-4.145;0.461;1.205;20
-2.597;1.907;0.867;20
-1.811;0.006;-1.825;20
0.139;-4.622;-1.996;20
4.728;-9.666;-3.008;20
9.854;-13.078;-7.744;20
11.189;-8.148;-6.525;20
4.451;2.191;2.832;20
-5.429;8.972;14.005;20
-1.344;4.66;4.182;20
1.773;2.51;-0.099;20
0.617;4.695;0.893;20
2.166;4.687;-0.439;20
4.221;4.091;-1.409;20
5.994;3.529;-2.447;20
6.815;3.443;-1.635;20
7.173;4.274;2.024;20
6.509;4.012;1.744;20
2.825;-1.304;4.877;20
-11.218;-6.99;2.309;20
-17.396;-5.347;-7.597;20
-14.932;-8.861;-8.657;20
-13.527;0.379;-4.182;20
-4.756;4.14;3.304;20
4.17;-1.577;4.668;20
10.007;-7.652;14.052;20
5.421;-3.498;7.24;20
6.444;0.689;-2.536;20
5.489;3.259;-6.588;20
2.258;4.42;-4.745;20
0.806;5.089;-3.618;20
0.615;3.752;-1.729;20
0.013;1.193;-1.878;20
-0.602;-0.375;-3.397;20
0.298;-0.436;-6.526;20
0.766;0.631;-5.289;20
0.372;1.533;-1.046;20
-0.442;1.054;2.387;20
-0.167;-0.128;2.943;20
-0.422;-0.715;3.257;20
1.232;-1.378;6.489;20
2.848;-1.025;11.781;20
-1.989;0.463;0.496;20
-4.282;-0.425;-7.592;20
-4.714;-1.814;-8.189;20
-5.357;-1.413;-0.068;20
-6.169;1.976;9.006;20
-5.934;2.322;2.405;20
-6.213;0.65;-1.532;20
-4.214;1.684;1.16;20
-1.676;1.485;-0.184;20
-0.663;-3.218;-1.692;20
3.488;-8.874;-3.025;20
8.453;-13.515;-8.179;20
11.06;-13.558;-7.928;20
9.13;-4.816;-1.556;20
-1.38;6.686;11.34;20
-6.477;8.964;10.247;20
0.968;3.208;2.028;20
2.225;3.83;0.741;20
1.774;5.428;0.074;20
3.028;5.209;-0.73;20
4.81;4.112;-2.039;20
6.416;3.142;-2.4;20
7.223;3.738;-1.298;20
7.829;5.125;1.852;20
6.377;3.632;0.349;19
1.361;-3.662;7.759;20
-13.217;-6.398;0.181;20
-18.686;-6.129;-7.212;20
-16.921;-10.945;-9.08;20
-12.435;0.827;-1.782;21
-1.746;4.198;2.74;20
5.596;-1.804;3.158;19
9.133;-7.238;12.22;20
6.081;-1.961;7.544;20
7.152;2.229;-0.205;20
4.887;4.283;-3.992;20
1.578;5.131;-5.072;20
0.512;4.726;-4.659;20
0.662;2.267;-4.437;20
-0.29;-0.401;-3.767;20
0.474;-1.225;-8.107;20
1.53;0.351;-4.776;20
-0.008;1.797;-0.552;20
0.043;1.279;1.911;20
0.302;0.028;3.149;20
-0.277;-0.412;3.597;20
-0.568;-0.562;2.869;20
-0.902;-0.857;2.614;20
-1.501;-0.397;7.827;20
-2.916;1.686;4.558;20
-4.013;1.677;-3.859;20
-2.762;-1.394;-7.7;20
-2.234;-2.861;-2.916;20
-3.2;-0.563;4.916;20
-5.713;1.689;7.365;20
-5.743;0.253;0.73;20
-4.887;0.29;-1.047;20
-3.46;1.925;-1.417;20
-3.211;0.333;-2.181;20
-0.016;-5.337;-1.984;20
5.879;-10.829;-5.625;20
10.364;-13.724;-10.394;20
9.83;-7.268;-7.46;20
2.752;3.035;6.147;20
-4.835;7.906;17.524;20
2.206;2.521;3.429;20
2.531;2.907;-0.636;20
1.57;4.96;0.789;20
2.843;5.018;-0.289;20
4.583;4.511;-2.455;20
6.209;4.054;-2.744;20
6.955;3.939;-1.614;20
6.943;4.365;2.533;20
6.087;3.199;3.14;20
2.867;-1.729;6.67;20
-9.895;-6.579;1.505;20
-16.626;-4.037;-7.417;20
-13.542;-9.14;-7.035;20
-13.695;-2.26;-6.523;20
-6.356;3.952;2.806;20
1.368;0.646;1.555;20
7.528;-7.002;8.408;20
5.434;-3.117;12.078;20
6.435;1.482;2.332;20
6.272;2.853;-4.441;20
2.822;4.019;-5.935;20
1.038;4.913;-5.758;20
0.901;3.809;-4.608;20
1.316;0.703;-0.767;20
0.22;-0.451;-1.354;20
0.787;0.244;-6.261;20
1.1;1.056;-5.665;20
0.585;1.265;-0.623;20
-0.18;0.369;3.077;20
-0.323;-0.452;3.973;20
-0.554;-0.947;3.45;20
-0.6;-0.907;6.218;20
-0.249;0.168;9.522;20
-2.132;1.236;-0.801;20
-3.29;0.254;-7.262;20
-3.118;-1.833;-7.26;20
-3.082;-2.644;0.052;20
-3.992;0.174;8.006;20
-4.796;2.071;1.9;20
-5.204;0.305;-2.791;20
-5.958;0.376;1.739;20
-3.603;1.889;1.341;20
-1.667;0.596;-1.309;20
-0.403;-3.725;-1.609;20
3.731;-8.695;-2.476;20
8.961;-12.683;-6.931;20
11.417;-10.082;-6.772;20
8.54;-1.608;-1.145;20
-2.161;7.337;11.807;20
-4.722;6.968;7.537;20
-0.171;2.863;0.854;20
0.484;3.725;1.127;20
1.739;4.761;0.611;20
3.898;4.735;-0.368;20
5.498;4.41;-2.196;20
6.307;3.353;-2.384;20
6.176;3.466;0.122;20
6.181;3.919;3.07;20
5.576;1.002;1.829;20
-2.651;-5.821;6.529;20
-16.883;-4.609;-4.932;20
-16.727;-7.768;-6.39;20
-15.759;-6.696;-8.757;20
-8.824;3.411;0.929;20
1.069;3.217;3.18;20
8.39;-2.85;8.012;20
8.689;-5.751;12.743;20
4.979;-2.11;2.912;20
5.453;1.319;-3.788;20
3.14;3.472;-5.899;20
1.5;4.347;-7.124;20
0.822;4.303;-2.932;20
0.08;2.988;-0.455;20
-0.417;0.814;-0.276;20
-0.009;-0.058;-3.223;20
0.399;-0.14;-6.605;20
0.044;0.369;-4.963;20
0.152;1.162;-1.063;20
-0.205;1.255;2.475;20
0.138;0.096;3.43;20
-0.099;-0.816;3.659;20
0.656;-1.236;4.705;20
2.489;-1.113;10.051;20
-0.863;1.117;1.621;20
-3.664;0.19;-6.265;20
-4.468;-2.415;-7.579;20
-4.381;-2.477;-1.823;19
-5.819;1.327;7.622;20
-6.291;2.078;4.156;20
-5.563;-0.168;-1.793;20
-4.681;0.507;0.125;20
-2.682;1.069;0.057;20
-0.943;-2.211;-1.567;20
2.425;-7.448;-2.053;20
7.16;-11.522;-4.361;20
10.782;-11.165;-6.092;20
10.926;-3.788;-3.48;20
4.843;4.675;3.079;20
-5.53;9.946;10.998;20
-3.08;5.015;4.133;20
0.528;2.366;0.253;20
0.753;3.738;0.051;20
2.429;4.084;-0.214;20
4.708;3.423;-1.424;20
6.533;2.936;-1.659;20
6.962;3.456;-0.107;20
6.693;4.425;2.863;20
5.857;3.036;1.206;20
1.499;-2.812;4.765;20
-11.903;-5.641;-1.747;20
-17.409;-4.622;-6.576;20
-15.265;-11.704;-8.419;20
-13.022;-3.544;-2.22;20
-3.385;3.232;3.725;20
4.783;-0.941;6.539;20
8.284;-3.354;11.57;20
6.289;0.818;4.004;20
6.71;2.582;-2.928;20
5.515;3.895;-6.594;20
2.911;4.605;-2.892;20
1.525;3.636;-0.893;20
1.651;1.741;-1.959;20
1.287;-0.43;-2.654;20
1.911;-1.211;-6.47;20
0.342;0.3;-5.1;20
-0.873;1.432;-0.983;20
-0.268;0.599;1.332;20
-0.823;0.664;2.775;20
-1.163;0.416;1.989;20
-1.536;-1.0;-0.376;20
-2.875;-1.398;1.198;20
-2.369;-0.564;5.416;20
-2.682;1.986;6.724;20
-3.707;2.122;-0.021;20
-1.655;-1.858;-5.199;20
-1.571;-3.059;-4.604;20
-1.973;-0.899;3.826;20
-4.97;1.169;6.548;20
-6.537;-0.027;0.268;20
-5.333;1.327;-0.195;20
-3.103;2.479;-0.469;20
-2.676;-0.096;-2.41;20
0.26;-5.664;-2.399;20
5.841;-10.912;-4.292;20
10.468;-14.497;-8.94;20
10.971;-8.634;-6.944;20
5.094;2.484;2.817;20
-5.914;10.088;16.006;20
0.192;4.405;6.073;20
2.546;3.1;-0.43;20
1.332;5.163;0.3;20
2.352;5.231;-0.417;20
4.094;4.559;-2.046;20
5.981;3.72;-2.398;20
7.034;3.684;-0.634;20
7.825;3.867;2.807;20
6.462;2.7;1.951;20
1.612;-2.347;4.422;20
-11.018;-4.785;-2.017;20
-17.135;-4.977;-4.851;20
-16.54;-11.581;-10.771;20
-12.812;-2.094;-2.682;20
-3.998;4.239;4.727;20
3.822;-0.705;2.381;20
7.43;-6.527;12.709;20
4.848;-0.96;9.269;20
7.144;2.306;-0.515;20
6.406;3.595;-6.515;20
4.239;4.193;-5.756;20
2.571;4.244;-3.814;20
1.995;2.547;-3.988;20
1.647;-0.496;-4.12;20
0.837;-0.923;-4.596;20
0.782;0.833;-3.518;20
-0.249;1.64;-1.805;20
-0.094;0.844;0.899;20
-0.88;0.152;3.269;20
-1.607;0.065;3.142;20
-1.36;-0.891;1.713;20
-1.64;-1.253;1.488;20
-3.028;0.036;7.93;20
-3.892;2.046;5.401;20
-3.986;0.733;-3.548;20
-3.421;-2.112;-8.712;20
-2.402;-2.334;-1.007;20
-2.91;0.673;8.952;20
-4.611;0.957;2.113;20
-5.818;0.014;-2.34;20
-5.372;1.99;1.484;20
-2.916;2.254;-0.248;20
-1.741;-1.219;-2.01;20
1.341;-6.446;-1.682;20
6.439;-11.76;-4.646;20
10.566;-14.653;-9.213;20
10.885;-7.485;-5.03;20
4.821;3.922;6.174;20
-6.22;11.004;15.019;20
-0.402;4.458;2.903;20
1.877;2.716;0.386;20
0.525;4.876;0.988;20
2.339;4.63;-0.951;20
4.958;3.818;-2.712;20
6.89;3.289;-2.232;20
7.181;3.758;-0.605;20
6.929;4.499;2.445;20
5.6;3.133;0.656;20
1.569;-3.285;7.259;20
-13.963;-5.341;-2.448;20
-17.659;-6.566;-6.228;20
-15.522;-9.986;-10.035;20
-11.476;2.429;-1.797;19
-2.422;4.506;3.675;20
5.546;-1.144;3.529;20
8.221;-5.904;12.102;20
4.932;-2.869;8.126;20
5.491;0.793;-0.691;20
4.463;3.133;-5.83;20
1.635;4.215;-4.391;20
0.607;4.671;-3.305;20
0.835;3.272;-2.753;20
0.288;0.774;-3.519;20
-0.301;-0.366;-3.307;20
0.763;-0.029;-5.751;20
0.622;1.128;-4.773;20
0.558;1.022;-1.143;20
0.297;0.178;2.443;20
0.06;-0.41;3.592;20
-0.412;-0.449;3.817;20
0.807;-0.71;6.322;20
1.947;-0.316;10.896;20
-1.625;1.2;-0.319;20
-3.52;0.181;-6.231;20
-3.881;-1.712;-7.962;20
-3.905;-2.679;-1.888;20
-5.325;-0.026;7.984;20
-5.64;2.039;5.577;20
-5.423;0.395;-1.952;20
-5.525;0.625;-0.077;20
-2.955;1.966;0.523;20
-1.519;0.324;-1.012;20
-0.151;-4.36;-1.432;20
4.287;-9.969;-4.083;20
9.341;-14.165;-9.226;20
10.679;-9.953;-8.565;20
6.737;-0.243;-1.346;20
-4.262;8.717;15.013;20
-3.713;6.737;11.233;20
2.746;2.105;1.305;20
1.891;4.21;0.532;20
1.939;5.604;-0.24;20
3.912;5.201;-2.185;20
5.914;4.153;-3.443;20
6.95;3.459;-1.896;20
7.208;3.937;1.641;20
6.332;3.804;2.389;20
3.344;-0.765;3.409;20
-8.204;-6.425;2.706;20
-16.792;-4.916;-5.213;20
-14.609;-10.424;-7.404;20
-14.536;-1.083;-6.717;20
-6.431;5.496;2.812;20
1.265;2.28;2.253;20
9.12;-5.407;7.618;20
6.649;-5.737;11.91;20
4.848;-1.468;3.837;20
6.254;0.663;-3.624;20
3.209;2.977;-5.995;20
0.545;5.131;-5.227;20
0.76;5.034;-3.454;20
0.207;2.777;-2.227;20
0.687;0.305;-3.686;20
1.079;-0.322;-5.583;20
0.952;0.746;-4.967;20
0.783;1.525;-1.074;20
0.778;0.239;1.91;20
-0.062;-0.662;4.082;20
-0.409;-0.334;3.659;20
-0.303;-0.379;2.599;20
-0.508;-0.457;3.255;20
-1.468;-0.144;6.819;20
-2.956;1.312;0.794;20
-3.699;-0.112;-5.159;20
-3.642;-2.442;-6.659;20
-3.004;-2.349;0.084;20
-4.243;1.007;7.858;20
-5.172;1.18;1.818;20
-5.543;-0.347;-1.87;20
-4.29;1.416;1.517;20
-2.05;1.899;0.158;20
-1.341;-1.084;-1.629;20
1.095;-6.126;-1.625;20
5.761;-10.625;-4.278;20
9.846;-11.88;-7.779;20
10.077;-5.55;-4.616;20
5.04;2.746;1.062;20
-5.842;9.385;12.104;20
-1.875;5.183;7.528;20
2.574;1.827;1.23;20
1.482;3.466;0.113;20
1.903;3.941;-0.497;20
3.534;3.23;-1.014;20
5.462;2.84;-2.355;20
6.546;3.537;-1.669;20
7.098;4.533;1.729;20
6.151;3.491;2.347;20
1.858;-1.924;6.159;20
-12.097;-5.133;-1.525;20
-16.783;-5.256;-5.697;20
-15.506;-9.463;-9.733;20
-12.492;1.76;-3.238;20
-3.326;4.38;3.986;20
4.0;-0.157;1.272;20
9.481;-6.959;7.252;20
5.836;-5.081;10.227;20
5.629;0.811;3.223;20
5.146;3.531;-2.477;20
2.264;3.902;-5.073;20
0.421;3.902;-4.165;20
0.415;3.255;-3.369;20
0.242;1.084;-3.01;20
0.074;-0.373;-3.796;20
0.038;0.14;-6.784;20
0.664;1.204;-4.299;20
0.28;1.885;-1.325;20
0.203;0.705;2.069;20
0.234;-0.494;3.869;20
-0.092;-0.738;3.795;20
0.082;-1.074;3.976;20
1.324;-0.608;9.24;20
-0.554;0.974;3.519;20
-2.984;0.887;-5.021;20
-3.102;-1.085;-7.265;20
-3.348;-2.805;-4.232;19
-4.563;-1.144;4.265;20
-5.695;1.897;6.981;20
-5.428;0.761;-1.66;20
-6.101;-0.418;-0.559;20
-4.512;1.5;2.411;20
-1.596;1.329;-0.067;20
-0.376;-2.449;-1.649;20
2.58;-7.697;-2.036;20
7.634;-11.867;-5.605;20
10.926;-10.984;-7.589;20
10.107;-3.28;-2.999;20
5.067;4.707;5.143;20
-5.27;10.249;12.309;20
-3.061;5.419;2.521;20
0.732;2.012;-0.229;20
0.814;3.341;0.653;20
2.278;3.876;-0.401;20
4.515;3.225;-1.542;20
5.93;2.862;-0.791;20
6.187;3.57;0.911;20
6.691;4.232;2.016;20
6.214;2.569;-0.901;20
1.701;-3.217;5.488;20
-12.197;-4.391;-1.761;20
-19.993;-6.487;-7.261;20
-15.761;-13.378;-8.786;20
-10.584;0.873;0.989;20
-2.079;6.671;2.294;20
5.758;-0.402;2.224;20
6.995;-5.81;11.794;20
5.498;-2.521;7.939;20
7.44;1.33;-0.281;20
5.676;3.834;-4.975;20
2.215;5.031;-4.876;20
0.517;4.472;-3.806;20
0.474;2.162;-2.69;20
1.638;-0.539;-5.131;20
1.345;-0.852;-5.931;20
0.635;0.895;-2.938;20
0.41;1.881;-1.993;20
0.558;0.8;0.316;20
-0.135;-0.542;2.897;20
-0.781;-0.628;3.603;20
-0.604;-0.727;2.885;20
-0.42;-0.318;3.623;20
-1.898;-0.012;7.536;20
-3.843;1.025;2.132;20
-4.571;0.478;-5.12;20
-4.696;-1.509;-7.326;20
-3.73;-1.871;0.291;20
-3.588;0.868;9.35;20
-4.952;0.992;2.904;20
-5.731;0.009;-1.053;20
-3.957;1.739;0.138;20
-2.791;1.751;-1.47;20
-2.036;-2.589;-1.623;20
2.393;-8.925;-2.825;20
8.546;-15.688;-8.085;20
11.369;-14.003;-9.972;20
7.968;-2.558;-2.582;20
-3.54;9.488;16.686;20
-1.656;6.659;11.07;20
3.509;2.207;0.861;20
1.241;5.054;0.589;20
1.412;6.105;0.215;20
3.88;5.1;-1.235;20
6.12;4.418;-3.028;20
7.038;4.224;-2.199;20
7.242;4.489;0.827;20
6.231;4.032;2.215;20
3.618;0.41;2.733;20
-7.225;-6.15;4.68;20
-17.741;-5.703;-5.651;20
-16.127;-11.922;-9.044;20
-14.501;-2.401;-7.743;20
-5.982;5.222;3.345;20
1.903;2.535;2.383;20
8.775;-4.627;6.049;20
6.307;-5.324;10.957;20
5.072;-0.297;4.993;20
6.029;2.125;-1.189;20
2.701;3.277;-4.64;20
0.247;4.5;-5.773;20
0.181;4.069;-5.847;20
0.417;1.623;-2.757;20
-0.415;0.445;-2.43;20
0.309;0.092;-6.565;20
0.694;0.79;-4.686;20
0.472;1.787;-1.521;20
0.487;1.069;1.627;20
0.533;-0.188;2.969;20
-0.058;-0.622;3.735;20
0.108;-0.584;5.494;20
2.529;-0.905;11.757;20
-0.07;0.526;3.467;20
-2.387;0.605;-4.83;20
-2.804;-0.714;-9.306;20
-2.955;-2.574;-4.518;20
-3.278;-1.491;2.674;20
-5.044;1.423;7.588;20
-5.173;1.091;0.346;20
-5.822;-0.121;-2.258;20
-6.208;1.484;1.643;20
-3.828;2.182;0.578;20
-2.08;-0.993;-1.495;20
1.152;-6.997;-2.24;20
7.045;-11.965;-5.918;20
11.271;-12.373;-8.224;20
10.228;-5.094;-2.671;20
5.033;3.074;4.457;20
-5.408;9.228;12.767;20
-1.984;4.841;3.528;20
1.522;2.308;-0.355;20
1.139;4.128;0.956;20
2.539;4.694;-0.172;20
4.488;4.179;-1.39;20
6.241;3.438;-1.796;20
6.649;3.366;-0.146;20
6.989;3.773;3.211;20
5.934;2.934;1.359;20
1.301;-1.981;5.238;20
-11.555;-5.219;-0.972;20
-16.626;-5.243;-5.866;19
-13.754;-10.93;-8.923;20
-12.346;-0.764;-2.688;20
-4.945;4.086;3.31;20
2.738;0.774;1.216;20
8.671;-6.193;9.198;20
6.094;-3.122;9.897;20
6.423;1.128;1.89;20
5.666;2.897;-3.319;20
2.157;4.166;-5.9;20
0.505;4.534;-5.784;20
1.3;3.029;-3.641;20
1.368;0.99;-2.638;20
0.425;-0.399;-2.31;20
0.872;-0.116;-4.116;20
0.562;1.227;-4.0;20
0.256;1.202;-0.493;20
-0.185;0.383;2.681;20
-0.97;0.187;3.411;20
-1.048;-0.081;2.508;20
-0.863;-1.006;1.252;20
-0.865;-0.556;4.41;20
-1.445;1.049;6.123;20
-2.973;1.612;-0.842;20
-2.445;-0.709;-6.176;20
-2.218;-3.041;-4.976;20
-2.908;-2.162;2.515;20
-4.627;1.186;6.98;20
-6.035;0.97;-0.206;20
-6.831;0.326;-0.304;20
-4.263;2.13;1.649;20
-2.13;1.581;-0.71;20
-1.237;-2.869;-1.32;20
3.044;-8.653;-2.396;20
8.612;-13.717;-6.91;20
11.166;-12.528;-8.15;20
9.409;-3.494;-2.027;20
0.713;6.741;8.279;20
-7.006;10.04;11.575;20
0.219;3.495;3.196;20
1.84;3.133;0.94;20
1.712;4.758;0.1;20
3.287;4.623;-0.362;20
5.229;3.783;-1.936;20
7.013;2.648;-2.624;20
7.029;3.373;-0.467;20
6.335;4.805;2.785;20
5.175;3.046;-0.407;20
-0.755;-4.167;5.115;20
-15.051;-5.249;-2.747;20
-17.847;-9.133;-5.135;20
-15.639;-10.539;-7.957;20
-10.484;2.113;1.479;20
-0.947;4.68;2.713;20
6.625;-2.177;3.453;20
7.961;-5.219;8.67;20
6.844;-0.939;4.608;20
7.494;2.569;-0.58;20
4.548;5.0;-3.359;20
1.734;5.388;-3.864;20
0.75;3.649;-3.333;20
1.022;1.141;-3.099;20
0.883;-0.619;-4.182;20
-0.353;-0.275;-5.833;20
0.123;0.467;-4.745;20
0.175;1.13;-1.559;20
-0.908;1.448;1.804;20
-0.746;0.505;2.732;20
-0.805;-0.659;2.183;20
-1.065;-1.013;2.844;20
0.321;-0.655;8.292;20
-0.648;0.576;7.726;20
-3.323;0.923;-2.37;20
-2.918;-0.772;-7.094;20
-3.167;-2.452;-5.481;20
-3.849;-1.745;1.12;20
-5.281;1.337;8.097;20
-6.07;1.347;2.259;20
-5.843;0.549;-1.598;20
-4.027;1.809;0.173;20
-2.473;0.947;-1.087;20
-0.85;-4.216;-2.145;20
3.813;-10.145;-3.131;20
9.498;-15.034;-8.07;20
11.263;-10.594;-7.409;20
8.554;-0.29;-0.073;20
-1.819;9.009;13.44;20
-4.338;8.627;9.567;20
2.164;3.261;1.136;20
1.591;4.263;0.36;20
1.749;4.781;-0.565;20
3.359;3.82;-1.132;20
5.675;2.228;-2.241;20
6.841;2.426;-1.07;20
7.351;4.233;1.142;20
7.028;5.05;1.067;20
5.096;1.0;1.234;20
-4.914;-5.22;5.575;20
-18.662;-3.85;-6.14;20
-18.094;-13.072;-8.07;20
-15.308;-6.121;-7.44;20
-7.385;5.98;3.858;20
1.444;4.282;2.043;20
8.863;-4.821;7.384;20
5.788;-5.826;11.522;20
6.874;-1.376;4.049;20
7.633;2.469;-3.233;20
3.692;4.786;-6.339;20
1.373;5.415;-4.785;20
2.118;4.084;-4.373;20
0.388;1.376;-3.179;20
0.826;-0.874;-4.562;20
0.829;-0.51;-5.011;20
-0.059;1.387;-4.016;20
0.078;1.356;-0.135;20
-0.46;-0.163;3.101;20
-0.957;-0.474;3.677;20
-1.137;-0.114;2.884;20
-1.638;0.054;6.655;20
-1.301;1.18;10.013;20
-2.633;1.181;1.567;20
-2.988;0.209;-7.219;20
-2.812;-1.542;-9.548;19
-2.686;-2.692;-2.14;20
-2.34;-0.881;6.951;20
-4.799;1.09;6.305;20
-5.61;-0.128;-2.517;20
-6.136;0.668;0.222;20
-4.349;2.35;0.801;20
-2.713;0.397;-1.619;20
-0.681;-5.381;-1.459;20
5.044;-10.645;-3.127;20
10.49;-13.467;-7.372;20
11.478;-8.38;-5.319;20
8.963;0.585;0.666;20
-0.459;8.868;11.291;20
-5.887;8.899;7.312;20
-1.036;3.279;0.177;20
0.61;3.083;0.022;20
1.873;4.146;-0.269;20
4.003;3.91;-0.826;20
6.104;3.079;-1.369;20
7.016;3.092;-0.274;20
6.67;4.062;1.315;20
6.462;3.698;2.014;20
4.869;0.463;0.877;20
-3.831;-5.414;5.403;20
-17.565;-3.094;-5.617;20
-16.531;-10.386;-6.913;20
-13.94;-8.44;-8.363;20
-8.945;3.166;3.039;20
-0.199;3.778;2.771;20
7.418;-3.388;8.6;20
5.574;-3.088;10.396;20
6.778;-0.892;2.785;20
7.866;0.968;-2.451;20
3.85;4.478;-5.507;20
0.873;5.548;-4.732;20
1.383;4.251;-4.297;20
1.381;0.937;-5.75;20
2.023;-1.611;-5.453;20
1.508;-0.299;-2.782;20
0.501;1.595;-2.413;20
0.863;0.983;0.007;20
-0.279;0.725;3.29;20
-1.187;0.592;3.823;20
-0.982;0.065;2.772;20
-0.993;-0.844;1.473;20
-1.871;-0.872;0.394;20
-2.891;-0.532;0.204;20
-4.906;0.891;3.249;20
-4.709;1.762;2.704;20
-2.8;-1.51;-2.403;20
-1.05;-2.626;0.12;20
-3.172;0.41;5.797;20
-5.345;0.518;2.042;20
-5.077;0.438;-0.039;20
-3.781;2.274;0.007;20
-3.54;1.84;-1.752;20
-2.649;-2.414;-2.036;20
2.793;-8.315;-3.357;20
8.397;-14.272;-9.989;20
9.123;-12.261;-11.09;20
7.523;-2.984;-3.481;20
-3.739;8.347;18.965;20
-0.122;5.307;13.134;20
3.619;2.021;0.157;20
1.666;4.389;-0.861;20
2.083;5.72;-0.093;20
4.408;4.962;-2.08;20
6.529;4.457;-4.203;20
7.275;4.645;-2.702;20
7.582;4.832;1.098;20
6.272;3.549;3.259;20
3.532;-1.033;6.009;20
-7.55;-6.949;5.195;20
-17.286;-5.096;-4.939;20
-17.888;-10.173;-8.826;20
-14.139;-4.145;-7.764;20
-4.688;3.444;2.905;20
1.726;1.765;0.314;20
7.568;-5.277;4.034;20
6.303;-2.615;10.363;20
6.019;3.449;5.084;20
6.12;3.956;0.41;20
3.781;4.084;-2.144;20
0.809;4.217;-5.888;20
-0.652;2.398;-4.363;20
-0.287;-0.219;-2.974;20
0.657;-0.88;-4.673;20
0.587;0.408;-7.023;20
-0.545;1.445;-5.353;20
0.196;1.585;0.026;20
-0.413;1.666;2.606;20
-0.096;0.643;3.059;20
-0.2;-0.47;3.62;20
0.457;-1.529;5.026;20
2.295;-2.185;9.313;20
0.119;-0.078;1.255;20
-2.181;0.203;-5.305;20
-3.009;-1.446;-5.036;20
-4.616;-2.683;0.432;20
-6.233;-0.024;5.983;20
-6.028;2.459;1.675;20
-6.759;1.331;-1.318;20
-6.566;1.655;0.199;20
-3.732;1.934;-0.329;20
-1.669;-1.182;-1.633;20
1.149;-6.674;-2.235;20
6.771;-12.64;-5.95;20
12.062;-15.063;-9.205;20
10.877;-6.601;-0.981;20
3.248;5.019;8.322;20
-6.066;10.262;11.259;20
-0.307;4.489;1.679;20
2.733;3.309;0.589;20
1.17;5.265;1.597;20
2.286;4.773;-0.552;20
4.004;3.787;-1.738;20
5.954;2.798;-2.198;20
7.379;3.443;-1.101;19
8.314;5.095;2.785;21
6.437;3.482;1.763;19
-0.363;-3.663;7.589;20
-16.085;-5.291;-4.21;20
-18.935;-9.738;-5.958;20
-17.945;-8.701;-11.45;20
-8.736;5.198;0.653;20
-0.103;5.213;2.618;20
7.219;-2.361;3.059;20
10.175;-8.175;14.663;20
5.637;-3.768;8.6;20
6.841;0.185;-2.114;20
4.174;2.728;-7.946;20
0.19;5.648;-6.153;20
0.715;5.848;-4.703;20
0.8;3.377;-2.739;20
-1.984;1.131;-1.359;20
-1.771;-0.113;-3.107;20
0.445;-0.093;-5.459;20
0.793;0.879;-4.814;20
0.373;1.041;-0.374;20
0.21;0.568;2.275;20
0.286;-0.287;3.374;20
-0.054;-0.692;5.065;20
0.975;-0.625;4.724;20
2.175;-0.776;7.417;20
-0.353;0.372;3.497;20
-4.002;0.292;-5.186;20
-5.296;-1.972;-8.363;20
-4.948;-2.32;-2.255;20
-6.283;1.302;7.302;20
-6.168;2.136;3.823;20
-5.234;-0.25;-1.336;20
-3.745;0.83;1.192;20
-1.587;1.743;0.765;20
-1.077;-0.467;-1.062;20
0.733;-5.724;-2.995;20
5.18;-11.471;-6.671;20
10.173;-14.909;-9.24;20
10.865;-8.479;-3.596;20
5.391;2.039;4.403;20
-6.276;10.203;14.261;20
-3.063;5.776;5.535;20
1.931;2.542;0.689;20
1.587;5.009;0.985;20
2.325;5.592;0.724;20
3.822;4.975;-0.919;20
5.867;3.358;-3.103;20
6.93;3.046;-2.961;20
7.312;3.964;0.447;20
6.51;4.361;2.017;20
3.505;0.018;3.928;20
-8.571;-6.011;3.08;20
-17.062;-6.009;-5.404;20
-15.058;-11.203;-6.427;20
-13.917;-0.465;-5.64;20
-5.354;6.126;2.232;20
2.284;1.872;2.136;20
9.183;-4.181;6.463;20
8.888;-7.277;11.834;20
3.896;-2.295;3.132;20
4.123;1.232;-2.634;20
2.764;2.902;-6.527;20
0.836;4.761;-7.218;20
0.272;4.891;-5.636;20
0.255;2.55;-2.397;20
-1.324;0.969;-0.32;20
-1.387;0.659;-1.789;20
0.771;0.284;-6.029;20
0.911;0.489;-5.239;20
0.602;0.317;0.909;20
0.303;-0.21;4.774;20
-0.225;0.101;4.68;20
-0.004;0.014;3.917;20
0.455;-0.164;5.06;20
0.12;-0.007;6.805;20
-1.805;0.812;-0.739;20
-2.371;0.097;-5.902;20
-2.211;-1.772;-5.915;20
-2.014;-2.826;-0.259;20
-3.477;-0.377;6.583;20
-5.28;1.26;3.156;20
-5.809;-0.144;-2.307;20
-6.086;0.646;0.993;20
-3.587;2.123;1.368;20
-2.215;0.518;-1.478;20
-0.531;-4.173;-2.124;20
4.27;-9.402;-3.647;20
9.153;-12.694;-7.32;20
10.111;-8.167;-6.901;20
7.0;0.236;-2.082;20
-3.946;8.543;11.744;20
-2.335;6.054;10.022;20
3.009;1.656;0.75;20
1.777;3.209;-0.465;20
1.771;4.337;-0.278;20
3.39;3.815;-0.865;20
5.455;3.442;-1.817;20
6.617;3.438;-0.394;20
6.589;4.026;1.266;20
6.098;3.826;3.142;20
4.35;0.944;3.332;20
-5.102;-4.386;4.541;20
-16.706;-3.378;-6.461;20
-14.999;-9.922;-7.434;20
-13.35;-5.349;-8.291;20
-8.212;3.798;3.007;20
-0.315;2.34;2.473;20
7.16;-5.061;3.377;20
6.364;-5.758;11.657;20
5.029;-0.323;6.796;20
6.878;2.095;-0.325;20
3.987;3.677;-3.992;20
0.941;4.855;-7.187;20
0.476;4.613;-8.49;20
1.446;1.319;-3.112;20
0.329;-0.455;-0.308;20
1.029;-0.571;-3.567;20
1.594;0.539;-5.291;20
1.079;1.193;-1.834;20
0.359;1.071;1.871;20
-0.403;0.496;4.032;19
-0.802;-0.139;3.689;20
-0.558;-1.132;2.188;20
-0.903;-0.801;1.312;20
-2.078;0.098;4.057;20
-3.597;1.48;4.627;20
-3.749;1.598;-1.787;20
-2.998;-1.202;-6.459;20
-1.972;-2.714;-3.338;20
-2.001;-0.588;6.395;20
-3.726;0.815;4.22;20
-4.507;-0.775;-1.515;20
-4.925;0.3;1.119;20
-3.419;2.59;1.613;20
-2.303;2.126;-0.997;20
-1.758;-1.516;-1.57;20
1.459;-6.922;-2.73;20
6.83;-12.2;-8.142;20
10.219;-13.121;-9.99;20
8.229;-4.888;-4.304;20
-1.229;5.373;12.206;20
-4.45;7.241;14.252;20
2.811;1.977;1.905;20
2.14;3.726;-0.374;20
1.919;5.455;0.762;20
3.221;5.037;-1.228;20
4.934;4.343;-3.267;20
6.252;3.762;-1.955;20
6.903;3.796;-0.13;20
7.213;3.655;3.0;20
5.161;2.201;2.333;20
-1.975;-3.968;7.455;20
-16.024;-4.473;-4.953;20
-16.443;-9.163;-6.379;20
-14.154;-6.938;-8.854;20
-8.477;3.558;0.988;20
-0.857;3.189;2.858;20
5.232;-2.924;0.869;20
7.761;-7.273;9.815;20
4.674;-0.859;8.754;20
6.727;2.146;1.726;20
5.157;2.927;-3.213;20
1.117;4.641;-7.4;20
-0.197;4.574;-5.709;20
0.177;2.579;-1.706;20
-0.26;0.75;-3.033;20
0.259;-0.635;-5.921;20
0.847;0.083;-5.984;20
0.666;1.495;-2.115;20
0.101;1.184;2.379;20
-0.087;0.078;3.741;20
-0.275;-0.265;3.207;20
-0.644;-0.223;3.029;20
-0.204;-0.514;3.412;20
0.438;-0.79;6.893;20
-1.834;0.903;2.5;20
-3.479;0.884;-4.664;20
-2.378;-2.054;-6.834;20
-2.237;-3.116;-0.416;20
-3.579;0.025;6.705;20
-5.679;1.829;2.111;20
-6.585;0.588;-1.445;20
-5.679;1.633;1.471;20
-3.664;2.271;0.662;20
-2.677;-0.574;-2.019;20
0.358;-6.676;-2.912;20
6.277;-12.556;-5.727;20
11.434;-14.539;-8.68;20
11.03;-6.561;-2.765;20
4.373;4.262;8.972;20
-4.877;10.073;12.82;20
0.439;4.387;0.989;20
2.133;3.133;-0.26;20
0.977;4.687;0.942;20
2.039;4.207;-0.053;20
3.825;3.552;-1.509;20
5.681;2.955;-1.468;20
6.63;3.395;-0.653;20
7.138;4.353;1.826;20
5.82;3.799;0.949;20
1.815;-1.763;5.582;20
-14.229;-5.405;-1.316;20
-18.966;-7.734;-5.438;20
-16.593;-9.882;-11.441;20
-9.729;2.265;-0.425;20
-2.049;3.951;3.497;20
5.358;-3.765;3.354;20
8.906;-7.554;11.809;20
5.93;-1.158;6.753;20
7.387;2.337;-0.091;20
5.67;3.884;-4.34;20
3.063;5.44;-7.131;20
0.965;5.597;-8.059;20
-0.003;2.379;-4.099;20
0.322;-0.613;-3.546;20
1.393;-0.899;-6.316;20
1.254;0.184;-2.161;20
0.701;0.045;2.126;20
-0.247;-0.088;3.921;20
-1.046;0.821;3.794;20
-1.198;1.077;3.076;20
-1.466;-0.08;1.389;20
-3.428;-0.984;2.431;20
-3.967;-0.083;5.331;20
-3.415;1.237;1.678;20
-3.173;0.84;-1.757;20
-3.394;-0.472;-2.7;20
-3.809;0.313;0.176;20
-4.502;3.031;4.297;20
-5.259;3.465;4.799;20
-3.821;1.905;1.549;20
-2.784;-1.745;-1.798;20
-1.723;-8.034;-5.344;20
4.513;-15.729;-10.678;20
10.713;-16.707;-12.464;20
7.833;-5.627;-2.198;20
5.928;2.898;7.02;20
-0.829;7.472;21.509;19
2.514;4.836;7.476;20
5.342;1.955;-1.834;20
1.979;2.458;-1.816;20
-1.799;3.251;-1.91;20
-0.614;1.697;-3.571;20
2.924;1.519;-2.235;20
4.201;2.833;1.661;20
3.97;4.419;1.663;20
2.187;4.781;1.846;20
-1.39;0.672;5.477;20
-8.053;-4.236;3.106;20
-11.242;-1.786;-1.553;20
-7.113;1.602;-2.13;20
-4.442;2.752;-3.316;20
-1.869;1.414;-2.564;20
1.361;2.452;-2.489;20
3.646;1.39;-2.199;20
5.515;-3.015;-1.453;20
6.166;-4.891;-0.258;20
5.771;-3.179;1.608;20
5.858;0.96;4.573;20
1.575;1.707;-0.764;20
2.366;0.463;-2.11;20
1.299;2.311;-1.751;20
-0.759;2.123;-0.724;20
-0.644;0.585;-0.177;20
1.01;0.425;-0.754;20
2.774;0.9;-0.261;20
2.337;0.424;0.89;20
0.92;0.075;1.808;20
0.185;0.137;1.892;20
0.083;0.403;0.965;20
0.0;1.094;0.41;20
-0.272;0.676;0.433;20
-0.087;-1.15;0.099;20
0.386;-1.235;-0.876;20
0.781;-0.405;-1.909;20
1.117;-0.073;-0.41;20
0.397;0.414;0.378;20
-0.929;-1.353;-0.974;20
-1.56;-1.384;-1.146;20
-1.857;0.116;-1.01;20
-0.529;-0.64;-1.568;20
0.246;-2.568;-1.508;20
-0.17;-1.671;-1.528;20
0.068;-1.677;-1.685;20
0.085;-1.427;-1.916;20
-0.557;-0.381;-0.991;20
-0.747;0.396;1.44;20
-0.605;1.214;2.389;20
0.465;0.25;1.579;20
1.544;-0.537;1.725;20
2.045;-1.445;1.347;20
0.795;-0.647;-2.924;20
1.319;0.941;-3.235;20
2.767;0.985;-1.723;20
1.589;1.104;-0.885;20
-1.11;-0.26;-0.876;20
-5.152;0.34;-2.043;20
-6.967;0.453;-1.345;20
-7.092;3.025;1.71;20
-5.753;6.295;2.634;20
-5.238;6.957;-0.63;20
-5.919;4.2;2.75;20
-1.483;0.352;3.622;20
1.777;-3.007;-3.114;20
0.836;-1.809;-8.089;20
2.085;-2.139;-4.26;20
0.932;-3.018;-2.238;20
-2.431;-3.094;-1.105;20
-4.313;-2.157;-2.814;20
-2.724;-2.987;-2.657;20
-1.826;-2.809;-1.359;20
-1.519;-0.773;0.818;20
-0.028;0.071;2.987;20
2.231;0.581;4.469;20
3.054;0.965;2.881;20
1.133;0.931;1.897;20
-2.012;-0.151;5.107;20
-5.468;-0.308;9.227;20
-4.85;-1.133;6.465;20
-4.36;-1.363;1.604;20
-3.622;-1.526;-0.274;20
-2.253;-2.753;-1.721;20
-0.59;-4.647;-1.43;20
-1.106;-3.708;-0.886;20
-1.688;-2.002;-0.653;20
-0.402;-1.188;-0.566;20
1.457;-0.689;0.141;20
2.318;-0.027;1.054;20
2.515;0.761;1.429;20
2.828;0.987;1.743;20
3.102;1.324;1.5;20
3.037;2.131;2.372;20
2.617;2.886;4.027;20
2.254;3.033;4.528;20
1.617;3.001;2.242;20
0.722;3.663;-0.445;20
0.525;4.204;-0.998;20
0.733;4.368;0.056;20
0.949;3.827;0.076;20
1.186;2.832;-1.026;20
1.962;2.728;2.422;20
3.402;3.68;7.548;20
5.108;3.368;8.643;20
5.039;2.203;7.736;20
2.284;2.442;5.382;20
-0.086;3.981;1.127;20
-1.632;4.162;-0.179;20
-1.913;3.755;2.358;20
-2.06;3.601;3.146;20
-3.081;4.047;5.505;20
-4.021;3.186;6.791;20
-3.244;1.541;5.342;20
-1.389;1.607;0.55;20
0.625;2.88;-2.337;20
2.667;1.611;0.414;20
5.796;-0.904;2.287;20
5.964;-0.046;1.508;19
1.127;3.032;0.213;20
0.331;2.692;1.67;20
1.811;1.914;2.877;20
1.537;2.555;-0.715;20
1.342;4.233;-3.755;20
-0.298;4.761;-1.65;20
-2.42;4.968;1.817;20
-2.454;5.03;0.917;20
-1.413;4.354;-0.534;20
0.508;2.802;-0.411;20
1.255;1.605;0.877;20
-1.237;3.118;0.77;20
-3.551;4.177;0.473;20
-3.789;3.598;0.505;20
-2.06;2.802;0.839;20
0.798;1.204;-0.144;75
-0.008;1.649;0.792;20
0.463;1.683;0.033;20
1.266;1.23;0.082;20
0.478;0.931;0.706;20
-0.987;1.33;1.801;20
-0.167;1.195;0.476;20
0.383;0.924;-0.623;20
-0.334;1.185;-0.07;20
-0.891;1.11;1.013;20
-0.363;0.783;0.5;20
0.821;0.164;-0.559;20
0.944;0.068;-0.151;20
-0.371;0.723;0.024;20
-0.111;0.671;-0.216;20
0.414;0.465;-0.57;20
0.033;0.658;-0.459;20
0.027;0.505;-0.45;20
0.261;0.437;-0.542;20
-0.23;0.769;-0.042;20
-0.081;0.397;0.381;20
-0.161;0.487;-0.005;20
0.072;0.501;0.033;20
0.419;0.304;-0.754;20
0.809;0.248;-1.067;20
0.148;0.826;-0.93;20
-0.164;0.647;-0.299;20
-0.532;0.401;0.632;20
-0.394;0.193;0.851;20
-0.209;0.059;0.881;20
-0.479;0.402;0.202;20
0.036;0.181;0.327;20
-0.278;0.138;-0.039;20
0.154;-0.54;0.335;20
-0.383;-0.154;0.173;20
-0.178;-0.188;0.609;20
-0.708;0.337;-0.087;20
-1.193;1.313;-0.344;20
-0.499;0.838;-0.22;20
0.507;0.123;-0.709;20
0.378;-0.178;-1.153;20
-0.135;0.246;-0.84;20
-0.13;0.458;-0.202;20
0.429;0.332;-0.357;20
0.504;0.289;0.474;20
0.458;-0.158;0.055;20
-0.16;0.077;0.089;20
0.078;0.269;-0.498;20
0.65;-0.211;-0.092;20
-0.065;0.069;0.235;20
0.067;0.235;0.903;20
0.201;-0.013;0.469;85
0.086;0.153;0.155;20
-0.131;0.522;-0.097;20
-0.049;0.379;0.106;20
0.08;0.173;-0.076;20
0.277;0.136;-0.536;20
0.342;0.2;-0.53;20
0.355;0.281;-0.272;20
0.365;0.27;-0.189;20
0.473;0.084;-0.248;20
0.691;-0.049;-0.262;20
0.456;0.296;-0.296;20
0.472;0.307;-0.264;20
0.559;0.145;-0.313;20
0.352;0.217;-0.219;20
0.179;0.234;0.084;20
0.312;0.04;0.121;20
0.22;0.066;0.163;20
0.049;0.098;0.261;20
0.044;0.147;0.075;20
-0.276;0.429;0.024;20
-0.339;0.479;-0.178;20
0.052;0.246;-0.332;20
0.489;-0.119;-0.006;20
0.567;-0.204;0.011;20
0.159;0.135;-0.213;20
0.156;0.098;-0.155;20
0.168;0.122;-0.131;20
0.067;0.19;-0.185;20
-0.105;0.203;-0.132;20
-0.085;0.168;-0.284;20
0.161;-0.049;0.204;20
-0.488;0.615;0.05;20
0.007;0.495;-0.885;20
0.2;0.323;-0.682;20
-0.033;0.228;0.099;20
-0.055;0.011;0.6;20
0.202;-0.11;0.471;84
0.389;-0.005;0.375;20
0.415;0.012;0.142;20
-0.073;0.191;0.14;20
-0.183;0.094;-0.327;20
-0.181;-0.027;-0.73;20
-0.218;-0.076;-0.492;20
-0.2;-0.019;-0.402;20
0.028;0.035;-0.546;20
-0.186;0.26;-0.346;20
-0.404;0.294;-0.142;20
-0.391;0.239;0.277;20
-0.102;0.09;0.426;20
-0.012;0.128;0.246;20
-0.018;0.238;0.0;20
-0.007;0.226;0.017;20
0.007;0.163;0.186;20
-0.146;-0.167;0.652;20
0.281;0.094;0.357;20
-0.169;-0.048;-0.03;20
-0.059;0.049;-0.084;20
-0.095;0.064;-0.302;20
-0.044;0.049;-0.481;20
0.136;-0.045;-0.561;20
-0.029;0.017;-0.302;20
-0.288;0.094;0.046;20
-0.173;0.11;-0.061;20
-0.123;0.073;-0.093;20
-0.069;0.101;-0.124;20
-0.059;0.103;-0.24;20
0.055;-0.027;-0.01;20
0.019;-0.051;0.157;20
-0.072;-0.003;0.124;20
-0.154;0.098;-0.029;20
-0.103;0.066;0.042;20
-0.056;0.037;0.054;20
-0.066;0.06;0.013;20
-0.069;0.077;0.051;20
0.015;0.012;-0.111;20
0.097;-0.056;-0.107;20
0.035;-0.027;0.007;20
0.108;-0.12;0.031;20
0.176;-0.181;-0.011;20
0.02;-0.125;0.021;20
-0.189;0.02;0.212;20
-0.187;0.049;0.293;20
-0.127;0.042;0.164;20
-0.023;-0.011;0.05;20
0.051;0.044;-0.146;20
0.083;0.047;-0.094;20
0.037;0.061;0.085;20
0.1;0.015;0.062;20
0.051;-0.001;-0.341;20
0.065;0.045;-0.504;20
-0.176;0.103;-0.246;20
-0.268;0.1;0.004;20
-0.132;0.068;0.051;20
-0.038;0.087;0.012;20
-0.078;0.156;-0.007;20
-0.094;0.114;0.079;20
-0.067;0.022;0.106;20
-0.16;0.125;-0.065;20
-0.153;0.163;-0.065;20
-0.146;0.136;-0.061;20
-0.138;0.15;-0.22;20
-0.074;0.125;-0.309;20
-0.051;0.101;-0.313;20
0.0;0.005;-0.028;20
0.006;-0.02;0.08;20
0.081;0.002;-0.046;20
0.115;-0.032;0.013;20
0.061;-0.056;0.102;20
0.008;-0.026;0.061;20
-0.011;0.049;-0.074;20
0.048;0.063;-0.047;20
0.021;0.035;0.056;20
-0.046;0.01;0.13;20
-0.049;-0.012;0.075;20
-0.021;0.01;-0.022;20
0.09;-0.037;0.035;20
0.013;0.022;0.037;20
-0.033;0.048;-0.05;20
-0.008;-0.061;0.145;20
0.022;-0.023;-0.196;20
-0.015;0.04;-0.262;20
-0.05;0.061;-0.188;20
-0.08;0.046;-0.101;20
-0.133;0.064;-0.078;20
-0.102;0.049;-0.121;20
-0.165;0.115;-0.064;20
-0.168;0.052;0.11;20
-0.293;0.112;-0.005;20
-0.28;0.215;-0.231;20
-0.128;0.103;-0.242;20
-0.019;0.015;-0.158;20
0.05;-0.017;0.005;20
0.04;0.005;0.037;20
-0.04;0.001;0.126;20
-0.154;0.013;0.15;20
-0.237;0.012;0.152;20
-0.209;0.02;0.179;20
-0.116;-0.014;0.275;20
0.046;-0.079;0.109;19
0.169;-0.095;-0.097;20
0.243;-0.132;-0.114;20
0.11;-0.038;0.064;20
0.069;0.007;-0.1;20
0.183;-0.058;-0.08;20
0.168;-0.084;0.037;20
0.079;-0.039;0.106;20
-0.013;0.075;-0.016;20
0.01;0.025;0.13;20
0.0;-0.057;0.279;20
-0.106;0.019;0.043;20
-0.318;0.295;-0.618;20
-0.228;0.183;-0.408;20
-0.023;-0.058;0.104;20
-0.188;0.041;0.186;20
-0.205;0.167;-0.054;20
-0.028;0.069;-0.122;20
-0.051;0.05;-0.011;20
-0.045;0.032;-0.086;20
0.083;-0.057;-0.074;20
0.106;-0.087;-0.035;20
0.018;-0.083;0.074;20
0.086;-0.134;0.043;20
0.147;-0.194;0.129;20
0.065;-0.187;0.291;20
-0.048;-0.066;0.277;20
-0.039;0.017;0.058;20
-0.156;0.169;-0.085;20
-0.158;0.117;-0.252;20
0.0;-0.109;-0.295;20
-0.018;-0.165;-0.282;20
-0.254;0.049;-0.23;20
-0.484;0.299;-0.254;20
-0.529;0.444;-0.437;20
-0.21;0.165;0.047;20
-0.128;0.2;0.045;20
0.055;0.152;-0.022;20
0.219;0.04;0.058;20
0.214;-0.01;0.214;20
0.108;0.013;0.13;20
0.085;0.013;0.089;20
0.161;-0.035;0.099;20
0.186;-0.046;0.151;20
0.154;-0.01;0.096;20
0.167;-0.009;-0.022;20
0.26;-0.09;-0.049;20
0.284;-0.185;0.097;20
0.18;-0.163;0.216;20
0.036;-0.06;0.186;20
0.039;-0.033;-0.012;20
0.111;-0.047;-0.081;20
0.187;-0.107;0.052;20
0.183;-0.101;0.083;20
0.249;-0.09;-0.016;20
0.173;-0.102;-0.032;20
0.073;-0.074;0.03;20
-0.049;0.031;0.009;20
-0.219;0.171;-0.092;20
-0.266;0.181;-0.082;20
-0.32;0.256;-0.417;20
-0.291;0.269;-0.42;20
-0.023;0.088;-0.123;20
-0.108;0.099;0.153;20
-0.149;0.128;0.242;20
-0.029;0.069;0.035;20
0.082;0.015;-0.067;20
0.109;-0.045;0.008;20
0.132;-0.099;0.092;20
0.168;-0.077;0.051;20
0.222;-0.09;0.01;20
0.165;-0.108;0.045;20
0.1;-0.027;0.053;20
0.136;-0.013;0.0;20
0.182;-0.065;0.026;20
0.137;-0.035;-0.248;20
-0.137;0.101;-0.487;20
-0.017;-0.039;-0.213;20
-0.086;-0.007;0.252;20
-0.107;0.032;0.346;20
-0.017;0.04;0.279;20
-0.127;0.09;0.099;20
-0.254;0.207;-0.082;20
-0.2;0.164;-0.108;20
-0.073;0.021;0.002;20
-0.027;0.016;-0.201;20
-0.009;0.017;-0.323;20
0.067;-0.067;-0.186;20
0.007;-0.121;0.03;20
0.057;-0.187;0.165;20
0.054;-0.089;-0.051;20
-0.106;0.041;-0.101;20
-0.204;0.104;0.129;20
-0.097;0.035;0.225;20
0.035;-0.003;0.024;20
-0.012;0.052;-0.025;20
-0.107;0.07;0.011;20
-0.16;0.038;0.013;20
-0.094;0.013;-0.116;20
-0.067;-0.015;-0.226;20
-0.07;0.035;-0.231;20
-0.05;0.0;-0.159;20
0.008;-0.054;-0.077;20
0.04;-0.055;-0.032;20
0.028;-0.046;0.001;20
0.029;-0.019;0.0;20
-0.022;0.023;0.124;20
-0.063;0.072;0.153;20
-0.095;0.09;0.154;20
-0.12;0.116;0.238;20
-0.067;0.109;0.202;20
-0.06;0.094;0.1;20
-0.052;0.095;-0.015;20
0.037;0.024;-0.058;20
0.085;-0.002;-0.042;19
0.067;-0.05;-0.014;20
0.05;-0.054;-0.036;20
0.048;-0.045;-0.099;20
0.04;-0.059;-0.112;20
-0.005;-0.008;-0.093;20
0.008;-0.005;-0.105;20
0.045;0.047;-0.149;20
0.101;0.016;-0.082;20
0.026;-0.036;0.112;20
-0.016;-0.063;0.221;20
-0.037;-0.018;0.118;20
-0.018;0.026;-0.055;20
-0.004;0.083;-0.163;20
-0.053;0.088;-0.161;20
-0.032;0.016;-0.032;20
0.003;0.007;-0.066;20
-0.005;0.079;-0.195;20
0.012;0.062;-0.055;20
0.064;-0.097;0.187;20
0.066;-0.144;0.237;20
0.02;-0.095;0.086;20
0.024;-0.022;-0.042;20
-0.036;0.016;0.026;20
-0.056;0.015;0.022;19
-0.018;0.0;-0.07;20
-0.011;0.016;-0.102;20
-0.006;0.037;-0.096;20
-0.007;0.031;-0.077;20
0.075;-0.058;0.038;20
0.029;-0.045;0.131;20
-0.232;0.13;-0.033;20
-0.344;0.206;-0.031;20
-0.344;0.204;-0.113;20
-0.395;0.268;-0.2;20
-0.298;0.266;-0.303;20
-0.13;0.174;-0.279;20
-0.02;0.075;-0.232;20
-0.191;0.186;-0.284;20
-0.336;0.324;-0.376;20
-0.457;0.425;-0.296;20
-0.325;0.314;-0.225;20
-0.164;0.15;-0.156;20
-0.236;0.167;-0.18;20
-0.406;0.264;-0.177;20
-0.189;0.145;-0.276;20
-0.161;0.159;-0.248;20
-0.195;0.147;-0.067;20
-0.219;0.15;-0.032;19
-0.136;0.121;-0.062;20
-0.049;0.044;-0.078;20
-0.088;0.0;0.017;20
-0.117;-0.04;0.137;20
-0.062;-0.052;0.09;20
-0.083;0.007;-0.078;20
-0.003;-0.006;-0.146;20
-0.094;0.003;-0.048;20
-0.011;-0.042;-0.06;20
-0.153;0.025;-0.07;20
-0.181;0.095;-0.098;20
-0.207;0.087;-0.09;20
-0.176;0.088;-0.116;20
-0.267;0.14;-0.023;20
-0.223;0.142;-0.028;20
-0.165;0.092;-0.022;20
-0.088;0.059;-0.023;20
-0.074;0.049;-0.01;20
0.0;0.0;-0.027;20
0.039;-0.071;-0.008;20
-0.009;-0.034;-0.02;19
-0.023;0.035;-0.088;20
0.038;0.053;-0.155;20
0.075;0.006;-0.118;20
0.002;0.017;-0.037;20
0.046;-0.026;0.006;20
-0.029;-0.004;0.113;20
-0.113;0.039;0.132;20
-0.046;0.051;0.026;20
0.035;0.043;-0.104;20
-0.012;0.058;-0.086;20
-0.038;0.04;-0.045;20
-0.002;0.008;0.05;20
-0.059;0.087;-0.05;20
-0.05;0.087;-0.121;20
-0.008;0.058;-0.353;20
-0.234;0.307;-0.6;20
0.073;-0.105;-0.033;20
-0.085;-0.045;0.266;20
-0.217;0.118;-0.036;20
-0.012;0.082;-0.12;20
0.027;0.072;-0.029;20
0.088;-0.012;0.036;20
0.033;0.013;0.032;19
-0.021;0.046;0.085;20
0.023;0.027;0.029;20
0.048;-0.032;0.063;20
0.061;-0.025;0.048;20
0.095;0.031;-0.081;20
0.11;0.029;-0.1;20
0.115;0.004;0.022;20
0.171;-0.127;0.213;20
0.188;-0.143;0.175;20
0.101;-0.038;-0.031;20
0.069;0.017;-0.083;20
0.095;-0.017;0.093;20
0.112;-0.084;0.207;20
0.117;-0.058;0.105;20
0.074;-0.023;0.107;20
0.084;-0.077;0.157;20
0.123;-0.108;0.254;20
0.181;-0.085;0.103;20
0.213;-0.114;0.029;20
0.167;-0.107;0.082;20
0.074;-0.083;0.12;20
0.103;-0.05;-0.015;20
0.129;-0.066;-0.073;19
0.057;-0.01;-0.051;20
0.009;-0.02;-0.001;20
0.177;-0.079;-0.1;20
0.222;-0.093;-0.104;20
0.14;-0.086;0.013;20
-0.022;-0.003;0.06;20
-0.01;0.026;-0.029;20
0.007;0.012;-0.008;20
0.0;-0.008;0.091;20
-0.014;-0.026;0.138;20
0.026;-0.048;0.05;20
0.011;-0.044;0.0;20
-0.092;0.061;-0.008;20
-0.159;0.124;-0.011;20
-0.095;0.098;-0.071;20
0.006;-0.008;-0.113;20
-0.009;0.038;-0.083;20
0.01;0.038;-0.004;20
0.131;-0.044;0.121;20
0.077;-0.058;0.232;20
-0.008;-0.032;0.245;20
-0.122;0.043;0.134;19
-0.091;0.06;0.03;20
-0.012;0.042;-0.092;20
0.019;-0.025;-0.149;20
-0.014;-0.043;-0.059;20
-0.058;-0.004;-0.026;20
-0.055;0.053;-0.137;20
-0.013;0.065;-0.225;20
-0.098;0.031;0.017;20
-0.225;0.07;0.094;20
-0.142;0.09;-0.061;20
-0.037;0.042;-0.06;20
-0.137;0.054;0.138;20
-0.27;0.111;0.159;20
-0.139;0.057;-0.044;20
-0.298;0.3;-1.13;20
-0.205;-0.005;0.022;20
0.108;-0.198;0.31;20
-0.213;0.094;-0.039;20
-0.054;0.114;-0.204;20
0.154;0.009;-0.047;20

# Completed @Sun Jan 24 20:39:59 GMT+02:00 2021
