# Accelerometer Data File
# Started @Sun Jan 24 20:43:55 GMT+02:00 2021
#
#
# sensor Vendor: BOSCH
# sensor Name: BMI160 Accelerometer Non-wakeup
# sensor Resolution: 0.0023928226m/sec^2; Max Range: 78.4532; Min Delay: 2500 microseconds
# The sensor's attributes are the result hardware and the Android capabilities.
# It means that the Android may not utilize all features provided by the hardware.
#
# Some devices and Android versions save battery too much so the device may go to sleep.
# It just happens after couple of minutes from turning off the scree and it is easy to find it out.
#
# The following file provides the data from accelerometer in the m/s^2 format.
# The diff value is just a time delta between the samples
#
#
# data format:
# so we have 4 columns with values separated by the ";"
# X;Y;Z;time_from_previous_sample(ms)

# sensor speed set to:NORMAL
# units set to: m/sec^2
# gravity  filtered out
# Accuracy: HIGH
-2.864;5.246;6.618;0
-1.931;4.747;6.607;19
-2.016;4.265;6.373;20
-1.75;3.79;5.607;20
-1.503;3.378;4.862;20
-1.549;3.08;4.119;20
-1.707;2.75;3.758;20
-0.968;2.279;3.237;20
-0.201;1.862;2.677;20
-0.418;1.822;2.035;20
-0.31;1.537;2.509;20
-0.838;2.066;1.672;20
-0.303;1.615;2.423;20
0.227;1.256;2.248;20
0.076;1.375;1.657;20
-0.508;2.301;0.268;20
-0.827;1.527;0.452;20
-0.34;0.557;0.582;20
0.694;-0.349;1.108;20
2.433;-1.193;1.854;20
2.953;-1.904;2.517;20
2.935;-2.053;2.772;20
2.65;-1.759;2.461;20
2.054;-1.261;1.679;20
1.522;-0.663;1.03;20
1.12;-0.213;0.883;20
0.88;0.013;0.95;20
0.602;0.135;0.908;20
0.514;0.095;0.761;20
0.732;-0.192;0.741;20
0.849;-0.293;0.572;20
0.668;-0.115;0.495;20
0.655;-0.131;0.458;20
0.688;-0.121;0.148;20
0.769;-0.183;-0.07;19
0.762;-0.187;-0.039;20
0.376;0.092;0.081;20
0.305;0.155;0.255;20
0.557;-0.039;0.354;20
0.729;-0.225;0.301;20
0.656;-0.19;0.059;20
0.393;0.001;-0.085;20
0.314;0.022;0.085;20
0.332;0.004;0.284;20
0.266;-0.011;0.328;20
0.186;0.007;0.197;20
0.317;-0.092;0.231;20
0.142;-0.062;0.435;20
0.175;0.062;0.111;20
0.115;0.024;-0.079;20
0.013;0.145;-0.041;20
-0.122;0.332;0.38;20
-0.034;0.152;0.207;20
0.047;0.01;0.062;20
-0.113;0.176;-0.249;20
0.164;0.074;-0.188;20
0.032;0.144;-0.188;20
-0.212;0.253;-0.306;20
-0.181;0.401;-0.338;20
0.361;-0.273;0.02;20
-0.062;0.307;0.097;20
0.355;-0.112;0.379;20
0.06;0.292;0.129;20
-0.396;0.651;-0.393;20
-0.166;0.431;-0.451;20
0.111;0.17;-0.304;20
0.105;0.117;-0.266;20
0.274;0.036;-0.034;20
0.655;-0.18;-0.013;19
0.201;0.192;-0.257;20
-0.017;0.369;-0.468;20
-0.114;0.266;-0.249;20
-0.012;0.122;0.164;20
0.27;0.161;0.42;20
0.282;0.372;0.375;20
0.183;0.389;-0.304;20
0.129;0.212;-0.801;20
-0.02;0.488;-1.114;20
-0.213;0.542;-0.605;20
-0.025;0.478;-0.302;20
0.01;0.408;-0.007;20
-0.248;0.516;0.095;20
-0.273;0.314;0.168;20
-0.113;0.106;0.341;20
-0.46;0.411;0.0;20
-0.858;0.484;-0.473;20
-0.994;0.366;-0.467;20
-0.746;0.15;-0.098;20
-0.566;-0.035;0.352;20
-0.516;-0.142;0.029;20
-0.533;-0.22;-0.04;20
-0.584;-0.08;-0.145;20
-0.542;0.049;0.003;20
-0.227;-0.444;-0.08;20
-0.701;0.107;0.875;20
-0.677;0.319;0.429;20
-0.646;0.153;0.513;20
-0.372;-0.029;0.286;20
-0.35;0.095;0.355;20
-0.476;0.233;0.801;20
-0.51;0.265;0.058;20
-0.498;0.122;-0.779;20
-0.497;-0.177;-0.387;20
-0.594;-0.152;0.475;20
-0.374;-0.631;0.978;20
0.12;-1.289;0.784;20
0.538;-1.787;0.048;20
-2.124;-2.028;-0.448;115
-4.184;-0.663;0.322;20
-5.331;0.685;-2.617;20
-4.88;-0.327;-4.233;20
-4.706;-1.53;-2.868;20
-6.584;-1.301;-2.301;20
-7.057;-1.218;-2.577;20
-6.405;-0.84;-3.551;20
-5.187;-0.029;-4.588;20
-2.284;0.481;-5.835;20
0.205;1.145;-3.811;20
0.045;0.901;-0.146;20
-1.173;0.716;2.373;20
0.056;0.676;2.547;20
1.159;-0.574;0.248;20
0.627;-1.131;-2.212;20
-0.957;-0.591;-6.287;20
-0.801;-1.834;-9.017;20
0.462;-3.142;-5.149;20
-0.42;-3.248;-2.038;20
-0.501;-2.357;-0.795;20
-1.313;-1.933;-1.809;20
-2.234;-2.425;-0.83;20
-3.414;-2.2;0.722;20
-4.61;-0.497;1.316;20
-4.733;0.432;-0.85;20
-4.544;-1.456;-4.768;20
-5.771;-3.255;-5.785;20
-5.041;-3.225;-3.368;20
-4.097;-2.928;-1.765;20
-3.191;-2.816;-1.393;20
-2.866;-2.556;-3.213;20
-3.511;-2.904;-4.757;20
-2.922;-3.239;-4.928;20
-3.393;-2.605;-5.319;20
-3.569;-1.232;-4.767;20
-2.356;-1.113;-0.705;20
-1.487;-0.805;2.357;20
-1.683;0.564;2.617;20
-2.269;1.001;1.005;20
-1.602;0.733;-0.191;20
-0.905;0.605;-0.095;20
-0.062;-0.107;0.36;20
0.751;-0.59;-0.087;20
-0.59;0.151;-1.557;20
-2.103;1.011;-0.798;20
-1.692;0.99;2.867;20
2.764;0.225;7.103;20
4.042;-0.159;5.703;20
2.131;-0.574;-1.649;20
3.351;-0.387;-5.19;20
5.871;0.239;-0.933;20
3.96;0.97;1.333;20
-0.042;2.718;-0.602;20
-0.04;1.534;0.229;20
2.837;-0.908;2.526;20
1.031;-0.351;1.161;20
-1.037;0.116;-0.198;20
-2.149;-0.393;-1.384;20
-2.532;-1.213;-4.535;20
-0.567;-2.565;-5.625;20
0.977;-2.036;-2.202;20
1.556;-0.727;0.971;19
3.028;-0.682;0.503;20
2.993;-1.291;-0.301;20
2.044;-0.166;0.114;21
0.82;0.687;-0.804;20
-0.684;0.788;-0.312;19
-0.695;1.382;0.971;20
2.387;-0.077;2.01;20
3.822;-0.996;2.283;20
3.312;-1.453;0.871;20
-0.597;-0.423;-4.104;20
-2.098;0.353;-3.108;20
-0.468;0.665;2.586;20
1.545;0.471;5.511;20
-4.212;1.211;-0.17;20
-6.098;1.885;-1.951;20
-1.575;-0.732;1.828;20
-0.574;-1.314;2.827;20
-1.466;-0.581;1.869;20
-0.646;-2.093;0.451;20
-0.064;-2.127;1.538;20
1.563;-1.737;2.046;20
1.937;-1.82;1.499;20
-0.104;-1.325;1.84;20
-1.197;-1.652;1.51;20
-0.243;-2.119;1.561;20
0.612;-2.579;1.94;20
0.142;-3.884;0.959;20
-1.965;-3.483;-1.773;20
-0.803;-3.917;0.225;20
4.481;-8.855;6.498;20
5.257;-9.0;3.526;20
1.655;-1.764;-0.963;20
1.923;1.109;1.629;20
3.177;0.588;1.423;20
2.057;0.493;1.117;20
1.315;0.827;-0.749;20
2.912;1.346;-0.827;20
3.66;2.084;-1.518;20
3.499;1.076;-1.517;20
4.322;-0.813;0.016;20
4.278;-1.09;-0.321;20
2.968;-0.811;0.083;20
2.113;-0.38;1.888;20
-1.607;0.713;4.208;20
-4.872;1.371;2.416;20
-5.107;0.77;4.662;20
-5.81;-0.013;5.197;20
-4.962;-0.588;-0.637;20
-0.594;-1.947;1.55;20
4.65;-2.281;0.929;20
4.459;-2.225;-1.8;20
2.051;-2.481;-4.302;20
1.57;-0.633;-3.623;20
3.323;0.276;-2.064;20
3.538;0.542;-2.244;20
3.247;2.728;-1.81;20
3.659;3.481;-1.375;20
4.298;2.678;-3.699;20
4.692;-0.111;-3.991;20
13.349;-19.307;-6.919;20
15.573;-29.667;-11.998;20
-6.96;-7.769;1.403;20
-13.017;8.327;6.635;20
-4.137;4.68;-4.229;20
1.644;-0.342;-7.568;20
2.948;-0.207;3.083;20
4.494;-0.647;6.662;20
3.881;-0.317;5.821;20
1.589;0.845;2.305;20
0.941;0.726;-3.056;20
1.692;-0.272;-4.158;20
1.863;-0.426;-1.603;20
2.082;-0.205;0.421;20
3.09;-2.336;2.597;20
2.369;-2.206;3.437;20
-0.351;-1.039;2.709;20
-2.122;-1.318;2.939;20
-2.427;-1.434;4.259;20
-3.097;0.299;2.027;20
-3.283;0.718;-1.514;20
-2.198;-1.962;-2.519;20
1.729;-5.021;-1.092;20
8.779;-9.143;-5.016;20
10.152;-9.285;-12.185;20
-1.284;1.243;-5.652;20
-3.159;5.193;13.045;20
2.343;2.953;9.673;20
1.622;3.824;-3.59;20
1.242;4.91;-2.71;20
1.102;5.186;-0.041;20
1.494;4.737;-1.346;20
3.43;4.213;-2.725;20
4.949;4.786;-2.443;20
5.694;5.508;-0.125;20
5.815;5.718;1.243;20
4.578;4.752;0.364;20
2.154;0.482;4.305;20
-6.544;-6.805;13.091;20
-22.139;-10.593;-10.522;20
-15.762;-12.24;-8.998;20
-7.298;-4.181;0.898;20
0.496;0.862;2.022;20
4.398;-0.943;7.16;20
8.365;-5.689;18.249;20
3.391;-1.574;0.488;20
2.923;1.301;-11.648;20
1.68;5.289;-9.819;20
1.016;6.202;-4.888;20
0.938;5.311;-2.053;20
-0.321;3.738;0.288;20
-0.192;0.128;-0.079;20
-0.14;-1.429;-1.824;20
-0.581;-0.525;-3.594;20
0.364;0.326;-4.005;20
0.918;0.815;-3.815;20
-0.326;0.471;0.554;20
-2.078;1.049;3.361;20
-2.254;0.553;6.867;20
0.881;-0.572;9.871;20
1.332;-0.394;4.484;20
-0.64;0.707;-2.722;20
-1.429;1.22;-6.878;20
-1.429;-0.321;-7.758;20
-0.786;-3.06;-1.058;20
-0.362;-2.812;5.136;20
-3.103;0.191;6.567;19
-5.483;-0.32;1.885;20
-5.801;-1.44;0.131;20
-5.182;0.954;2.552;20
-3.526;2.157;1.324;20
-1.752;-0.794;-2.554;20
2.37;-6.236;-4.875;20
8.773;-11.119;-6.729;21
12.033;-12.507;-10.506;20
4.152;-3.047;-1.267;19
-5.696;4.585;13.976;20
0.034;2.352;6.512;20
1.561;2.906;-0.906;20
1.495;5.416;0.811;20
2.232;5.995;0.67;20
2.979;5.542;-1.718;20
4.011;5.46;-2.529;20
5.393;4.763;-2.686;20
5.891;4.64;-1.921;20
6.142;5.375;0.747;20
6.332;4.848;1.567;20
4.155;1.731;1.292;20
-3.544;-6.252;14.512;20
-21.903;-10.387;0.496;20
-17.773;-10.551;-13.275;20
-8.844;-5.107;-4.413;20
-2.302;-0.489;0.676;20
2.019;0.191;4.103;20
6.454;-2.356;13.67;20
7.685;-2.308;9.839;20
4.749;1.095;-6.708;20
2.716;3.586;-8.385;20
0.37;5.144;-5.563;20
0.107;4.174;-3.359;20
0.027;3.054;-0.895;20
-0.79;1.216;0.0;20
-0.75;-0.688;-1.953;20
-0.36;-0.589;-3.489;20
-0.102;0.489;-4.319;20
0.289;1.233;-3.693;20
0.911;0.916;-0.474;20
0.548;-0.061;0.828;20
-1.166;-0.102;2.802;20
-1.515;0.013;9.004;20
-0.074;0.415;9.954;20
-0.198;0.671;1.622;20
-0.857;0.662;-5.93;20
-0.896;0.992;-7.021;20
-0.41;0.416;-4.439;20
0.514;-1.972;-1.132;20
0.764;-3.349;1.619;20
-1.795;-1.502;5.403;20
-4.882;0.322;4.188;20
-4.85;-1.395;-0.137;20
-5.057;-1.057;1.521;20
-4.681;1.818;2.613;20
-3.23;1.949;0.413;20
-1.199;-1.46;-1.904;20
3.536;-7.146;-4.009;20
9.71;-11.663;-8.416;20
10.524;-10.361;-10.94;20
2.698;-1.24;-1.636;20
-5.253;4.922;14.7;20
-0.058;2.646;8.481;20
1.965;2.233;-0.324;20
1.734;4.562;-0.203;20
2.302;5.622;0.461;20
3.514;5.719;-1.035;20
5.174;5.699;-2.15;20
6.181;5.478;-2.594;20
5.908;5.655;-0.964;20
5.884;5.383;1.952;20
5.397;2.958;0.146;20
1.802;-4.044;9.456;20
-15.144;-10.37;6.432;20
-21.927;-9.931;-11.551;20
-12.443;-8.491;-8.229;20
-5.9;0.166;-0.293;20
0.808;3.001;3.56;20
4.297;1.317;4.758;20
8.818;-3.82;13.098;20
4.816;-1.924;3.869;20
4.05;0.158;-7.025;20
1.789;3.227;-6.637;20
0.174;4.133;-4.516;20
0.169;3.783;-2.891;20
-0.334;3.286;-0.147;20
-0.82;1.508;-0.059;20
-0.697;-0.289;-1.708;20
-0.519;-0.221;-3.314;20
-0.694;0.757;-3.425;20
0.026;0.826;-3.226;20
0.868;0.189;0.247;20
0.316;0.287;1.997;20
0.116;0.784;6.236;20
1.685;0.397;10.478;20
1.425;-0.064;2.676;20
0.414;-0.03;-6.236;20
-0.472;0.602;-6.774;20
-0.912;0.788;-2.208;20
-1.032;-0.34;-0.982;20
-1.601;-2.947;1.295;20
-2.737;-2.243;4.705;20
-3.416;0.537;1.408;20
-3.589;-0.302;-0.948;20
-4.6;-1.654;1.468;20
-4.73;0.384;3.11;20
-4.037;1.988;1.286;20
-2.685;0.612;-0.75;20
0.416;-4.219;-3.266;20
6.421;-9.532;-6.665;20
11.57;-11.741;-9.021;20
9.594;-5.421;-3.824;20
0.552;3.089;8.872;20
-4.487;4.093;8.955;20
-1.816;1.81;1.027;20
-0.153;2.573;1.297;20
1.246;4.008;1.361;20
2.928;4.61;0.126;20
3.713;5.494;-0.843;20
4.751;5.292;-1.996;20
5.091;4.719;-1.648;20
4.727;4.243;-0.841;19
4.146;4.237;0.926;20
4.469;2.649;1.211;20
3.084;-1.864;2.64;20
-6.602;-7.648;7.274;20
-19.106;-7.45;-5.687;20
-13.756;-8.235;-8.176;20
-9.086;-2.93;-3.831;20
-3.9;1.829;4.183;20
0.956;2.065;4.209;20
6.328;-2.155;6.636;20
7.646;-5.23;10.118;20
3.609;-0.811;1.787;20
2.717;2.344;-8.073;20
1.391;3.625;-7.74;20
0.646;3.801;-3.913;20
0.767;3.893;-2.521;20
0.91;2.56;-0.695;20
1.097;0.458;1.173;20
0.921;-0.311;-0.112;20
0.21;0.487;-2.862;20
0.206;0.847;-4.139;20
0.31;0.713;-1.843;20
0.202;0.883;0.917;20
-0.324;0.866;2.048;20
-0.305;-0.634;1.041;20
-0.889;-1.202;2.209;20
-1.05;0.174;3.909;20
-1.244;1.012;2.608;20
-1.829;1.316;0.055;20
-1.457;1.258;-3.086;20
-0.599;-0.52;-4.539;20
0.322;-3.114;-2.882;20
1.068;-2.541;2.707;20
-1.793;-0.371;4.385;20
-5.171;-1.181;2.146;20
-5.311;-1.709;1.559;20
-4.284;0.651;1.599;20
-3.789;1.923;1.915;20
-2.274;0.038;0.642;20
2.775;-5.743;-2.604;20
8.942;-10.265;-6.379;20
11.292;-9.499;-8.671;20
6.933;-2.756;-3.596;20
-3.92;4.07;8.64;20
-4.558;3.846;10.492;20
0.103;1.495;1.466;20
0.75;3.347;-0.318;20
1.684;4.982;0.329;20
2.936;5.172;-1.022;20
3.988;5.224;-1.579;20
4.71;5.132;-2.183;20
4.381;5.216;-1.138;20
4.655;5.089;1.566;20
5.334;3.789;0.422;20
3.274;-1.502;4.385;20
-9.44;-8.025;3.309;20
-18.377;-9.3;-7.562;20
-13.06;-10.735;-8.882;20
-7.651;-1.907;-2.319;20
-3.29;4.585;4.274;20
1.635;3.676;3.099;20
8.263;-3.18;9.058;20
7.154;-6.689;10.476;20
4.837;-3.769;-0.481;20
2.488;2.417;-8.039;20
0.486;5.37;-6.028;20
0.334;5.148;-3.373;20
-0.149;4.713;-1.289;20
-0.099;2.387;-0.095;20
0.578;-0.422;-0.818;20
1.225;-0.79;-3.837;20
1.234;0.06;-5.135;20
1.404;0.72;-3.196;20
0.524;1.771;0.365;20
0.098;1.616;2.469;20
0.287;0.503;2.604;20
0.566;-1.368;2.464;20
-0.237;-2.251;2.554;20
-1.585;-0.866;2.081;20
-2.653;0.274;2.655;20
-3.918;2.288;3.233;20
-3.274;1.35;-2.514;20
-2.647;-2.087;-6.393;20
-1.065;-3.077;-0.724;20
-2.366;-0.298;6.703;20
-4.02;-0.764;4.757;20
-2.799;-0.919;0.836;20
-2.469;1.542;0.077;20
-3.242;2.116;-1.025;20
-3.153;-1.591;-2.345;20
2.252;-7.978;-4.646;20
10.148;-13.147;-8.275;20
10.968;-11.059;-9.112;20
3.642;-1.385;-1.895;20
-4.857;6.568;17.867;20
-1.416;3.662;13.226;20
1.032;1.332;-2.001;20
0.941;4.034;-2.797;20
2.509;5.29;-0.426;20
4.425;5.283;-1.535;20
5.604;5.404;-3.375;20
5.421;5.982;-2.76;20
5.008;6.395;-0.539;20
5.872;5.367;2.043;20
5.037;2.58;1.358;20
2.493;-3.289;2.867;20
-10.596;-8.251;2.608;20
-18.393;-8.303;-3.971;20
-12.444;-10.965;-9.088;20
-8.179;-2.791;-3.702;20
-3.826;4.373;4.427;20
0.57;4.188;2.656;20
6.942;-3.941;5.189;20
6.656;-6.432;10.726;20
5.043;-1.699;3.563;20
3.282;3.487;-6.46;20
1.154;5.695;-7.153;20
0.745;5.721;-3.229;20
0.821;5.051;-2.495;20
1.313;1.502;-1.482;20
1.884;-1.133;-1.015;20
2.599;-0.584;-4.205;20
2.356;0.543;-4.175;20
0.997;0.704;0.101;19
-0.117;1.082;2.529;20
-0.327;1.194;2.845;20
-0.37;0.568;2.955;20
-0.507;-1.515;2.78;20
-2.317;-1.952;1.254;20
-3.825;-0.786;-1.511;20
-3.818;0.229;-1.209;20
-3.539;2.181;3.162;20
-3.263;1.333;0.056;20
-0.815;-2.583;-3.135;20
0.458;-1.701;0.864;20
-1.983;0.66;2.8;20
-3.789;-1.263;2.143;20
-3.126;-1.348;2.319;20
-2.712;1.739;1.25;20
-3.641;2.49;0.278;20
-3.898;-0.45;-0.676;20
0.908;-5.998;-1.796;20
9.044;-11.89;-9.559;20
12.113;-13.857;-12.96;20
5.318;-5.328;-2.943;20
-4.399;4.433;14.645;20
-3.668;5.08;17.024;20
1.792;1.341;1.586;20
1.634;3.425;-1.853;20
2.019;5.889;-1.491;20
3.326;6.115;-1.913;20
5.119;5.534;-3.399;20
5.75;5.701;-2.96;20
5.397;6.144;-1.508;20
5.726;5.87;2.389;20
4.623;3.593;2.296;20
1.905;-2.867;4.208;20
-11.869;-9.41;1.044;20
-18.376;-9.603;-3.222;20
-13.244;-9.77;-9.141;20
-7.975;-0.823;-4.431;20
-2.335;4.866;3.749;20
2.123;3.112;2.801;20
9.8;-3.817;10.191;20
6.588;-5.563;11.285;20
4.508;-2.558;-0.745;20
3.551;2.158;-8.656;20
1.258;4.546;-5.402;20
0.321;5.45;-3.438;20
-0.141;5.765;-1.866;20
0.223;3.007;-1.845;20
0.471;-0.275;-2.864;20
0.977;-0.747;-5.048;20
1.356;0.195;-3.577;20
1.018;0.421;-0.151;20
0.045;0.655;2.937;20
-0.159;0.518;3.538;20
-0.152;0.378;2.527;20
-0.505;-0.926;1.789;20
-1.869;-1.332;2.216;20
-1.744;-0.317;3.852;20
-1.839;1.398;3.079;20
-2.229;1.769;-1.544;20
-1.191;-0.089;-5.988;20
-0.414;-2.227;-5.228;20
-0.168;-1.89;2.21;20
-3.588;0.422;3.843;20
-5.564;-0.803;0.743;20
-5.264;-1.799;-0.335;20
-5.154;-0.293;0.611;20
-3.353;-0.233;1.445;20
1.42;-4.341;0.807;20
6.787;-8.003;-0.698;20
11.101;-8.908;-4.315;20
11.073;-4.591;-5.522;20
5.954;2.123;-2.447;20
-2.952;6.531;2.371;20
-6.693;5.249;6.782;20
-1.2;0.698;5.651;20
-0.253;0.974;-0.083;20
1.18;2.387;-1.12;20
3.302;3.722;-1.142;20
5.011;5.002;-1.635;20
6.023;5.234;-1.301;20
5.044;5.67;-0.083;20
4.207;5.379;2.622;20
3.918;4.386;1.644;20
2.245;-1.333;3.556;20
-10.107;-8.278;2.596;20
-17.755;-9.597;-3.893;20
-11.84;-11.68;-8.62;20
-6.096;-4.281;-4.267;20
-2.996;3.597;3.532;20
-0.47;4.104;2.793;20
6.857;-3.28;6.791;20
7.271;-4.107;9.9;20
5.164;-0.351;1.569;20
2.864;3.402;-5.221;20
-0.04;5.341;-6.534;20
-0.332;5.191;-2.845;20
-0.374;4.055;-0.672;20
0.393;1.284;-1.169;20
1.298;-0.661;-4.586;20
1.365;-0.877;-8.583;20
1.032;0.044;-3.756;20
0.614;0.652;2.138;20
0.119;0.261;4.321;20
-0.261;0.134;2.897;20
-1.545;-0.103;1.144;20
-3.719;0.217;7.551;20
-1.98;0.872;9.073;20
-0.997;0.403;0.768;20
-1.465;1.061;-9.167;20
-0.035;0.58;-8.448;20
0.756;-0.443;-2.716;20
2.086;-2.468;1.733;20
0.992;-2.618;4.367;20
-3.347;-0.327;3.818;20
-4.571;-1.151;-0.873;20
-5.278;-2.592;0.044;20
-5.841;-0.015;2.911;20
-3.813;2.189;1.475;20
-2.086;1.131;0.321;20
1.267;-3.409;-1.34;19
6.407;-7.695;-4.05;20
10.848;-9.09;-6.974;20
9.481;-4.889;-6.369;20
2.067;1.207;-2.733;20
-6.536;5.133;6.771;20
-3.412;2.767;11.91;20
1.171;0.695;3.795;20
1.815;2.255;-1.094;20
2.496;4.397;-0.821;20
3.9;5.352;-1.489;20
4.969;5.625;-2.308;20
4.876;5.373;-1.2;20
4.291;5.495;1.78;20
4.821;4.842;2.766;20
4.576;0.755;1.608;20
-2.991;-6.636;6.932;20
-17.872;-8.318;-4.575;20
-15.718;-12.038;-7.797;20
-7.491;-9.637;-6.291;20
-2.863;1.32;1.601;20
-0.533;6.173;2.083;20
4.722;1.091;5.339;20
7.32;-3.461;11.025;20
6.406;-2.479;3.013;20
3.39;2.149;-4.277;20
-0.074;5.47;-5.279;20
-0.461;5.475;-3.211;20
0.022;4.427;-2.621;20
0.522;1.628;-1.865;20
0.894;-0.377;-0.713;20
0.813;-0.232;-6.738;20
1.791;-0.267;-6.006;20
0.74;0.382;0.471;20
-0.012;0.445;3.377;20
0.092;0.344;3.039;20
-0.447;0.627;2.278;20
-1.271;-0.101;1.822;20
-2.256;-0.729;2.884;20
-1.601;-0.02;5.652;20
-1.849;1.214;1.133;20
-1.269;1.08;-4.311;20
-0.263;-0.694;-5.182;20
-0.098;-2.608;-2.51;20
-0.664;-2.146;3.126;20
-4.205;0.275;4.794;20
-6.259;-0.776;0.82;20
-6.696;-0.929;0.449;20
-5.41;1.034;1.588;20
-4.259;0.834;0.118;20
-0.594;-4.347;-1.331;20
7.512;-10.51;-5.46;20
13.606;-13.169;-8.445;20
11.568;-6.9;-6.797;20
3.187;2.413;1.333;20
-6.615;7.891;14.946;20
-1.171;3.105;8.721;20
1.275;1.988;-0.616;20
1.07;4.15;-0.589;20
2.412;4.705;0.016;20
3.65;5.134;-1.724;20
5.121;5.2;-2.731;20
5.319;5.508;-2.867;20
4.957;6.057;-0.908;20
5.114;5.408;2.269;20
4.64;2.515;1.258;20
-1.543;-5.687;8.589;20
-18.399;-11.103;-2.268;20
-17.038;-11.909;-7.504;20
-8.724;-8.459;-7.659;20
-4.106;-0.069;0.436;20
-1.374;2.808;4.732;20
4.67;-1.768;6.426;20
7.525;-1.967;8.663;20
5.404;2.179;1.18;20
3.559;4.656;-4.169;20
1.308;5.699;-5.097;20
0.19;5.125;-2.611;20
0.147;3.394;-0.832;20
0.71;0.548;-0.205;20
0.682;-1.013;-1.362;20
0.765;-0.563;-5.38;20
0.563;0.142;-5.898;20
0.194;0.522;-2.661;20
-0.312;1.252;1.364;20
-0.729;1.509;2.752;20
-0.436;0.502;2.709;20
-0.002;-1.11;2.162;20
0.75;-1.118;2.507;20
1.735;0.213;6.548;20
-1.4;1.964;3.209;20
-2.135;0.448;-3.753;20
-2.255;-1.791;-7.916;20
-2.707;-3.039;-2.806;20
-3.518;-0.909;3.472;20
-5.881;0.55;5.653;20
-5.702;-1.179;2.126;20
-4.574;-0.744;0.354;20
-4.448;1.207;0.565;20
-3.799;0.153;0.079;20
0.461;-5.238;-0.874;20
8.62;-10.936;-5.681;20
13.825;-13.103;-9.472;20
10.636;-6.04;-5.153;20
1.925;3.685;4.13;20
-5.758;7.33;10.956;20
-1.328;2.846;7.817;20
0.783;2.277;0.319;20
0.05;4.358;-0.223;20
0.989;4.879;-0.138;20
3.216;4.644;-1.193;20
5.29;4.884;-2.367;20
5.72;5.715;-3.112;20
4.717;6.661;-1.207;20
4.877;5.555;1.72;20
3.917;3.238;0.724;20
0.584;-4.848;5.785;20
-14.123;-11.159;2.19;20
-18.266;-11.569;-4.556;20
-11.461;-8.396;-9.855;20
-4.356;0.529;-2.018;20
-0.529;4.527;2.642;19
2.983;2.736;4.158;20
8.532;-4.175;12.858;20
6.359;-6.136;8.101;20
4.766;-3.012;-3.238;20
1.359;3.743;-6.18;20
0.197;6.322;-4.154;20
-0.729;7.035;-3.42;20
-1.737;5.838;-3.761;20
-1.561;1.55;-3.327;20
-0.178;-1.728;-5.202;20
0.563;-0.984;-8.075;20
1.626;-0.206;-2.951;20
1.756;0.141;3.17;20
1.18;0.64;4.164;20
0.318;1.022;3.814;20
0.452;0.793;2.987;20
0.165;-0.404;4.208;20
0.019;-0.763;6.743;20
-0.376;-0.374;1.179;20
-1.362;0.197;-4.494;20
-1.472;0.145;-4.456;20
-2.409;-1.332;-2.344;20
-3.388;-1.24;1.69;20
-4.278;0.761;3.998;20
-4.76;-0.06;0.776;20
-5.026;-1.949;0.259;20
-4.258;-0.732;1.876;20
-3.602;0.791;0.957;20
-2.53;-1.034;-0.55;20
1.698;-5.632;-2.642;20
9.326;-10.59;-6.832;20
13.41;-11.131;-9.13;20
6.3;-2.34;-5.716;20
-3.054;4.947;5.576;20
-3.271;4.433;15.972;20
1.669;1.969;5.441;20
1.205;3.062;-1.781;20
1.345;4.396;-0.758;20
2.256;4.758;-1.467;20
4.467;4.433;-2.808;20
5.693;4.971;-2.505;20
4.828;5.81;-1.739;20
4.166;5.52;0.068;20
4.483;4.309;2.786;20
3.521;1.763;2.212;20
-0.967;-5.7;7.943;20
-15.604;-9.288;1.013;20
-16.113;-9.476;-6.926;20
-8.252;-8.149;-9.273;20
-3.897;-0.864;-0.723;20
-2.259;4.048;2.874;20
1.879;0.295;2.726;20
7.115;-4.567;10.989;20
5.343;-1.034;7.465;20
4.071;1.835;-1.301;20
2.269;4.122;-4.043;20
0.71;5.143;-4.348;20
-0.065;4.879;-4.359;20
0.257;2.127;-2.955;20
0.663;-0.415;-2.847;20
0.083;-0.572;-4.641;20
0.532;0.207;-7.096;20
0.798;0.893;-2.609;20
0.237;1.487;2.006;20
0.168;0.836;3.554;20
-0.007;0.056;3.431;20
0.033;-0.597;2.939;20
-0.402;-1.249;2.376;20
-1.675;-0.816;1.929;20
-2.135;-0.184;2.122;20
-2.135;1.277;3.346;20
-2.443;2.189;0.126;20
-1.295;0.152;-4.501;20
0.478;-2.175;-5.276;20
0.741;-1.233;0.19;20
-0.173;0.133;1.368;20
-1.835;-1.735;0.241;20
-3.359;-3.194;2.828;20
-2.967;-0.425;3.155;20
-2.86;1.805;0.621;20
-3.73;1.674;-0.311;20
-3.109;-0.44;-0.334;20
0.629;-4.192;-2.154;20
6.221;-7.516;-5.207;20
10.045;-8.355;-5.389;20
6.371;-3.6;-3.169;20
0.812;2.263;-1.332;20
-4.279;5.48;10.628;20
0.335;2.446;10.27;20
1.974;1.076;0.421;20
0.576;2.803;-0.314;20
0.805;4.329;-1.385;20
2.665;4.741;-2.423;20
4.283;4.804;-2.073;20
5.307;4.468;-1.385;20
5.301;4.405;1.613;20
4.195;3.949;2.959;20
2.84;0.542;1.367;20
-3.907;-6.983;2.763;20
-16.657;-8.874;-1.332;20
-16.444;-10.209;-8.025;20
-8.638;-5.834;-8.138;20
-2.992;2.256;2.424;20
-0.606;4.945;2.242;20
5.807;-0.51;5.128;20
7.833;-4.712;13.198;20
5.517;-2.27;5.512;20
4.314;1.116;-3.518;20
1.392;3.652;-5.869;20
0.236;4.399;-5.364;20
0.197;4.214;-3.002;20
-0.352;2.755;-0.375;20
0.014;0.38;-0.978;20
0.079;-0.209;-2.432;20
-0.395;0.615;-5.742;20
0.227;0.758;-5.722;20
0.47;0.581;-1.875;20
-0.458;1.148;1.998;19
-0.714;1.171;3.081;20
-0.282;-0.133;2.902;20
0.495;-1.711;2.554;20
0.756;-1.501;2.204;20
1.834;0.011;3.561;20
0.628;1.698;5.965;20
-2.603;1.239;-1.456;20
-2.127;-1.906;-8.134;20
-2.168;-3.152;-3.949;20
-4.209;-0.519;4.265;20
-6.269;0.164;4.703;20
-4.815;-2.046;-0.001;20
-3.889;-1.201;0.339;20
-3.845;0.591;0.109;20
-2.975;-0.599;-0.003;20
1.157;-4.724;0.301;20
7.931;-8.798;-2.921;20
12.528;-9.589;-6.516;20
10.544;-3.398;-5.276;20
2.981;3.721;-1.972;20
-5.36;6.984;5.19;20
-2.687;3.906;9.811;20
0.676;1.594;2.916;20
0.762;2.15;-0.492;20
1.171;3.414;-0.723;20
2.893;4.151;-2.589;20
5.156;4.684;-2.752;20
6.083;5.229;-0.707;20
5.485;5.87;1.629;20
5.245;5.044;2.315;20
3.772;2.144;2.185;20
-1.309;-5.522;5.834;20
-15.95;-8.273;-3.555;20
-15.793;-10.938;-6.375;20
-8.587;-9.323;-8.353;20
-3.671;-0.853;1.193;20
-2.441;4.315;2.13;20
2.883;-0.824;3.411;20
6.627;-2.663;12.263;20
5.224;0.787;5.772;20
3.889;2.657;-1.02;20
1.331;4.168;-3.479;20
-0.036;4.646;-4.936;20
-0.537;3.388;-2.161;20
0.143;0.884;-1.192;20
0.407;-0.441;-3.475;20
0.291;0.295;-7.711;20
0.27;1.074;-5.605;20
-0.066;1.46;-0.151;20
0.36;1.223;1.564;20
0.212;0.631;2.451;20
-0.052;-0.13;2.517;20
0.148;-1.438;2.601;20
-0.058;-1.236;2.354;20
-0.328;-0.017;0.982;20
0.01;0.548;1.533;20
-1.732;1.444;4.51;20
-2.837;-0.769;-1.123;20
-1.971;-3.424;-4.835;20
-2.958;-0.971;0.436;20
-5.493;0.529;3.277;20
-5.881;-1.614;2.149;20
-4.301;-0.385;1.589;20
-4.328;1.575;0.865;20
-4.238;0.184;0.354;20
-0.013;-4.932;-1.312;20
7.83;-10.546;-7.341;20
13.849;-13.168;-7.935;20
10.744;-6.392;-5.453;20
2.244;3.071;-0.902;20
-5.721;8.341;12.056;20
-1.68;4.18;13.535;20
2.034;2.165;0.852;20
1.207;4.447;-1.841;20
1.252;5.425;-1.349;20
2.509;4.833;-2.76;20
4.58;4.14;-3.421;20
5.299;4.515;-2.398;20
5.545;5.193;-0.041;20
5.571;4.991;2.657;20
3.595;1.836;2.723;20
-2.513;-6.774;4.831;20
-15.234;-8.162;-1.414;20
-15.151;-9.202;-6.432;20
-8.811;-8.651;-10.077;20
-3.887;-1.221;0.039;20
-2.544;3.708;2.786;20
2.039;-1.137;3.122;20
6.595;-3.576;12.218;20
4.918;1.275;7.165;20
3.866;3.369;-0.652;20
2.425;3.808;-3.107;20
1.061;4.19;-5.077;20
-0.027;4.056;-4.166;20
0.339;1.57;-2.419;20
1.713;-0.788;-3.786;20
1.925;-0.17;-8.573;20
1.004;1.355;-4.988;20
0.309;1.981;0.285;20
0.401;1.436;2.492;20
0.162;0.645;2.918;20
-0.077;0.158;2.807;20
0.111;-1.084;3.054;20
-0.51;-1.902;3.292;20
-1.718;-1.087;1.484;20
-2.361;-0.187;-1.332;20
-2.349;1.814;3.051;20
-2.841;2.068;2.602;20
-1.392;-1.824;-4.229;20
0.016;-3.252;-4.425;20
-1.143;-0.648;1.219;20
-4.098;-0.434;1.647;20
-5.262;-1.784;2.819;20
-3.498;-0.445;2.095;20
-2.985;1.23;0.184;20
-2.852;-0.095;-0.191;20
0.578;-4.235;-0.146;20
6.442;-7.399;-2.408;20
11.388;-8.559;-5.407;19
10.702;-4.9;-5.608;20
3.826;1.899;-1.65;20
-4.373;6.67;4.883;20
-4.723;4.669;11.317;20
-0.07;0.522;3.368;20
0.132;1.254;-1.059;20
0.874;2.965;0.71;20
2.839;4.111;-0.453;20
4.974;4.679;-2.18;20
5.679;5.101;-2.16;20
4.784;5.529;-0.582;20
4.098;5.347;1.243;20
3.44;3.508;0.528;20
1.43;-4.153;3.002;20
-13.321;-9.367;0.486;20
-16.288;-11.638;-4.258;20
-10.397;-9.993;-9.767;20
-5.841;-1.222;-0.652;20
-2.704;4.921;3.123;20
1.466;2.398;2.328;20
7.047;-2.918;9.268;20
6.282;-1.96;8.526;20
5.158;1.163;0.395;20
2.642;3.871;-3.015;20
0.437;4.581;-4.794;20
-0.293;4.293;-3.401;20
-0.15;1.995;-2.166;20
0.448;-0.19;-3.607;20
1.012;-0.218;-6.61;20
1.264;0.366;-6.958;20
0.484;1.081;-1.655;20
0.401;1.34;1.761;20
-0.246;1.132;3.603;20
-0.137;0.064;3.305;20
-0.007;-0.925;2.608;20
-0.832;-1.166;1.942;20
-1.857;-0.586;1.899;20
-1.042;0.149;3.903;20
-1.565;1.651;3.552;20
-2.251;1.361;-2.83;20
-1.067;-0.747;-7.484;20
0.313;-2.688;-2.961;20
0.556;-1.934;2.905;20
-3.097;-0.38;3.604;20
-5.101;-1.357;1.5;20
-4.627;-1.301;0.716;20
-3.781;0.917;0.791;20
-3.222;1.524;0.134;20
-1.647;-1.34;0.284;20
2.844;-5.701;-1.386;20
8.894;-8.654;-4.095;20
11.695;-7.836;-5.973;20
8.281;-2.287;-3.414;20
1.876;3.593;0.012;20
-6.189;6.75;5.195;20
-4.022;3.21;10.031;20
0.687;0.787;2.821;20
1.422;2.467;-1.38;20
2.082;4.284;-1.345;20
3.195;4.953;-1.486;20
4.411;4.69;-2.036;20
4.069;4.54;-1.574;20
3.869;4.291;1.657;20
3.995;3.967;3.313;20
3.182;0.291;3.128;20
-4.485;-6.498;1.179;20
-13.501;-7.758;-2.571;20
-10.745;-8.289;-4.232;20
-7.952;-5.657;-7.828;20
-5.307;-0.362;0.286;20
-2.429;2.461;3.604;20
2.442;-1.175;2.187;20
7.35;-4.945;9.044;20
5.005;-0.664;7.264;20
2.933;3.431;-0.751;20
1.294;4.426;-4.757;20
0.839;3.876;-4.71;20
0.449;3.833;-3.101;20
0.406;2.318;-1.853;20
0.98;-0.116;-3.295;20
1.692;-0.644;-3.933;20
1.864;0.483;-4.551;20
1.279;1.18;-4.012;20
0.707;1.213;0.493;20
-0.29;1.128;2.923;20
-0.373;0.287;2.879;20
0.118;-1.285;3.007;20
-0.408;-1.839;2.874;20
-1.314;-0.91;1.489;20
-1.698;0.228;3.022;20
-2.485;2.258;4.408;20
-2.504;0.96;-1.575;20
-1.331;-2.112;-7.443;20
-1.26;-2.996;-3.019;20
-2.652;-1.049;4.183;20
-5.0;0.469;5.052;20
-4.584;-1.146;0.464;20
-3.972;-1.06;0.637;20
-3.575;1.413;0.832;20
-3.161;1.215;0.406;20
0.056;-3.752;-0.572;20
6.246;-8.249;-3.461;20
12.943;-10.85;-8.087;20
12.164;-6.662;-7.024;20
3.167;2.12;-2.928;20
-5.995;5.614;7.846;20
-5.139;2.756;14.081;20
0.12;0.512;3.364;20
1.222;2.414;-1.016;20
2.171;4.846;-0.186;20
3.284;5.746;-0.704;20
4.443;5.553;-2.774;20
4.467;5.381;-3.04;20
3.781;4.931;-1.617;20
3.457;4.281;0.628;20
3.098;3.624;2.245;20
2.792;-1.752;3.303;19
-8.337;-8.782;2.861;20
-16.655;-9.329;-3.681;20
-10.085;-7.609;-6.95;20
-6.942;-2.019;-5.392;20
-3.488;1.164;3.438;20
0.152;1.464;4.579;20
6.025;-3.285;5.469;20
6.218;-3.545;8.238;20
4.074;0.562;1.509;20
2.224;3.682;-4.331;20
0.986;4.411;-4.251;20
0.471;4.399;-3.24;20
0.924;3.545;-1.702;20
0.778;1.422;-0.074;20
0.687;-0.206;-0.58;20
0.256;-0.298;-6.073;20
0.377;0.229;-6.852;20
0.292;0.644;-2.631;20
0.077;1.015;0.244;20
-0.359;1.224;2.843;20
-0.607;0.849;3.083;20
0.121;-0.707;2.199;20
0.408;-2.01;2.134;20
0.81;-0.938;3.779;20
0.114;1.365;6.027;20
-1.692;1.621;1.093;20
-0.999;-0.14;-4.703;20
-0.856;-1.773;-6.276;20
-1.542;-2.622;-1.272;20
-2.403;-0.2;3.235;20
-4.405;0.85;3.869;20
-5.366;-1.358;0.586;20
-5.019;-1.127;0.504;20
-4.838;1.356;1.182;20
-4.367;0.94;1.176;20
-0.296;-3.917;0.192;20
7.455;-9.215;-3.302;20
13.428;-11.344;-8.887;20
12.113;-6.935;-7.246;20
4.578;1.916;-0.739;20
-5.645;6.885;7.929;20
-4.641;3.437;12.231;20
0.052;0.92;2.824;20
0.101;2.781;-0.463;20
0.902;4.493;-0.481;20
2.474;4.939;-1.11;20
4.257;4.77;-2.124;20
5.064;4.843;-2.41;20
3.827;5.631;-1.069;20
3.093;5.697;0.729;20
3.562;3.036;1.93;20
2.498;-3.45;2.518;20
-6.915;-8.965;-0.266;20
-14.054;-8.596;-1.792;20
-11.896;-7.836;-7.339;20
-8.762;-2.999;-5.82;20
-4.389;2.032;4.159;20
-0.211;2.607;3.846;20
7.939;-3.599;7.004;20
7.871;-5.002;10.893;20
4.594;-0.382;2.014;20
2.371;3.855;-4.501;20
0.532;5.192;-5.284;20
0.401;5.164;-5.031;20
0.309;4.299;-3.09;20
0.798;1.482;-1.397;20
1.171;-0.778;-3.586;20
1.278;-1.077;-8.268;20
1.195;0.495;-4.325;20
0.824;1.149;0.011;20
0.457;1.06;2.467;20
-0.308;1.113;3.251;20
-0.077;0.275;3.092;20
0.057;-0.965;3.334;20
-1.03;-1.694;2.318;20
-2.328;-1.32;-0.173;20
-2.266;-0.019;1.73;20
-2.162;1.9;5.088;20
-2.196;2.006;0.736;20
-1.495;-0.068;-6.079;20
-0.634;-2.682;-5.49;20
-0.489;-2.127;1.92;20
-2.568;-0.252;3.8;20
-4.596;-1.564;3.687;20
-3.893;-1.522;2.588;20
-3.213;0.962;-0.005;20
-3.877;1.453;-1.548;20
-3.498;-1.477;-1.188;20
2.383;-6.254;-1.171;20
10.488;-9.998;-4.656;20
13.366;-8.934;-7.644;20
6.411;-0.902;-5.867;20
-1.407;4.849;3.548;20
-4.209;4.403;14.52;20
-0.118;1.571;5.345;20
0.6;1.71;0.219;20
0.581;3.645;-0.455;20
1.743;4.598;-1.261;20
3.168;5.343;-2.864;20
4.468;5.723;-2.597;20
4.754;5.342;-1.391;20
4.734;4.78;1.298;20
4.017;4.028;2.981;20
3.197;-0.041;2.282;20
-5.744;-7.636;2.01;20
-16.296;-8.699;-1.667;20
-13.355;-9.683;-6.5;20
-8.081;-5.362;-6.732;20
-3.263;1.367;3.189;20
-0.768;4.046;2.579;20
5.013;-2.032;2.214;20
7.741;-5.354;10.165;20
5.348;-0.795;5.484;20
3.647;3.112;-2.433;20
0.982;5.14;-4.708;20
-0.252;5.359;-3.877;19
0.046;4.48;-2.933;20
0.305;1.833;-1.764;21
0.621;-0.464;-2.788;19
1.063;-0.491;-5.211;20
1.666;0.04;-5.647;20
0.978;0.249;-1.023;20
-0.009;0.705;2.356;20
-0.202;1.008;2.853;20
-0.046;0.765;2.501;20
-0.141;-0.35;2.509;20
-1.056;-1.525;2.534;20
-1.752;-1.176;2.919;20
-1.307;0.676;4.587;20
-2.011;2.23;0.957;20
-0.935;1.164;-5.134;20
0.141;-1.11;-5.886;20
0.377;-3.131;-0.981;20
-0.641;-1.992;1.887;20
-4.104;-0.269;2.629;20
-6.541;-1.13;4.233;20
-5.891;-0.737;2.82;20
-5.121;0.962;-0.733;20
-4.536;0.883;-1.014;20
-1.657;-2.921;-0.358;20
5.28;-7.653;-2.094;20
12.218;-10.337;-6.335;20
12.035;-7.164;-11.285;20
3.683;0.903;-5.916;20
-3.616;4.094;8.533;20
-3.975;2.796;17.252;20
0.833;1.061;4.322;20
1.547;2.315;-2.301;20
1.96;4.667;-0.536;20
3.027;5.748;-1.047;20
4.253;5.811;-2.468;20
4.319;5.784;-2.077;20
3.579;5.316;-1.335;20
3.415;4.152;0.658;20
3.487;2.911;3.001;20
2.49;-0.701;2.918;20
-5.707;-7.351;3.754;20
-16.406;-7.985;-3.334;20
-11.298;-9.396;-5.607;20
-7.379;-5.669;-6.747;20
-3.622;0.425;2.024;20
-0.96;3.616;2.565;20
4.868;-1.427;2.412;20
7.436;-4.169;9.568;20
4.452;-0.249;5.183;20
2.425;2.893;-2.419;20
0.263;4.624;-5.82;20
-0.646;4.972;-4.818;20
-0.096;4.205;-2.65;20
0.68;1.971;-1.175;20
0.961;0.269;-0.275;20
1.673;-0.276;-3.533;20
2.032;-0.104;-5.627;20
1.538;0.235;-2.067;20
0.955;0.585;1.752;20
0.262;0.914;3.079;20
-0.138;1.043;2.648;20
-0.288;0.007;2.886;20
-1.322;-0.939;2.453;20
-2.108;-0.541;-0.215;20
-1.844;0.092;-1.664;20
-1.388;0.846;-0.396;20
-0.216;1.044;0.777;20
0.652;0.21;-0.337;20
0.572;-1.756;-2.202;20
-0.58;-2.372;-0.714;20
-2.844;-0.354;2.081;20
-4.112;-0.258;1.765;20
-4.151;-2.121;0.832;20
-4.027;-1.639;1.579;20
-3.762;0.524;1.063;20
-2.815;0.653;1.127;20
-1.604;-1.869;0.505;20
3.514;-5.768;-1.435;20
9.661;-8.276;-4.743;20
10.967;-6.066;-7.682;20
5.438;0.087;-6.469;20
-1.431;4.174;0.032;20
-6.179;4.641;11.835;20
-0.67;1.499;7.409;20
1.207;1.138;-0.157;20
1.3;2.654;0.694;20
1.806;4.035;0.233;20
2.869;4.58;-1.469;20
4.122;4.732;-2.182;20
4.352;4.606;-1.048;20
3.96;4.497;1.453;20
3.697;3.323;3.296;20
1.663;-0.643;3.533;20
-7.695;-6.693;1.188;20
-13.971;-8.404;-4.495;20
-9.426;-9.318;-6.238;20
-7.05;-5.153;-4.917;20
-4.564;0.721;3.251;20
-1.426;2.893;2.475;20
5.425;-2.313;2.715;20
8.117;-2.536;9.387;20
4.625;2.518;4.309;20
2.947;4.098;-1.894;20
1.729;3.507;-3.419;20
0.008;2.695;-6.671;20
0.557;2.301;-4.076;20
1.017;1.225;-0.047;20
0.969;0.35;0.578;20
0.432;0.628;-1.564;20
0.611;0.742;-3.908;20
0.364;0.422;-3.105;20
-0.193;0.345;-0.292;20
-0.506;0.33;1.476;20
-0.692;0.383;1.876;20
-0.644;-0.077;1.902;20
-0.767;-0.927;1.662;20
-1.353;-0.382;1.06;20
-1.196;0.572;0.301;19
-0.979;0.752;0.433;20
-0.803;0.806;0.758;20
-0.447;0.404;-0.908;20
-0.288;-1.011;-2.572;20
0.059;-2.859;-1.112;20
-1.58;-1.331;2.985;20
-3.598;-0.555;2.529;20
-4.089;-2.046;0.674;20
-3.92;-1.035;1.758;20
-3.702;1.426;1.181;20
-4.843;1.879;-0.21;20
-3.801;-1.689;-0.806;20
3.342;-7.015;-1.728;20
10.821;-10.591;-5.343;20
12.748;-8.633;-8.762;20
6.157;-0.243;-4.682;20
-1.877;5.442;5.898;20
-5.087;4.449;13.725;20
-0.357;1.035;4.225;20
0.426;1.66;-0.735;20
0.517;3.62;0.646;20
1.6;4.864;0.2;20
3.563;5.115;-2.458;20
4.755;5.296;-3.251;20
4.693;5.367;-1.934;20
4.377;5.007;0.903;20
4.321;3.733;2.538;20
3.729;0.186;1.238;20
-1.987;-6.944;4.273;20
-16.96;-8.565;-2.002;20
-15.441;-11.74;-7.813;20
-7.321;-7.947;-6.227;20
-4.304;1.363;3.255;20
-2.655;5.036;3.009;20
4.302;-0.102;3.433;20
7.659;-3.433;10.596;20
5.794;-0.617;5.857;20
3.19;2.887;-1.517;20
0.43;4.439;-7.217;20
0.286;3.693;-5.835;20
1.068;2.595;-2.335;20
1.14;1.443;-0.84;20
0.963;0.79;-0.465;20
1.283;0.817;-2.865;20
1.815;0.435;-5.554;20
1.006;0.31;-3.394;20
-0.068;0.807;0.361;20
-0.538;0.685;2.925;20
-0.545;0.498;2.714;20
-0.479;-0.215;1.934;20
-1.138;-1.179;1.426;20
-2.307;-0.681;1.551;20
-2.365;0.153;0.938;20
-2.2;1.154;0.224;20
-1.641;1.551;0.24;20
-0.602;0.928;-0.35;20
0.037;-0.255;-2.374;20
0.879;-1.732;-3.255;20
1.185;-1.809;-0.321;20
-0.472;-0.586;1.409;20
-2.36;-1.886;1.654;20
-4.011;-2.225;3.7;20
-3.858;0.784;2.787;20
-4.345;2.221;0.932;20
-4.896;1.229;1.21;20
-1.75;-2.739;-0.307;20
5.054;-7.519;-4.91;20
11.025;-10.374;-8.047;20
10.312;-7.523;-8.249;20
3.924;-0.516;-1.536;20
-6.122;4.62;9.476;20
-3.981;2.42;13.554;20
1.659;0.322;3.329;20
1.017;2.998;0.021;20
0.999;4.869;0.424;20
2.277;5.531;-1.239;20
3.681;5.875;-2.932;20
4.378;5.371;-2.421;20
3.931;5.02;-1.996;20
3.622;4.671;1.208;20
3.609;3.324;2.995;20
1.681;-1.552;1.691;20
-7.351;-8.792;-0.78;20
-14.817;-10.463;-2.847;20
-11.376;-8.934;-5.828;20
-7.966;-1.952;-5.0;20
-4.032;3.005;3.519;20
-0.354;3.922;2.738;20
6.098;-1.3;3.359;20
7.903;-5.267;9.485;20
5.019;-2.879;5.876;20
2.609;0.687;-1.095;20
0.117;3.843;-4.351;20
-1.765;5.537;-10.038;20
0.629;4.341;-6.846;20
1.055;2.988;-0.455;20
0.672;1.362;2.285;20
1.665;-0.018;-0.955;20
3.103;-0.337;-5.445;20
2.383;0.148;-4.607;20
1.194;0.302;0.32;20
0.356;0.718;3.263;20
-0.204;1.058;3.182;20
-0.216;0.566;3.013;20
-0.542;-0.559;3.121;20
-1.438;-0.607;1.08;20
-1.708;-0.567;-1.226;20
-1.951;-0.424;-1.367;20
-2.575;1.079;0.158;20
-1.811;1.844;0.864;20
-0.535;0.67;-0.246;20
0.307;-2.02;-2.021;20
0.345;-2.525;-0.459;20
-1.098;-0.636;1.421;20
-2.31;-1.29;1.007;20
-2.681;-2.616;2.207;20
-2.792;-1.089;2.01;20
-3.392;0.905;0.342;19
-4.286;1.248;0.353;20
-4.008;-0.299;0.426;20
0.52;-4.445;-1.763;20
7.371;-8.008;-5.511;20
11.118;-8.242;-8.167;20
7.273;-2.72;-5.212;20
1.677;3.04;1.33;20
-6.249;5.163;10.698;20
-1.566;0.988;10.139;20
1.222;-0.097;0.646;20
1.238;2.359;-1.804;20
2.06;4.798;-0.46;20
3.812;5.194;-1.696;20
4.765;5.256;-2.669;20
4.411;5.326;-1.411;20
3.565;4.632;0.422;20
3.422;3.722;3.976;20
2.739;1.873;2.448;20
-1.654;-3.667;2.548;20
-11.557;-8.241;-1.737;20
-11.322;-9.388;-1.999;20
-8.782;-7.041;-7.999;20
-6.444;-1.4;-3.815;20
-3.87;2.801;3.437;20
-1.376;3.166;1.36;20
4.803;-3.946;1.582;20
7.27;-5.355;8.864;20
5.101;0.095;6.492;20
2.404;4.481;0.429;20
0.901;4.96;-2.088;20
0.425;4.332;-4.524;20
0.688;3.58;-8.712;20
1.464;1.437;-2.606;20
1.885;-0.556;0.875;20
2.371;-0.289;-2.985;20
2.266;0.11;-4.085;20
0.679;0.506;-0.615;20
-0.192;0.941;1.325;20
-0.093;0.622;2.398;20
-0.328;0.291;2.703;20
-0.832;-0.432;2.22;20
-1.947;-0.848;1.066;20
-2.716;-0.463;-0.568;20
-2.296;-0.177;-1.294;20
-2.476;0.857;0.296;20
-2.056;1.741;1.976;20
-1.225;1.455;0.608;20
-0.212;-0.388;-2.045;20
0.651;-2.37;-2.421;20
0.541;-1.671;0.957;20
-0.73;-0.633;1.948;20
-2.514;-1.626;2.969;20
-3.64;-0.819;3.97;20
-3.75;0.625;1.415;20
-5.248;0.394;-1.052;20
-3.503;-2.779;-1.572;20
3.924;-6.457;-2.525;20
9.961;-8.806;-5.256;20
10.609;-6.72;-6.77;20
5.819;0.0;-0.723;20
-1.267;4.59;4.739;20
-5.465;3.924;11.396;20
-0.005;0.416;4.464;20
1.819;0.543;-1.77;20
1.173;3.418;-0.095;20
2.321;4.245;-0.087;20
3.693;4.245;-1.683;20
4.078;4.735;-1.797;20
3.675;4.315;-1.514;20
2.275;3.73;-1.041;20
1.497;3.073;0.761;20
1.93;1.069;1.685;20
-0.216;-3.414;3.233;20
-7.934;-7.843;3.3;20
-13.664;-5.72;0.361;20
-13.322;-2.744;-4.488;20
-7.719;-1.873;-6.206;20
0.081;-0.064;1.164;20
3.634;-0.249;3.35;20
7.091;-4.674;2.81;20
7.156;-5.136;3.217;20
2.585;0.335;2.138;20
-0.255;3.699;-0.511;20
-0.988;4.177;-0.675;20
-1.269;3.878;-0.463;20
-0.707;4.339;-4.533;20
2.289;4.224;-8.809;20
6.753;1.215;-5.589;20
7.154;-0.24;-0.807;20
3.53;1.117;3.059;20
1.478;1.989;3.57;20
1.059;1.412;3.862;20
1.414;-0.175;4.293;20
0.936;-0.763;3.572;20
-4.214;2.113;1.516;20
-4.444;0.304;1.039;20
-0.375;-2.496;0.517;20
3.581;-2.723;-2.962;20
2.748;-1.135;-6.055;20
-1.307;0.935;-3.606;20
-2.121;1.346;0.184;20
0.384;0.58;0.243;20
1.489;0.209;-0.384;20
1.232;0.721;-1.048;20
1.902;0.45;-1.019;20
1.858;-0.885;0.393;20
0.288;-0.359;0.668;20
-0.412;0.995;-1.909;20
-0.561;1.351;-1.981;20
-0.69;0.957;0.611;20
0.424;-0.067;0.643;20
1.556;-1.0;-1.038;20
0.937;-0.363;-0.77;20
0.516;0.051;-0.909;20
0.21;0.641;-0.897;20
0.26;0.599;-0.78;19
0.406;-0.34;-1.001;20
-0.052;-0.304;-1.479;20
-1.431;0.424;1.676;20
-2.669;0.324;5.074;20
-0.712;-1.148;0.615;20
-0.453;-0.307;-1.882;20
0.24;-1.319;-1.362;20
1.609;-2.112;-0.781;20
2.843;-3.205;-1.042;20
0.801;-2.691;-2.511;20
-4.379;-1.38;-4.69;20
-8.462;0.134;-3.318;20
-9.806;0.035;2.427;20
-7.758;-0.354;6.565;20
-4.82;0.931;3.091;20
-1.634;3.955;-1.409;20
1.727;4.728;-0.451;20
2.464;1.343;-0.556;20
0.159;1.146;-2.075;20
-0.529;0.721;-0.957;20
-0.68;-1.237;-0.204;20
-1.358;-2.788;-0.224;20
-1.369;-1.14;-2.599;20
-0.497;-0.88;-2.87;20
-1.066;-0.44;0.387;20
-1.155;-1.386;0.67;20
-1.124;-2.288;-0.203;20
-1.068;-3.797;-1.692;20
-1.163;-3.838;-2.499;20
-1.608;0.232;-1.018;20
-0.668;1.051;2.123;20
0.275;-1.771;2.393;20
0.61;-3.414;0.531;20
1.351;-2.441;0.426;20
1.118;-1.071;-0.157;20
-1.944;0.158;-1.465;20
-1.993;0.302;-2.431;20
2.377;-0.266;0.193;20
-0.583;0.639;3.621;20
-4.974;0.823;2.912;20
-4.649;0.342;1.991;20
-4.661;1.125;0.309;20
-4.714;1.749;-1.133;20
-4.213;0.678;-1.031;20
-3.567;-1.612;-1.255;20
-2.643;-2.531;-1.41;20
-1.32;-3.103;-1.312;20
-0.087;-3.177;-2.709;20
1.161;-3.15;-2.514;20
1.974;-3.068;-0.339;20
1.973;-1.47;0.263;20
3.106;-0.458;-0.422;20
3.713;0.38;1.618;20
3.536;1.194;3.642;20
3.029;2.113;3.763;20
2.944;2.667;2.621;20
2.785;3.75;1.701;20
2.651;4.408;1.678;20
2.899;4.288;2.517;20
2.704;4.4;3.901;20
2.587;4.661;4.729;20
3.033;3.973;5.815;20
6.067;2.791;14.148;20
6.629;3.512;10.239;20
-2.87;3.741;6.872;20
-6.041;4.623;2.825;20
-2.729;6.494;-0.539;20
-0.596;6.077;3.101;20
-0.18;4.501;5.148;20
0.794;2.93;5.038;20
0.911;2.706;4.842;20
-0.654;4.136;3.608;20
-1.977;5.057;3.172;20
-1.84;4.502;3.048;20
-0.489;3.338;2.131;20
1.199;1.803;2.811;20
1.301;1.422;3.146;20
-0.626;2.761;1.777;20
-2.318;4.279;0.179;20
-1.838;4.34;-0.642;20
-0.807;3.473;-0.416;20
0.599;2.977;-0.623;20
1.908;3.692;-1.317;20
0.445;3.724;0.174;20
-1.479;3.375;2.188;20
-1.669;3.702;1.356;20
-1.423;3.282;0.266;20
0.745;2.717;-1.171;64
-0.264;2.511;-0.645;21
0.324;2.913;-0.244;20
0.334;2.149;0.357;19
0.984;1.579;0.576;20
0.236;1.396;0.726;20
0.321;1.634;0.832;20
-0.151;1.294;0.746;20
0.09;1.488;0.467;20
0.413;1.549;-0.261;20
-0.128;1.077;0.419;20
0.103;1.378;0.585;20
0.066;1.055;-0.468;20
0.035;0.784;-0.277;20
0.446;0.843;-0.165;20
0.653;0.765;-1.412;20
0.216;0.719;-0.561;20
-0.022;0.829;-0.326;20
-0.336;0.845;0.144;20
-0.79;0.958;0.694;20
-0.311;0.728;0.385;20
0.387;0.255;-0.185;20
0.313;0.21;0.309;20
-0.103;0.261;0.326;20
-0.552;0.695;0.155;20
0.28;0.304;-0.403;20
0.353;0.308;0.229;20
-0.643;0.804;-0.139;20
-0.307;0.539;-0.522;20
-0.168;0.498;-0.284;20
0.014;0.197;-0.157;20
0.592;-0.566;-0.03;20
-0.385;-0.085;0.719;20
-0.759;0.316;0.688;20
-0.433;0.959;-0.651;20
-0.344;1.074;-0.627;20
-0.515;0.995;0.082;20
-0.604;0.792;0.123;20
-0.3;0.158;0.187;20
-0.064;-0.137;0.428;20
0.163;-0.212;-0.017;20
0.322;-0.219;0.002;20
0.127;-0.288;0.495;20
0.206;-0.253;0.084;20
0.081;-0.086;-0.625;20
0.001;0.183;-0.966;20
-0.308;0.359;-0.906;20
-0.66;0.492;-0.361;20
-0.378;0.136;-0.141;20
-0.13;0.104;-0.128;20
0.485;-0.265;-0.201;20
-0.1;0.034;0.144;20
-0.168;0.113;-0.043;20
-0.071;0.11;-0.037;20
0.377;-0.139;-0.048;20
-0.067;0.287;-0.088;20
-0.252;0.322;0.123;20
-0.003;0.295;0.008;20
0.135;0.25;-0.101;20
0.109;0.178;-0.127;20
0.014;0.03;-0.417;95
0.336;-0.05;-0.529;20
0.212;0.25;-0.784;20
0.02;0.028;-0.24;20
-0.845;0.614;0.003;20
0.198;-0.322;0.296;20
0.283;-0.085;0.415;20
0.001;0.292;0.035;20
-0.052;0.465;-0.006;20
-0.603;0.884;0.215;20
-0.536;0.606;0.351;20
-0.212;0.089;0.227;65
-0.126;0.135;0.027;20
-0.198;0.167;-0.165;20
0.272;-0.394;-0.609;20
0.047;-0.252;-0.531;20
-0.378;-0.314;-0.686;20
-0.329;-0.326;-1.115;20
-0.49;0.033;-0.998;20
-0.805;0.479;-0.199;20
-0.559;0.617;-0.099;20
-0.49;0.623;0.443;20
-0.464;0.568;0.9;20
-0.411;0.546;0.742;20
-0.317;0.379;0.871;20
-0.396;0.466;0.398;20
-0.309;0.296;-0.093;20
-0.038;0.076;-0.228;20
0.125;-0.205;-0.057;20
0.036;-0.289;0.093;20
-0.269;-0.064;-0.008;20
-0.12;-0.015;-0.246;20
0.068;-0.1;-0.439;20
0.106;-0.166;-0.286;20
0.045;-0.163;-0.129;20
0.027;-0.098;-0.03;20
-0.022;-0.005;-0.08;20
0.065;0.008;-0.09;20
0.218;-0.097;-0.051;20
0.299;-0.117;0.004;20
0.226;-0.068;0.094;20
0.075;0.048;0.028;20
0.144;0.019;-0.039;20
0.185;0.065;-0.243;20
0.109;0.129;-0.24;20
-0.042;0.178;-0.153;20
-0.058;0.152;-0.077;20
0.093;0.119;-0.234;20
0.183;0.078;-0.069;20
0.103;0.042;0.161;20
0.012;0.063;0.071;20
0.122;0.198;-0.259;20
0.066;0.107;-0.168;19
0.023;0.075;0.143;21
0.16;-0.024;0.142;19
0.109;-0.028;-0.027;20
0.148;0.004;-0.115;20
0.178;-0.064;-0.01;20
0.177;-0.134;0.039;20
0.118;-0.022;-0.058;20
0.069;0.043;-0.111;20
0.099;-0.003;-0.059;20
0.103;-0.033;0.005;20
0.009;0.105;-0.138;20
-0.073;0.167;-0.55;20
-0.028;0.073;-0.272;20
-0.115;0.046;-0.186;20
-0.221;0.107;-0.078;20
-0.204;0.144;0.069;20
-0.105;0.103;0.215;20
-0.074;0.097;0.165;20
-0.133;0.149;0.142;20
-0.277;0.297;0.082;20
-0.239;0.277;0.089;20
-0.092;0.004;0.529;20
-0.147;0.014;0.445;20
-0.14;0.14;-0.084;20
-0.038;0.192;-0.565;20
0.0;0.146;-0.512;20
-0.07;0.051;-0.32;20
-0.194;0.119;-0.311;20
-0.199;0.172;-0.347;20
-0.086;0.093;-0.33;20
0.025;-0.044;-0.093;20
-0.007;-0.062;0.078;20
-0.086;-0.008;0.14;20
-0.1;0.027;0.16;20
0.011;-0.039;0.162;20
0.012;-0.026;0.194;20
-0.053;0.036;0.205;20
0.03;-0.018;0.133;20
0.121;-0.078;0.048;20
0.06;-0.017;-0.07;20
0.035;0.053;-0.226;20
0.017;0.004;-0.022;20
0.053;-0.096;0.239;20
0.062;-0.134;0.191;20
0.013;-0.039;0.029;20
-0.032;0.053;-0.114;20
-0.007;-0.001;0.043;20
0.13;-0.119;0.127;20
0.17;-0.138;0.049;20
0.134;-0.022;-0.07;20
0.077;0.004;-0.061;20
0.026;0.03;0.014;20
-0.042;0.054;-0.168;20
-0.037;0.027;-0.271;20
0.002;-0.004;-0.268;20
-0.013;-0.013;-0.045;20
-0.053;0.044;-0.136;20
-0.133;0.064;-0.12;20
-0.23;-0.032;0.081;20
-0.333;-0.066;0.378;20
-0.339;-0.038;0.28;20
-0.101;-0.069;0.051;20
0.111;-0.135;-0.072;20
0.033;-0.017;0.009;20
0.008;0.017;0.024;20
0.049;-0.03;0.112;20
0.125;-0.115;0.237;20
0.043;-0.038;0.159;20
-0.031;0.095;0.055;20
-0.078;0.121;-0.112;20
-0.153;0.142;-0.092;20
-0.077;0.025;-0.251;20
-0.099;0.124;-0.532;20
-0.171;0.12;-0.554;20
-0.257;0.202;-0.539;20
0.005;-0.076;0.001;20
0.008;-0.141;0.465;20
-0.134;0.064;0.46;20
0.005;0.062;0.269;20
-0.031;0.147;0.196;20
-0.035;0.109;0.273;20
0.018;0.051;0.096;20
0.069;0.001;-0.068;20
0.061;-0.035;-0.078;20
0.008;-0.086;0.006;20
-0.019;-0.184;0.069;20
0.022;-0.137;-0.022;20
0.003;-0.083;-0.218;20
0.013;-0.023;-0.221;20
-0.088;0.072;-0.103;20
-0.149;0.105;-0.048;20
-0.22;0.177;-0.134;20
-0.175;0.179;-0.18;20
-0.192;0.187;-0.119;20
-0.333;0.366;-0.59;20
-0.153;0.211;-0.186;20
-0.062;0.048;0.127;20
-0.111;0.083;0.229;20
-0.07;0.056;0.151;20
-0.001;0.093;-0.074;20
-0.01;0.066;-0.122;20
-0.04;0.012;0.075;20
0.022;0.028;0.051;20
0.166;-0.044;-0.17;20
0.304;-0.111;-0.059;20
0.161;-0.175;0.139;20
0.206;-0.169;0.09;20
0.317;-0.152;-0.051;20
0.334;-0.093;-0.031;20
0.25;-0.102;0.121;20
0.065;0.018;0.03;20
-0.062;0.153;-0.066;20
0.024;0.031;-0.016;20
0.013;-0.039;0.129;20
-0.131;0.025;0.178;20
-0.12;0.095;-0.007;20
-0.097;0.135;-0.113;20
-0.149;0.192;-0.119;20
-0.15;0.211;-0.092;20
-0.202;0.288;-0.619;20
-0.003;0.193;-0.366;20
0.163;-0.122;-0.058;20
-0.05;0.04;0.199;20
-0.042;0.048;0.286;19
0.094;-0.042;0.156;21
0.108;-0.057;0.079;20
0.118;-0.158;0.165;19
0.171;-0.146;0.214;21
0.161;-0.105;0.125;20
0.131;-0.03;0.068;19
0.074;0.02;0.002;20
0.092;0.006;0.046;20
0.175;-0.075;0.046;20
0.176;-0.124;-0.002;20
0.024;0.065;-0.342;20
-0.197;0.159;-0.55;20
0.086;-0.043;-0.413;20
0.083;-0.128;0.031;20
-0.06;0.018;0.14;20
0.057;0.089;0.081;20
0.101;0.022;-0.001;20
-0.045;0.095;-0.11;20
-0.164;0.184;-0.105;20
-0.099;0.158;-0.101;20
-0.086;0.105;-0.054;20
-0.028;0.013;-0.025;20
0.052;-0.092;0.054;20
0.13;-0.168;0.11;20
0.135;-0.125;0.019;20
0.163;-0.188;0.025;20
0.108;-0.099;-0.008;20
0.029;-0.027;-0.051;20
0.172;-0.087;0.091;20
0.068;-0.136;0.049;20
-0.243;0.047;0.194;20
-0.292;0.175;0.045;20
-0.039;0.08;-0.094;20
0.111;-0.059;-0.078;20
0.116;-0.103;0.018;20
-0.061;-0.079;0.213;20
-0.338;0.009;0.388;20
-0.473;0.021;0.391;20
-0.315;-0.061;0.284;20
-0.131;-0.159;0.088;20
-0.059;-0.178;0.037;20
-0.082;-0.154;-0.023;20
-0.109;-0.168;-0.025;20
-0.154;-0.101;0.004;20
-0.128;-0.118;0.03;20
-0.12;-0.105;0.026;20
-0.082;-0.098;-0.139;20
-0.086;-0.115;-0.222;20
-0.13;-0.098;-0.117;20
-0.2;-0.041;0.076;20
-0.192;0.009;0.167;20
-0.203;-0.034;0.298;20
-0.113;-0.073;0.251;20
-0.033;-0.014;0.077;20
-0.004;-0.017;0.054;20
0.06;-0.097;0.183;20
-0.013;-0.026;0.143;20
-0.027;0.035;0.017;20
0.003;0.063;-0.142;20
-0.037;0.053;-0.183;20
-0.082;0.063;-0.141;20
-0.101;0.008;0.035;19
-0.061;0.008;0.076;20
-0.089;-0.004;0.063;20
-0.108;-0.051;0.117;20
-0.023;-0.1;0.029;20
0.196;-0.156;-0.133;20
0.193;-0.078;-0.166;20
0.208;-0.171;-0.01;20
0.227;-0.201;-0.012;20
0.176;-0.241;0.172;20
0.152;-0.177;0.282;20
0.122;-0.158;0.177;20
0.113;-0.117;0.024;20
0.159;-0.049;-0.082;20
0.104;0.017;-0.195;20
-0.007;0.08;-0.278;20
-0.16;0.171;-0.182;20
-0.343;0.237;0.024;20
-0.443;0.282;-0.051;20
-0.436;0.355;-0.286;20
-0.502;0.418;-0.336;20
-0.494;0.393;-0.272;20
-0.596;0.458;-0.324;20
-0.648;0.53;-0.45;20
-0.522;0.41;-0.405;20
-0.344;0.231;-0.219;19
-0.236;0.155;-0.175;20
-0.177;0.138;-0.145;20
-0.144;0.129;-0.098;20
-0.114;0.085;-0.053;20
0.015;0.016;-0.021;20
0.0;0.03;-0.001;20
0.034;-0.003;0.022;20
-0.08;0.071;0.037;20
-0.104;0.089;-0.022;20
-0.065;0.116;-0.163;20
-0.306;0.218;-0.203;20
-0.363;0.259;-0.184;20
-0.308;0.229;-0.236;20
-0.495;0.325;-0.805;20
-0.516;0.466;-0.887;20
-0.438;0.2;-0.49;20
0.095;-0.233;0.106;20
0.002;-0.126;0.139;20
-0.361;0.153;-0.021;20
-0.169;0.13;-0.11;20
0.077;0.033;-0.047;20
0.025;0.086;0.018;20
-0.028;0.096;0.004;19
0.011;0.019;0.072;20
0.076;0.0;0.076;20
0.09;-0.055;0.042;20
0.138;-0.114;0.089;20
0.146;-0.196;0.182;20
0.169;-0.157;0.197;20
0.19;-0.119;0.146;20
0.128;-0.046;0.149;20
0.174;-0.07;0.187;20
0.241;-0.131;0.162;20
0.283;-0.143;0.108;20
0.203;-0.111;0.155;20
0.221;-0.147;0.091;20
0.192;-0.112;0.045;20
0.14;-0.084;0.072;20
0.137;-0.096;0.097;20
0.126;-0.137;0.118;20
0.066;-0.092;0.075;20
0.085;-0.063;-0.083;20
0.078;-0.03;-0.124;20
0.055;-0.076;0.053;20
-0.083;-0.039;0.17;20
-0.124;-0.009;0.067;20
-0.073;0.0;-0.009;20
-0.122;0.037;-0.012;19
-0.08;0.053;-0.039;20
-0.023;0.023;-0.127;20
-0.009;0.046;-0.119;20
-0.07;0.038;-0.003;20
-0.151;0.084;0.062;20
-0.101;0.101;-0.097;20
-0.054;0.07;-0.202;20
-0.19;0.071;-0.048;20
-0.367;0.192;0.023;20
-0.298;0.211;-0.276;20

# Completed @Sun Jan 24 20:44:37 GMT+02:00 2021
