# Accelerometer Data File
# Started @Tue Jan 26 20:28:52 GMT+02:00 2021
#
#
# sensor Vendor: BOSCH
# sensor Name: BMI160 Accelerometer Non-wakeup
# sensor Resolution: 0.0023928226m/sec^2; Max Range: 78.4532; Min Delay: 2500 microseconds
# The sensor's attributes are the result hardware and the Android capabilities.
# It means that the Android may not utilize all features provided by the hardware.
#
# Some devices and Android versions save battery too much so the device may go to sleep.
# It just happens after couple of minutes from turning off the scree and it is easy to find it out.
#
# The following file provides the data from accelerometer in the m/s^2 format.
# The diff value is just a time delta between the samples
#
#
# data format:
# so we have 4 columns with values separated by the " "
# X Y Z time_from_previous_sample(ms)

# sensor speed set to:NORMAL
# units set to: m/sec^2
# gravity  filtered out
# Accuracy: HIGH
-2.196 1.43 7.428 0
-1.89 1.166 7.157 20
-1.185 0.853 7.838 20
-0.235 1.035 8.184 20
-0.627 1.613 8.051 20
-1.226 2.001 6.968 20
-0.815 1.596 5.506 21
-0.153 1.206 4.778 20
0.409 0.96 3.93 20
0.652 0.683 3.138 20
0.436 0.725 3.078 20
-0.105 1.131 1.639 20
0.021 0.8 -0.033 21
0.601 -0.191 0.247 20
0.699 -0.303 1.249 20
0.557 0.22 1.173 20
2.129 0.004 -0.049 20
2.938 -0.205 0.597 21
2.769 0.06 1.939 20
2.538 0.125 2.336 20
2.702 -0.089 1.589 20
2.354 -0.203 0.3 20
1.871 -0.316 0.259 20
1.574 -0.261 0.395 21
1.013 -0.286 0.895 20
1.863 -1.025 1.732 20
2.726 -1.996 2.518 20
3.176 -1.853 2.499 20
1.955 -0.919 2.116 21
2.309 -1.22 1.522 20
3.1 -0.901 1.346 20
3.652 -1.139 -0.484 20
3.285 -1.361 -2.921 20
2.422 -1.076 -3.561 20
1.205 -0.546 -2.195 21
0.06 0.228 -0.553 20
0.733 -0.43 -0.851 20
1.335 -0.952 -1.512 20
0.259 -0.201 -2.473 20
-0.07 -0.436 -0.035 20
0.374 -0.814 -0.554 21
0.071 -0.418 -0.957 20
-0.457 -0.109 -0.997 20
-1.849 0.554 -1.57 20
-4.771 3.118 -1.198 20
-1.512 3.033 1.17 21
2.754 0.423 3.605 20
1.314 0.499 3.704 20
-1.6 0.199 2.079 20
-4.344 -0.918 1.597 20
-5.134 -2.078 0.655 20
-5.91 -2.487 -0.57 21
-7.022 -2.26 -0.271 20
-4.729 -2.566 0.259 20
-2.419 -2.346 4.226 20
-7.692 -3.269 1.568 20
-7.11 -2.393 -0.627 21
-4.78 -0.866 -2.345 20
-3.888 -0.883 -1.971 20
-3.831 0.707 -5.307 20
-1.577 1.335 -2.338 20
-0.145 0.052 2.659 20
-0.124 -0.5 3.928 21
0.006 -0.163 2.406 20
0.732 0.029 0.919 20
1.338 -0.163 -1.166 20
0.637 0.508 -2.343 20
-0.941 1.682 -1.031 21
-2.341 1.936 0.294 20
-1.262 0.382 -2.184 20
1.72 -0.313 -0.545 20
1.973 -0.736 -0.833 20
2.73 -1.915 -1.924 20
2.994 -1.282 -2.467 21
1.625 -0.248 -4.613 20
1.476 -0.65 -4.385 20
2.216 -1.736 -2.53 20
2.846 -2.91 -2.87 20
2.605 -2.893 -2.71 21
2.034 -3.186 -2.732 20
2.902 -3.876 -2.983 20
3.922 -4.614 -2.639 20
4.77 -5.297 -2.492 20
5.888 -6.009 -1.544 20
6.532 -5.798 0.186 21
8.022 -7.193 -0.418 20
9.712 -8.071 -1.806 20
12.063 -8.78 -7.0 20
13.524 -9.109 -9.818 20
12.687 -7.103 -11.613 21
7.24 -1.628 -4.56 20
3.795 0.073 -8.707 20
4.118 5.768 -24.812 20
3.327 -3.496 -9.865 20
-7.774 -6.404 12.024 20
-7.725 -2.756 9.341 21
-3.578 0.224 3.778 20
-1.584 0.103 6.972 20
-1.044 1.412 6.383 20
-1.543 2.543 2.873 20
-2.605 3.289 0.458 21
-2.206 4.555 1.304 20
-0.819 3.528 2.207 20
0.37 4.089 -0.891 20
0.635 5.086 -2.07 20
1.431 4.485 0.954 20
-1.035 5.528 2.946 21
-2.648 4.846 5.268 20
-1.462 6.631 -0.581 20
-1.872 6.684 -2.163 20
-1.875 5.505 -1.91 20
1.419 6.116 -6.361 21
2.76 2.702 -1.305 20
-0.617 -1.774 4.753 20
-0.601 -1.363 0.913 20
2.849 -0.481 -0.247 20
4.807 -0.379 1.187 20
4.505 -1.443 3.123 21
5.602 -4.287 6.191 20
3.031 -5.311 3.791 20
0.804 -3.719 -2.298 20
-0.603 -2.12 -3.304 20
-0.368 -0.539 -1.335 21
-1.237 1.023 0.701 20
0.688 1.626 2.214 20
-0.531 4.121 3.234 20
-1.873 3.349 1.93 20
-4.083 2.781 -0.832 20
-1.301 0.662 -1.301 21
-2.443 0.844 -2.913 20
-2.328 0.03 -2.212 20
-1.709 0.823 -0.393 20
-2.413 2.267 0.624 20
-1.654 2.778 0.316 21
0.429 2.504 0.09 20
1.043 2.564 0.913 20
0.443 1.782 0.475 20
0.802 0.415 -0.223 20
1.856 -0.352 -0.297 20
3.173 -0.67 -0.679 21
7.325 -0.614 -1.487 20
5.549 0.783 -1.245 20
2.09 0.237 2.015 20
0.231 -0.693 2.924 20
-1.119 -0.893 0.583 20
-0.431 -2.464 2.896 21
0.415 -1.411 1.953 20
-0.632 -0.145 1.073 20
-0.968 0.067 1.271 20
-1.921 -0.109 -0.224 20
-3.49 -0.309 -2.422 21
-2.943 -2.044 -2.26 20
-1.713 -2.275 -0.831 20
-0.72 -0.431 -1.204 20
1.173 0.008 -0.677 20
1.508 0.091 -0.505 20
0.818 -0.046 -1.3 21
0.213 -0.615 -1.452 20
-0.726 -0.816 -1.081 20
-1.218 -0.927 -1.238 20
0.162 -0.166 -1.651 20
0.695 2.066 -1.818 20
0.727 3.317 -2.748 21
0.794 2.955 -2.228 20
0.588 2.136 -0.996 20
-0.08 1.637 -1.545 20
-0.434 1.137 -2.658 20
0.102 0.795 -3.104 21
0.96 0.575 -1.845 20
1.166 0.669 -0.563 20
1.524 1.164 -0.45 20
1.658 1.307 -1.561 20
2.014 0.533 -1.465 20
2.664 0.105 -1.142 21
3.874 -0.627 -0.073 20
3.616 -3.102 6.617 20
-0.541 -3.755 3.668 20
-1.552 -3.673 1.846 20
-3.026 -0.787 1.308 21
-2.008 0.593 -0.047 20
2.333 0.184 1.932 20
-2.888 2.345 0.691 20
-6.059 1.912 -1.822 20
1.328 -0.882 2.048 20
-2.835 0.177 1.83 21
-1.873 0.175 0.528 20
0.435 0.077 0.805 20
0.45 0.798 0.746 20
0.051 1.02 -0.037 20
-0.281 0.89 -0.462 21
-0.651 0.65 -0.815 20
-1.563 0.438 -0.707 20
-1.896 0.138 -0.1 20
-1.266 -0.015 0.563 20
0.319 0.494 -0.043 20
1.677 1.309 -0.405 21
1.686 1.899 -0.573 20
0.934 1.381 0.085 20
0.793 1.1 0.238 20
1.129 0.809 0.363 20
2.418 1.623 0.555 21
5.056 2.077 0.465 20
1.72 2.889 -0.618 20
1.423 1.098 -0.968 20
1.457 0.201 -1.188 20
-1.98 -0.415 0.196 20
-5.71 -1.247 1.523 21
-5.872 -2.067 -1.73 20
-2.803 -5.214 -2.185 20
0.068 -7.616 -1.416 20
3.161 -11.061 1.462 20
3.069 -10.08 0.805 20
2.273 -5.105 -2.894 21
0.743 0.074 -4.524 20
-1.102 1.007 1.999 20
-2.743 1.592 5.723 20
-1.636 0.697 -2.263 20
-2.009 -0.255 -1.668 21
-2.522 0.108 -1.529 20
-2.776 0.666 -1.652 20
-2.356 1.138 -1.847 20
-1.536 1.466 -1.64 20
-1.098 1.675 -0.015 21
-0.458 0.891 3.351 20
0.264 -0.245 4.167 20
-0.477 -1.369 -0.332 20
2.836 -2.252 -3.981 20
3.376 -3.055 -7.144 20
-2.213 -0.111 -1.044 21
-1.217 -0.966 2.453 20
2.721 -3.435 3.816 20
1.212 -3.743 5.245 20
-5.243 -3.431 7.489 20
-3.183 -4.196 -0.643 20
0.989 -4.44 1.369 21
-1.435 -2.927 2.668 20
-4.269 -1.287 1.192 20
-5.103 0.242 -0.871 20
-3.953 -0.372 2.082 20
-2.874 -0.94 1.615 21
-2.44 -1.176 -2.118 20
-1.502 -1.296 -4.023 20
0.103 -0.539 -1.926 20
0.5 1.362 2.446 20
-0.687 3.377 2.046 20
-1.58 3.531 0.061 21
-1.127 2.318 -0.533 20
-1.258 0.363 0.677 20
-1.442 -0.795 1.614 20
-1.332 4.356 3.606 20
-0.427 2.668 0.389 21
-0.32 1.086 -3.359 20
-1.937 1.553 -5.382 20
-1.782 -0.869 -5.038 20
0.152 -6.274 -3.878 20
2.457 -9.104 -3.256 20
1.157 -6.042 -4.252 21
3.538 -6.529 -6.383 20
4.497 -10.334 -2.035 20
1.167 -9.329 3.077 20
-2.418 -2.713 -0.765 20
-6.024 0.895 -1.946 21
-9.71 2.575 1.486 20
-6.809 1.805 5.401 20
-2.14 -0.887 -2.912 20
0.365 -2.066 -13.336 20
-2.661 -1.715 -3.769 20
-3.518 0.868 6.721 21
-1.288 7.439 5.794 20
1.687 8.12 2.794 20
0.665 5.547 -1.792 20
-0.677 3.267 -3.644 20
-1.101 2.971 -1.259 20
-1.182 3.706 1.267 21
-1.42 2.863 1.634 20
-1.698 1.348 -0.126 20
-1.597 -1.142 -2.256 20
-0.547 -2.125 -4.398 20
0.531 -2.715 -4.896 21
2.743 -3.564 -6.118 20
3.597 -3.969 -4.844 20
-0.955 -1.172 -2.238 20
-1.627 1.259 -3.321 20
-2.085 1.58 -5.94 20
0.308 -2.889 -2.729 21
3.425 -8.611 6.818 20
0.543 -8.039 13.253 20
-6.431 1.287 3.187 20
-5.219 4.946 1.027 20
-0.264 4.68 4.301 21
1.227 4.647 5.36 20
0.995 3.643 3.895 20
-0.359 1.231 1.899 20
-0.347 -2.847 -0.027 20
1.393 -6.534 -1.84 20
-1.171 -4.287 -5.446 21
-4.115 0.575 -4.755 20
-2.481 3.847 0.265 20
0.857 3.975 4.093 20
2.486 2.579 6.303 20
0.967 1.668 6.207 21
-0.084 0.162 2.626 20
-0.218 -1.36 -3.499 20
-1.985 -1.834 -6.416 20
-1.517 -1.836 -2.486 20
0.134 -1.122 0.717 20
2.449 -0.305 0.04 21
5.326 -0.999 -0.735 20
4.688 -2.315 1.142 20
2.761 -2.159 2.649 20
1.032 -1.462 1.759 20
-0.305 -1.012 -1.266 21
0.517 -1.821 -2.517 20
0.759 -2.857 -1.931 20
0.284 -2.204 -0.509 20
-0.134 -0.565 -0.092 20
-1.979 -1.095 1.766 20
-6.754 -2.736 3.099 21
-9.543 -3.409 1.534 20
-4.784 -2.303 -0.85 20
0.708 0.05 -3.151 20
2.194 7.035 -0.34 20
-6.53 2.565 3.54 20
0.983 2.494 1.903 21
3.271 3.335 0.318 20
3.741 1.954 0.098 20
3.475 2.55 -0.982 20
2.317 4.591 -1.498 20
0.688 6.408 0.091 21
-0.372 6.33 0.483 20
-0.485 4.929 -0.179 20
0.265 3.417 -1.569 20
1.058 2.583 -3.348 20
2.504 0.872 -4.591 20
4.492 -2.364 -5.036 21
7.005 -8.274 -3.43 20
1.93 -10.206 -1.065 20
-3.57 -3.513 -3.183 20
-2.42 3.943 -4.352 20
-2.518 6.235 -2.658 21
-1.171 0.377 -2.381 20
2.601 -8.825 1.008 20
0.843 -12.345 13.983 20
-2.832 -6.205 4.366 20
-5.507 3.443 -1.684 20
-5.797 7.876 1.062 21
-2.835 6.912 5.386 20
-0.178 4.99 8.851 20
0.893 2.572 6.731 20
1.145 -1.735 0.855 20
2.384 -6.684 -2.099 21
2.236 -7.488 -4.282 20
-4.062 -1.423 -7.023 20
-3.789 2.278 -1.935 20
0.405 2.783 2.944 20
1.375 2.628 4.903 20
1.619 1.007 5.54 21
1.194 0.375 3.91 20
0.577 1.377 0.354 20
-0.273 1.701 -3.41 20
-0.259 0.041 -4.244 20
0.818 -1.314 -1.536 21
1.857 -0.887 -0.242 20
3.256 -0.182 -0.863 20
3.409 -1.539 -0.865 20
2.361 -2.532 -0.347 20
1.62 -1.811 0.176 20
0.568 -1.05 0.954 21
0.065 -1.02 0.158 20
-0.234 -1.211 -1.621 20
0.149 -1.754 -1.614 20
0.069 -1.396 -1.071 20
0.472 -0.747 -1.145 20
0.114 -1.658 -0.418 21
-4.001 -2.007 3.213 20
-6.848 -2.192 2.359 20
-6.366 -3.129 -0.086 20
-3.44 -1.945 -1.039 20
-1.138 0.603 -0.497 21
0.133 2.584 -0.217 20
1.928 3.512 0.83 20
3.654 3.148 1.62 20
3.776 2.852 1.122 20
3.424 3.212 -0.031 20
2.663 3.975 -1.453 21
0.952 4.983 -0.971 20
-1.009 4.961 0.041 20
-1.93 4.685 0.296 20
-1.478 4.613 -0.27 20
-0.89 4.346 -1.775 21
-0.519 3.795 -2.678 20
0.547 2.216 -2.74 20
2.349 -1.378 -3.742 20
5.701 -9.828 -4.105 20
2.762 -13.915 -2.436 20
-0.657 -4.079 -2.951 21
-1.141 5.547 -5.892 20
-2.803 6.949 -4.88 20
0.275 -3.692 -3.842 20
2.826 -12.313 10.128 20
-1.242 -9.915 10.29 20
-4.274 1.038 0.385 21
-4.601 7.576 1.689 20
-1.793 7.591 5.651 20
2.05 5.215 8.736 20
3.426 2.63 7.737 20
1.447 -2.061 2.001 21
1.455 -7.315 -3.058 20
1.081 -7.78 -6.941 20
-4.89 -0.94 -6.37 20
-5.406 3.525 -3.068 20
-0.696 3.574 0.834 20
1.337 2.902 4.355 21
1.423 1.251 6.479 20
1.79 -0.061 5.505 20
1.035 0.572 1.785 20
-0.268 0.723 -2.764 20
-0.606 -0.413 -4.381 21
-0.036 -0.704 -2.985 20
0.701 0.118 -1.652 20
2.099 0.065 -0.029 20
3.394 -1.18 0.848 20
3.342 -2.176 0.673 20
2.367 -1.946 0.75 21
0.957 -1.426 1.203 20
0.206 -2.031 0.785 20
-0.305 -2.557 -0.202 20
0.05 -3.278 -1.931 20
0.224 -3.553 -1.944 21
-0.298 -0.645 -0.228 20
-1.949 2.025 -0.819 20
-5.01 0.749 -0.276 20
-6.607 -1.229 2.163 20
-5.165 -2.658 0.539 20
-3.424 -2.483 -1.963 21
-2.148 -0.184 -0.857 20
-0.612 2.332 2.578 20
1.507 3.69 2.848 20
3.657 3.122 0.854 20
4.11 2.745 -0.742 21
3.611 3.038 -1.797 20
2.717 3.667 -1.991 20
0.794 4.495 -0.91 20
-0.839 4.528 0.189 20
-1.615 4.408 0.494 20
-1.119 3.898 0.399 21
-0.537 3.525 -0.582 20
-0.119 3.645 -1.705 20
0.758 3.067 -1.619 20
1.741 0.949 -1.843 20
4.898 -5.225 -4.948 21
9.822 -15.958 -5.57 20
-0.331 -11.974 -4.748 20
-3.256 1.775 -5.812 20
-3.963 6.918 -5.568 20
-3.079 1.604 -1.544 20
1.518 -7.488 3.773 21
1.713 -10.391 13.729 20
-0.272 -3.341 4.989 20
-3.248 5.788 0.547 20
-3.271 8.48 2.476 20
-1.247 7.981 4.901 21
-0.346 6.428 6.895 20
-0.68 2.595 5.39 20
-0.409 -3.58 0.943 20
0.73 -9.377 -2.296 20
0.021 -8.56 -4.701 20
-2.371 0.005 -4.326 21
0.409 3.406 -0.17 20
2.55 2.738 3.093 20
1.898 1.252 2.646 20
0.62 0.707 1.976 20
-0.726 1.259 1.519 21
-1.773 1.245 -0.085 20
-1.934 0.323 -1.805 20
-0.796 -0.566 -2.362 20
0.438 -0.837 -2.1 20
1.548 -0.471 -0.773 20
2.29 0.455 0.379 21
2.902 0.2 -0.048 20
2.251 -1.762 -0.304 20
1.123 -2.187 -0.071 20
1.161 -1.455 1.136 20
1.004 -1.062 1.15 20
0.617 -1.145 -0.185 21
0.982 -1.867 -1.292 20
1.561 -3.03 -1.803 20
1.096 -2.789 -0.883 20
-0.12 -1.113 -0.398 20
-3.29 -0.554 -0.688 20
-7.657 -1.289 2.021 21
-8.515 -2.2 2.78 20
-5.486 -3.144 -0.407 20
-2.813 -1.197 -1.912 20
-0.859 1.134 -0.669 20
0.179 2.874 0.796 21
2.664 3.453 2.144 20
4.672 2.875 1.746 20
4.453 3.155 0.418 20
3.186 4.316 -1.018 20
1.699 5.525 -1.306 20
0.209 5.602 -0.16 21
-1.285 5.128 -0.075 20
-1.504 4.703 -0.445 20
-0.594 3.916 -1.28 20
0.462 3.296 -2.624 20
1.798 2.106 -3.438 21
3.235 -0.419 -4.487 20
8.4 -6.899 -5.431 20
6.972 -11.338 -0.931 20
-2.359 -5.452 -1.582 20
-2.878 2.877 -6.055 20
-4.159 5.245 -5.324 21
-1.816 -1.746 -1.978 20
1.581 -8.033 2.942 20
-0.902 -10.252 11.127 20
-2.429 -3.246 4.989 20
-4.422 5.548 0.786 21
-3.22 7.069 2.15 20
0.186 5.369 5.225 20
1.689 3.771 7.393 20
0.986 1.581 4.48 20
0.555 -1.948 -0.326 20
1.073 -4.703 -2.281 21
-0.105 -4.64 -3.103 20
-4.035 -1.067 -4.362 20
-2.642 1.557 -2.552 20
1.609 2.367 0.793 20
2.233 1.649 2.146 21
1.206 -0.006 2.849 20
0.751 -0.034 3.599 20
-0.151 0.564 1.642 20
-1.649 0.229 -1.081 20
-1.241 -0.534 -2.523 20
-0.041 -0.701 -2.374 21
0.926 -0.109 -1.177 20
1.918 0.3 -0.022 20
2.325 -1.01 0.785 20
1.418 -2.054 0.832 20
0.966 -2.12 1.387 20
1.037 -1.895 1.334 21
1.604 -1.958 -0.072 20
1.903 -2.544 -1.417 20
1.294 -3.458 -1.948 20
0.251 -3.035 -0.912 20
-0.673 -0.61 0.008 21
-2.638 1.235 -0.869 20
-5.436 0.267 0.185 20
-6.511 -1.361 2.148 20
-4.894 -2.126 0.952 20
-2.995 -1.008 -1.063 20
-1.436 0.97 -0.834 21
-0.56 2.983 0.816 20
1.617 3.582 2.211 20
3.76 2.639 1.421 20
4.093 2.356 0.155 20
3.285 3.069 -0.789 21
1.865 4.131 -1.335 20
0.53 4.518 -0.68 20
-0.73 4.277 -0.273 20
-1.29 4.309 -0.259 20
-0.842 3.921 -0.431 20
-0.122 3.546 -1.002 21
0.788 3.131 -2.004 20
1.802 1.703 -3.261 20
3.879 -2.366 -5.893 20
11.893 -11.605 -5.801 20
2.451 -11.529 -2.367 21
-4.569 -1.31 -4.081 20
-5.136 5.857 -6.09 20
-4.278 2.647 -2.053 20
-0.025 -4.531 1.217 20
1.322 -9.01 8.501 21
-0.213 -8.493 9.77 20
-2.233 1.072 1.933 20
-4.218 7.197 0.418 20
-2.278 6.963 2.692 20
0.156 5.348 6.146 20
0.305 3.323 7.206 21
0.731 -0.401 2.491 20
1.287 -4.395 -1.61 20
2.416 -6.452 -3.077 20
-0.365 -3.694 -3.627 20
-3.836 1.448 -3.32 20
-0.287 2.65 -0.528 21
2.0 2.226 1.36 20
1.528 1.02 1.367 20
0.979 0.498 2.53 20
0.605 0.844 2.62 20
-0.3 0.995 0.909 20
-0.69 0.44 -0.738 21
-0.093 -0.247 -2.158 20
0.612 -0.628 -2.332 20
1.189 -0.336 -0.849 20
1.604 0.317 0.328 20
1.722 -0.24 0.248 21
0.937 -1.173 0.391 20
0.186 -1.834 1.564 20
0.217 -1.993 1.468 20
0.982 -2.428 0.012 20
1.964 -2.461 -1.89 20
1.733 -1.928 -3.093 21
1.53 -3.003 -1.941 20
0.7 -2.59 0.389 20
-0.879 -0.108 1.061 20
-2.936 0.54 -0.225 20
-5.253 -1.068 0.751 21
-6.347 -2.142 1.237 20
-4.442 -2.273 0.16 20
-1.812 -0.778 -0.206 20
-0.77 1.073 1.378 20
-0.006 2.524 2.437 20
2.079 3.147 1.232 21
3.281 3.016 -0.591 20
2.325 3.505 -1.326 20
1.373 4.254 -1.221 20
0.358 4.812 -0.536 20
-0.675 4.74 -0.127 21
-1.155 4.368 -0.246 20
-0.999 3.816 0.0 20
-0.468 3.282 -0.079 20
0.061 3.148 -1.207 20
0.801 2.548 -2.406 20
1.973 0.676 -3.066 21
4.628 -3.622 -5.325 20
10.314 -11.373 -5.426 20
1.066 -9.33 -2.144 20
-3.043 -0.435 -3.867 20
-4.672 3.833 -6.009 20
-3.267 -0.654 -2.852 21
1.664 -6.763 1.816 20
1.146 -8.004 9.303 20
-0.462 -1.777 6.191 20
-3.257 5.704 1.831 20
-2.664 6.846 2.441 21
-0.207 5.575 4.39 20
0.675 4.674 6.234 20
-0.422 2.754 5.108 20
-1.162 -1.255 0.303 20
0.136 -5.812 -2.238 20
1.231 -7.214 -3.002 21
-1.815 -2.183 -3.245 20
-1.946 2.241 -2.006 20
1.421 2.758 0.744 20
2.64 1.027 1.558 20
1.533 0.265 1.82 21
0.603 1.066 2.744 20
-0.148 1.371 2.01 20
-1.076 0.867 0.712 20
-1.464 -0.141 -0.395 20
-0.931 -1.03 -1.535 20
-0.045 -1.19 -2.315 21
0.25 -0.252 -1.501 20
0.173 0.477 0.403 20
0.884 0.016 1.395 20
1.557 -0.992 1.251 20
0.983 -1.932 1.023 21
0.581 -2.756 1.972 20
2.027 -2.2 0.111 20
2.67 -1.734 -2.482 20
0.958 -2.027 -3.155 20
-0.014 -2.594 -2.024 20
0.249 -3.108 0.085 21
-0.766 -1.32 1.73 20
-2.522 0.695 0.449 20
-4.801 0.099 -0.101 20
-6.212 -0.897 1.458 20
-5.478 -1.172 1.066 21
-3.1 -0.906 -0.208 20
-0.91 0.208 -0.752 20
0.111 1.315 0.053 20
1.215 2.005 0.994 20
3.105 1.951 1.475 20
3.909 2.101 1.129 21
2.707 2.992 -0.016 20
1.309 4.101 -1.049 20
0.152 4.743 -1.237 20
-0.915 4.835 -0.93 20
-1.194 4.63 -0.779 21
-0.436 3.899 -0.632 20
0.288 3.277 -0.795 20
0.608 2.996 -1.405 20
1.123 2.194 -2.209 20
2.597 0.056 -3.193 20
5.097 -3.928 -5.202 21
8.211 -9.059 -4.232 20
1.871 -6.471 -1.165 20
-0.975 -0.493 -3.082 20
-2.812 3.594 -5.52 20
-2.692 1.003 -3.981 21
1.5 -5.495 0.485 20
1.966 -9.928 9.612 20
0.015 -7.657 7.911 20
-4.429 2.954 1.297 20
-5.28 7.389 1.29 20
-2.695 6.689 3.494 21
-0.744 5.694 6.234 20
-0.786 4.03 6.701 20
-0.957 0.399 2.553 20
0.192 -4.254 -0.95 20
1.608 -7.782 -2.543 20
-0.535 -5.866 -4.729 21
-3.0 0.108 -4.116 20
0.046 2.956 0.382 20
2.167 2.619 2.498 20
1.735 0.691 1.614 20
0.798 0.363 1.485 21
0.128 0.79 1.477 20
-0.762 0.633 0.389 20
-1.253 0.033 -0.488 20
-0.907 -0.148 -1.213 20
-0.221 -0.314 -1.799 20
0.183 0.024 -1.22 21
0.545 0.408 -0.02 20
1.471 -0.068 0.576 20
2.546 -1.052 0.756 20
2.596 -1.753 0.842 20
1.398 -1.658 1.413 21
1.051 -0.923 0.241 20
2.007 -1.07 -1.951 20
2.188 -1.782 -3.631 20
1.361 -1.929 -3.1 20
0.434 -2.368 -0.725 20
-0.551 -2.064 1.628 21
-2.24 -0.963 2.526 20
-4.719 -0.988 2.702 20
-6.05 -1.896 1.792 20
-4.449 -2.428 -0.834 20
-1.425 -0.943 -0.983 20
0.512 0.834 -0.447 21
-0.135 2.152 -0.312 20
0.505 3.04 0.786 20
2.463 2.991 1.882 20
2.586 3.0 1.36 20
1.523 3.715 -0.358 21
0.797 4.34 -1.784 20
-0.521 4.619 -1.349 20
-1.526 4.45 -0.153 20
-1.377 3.913 0.064 20
-0.61 3.332 0.057 20
-0.068 3.307 -0.726 21
0.257 2.976 -1.498 20
1.307 1.475 -1.933 20
3.069 -1.519 -2.817 20
6.908 -7.971 -4.612 20
5.409 -12.038 -3.892 21
-1.088 -5.672 -2.554 20
-2.361 2.66 -5.036 20
-4.667 6.371 -4.649 20
-2.943 1.709 -2.244 20
1.643 -4.491 0.825 20
1.812 -8.531 8.672 21
0.525 -8.492 7.214 20
-2.974 1.932 0.978 20
-3.444 6.456 0.05 20
-1.064 5.231 1.548 20
0.335 3.992 4.213 21
0.92 2.37 5.57 20
0.289 0.492 3.116 20
-0.151 -1.315 -0.334 20
0.116 -3.413 -0.727 20
-1.891 -3.651 0.679 20
-3.862 -1.193 -1.574 21
0.123 0.603 -2.706 20
2.741 1.327 -0.37 20
2.862 0.737 0.212 20
1.586 0.72 1.551 20
0.185 1.333 2.825 21
-0.899 1.385 2.223 20
-1.793 0.662 1.294 20
-1.139 -0.58 -0.238 20
0.117 -1.231 -1.833 20
1.183 -0.854 -2.76 20
1.438 0.317 -1.852 21
1.43 0.788 0.141 20
1.826 0.196 1.392 20
1.604 -0.506 1.697 20
0.34 -1.014 1.583 20
-0.487 -1.65 2.322 21
0.637 -1.23 0.589 20
1.595 -1.055 -2.429 20
1.019 -1.655 -3.758 20
0.689 -2.097 -2.515 20
1.165 -3.209 -0.487 20
0.337 -3.408 1.729 21
-1.384 -1.478 1.563 20
-2.81 -0.274 -0.893 20
-4.927 -1.154 -0.364 20
-5.568 -2.052 1.537 20
-3.692 -2.797 0.501 21
-2.132 -1.284 -0.518 20
-1.302 1.56 0.688 20
0.176 3.234 2.085 20
1.914 4.443 1.191 20
3.4 4.044 -0.283 20
3.54 3.191 -1.447 21
2.712 3.362 -1.714 20
1.617 3.858 -0.723 20
-0.105 3.886 0.014 20
-1.636 3.93 -0.109 20
-1.819 3.977 -0.428 21
-1.074 3.646 -0.788 20
-0.331 3.432 -1.36 20
0.204 3.231 -1.612 20
1.115 2.152 -1.423 20
2.389 -0.477 -1.544 20
5.889 -6.785 -3.487 21
6.781 -13.551 -4.402 20
-0.651 -7.936 -4.628 20
-2.274 2.194 -5.359 20
-3.749 6.095 -4.856 20
-2.626 2.228 -1.08 20
0.41 -3.914 1.683 21
0.884 -8.003 8.276 20
0.897 -7.994 6.909 20
-2.132 1.905 0.324 20
-3.292 6.457 -0.156 20
-0.943 5.165 1.866 21
1.043 3.859 4.549 20
1.107 2.249 5.745 20
0.625 -0.274 3.845 20
0.427 -2.609 0.914 20
-0.009 -3.573 -0.125 20
-2.065 -1.795 -0.753 21
-2.251 0.546 -2.958 20
1.119 1.106 -1.731 20
2.708 1.06 -0.219 20
2.116 0.626 -0.447 20
0.203 0.825 0.83 21
-0.502 0.882 1.898 20
-1.353 0.486 1.954 20
-2.17 -0.289 1.646 20
-1.718 -0.887 0.061 20
-0.315 -0.794 -1.956 20
0.343 0.028 -2.459 21
0.472 0.607 -0.747 20
1.492 0.044 0.905 20
2.38 -1.242 1.481 20
1.476 -2.159 2.54 20
0.66 -1.684 2.157 21
1.454 -1.143 0.255 20
1.308 -1.766 -1.928 20
0.626 -2.26 -3.266 20
0.203 -2.545 -2.46 20
0.374 -3.25 -0.352 20
0.031 -2.422 1.274 21
-0.75 -0.015 0.65 20
-2.731 0.518 -0.578 20
-5.246 -0.76 0.751 20
-5.743 -1.682 1.18 20
-4.576 -2.229 -0.051 20
-2.663 -1.026 -0.799 21
-1.493 1.777 -0.326 20
0.356 3.288 0.272 20
2.375 3.237 1.159 20
3.655 2.635 1.28 20
4.014 2.313 0.756 21
3.335 2.815 0.26 20
1.99 3.84 -0.386 20
0.159 4.31 -0.699 20
-1.572 4.346 -0.754 20
-2.189 4.431 -0.674 20
-1.476 3.893 -0.605 21
-0.518 3.359 -0.618 20
0.115 3.351 -1.004 20
0.576 2.831 -1.809 20
1.868 0.575 -3.763 20
7.635 -7.122 -7.028 21
9.692 -14.76 -4.561 20
-1.289 -7.122 -2.99 20
-3.719 2.596 -5.647 20
-4.742 5.055 -5.061 20
-2.646 0.637 -0.81 20
1.599 -5.137 3.192 21
2.856 -9.108 10.371 20
1.428 -5.767 5.649 20
-3.766 4.431 0.197 20
-3.837 6.928 1.292 20
-0.496 5.371 4.439 21
0.976 4.282 7.648 20
-0.548 2.459 6.374 20
-1.194 -1.04 1.431 20
0.121 -4.78 -1.697 20
0.665 -6.052 -2.706 20
-2.324 -2.187 -3.699 21
-3.111 1.739 -3.407 20
0.163 2.647 -0.388 20
1.663 2.15 1.12 20
1.119 0.628 1.685 20
0.302 0.212 2.512 21
0.369 0.322 2.77 20
0.004 0.285 1.837 20
-0.271 -0.076 0.205 20
0.287 -0.411 -1.91 20
0.981 -0.586 -3.008 20
1.189 -0.072 -1.996 21
1.294 0.154 -0.634 20
1.602 -0.742 0.142 20
0.892 -1.748 1.287 20
-0.3 -1.92 2.597 20
-0.393 -1.079 2.033 21
1.133 -0.7 -0.558 20
1.796 -2.199 -3.061 20
1.062 -2.742 -3.646 20
0.792 -2.14 -2.052 20
0.821 -1.726 0.129 20
-0.11 -0.374 0.696 21
-2.615 -0.27 0.042 20
-5.632 -1.362 1.04 20
-6.923 -1.926 1.398 20
-5.558 -1.324 1.564 20
-2.01 0.871 -0.961 21
0.409 1.331 -1.384 20
1.452 1.162 0.59 20
2.753 1.69 1.236 20
3.657 2.254 1.289 20
3.102 2.992 0.641 20
1.733 3.512 -0.033 21
0.255 4.075 -0.415 20
-0.735 4.532 -0.242 20
-1.116 4.775 -0.33 20
-0.841 4.841 -0.474 20
-0.274 4.602 -0.571 21
0.044 4.164 -1.113 20
0.212 3.405 -2.14 20
1.667 1.154 -4.293 20
6.545 -5.295 -7.268 20
11.399 -13.589 -4.148 20
0.32 -8.138 -1.329 21
-3.678 0.158 -4.249 20
-3.972 1.254 -5.4 20
-1.602 -3.473 -0.458 20
0.748 -6.845 6.706 20
-0.652 -4.0 8.198 20
-2.822 3.18 3.053 21
-3.521 6.298 2.28 20
-1.744 6.211 4.003 20
0.409 5.442 5.493 20
-0.144 4.02 5.899 20
-1.65 0.196 2.086 21
-0.637 -4.977 -1.164 20
1.073 -8.524 -3.641 20
-0.151 -5.026 -4.922 20
-1.099 1.754 -2.767 20
0.935 4.144 0.119 20
2.297 1.897 1.526 21
1.485 -0.032 1.891 20
-0.019 0.516 3.097 20
-0.998 0.887 2.422 20
-1.808 0.718 0.766 20
-1.782 0.235 -0.888 20
-0.61 -0.767 -1.946 21
0.662 -1.598 -2.07 20
1.272 -0.772 -1.128 20
0.863 0.749 0.271 20
0.8 0.75 1.097 20
1.181 -0.161 1.369 21
0.964 -0.91 1.135 20
0.32 -1.503 1.651 20
0.879 -1.225 0.908 20
2.621 -1.512 -0.76 20
2.628 -2.303 -2.001 20
1.503 -2.286 -2.165 21
1.325 -3.012 -0.912 20
-0.053 -2.595 0.63 20
-1.891 -0.429 0.176 20
-3.094 0.339 -1.449 20
-4.902 -1.11 -0.081 21
-6.199 -2.189 1.732 20
-4.35 -2.837 0.46 20
-2.561 -0.872 -1.148 20
-1.307 1.89 -0.71 20
0.164 2.833 0.686 20
1.836 2.985 2.105 21
3.415 2.924 1.377 20
4.018 2.894 -0.142 20
3.069 3.56 -1.057 20
1.483 4.39 -0.975 20
0.011 4.218 -0.243 21
-1.339 4.066 -0.21 20
-1.72 3.922 -0.22 20
-0.998 3.446 -0.497 20
-0.277 3.215 -0.915 20
0.099 3.01 -1.231 20
0.88 2.136 -1.763 21
2.454 -0.651 -3.568 20
7.689 -8.181 -5.783 20
6.916 -12.734 -4.386 20
-0.904 -4.863 -2.468 20
-3.177 3.401 -4.847 20
-3.734 4.632 -3.892 21
-1.0 0.349 -0.299 20
2.374 -4.504 3.595 20
2.378 -7.447 9.171 20
0.877 -6.719 6.037 20
-3.587 1.144 -0.281 21
-5.308 5.848 -0.455 20
-3.055 5.373 1.413 20
-1.023 4.183 4.413 20
-0.677 2.305 5.106 20
-0.533 -0.111 2.523 20
0.457 -2.545 0.458 21
1.321 -4.108 0.175 20
-0.181 -2.692 0.224 20
-2.295 0.521 -1.427 20
0.531 1.18 -0.838 20
2.854 1.181 -0.002 21
2.721 0.787 -0.972 20
1.416 0.439 0.649 20
-0.425 0.819 2.252 20
-1.771 0.744 1.391 20
-2.094 0.085 0.405 20
-1.378 -0.248 -0.894 21
-0.013 -0.452 -1.917 20
1.009 -0.049 -1.081 20
1.419 0.66 0.331 20
1.79 0.226 1.175 20
2.103 -0.594 1.306 21
1.89 -1.366 0.776 20
0.668 -1.907 1.403 20
-0.085 -1.143 1.088 20
0.972 -1.119 -0.138 20
1.416 -1.908 -1.951 21
0.792 -2.047 -2.741 20
0.947 -3.063 -1.969 20
1.135 -3.996 0.092 20
-0.903 -1.492 0.87 20
-2.151 0.806 -0.635 20
-4.17 0.003 -1.225 21
-6.512 -1.383 1.269 20
-6.307 -2.046 1.881 20
-4.368 -2.098 -0.287 20
-2.004 -0.668 -0.207 20
-0.238 1.049 1.307 20
1.419 2.223 1.308 21
3.364 2.824 0.892 20
4.086 3.117 -0.026 20
2.875 3.743 -0.539 20
1.51 4.43 -0.502 20
0.119 4.72 -0.348 20
-1.043 4.638 -0.285 21
-1.588 4.487 -0.537 20
-1.008 4.09 -0.589 20
-0.088 3.821 -0.95 20
0.655 3.566 -1.75 20
1.833 2.411 -2.7 21
3.765 -0.33 -4.384 20
8.772 -6.053 -6.079 20
7.513 -10.553 -3.184 20
-1.687 -5.13 -1.346 20
-2.921 2.876 -3.813 20
-4.205 5.642 -4.523 21
-2.357 -0.738 -3.478 20
3.742 -8.734 4.493 20
4.128 -12.589 12.876 20
-0.712 -4.021 2.255 20
-5.77 5.799 -0.339 21
-5.246 7.343 1.281 20
-3.167 6.121 4.212 20
-1.977 3.89 7.318 20
-0.79 0.325 5.81 20
0.271 -2.572 1.642 20
1.167 -5.369 -2.771 21
0.737 -5.984 -4.098 20
-2.485 -1.554 -3.966 20
-1.924 1.761 -0.499 20
1.348 2.268 1.805 20
1.69 1.785 1.536 21
0.695 0.699 1.975 20
0.149 1.073 2.366 20
-0.839 1.808 1.513 20
-1.618 1.134 0.769 20
-0.757 -0.093 -0.579 20
0.706 -0.78 -2.276 21
1.769 -0.762 -2.672 20
2.295 0.246 -1.238 20
2.503 0.746 0.094 20
2.74 -0.216 0.6 20
1.75 -1.035 0.82 20
0.43 -1.661 1.842 21
0.034 -1.589 2.317 20
1.104 -1.159 0.857 20
1.532 -0.437 -2.147 20
0.784 -0.466 -2.821 20
0.951 -2.373 -1.609 21
1.16 -3.884 0.215 20
-1.4 -2.114 1.552 20
-2.693 0.05 -0.465 20
-3.793 -0.161 -2.835 20
-5.979 -1.38 -0.717 20
-5.728 -2.296 1.686 21
-3.254 -3.16 -0.133 20
-1.822 -1.425 0.649 20
-0.347 0.558 1.947 20
1.231 1.828 2.194 20
3.029 2.904 0.506 21
3.821 3.553 -1.223 20
3.046 4.147 -1.601 20
2.114 4.717 -1.251 20
0.724 4.849 -0.761 20
-0.766 4.45 -0.049 20
-1.632 3.958 0.373 21
-1.527 3.519 0.493 20
-0.885 3.408 0.228 20
-0.46 3.538 -0.479 20
0.016 3.102 -1.195 20
1.259 1.401 -2.14 21
3.437 -2.44 -4.847 20
10.409 -11.124 -6.594 20
6.207 -12.271 -3.483 20
-0.542 -2.049 -2.844 20
-3.657 5.453 -4.825 20
-3.947 5.252 -2.482 21
-0.644 -0.685 0.257 20
1.44 -5.683 4.447 20
1.147 -9.207 9.56 20
-0.234 -6.71 2.505 20
-4.712 3.481 -1.209 21
-4.864 6.483 -0.392 20
-2.144 5.084 2.714 20
0.182 3.664 6.244 20
0.877 1.803 6.607 20
0.788 -0.584 3.089 21
1.043 -3.013 0.12 20
0.652 -3.706 -0.698 20
-2.243 -1.49 -3.327 20
-2.469 0.482 -4.408 20
0.633 1.402 -1.482 20
1.855 1.525 -0.79 21
0.876 0.695 0.627 20
-0.293 0.326 2.821 20
-0.641 0.468 3.214 20
-1.282 0.451 2.547 20
-1.447 0.014 0.697 20
-0.095 -0.543 -1.596 21
0.733 -0.394 -3.209 20
0.966 0.496 -2.325 20
1.755 0.688 -0.243 20
2.759 -0.663 0.919 20
1.815 -1.556 2.493 21
0.45 -1.046 3.193 20
0.021 -0.864 2.121 20
0.474 -2.291 0.391 20
1.325 -3.269 -2.189 20
1.365 -2.893 -3.561 20
1.218 -3.052 -1.92 21
-0.242 -2.546 0.367 20
-1.712 -0.142 0.72 20
-2.675 1.706 -0.91 20
-4.082 0.772 -1.358 20
-5.662 -0.917 0.646 20
-5.005 -1.894 0.998 21
-2.693 -2.136 -0.02 20
-1.314 -0.284 0.805 20
0.192 1.632 2.005 20
1.852 2.558 1.38 20
3.321 2.897 -0.124 21
3.89 2.928 -1.192 20
3.014 3.401 -1.355 20
1.751 3.858 -0.633 20
0.344 3.626 -0.115 20
-1.073 3.504 0.017 20
-1.74 3.676 -0.198 21
-1.357 3.509 -0.26 20
-0.546 3.401 -0.326 20
-0.213 3.546 -0.339 20
-0.263 3.511 -0.4 20
0.124 2.59 -1.418 21
2.695 -2.012 -5.116 20
10.779 -13.194 -7.476 20
7.722 -14.08 -3.719 20
-1.213 -1.271 -3.106 20
-3.757 5.34 -5.854 20
-3.875 4.096 -3.208 21
-1.377 -2.664 0.531 20
1.58 -8.427 8.981 20
2.054 -8.365 8.637 20
-0.979 0.726 0.704 20
-3.395 6.317 0.179 20
-2.295 6.222 1.996 21
-0.133 4.964 4.614 20
-0.34 3.236 6.356 20
-0.94 0.069 4.758 20
-0.792 -2.798 1.327 20
-0.713 -4.312 -2.332 21
-2.392 -2.962 -3.09 20
-2.03 0.121 -2.337 20
1.671 1.363 -0.282 20
3.218 1.151 0.476 20
2.036 0.592 0.051 20
0.319 0.826 0.911 21
-0.93 1.246 1.781 20
-2.072 1.078 1.206 20
-2.4 0.015 0.743 20
-1.437 -0.727 -0.557 20
0.34 -0.782 -2.552 21
1.746 -0.272 -2.639 20
2.069 0.461 -0.873 20
2.533 0.025 0.496 20
2.532 -1.04 0.725 20
1.332 -1.516 2.099 20
0.44 -0.734 2.572 21
1.159 -0.527 0.856 20
1.951 -2.096 -1.191 20
1.691 -2.789 -2.725 20
0.836 -2.597 -2.466 20
-0.422 -3.023 -0.822 21
-2.604 -2.267 1.314 20
-4.021 -0.892 0.878 20
-5.523 -1.421 0.157 20
-5.751 -2.143 -0.33 20
-3.516 -2.086 -0.181 20
-1.558 -0.729 -0.217 21
-0.52 0.73 -0.253 20
-0.061 2.097 0.519 20
1.107 3.187 1.595 20
2.953 3.351 1.093 20
3.324 3.324 0.487 21
2.739 3.742 -0.235 20
1.985 4.226 -0.6 20
0.411 4.61 -0.447 20
-1.046 4.478 -0.318 20
-1.655 4.115 -0.62 20
-1.2 3.727 -0.826 21
-0.479 3.615 -0.905 20
-0.023 3.544 -1.069 20
0.31 2.925 -1.583 20
1.797 0.556 -3.087 20
7.473 -6.389 -6.848 21
10.634 -13.419 -4.922 20
-0.637 -6.881 -1.275 20
-2.688 1.522 -4.043 20
-3.851 3.491 -4.749 20
-1.995 -1.557 -1.909 20
2.19 -7.412 4.27 21
1.123 -8.428 8.983 20
-1.834 -1.365 3.766 20
-5.579 6.206 1.352 20
-4.484 6.705 2.321 20
-1.759 5.336 4.165 21
-0.404 4.336 6.143 20
-0.324 1.658 4.798 20
-0.309 -2.473 0.093 20
1.025 -6.042 -3.124 20
2.059 -6.335 -3.13 20
-0.395 -1.266 -1.672 21
-0.523 2.716 -0.332 20
1.393 2.908 0.953 20
2.185 1.145 0.78 20
0.929 0.804 1.583 20
-0.314 0.937 2.199 21
-1.106 0.677 1.186 20
-1.853 0.057 0.362 20
-1.778 -0.404 -0.779 20
-0.449 -0.937 -2.176 20
0.582 -0.971 -2.333 20
0.861 -0.147 -0.895 21
1.014 0.468 0.095 20
1.283 0.225 0.4 20
1.495 -0.432 0.903 20
1.374 -0.616 1.52 20
0.913 -0.448 2.032 20
0.184 -0.39 2.042 21
0.497 -1.352 1.551 20
2.625 -2.534 -0.86 20
3.335 -2.959 -2.305 20
1.841 -3.735 -1.805 20
0.176 -4.424 0.147 21
-2.549 -2.358 1.411 20
-3.93 0.677 -0.53 20
-4.871 1.105 -1.777 20
-5.773 -0.076 -0.017 20
-4.465 -0.558 0.9 20
-2.44 -0.344 0.077 21
-1.073 0.827 0.154 20
0.168 1.519 1.451 20
0.959 1.567 1.593 20
1.831 1.76 0.614 20
2.858 1.95 0.277 21
2.755 2.21 -0.056 20
1.872 2.496 -0.557 20
0.893 2.886 -1.071 20
-0.161 3.27 -1.397 20
-1.406 3.637 -1.417 20
-1.785 3.606 -1.048 21
-1.171 3.228 -0.571 20
-0.329 2.952 -0.345 20
0.151 2.974 -0.36 20
0.399 2.789 -0.863 20
0.969 1.738 -1.851 21
2.588 -1.341 -3.961 20
7.616 -7.888 -6.047 20
6.992 -10.678 -4.151 20
0.396 -3.546 -2.42 20
-2.721 2.987 -4.412 20
-3.691 4.139 -2.606 21
-1.573 0.696 0.512 20
1.408 -3.592 2.686 20
2.362 -7.245 7.779 20
2.337 -8.07 6.051 20
-3.1 1.2 0.185 21
-5.188 5.991 -0.208 20
-2.614 4.976 2.169 20
-0.973 3.859 5.392 20
-0.712 2.046 5.478 20
-0.194 -0.337 1.835 20
0.792 -2.617 -0.76 21
1.213 -3.293 -1.152 20
-1.106 -1.008 -1.865 20
-2.045 0.676 -2.243 20
0.631 0.732 -0.824 20
2.213 0.574 0.232 20
1.634 0.101 0.95 21
0.278 0.429 2.368 20
-0.452 1.201 2.509 20
-1.31 1.46 1.35 20
-1.175 0.547 -0.047 20
0.238 -0.934 -1.004 21
1.137 -1.095 -2.451 20
1.228 0.007 -2.321 20
0.547 0.871 -0.467 20
0.056 0.409 1.105 20
0.318 -0.685 1.594 20
0.502 -1.865 2.614 21
0.773 -1.827 2.986 20
2.153 -1.241 0.583 20
2.323 -1.706 -2.52 20
1.522 -2.201 -3.116 20
1.048 -2.606 -2.116 21
1.217 -3.432 0.117 20
-0.02 -2.272 1.784 20
-1.299 0.149 0.235 20
-2.76 0.766 -2.308 20
-5.052 -0.881 -0.922 20
-6.112 -1.966 1.481 21
-4.664 -2.696 0.535 20
-2.839 -1.972 -0.393 20
-1.527 0.462 1.058 20
0.259 2.208 1.961 20
1.803 3.071 0.999 21
3.159 3.079 -0.014 20
3.348 3.025 -0.517 20
2.468 3.572 -0.7 20
1.516 4.191 -0.624 20
0.084 4.499 -0.602 21
-1.254 4.187 -0.451 20
-1.81 3.744 -0.262 20
-1.506 3.476 -0.248 20
-0.874 3.462 -0.657 20
-0.502 3.388 -1.029 20
0.282 2.734 -1.478 21
2.013 0.787 -2.677 20
6.412 -4.271 -6.001 20
11.969 -11.611 -5.171 20
2.239 -7.557 -1.575 20
-2.472 0.237 -3.909 21
-3.831 2.139 -6.134 20
-2.029 -2.345 -2.049 20
0.484 -6.386 5.481 20
-0.439 -8.164 10.456 20
-1.51 -1.934 4.441 20
-4.537 5.836 0.097 21
-3.544 6.635 1.833 20
-0.54 5.469 4.623 20
-0.011 4.706 6.414 20
-0.743 1.922 3.737 20
-0.233 -2.352 -0.579 21
1.152 -6.075 -2.677 20
0.497 -6.183 -3.2 20
-2.384 -0.759 -2.656 20
-0.708 2.944 -0.668 20
1.936 2.587 1.209 20
1.824 0.726 1.079 21
0.323 0.552 2.213 20
-0.612 1.133 2.815 20
-1.379 1.199 1.671 20
-1.918 0.464 0.556 20
-1.269 -0.689 -0.599 20
0.172 -1.603 -1.97 21
1.205 -1.251 -2.538 20
1.587 0.253 -1.329 20
2.094 0.508 -0.138 20
2.7 -0.993 -0.208 20
1.776 -2.5 1.06 21
0.784 -2.187 2.252 20
1.499 -1.294 1.175 20
2.295 -2.007 -0.66 20
2.003 -3.342 -2.181 20
0.93 -3.255 -2.135 20
-0.312 -1.298 -0.432 21
-2.203 0.815 -1.022 20
-4.357 -0.258 -0.76 20
-5.788 -1.982 1.604 20
-4.737 -2.804 1.448 20
-3.196 -2.157 -0.162 21
-2.227 0.117 -0.085 20
-1.179 2.162 0.727 20
-0.207 3.468 1.525 20
2.078 3.373 1.726 20
3.515 2.682 0.812 20
3.155 2.849 -0.403 21
2.141 3.705 -1.242 20
0.75 4.503 -1.387 20
-0.9 4.717 -0.755 20
-1.918 4.43 -0.513 20
-1.744 4.101 -0.483 21
-0.935 3.952 -0.692 20
-0.072 3.846 -1.133 20
0.965 3.211 -1.268 20
2.578 1.092 -2.46 20
7.85 -5.622 -5.882 20
10.971 -13.102 -4.608 21
-0.275 -6.05 -2.064 20
-3.194 3.057 -4.889 20
-3.729 3.926 -4.821 20
-0.493 -3.168 -1.876 20
1.237 -8.595 8.167 21
-0.095 -9.725 11.664 20
-2.498 -0.235 1.648 20
-4.589 6.969 0.621 20
-3.044 7.26 2.385 20
-0.838 5.999 4.694 20
-0.526 3.179 5.18 21
0.705 -1.7 1.881 20
1.78 -4.915 -0.54 20
1.882 -5.81 -2.713 20
-2.106 -2.06 -2.674 20
-3.534 1.789 -1.922 21
0.744 2.214 0.227 20
1.944 1.548 1.174 20
0.764 0.352 0.628 20
-0.402 0.356 1.574 20
-0.959 0.762 1.557 20
-1.583 0.625 0.612 21
-1.763 -0.286 0.283 20
-0.88 -0.796 -0.77 20
0.902 -0.481 -2.136 20
2.642 -0.043 -1.741 20
3.732 -1.127 -0.607 21
3.005 -2.302 0.263 20
1.885 -1.681 1.203 20
1.117 -1.19 0.731 20
1.016 -1.905 -0.236 20
1.401 -2.292 -0.876 20
1.462 -1.964 -1.356 21
0.468 -1.341 -1.274 20
-1.227 -0.299 -1.612 20
-3.036 -1.468 -0.66 20
-5.542 -3.196 1.829 20
-5.96 -3.802 1.84 21
-3.602 -2.54 0.651 20
-2.246 0.833 -0.211 20
-0.971 2.744 -0.362 20
-0.18 3.826 0.247 20
1.506 3.814 1.365 20
2.677 3.29 1.299 21
2.497 3.425 0.471 20
2.06 3.959 -0.44 20
1.283 4.536 -1.101 20
0.104 4.511 -0.889 20
-1.175 3.991 -0.516 21
-1.607 3.76 -0.727 20
-0.987 3.61 -1.375 20
-0.022 3.146 -1.573 20
0.807 2.288 -1.584 20
2.352 0.451 -2.292 21
6.513 -5.296 -4.223 20
9.621 -11.751 -2.15 20
0.715 -5.941 -2.844 20
-2.432 1.747 -5.524 20
-3.254 3.304 -5.108 20
-1.325 -1.711 -2.249 21
-0.131 -6.759 4.566 20
-0.987 -9.354 11.599 20
-2.277 -3.033 5.116 20
-4.832 5.402 1.161 20
-4.099 7.173 1.558 20
-1.421 6.158 2.776 21
-0.565 4.453 3.863 20
0.941 0.101 1.765 20
2.173 -4.653 0.047 20
3.344 -7.357 -0.427 20
0.269 -4.04 -2.292 21
-3.915 1.507 -2.703 20
-0.902 2.121 -0.176 20
1.925 1.394 2.059 20
1.769 0.933 2.496 20
0.745 1.183 3.109 20
0.082 1.784 2.662 21
-0.318 1.882 0.623 20
-0.323 1.038 -1.15 20
0.401 0.387 -1.692 20
1.139 0.51 -1.245 20
1.42 0.87 -0.635 20
1.431 0.695 0.35 21
1.281 -0.253 1.024 20
1.168 -1.513 1.071 20
0.143 -2.058 1.142 20
-1.338 -1.731 1.11 20
-0.902 -1.513 0.031 21
1.097 -1.448 -1.823 20
2.154 -1.245 -3.04 20
2.247 -0.926 -1.811 20
1.895 -0.881 0.292 20
1.403 -2.742 1.992 20
0.062 -6.163 2.509 21
-2.179 -5.975 2.24 20
-2.541 -2.991 -0.572 20
-4.13 -0.346 -1.867 20
-4.911 -0.092 0.374 20
-3.077 -0.477 0.097 21
-2.42 0.109 -1.587 20
-1.725 0.932 -1.473 20
-0.576 1.697 -0.177 20
0.28 2.575 1.629 20
1.376 3.165 2.796 20
2.178 3.521 2.327 21
2.329 3.417 1.402 20
1.499 3.472 0.309 20
0.428 3.849 -0.864 20
-0.836 4.139 -1.728 20
-1.488 3.794 -1.848 21
-0.974 2.489 -1.517 20
-0.068 0.955 -1.3 20
0.054 0.711 -1.364 20
-0.446 1.429 -1.001 20
-0.421 1.676 -0.845 20
-0.008 0.866 -1.369 21
1.287 -1.382 -4.08 20
2.75 -4.73 -5.944 20
4.335 -4.742 -6.193 20
4.283 -0.728 -3.184 20
2.216 2.168 -1.685 21
0.125 2.59 -0.757 20
-0.367 2.227 0.635 20
0.546 0.773 2.184 20
0.912 -1.211 3.393 20
0.681 -4.207 2.331 20
1.759 -7.467 2.693 21
0.449 -6.364 1.475 20
-3.615 -0.86 -0.166 20
-5.007 2.761 -0.03 20
-3.37 3.487 1.16 20
-2.222 3.565 2.803 21
-2.265 3.685 4.342 20
-1.989 2.959 4.111 20
-1.63 0.891 1.787 20
-0.249 -2.593 -0.253 20
0.564 -4.636 -0.198 20
0.553 -3.84 -3.901 21
2.188 -1.404 -3.524 20
3.14 1.549 -0.912 20
2.252 2.17 0.034 20
0.888 1.242 2.143 20
-0.627 0.598 2.477 21
-1.989 0.184 1.906 20
-2.857 -0.124 1.275 20
-2.095 -0.306 0.335 20
-0.611 -0.003 -0.426 20
0.152 -0.001 -1.55 20
-0.011 -0.003 -1.673 21
0.086 -0.268 -0.816 20
0.871 -1.011 0.172 20
1.217 -1.602 0.808 20
0.55 -1.2 1.721 20
0.042 -0.282 2.386 21
0.456 -0.495 1.74 20
2.208 -2.669 -0.732 20
3.49 -3.771 -2.89 20
3.02 -3.208 -2.592 20
2.093 -3.206 -0.621 20
-0.209 -1.959 1.255 21
-2.546 0.666 1.102 20
-3.273 1.654 -0.773 20
-3.933 0.223 -1.478 20
-4.975 -1.159 0.022 20
-3.889 -1.565 0.538 21
-1.592 -0.893 -0.263 20
-0.131 1.052 1.178 20
0.692 2.292 2.175 20
0.989 2.494 1.156 20
1.71 2.348 -0.138 20
2.325 2.344 -0.816 21
2.078 2.739 -0.94 20
1.113 3.396 -0.624 20
-0.174 3.805 -0.755 20
-1.213 3.987 -1.247 20
-1.562 3.73 -1.303 21
-0.729 2.833 -0.765 20
0.482 1.998 -0.238 20
0.755 2.266 -0.042 20
0.692 2.555 -0.482 20
1.205 2.002 -1.766 20
2.626 0.303 -3.961 21
5.556 -3.381 -6.266 20
7.04 -6.968 -5.288 20
0.336 -3.374 -1.986 20
-1.659 1.227 -2.432 20
-2.467 2.307 -2.898 20
-1.94 0.298 -1.714 21
0.331 -2.126 0.095 20
2.583 -5.84 3.886 20
2.743 -8.936 5.779 20
-1.719 -2.353 2.146 20
-4.083 3.929 0.724 21
-2.131 3.739 2.033 20
-0.596 3.048 4.618 20
0.125 2.715 6.355 20
-0.963 2.004 4.913 20
-1.627 0.589 1.703 20
-0.492 -1.883 -0.918 21
-0.585 -3.881 -1.94 20
-1.984 -2.88 -2.326 20
-1.273 -0.812 -3.055 20
1.357 0.808 -1.529 20
2.28 1.777 0.365 21
1.883 1.42 2.374 20
0.807 1.037 4.178 20
-0.571 0.498 3.392 20
-1.842 0.008 1.638 20
-1.472 -0.555 -0.668 20
-0.018 -1.185 -2.582 21
0.616 -0.697 -3.607 20
0.553 0.35 -2.685 20
0.053 0.582 -0.226 20
-0.007 0.222 1.479 20
0.682 -0.472 2.245 20
1.037 -0.957 2.445 21
0.575 -0.594 2.115 20
-0.258 -0.327 0.942 20
-0.126 -1.224 -0.232 20
1.487 -2.207 -2.054 20
2.184 -2.357 -2.489 21
1.883 -2.273 -1.393 20
2.406 -3.14 -0.259 20
2.511 -4.124 1.285 20
-0.568 -2.282 2.144 20
-3.493 0.323 -0.372 20
-5.116 0.625 -2.186 21
-5.855 -1.129 -1.841 20
-5.282 -1.65 -0.016 20
-2.909 -0.595 0.832 20
-0.759 1.206 0.676 20
0.661 0.954 1.119 21
1.787 0.781 1.555 20
2.16 1.694 0.735 20
2.757 2.549 0.295 20
3.158 3.279 0.209 20
2.405 4.029 -0.451 20
0.532 4.64 -1.009 21
-1.036 5.012 -0.919 20
-1.935 5.028 -0.782 20
-1.616 4.678 -0.605 20
-0.642 3.999 -0.283 20
0.168 3.131 -0.593 21
0.787 2.325 -1.495 20
1.859 1.018 -2.497 20
3.344 -1.726 -4.239 20
6.151 -7.445 -3.941 20
3.19 -8.3 -4.12 20
-3.822 -1.882 -2.638 21
-1.935 -0.75 -8.234 20
-3.261 -1.875 -4.798 20
-0.344 -3.967 3.988 20
0.975 -6.605 7.94 20
-0.467 -3.267 4.125 21
-3.917 5.158 2.581 20
-3.271 6.046 4.472 20
0.815 -2.224 4.887 20
3.301 -3.125 -2.556 20
3.512 -0.51 3.656 20
-3.194 6.111 -1.43 21
-0.99 5.039 -1.257 20
3.234 1.42 2.104 20
2.426 -1.393 0.718 20
1.996 -2.094 -1.575 20
1.654 -1.488 -2.211 21
-0.117 0.383 -0.507 20
-0.465 1.439 0.071 20
-0.764 3.012 -0.543 20
-0.428 2.234 0.065 20
1.8 -1.218 4.21 20
1.788 -1.885 -0.043 21
1.896 -1.992 -1.694 20
-0.313 -0.314 -2.866 20
-0.476 0.723 -1.894 20
0.14 0.677 -1.691 20
0.445 0.085 -0.582 21
1.097 0.21 3.576 20
-1.909 2.13 -0.95 20
-0.83 -1.015 0.498 20
-0.504 -0.421 4.197 20
-0.054 -1.785 3.253 20
-1.601 -1.244 -1.79 21
-1.691 0.054 -1.95 20
-1.841 0.286 -0.66 20
-0.176 -0.805 1.397 20
2.077 -0.075 9.907 20
-2.179 -0.814 -3.984 20
-0.378 -1.101 -6.159 21
2.608 -0.719 2.31 20
0.282 1.4 3.122 20
-1.194 1.217 1.827 20
-1.299 -0.236 0.176 20
-0.865 2.324 1.943 21
-0.401 0.998 -2.814 20
0.451 -3.93 -2.882 20
-0.859 -2.12 3.172 20
-1.659 -1.682 2.875 20
-1.401 -0.688 1.949 20
-0.622 0.167 0.997 21
0.45 -0.308 -0.33 20
0.629 -1.801 -0.649 20
-0.789 -0.537 0.362 20
-1.005 0.736 0.957 20
-0.096 0.106 1.275 21
-0.009 -0.477 0.792 20
-0.04 -0.569 1.092 20
-0.125 -0.898 1.052 20
-0.673 -1.005 0.785 20
-0.674 -0.654 0.355 20
-0.529 0.407 0.091 21
-0.757 0.674 -0.113 20
-0.579 -2.495 -3.709 20
0.9 -0.492 -0.6 20
1.755 0.897 5.334 20
0.501 0.697 2.55 21
0.261 0.72 0.704 20
1.458 0.605 -0.916 20
2.381 0.077 -2.467 20
2.268 -0.049 -0.077 20
0.674 -0.393 1.383 20
-1.602 0.074 2.646 21
-3.555 0.459 3.638 20
-4.275 0.195 1.877 20
-2.353 -0.685 2.879 20
4.743 -2.801 -1.439 20
7.091 -2.842 3.268 20
3.131 -0.732 6.94 21
-0.469 0.419 3.383 20
-2.774 1.297 4.457 20
-2.762 2.224 8.605 20
-0.959 2.702 8.969 20
0.38 2.522 7.21 21
0.335 2.098 5.198 20
-0.2 1.373 2.852 20
-1.829 1.313 1.258 20
-3.03 2.001 1.274 20
-2.074 2.312 0.903 21
-1.222 2.005 -0.958 20
-1.807 2.311 -2.003 20
-1.701 2.535 -2.447 20
0.016 1.8 -4.173 20
3.015 1.282 -6.254 21
4.908 1.134 -6.101 20
2.087 2.181 -3.115 20
-0.018 3.058 -0.548 20
1.412 3.39 0.014 20
3.33 2.745 0.666 20
3.915 1.545 0.69 21
3.925 0.802 0.453 20
3.567 0.761 -0.029 20
2.802 1.547 -7.059 20
2.837 3.124 -12.107 20
3.256 5.217 -3.956 20
3.217 4.922 2.585 21
2.305 4.499 0.819 20
1.936 4.616 -1.284 20
2.266 4.359 -2.792 20
1.458 5.576 -2.569 20
-0.067 6.258 -1.894 21
-0.448 4.367 0.257 20
-1.292 3.594 3.853 20
-2.409 4.138 6.449 20
-2.224 3.834 6.887 20
-2.213 3.252 7.474 20
-2.89 3.082 9.1 21
-3.847 2.653 8.363 20
-3.956 2.107 4.801 20
-3.257 1.427 2.803 20
-2.286 1.094 2.407 20
-1.965 1.517 1.489 21
-2.566 2.208 -0.429 20
-3.433 2.766 -1.772 20
-5.191 3.91 -1.026 20
-5.478 4.711 -0.966 20
-4.747 4.844 -1.767 20
-4.467 4.801 -2.232 21
-4.518 4.377 -1.272 20
-3.467 2.807 -0.864 20
-2.12 0.686 -0.174 20
-1.998 0.686 -0.43 20
-2.253 1.486 -0.612 21
-1.81 1.456 -0.507 20
-1.422 1.272 -0.258 20
-1.467 1.246 -0.103 20
-1.284 1.216 -0.228 20
-1.248 1.174 0.0 20
-1.186 1.113 0.285 21
-1.229 1.062 -0.072 20
-1.209 0.805 -0.292 20
-1.278 0.767 -0.381 20
-1.398 0.8 -1.774 20
-1.862 0.841 -1.526 20
-1.587 0.27 0.54 21
-1.444 0.465 -0.14 20
-1.267 0.72 -1.098 20
-0.877 0.361 -0.424 20
-0.533 0.263 -0.12 20
-0.247 0.284 0.012 21
0.163 0.033 0.032 20
0.343 -0.006 0.05 20
0.252 0.086 0.101 20
0.13 0.224 0.149 20
0.024 0.198 0.171 20
-0.083 0.161 0.158 21
-0.051 0.125 0.05 20
0.182 -0.057 0.051 20
0.271 -0.163 0.408 20
0.313 -0.123 0.464 20
0.403 -0.147 0.495 20
0.494 -0.277 0.521 21
0.472 -0.357 0.495 20
0.179 -0.114 0.163 20
-0.038 0.071 0.116 20
-0.099 -0.015 0.066 20
-0.136 -0.018 0.092 21
-0.121 0.045 0.294 20
-0.083 0.071 0.253 20
-0.053 0.064 0.254 20
0.074 0.04 0.211 20
0.101 0.081 0.192 20
0.104 0.054 0.233 21
0.137 0.001 0.227 20
0.145 0.012 0.168 20
0.15 -0.06 0.097 20
0.139 -0.084 0.029 20
0.19 -0.063 0.035 21
0.246 -0.078 -0.069 20
0.256 -0.148 -0.148 20
0.176 -0.165 -0.164 20
-0.065 0.019 -0.566 20
-0.345 0.174 -1.421 20

# Completed @Tue Jan 26 20:29:29 GMT+02:00 2021
