# Accelerometer Data File
# Started @Tue Jan 26 20:35:31 GMT+02:00 2021
#
#
# sensor Vendor: BOSCH
# sensor Name: BMI160 Accelerometer Non-wakeup
# sensor Resolution: 0.0023928226m/sec^2; Max Range: 78.4532; Min Delay: 2500 microseconds
# The sensor's attributes are the result hardware and the Android capabilities.
# It means that the Android may not utilize all features provided by the hardware.
#
# Some devices and Android versions save battery too much so the device may go to sleep.
# It just happens after couple of minutes from turning off the scree and it is easy to find it out.
#
# The following file provides the data from accelerometer in the m/s^2 format.
# The diff value is just a time delta between the samples
#
#
# data format:
# so we have 4 columns with values separated by the " "
# X Y Z time_from_previous_sample(ms)

# sensor speed set to:NORMAL
# units set to: m/sec^2
# gravity  filtered out
# Accuracy: HIGH
-0.669 2.366 10.092 0
-0.471 2.411 9.594 20
0.287 2.028 8.706 20
0.855 1.29 7.807 20
1.205 0.954 7.13 20
1.1 0.398 6.234 20
0.97 -0.077 4.795 20
0.725 -0.231 3.55 21
0.148 -0.367 2.244 20
-0.347 -0.624 1.837 20
-0.228 -0.606 1.349 20
0.318 -0.548 0.328 20
0.538 -0.581 -0.504 20
0.432 -0.737 -0.212 20
0.04 -0.506 0.781 21
-0.114 -0.054 0.838 20
0.338 0.25 0.612 20
-0.091 0.331 0.808 20
-1.539 0.539 1.542 20
-1.909 0.826 1.577 20
-0.295 0.396 1.434 20
1.46 0.309 0.855 21
2.131 0.233 1.192 20
1.592 0.224 1.526 20
1.491 0.155 2.139 20
1.687 0.102 2.858 20
1.63 0.064 2.85 20
1.439 -0.215 2.132 21
1.403 -0.183 1.822 20
2.205 -0.432 1.474 20
3.09 -0.447 1.156 20
3.437 -0.335 0.952 20
3.494 -0.528 0.492 20
1.961 -0.725 -0.181 20
-0.065 -0.7 -0.195 21
-1.065 -0.727 -0.079 20
-0.685 -0.697 -0.539 20
0.174 -1.244 0.413 20
1.653 -0.691 -1.257 20
1.522 -1.281 -1.522 20
1.391 -1.55 -1.66 20
2.854 -2.408 0.365 21
3.427 -2.251 0.538 20
2.659 -1.371 -0.578 20
1.21 -0.511 -1.671 20
0.78 -0.255 -2.981 20
2.192 -0.327 -5.309 20
1.423 -0.536 -5.024 21
-0.37 -1.525 -1.585 20
-0.641 -1.888 -0.094 20
-0.103 -2.283 -0.451 20
0.15 -2.467 -1.027 20
-0.959 -1.207 -1.342 20
-3.254 -0.271 -1.066 20
-2.333 -0.938 -0.649 21
-0.688 -1.09 -0.748 20
-0.55 -0.634 -0.737 20
-0.443 -0.402 0.228 20
-0.427 -0.097 0.322 20
-0.354 0.184 -0.637 20
-0.036 0.34 -0.711 21
0.769 0.235 0.685 20
1.576 -0.269 1.457 20
2.658 -0.52 1.441 20
3.011 -0.507 0.46 20
2.341 -0.079 -0.551 20
2.066 0.131 -1.479 21
1.939 0.088 -1.702 20
1.687 -0.375 -1.016 20
1.421 -1.234 -0.043 20
1.425 -2.407 1.42 20
1.999 -3.779 2.586 20
2.844 -4.806 3.181 20
2.778 -4.789 2.309 21
1.799 -4.131 1.33 20
0.729 -3.742 0.442 20
1.016 -3.702 -1.127 20
1.583 -3.7 -2.084 20
0.586 -3.164 -2.757 20
-1.436 -2.626 -2.305 20
-2.653 -2.098 -1.688 21
-2.349 -2.298 -4.469 20
-2.278 -1.184 -6.598 20
-1.358 -0.171 -7.598 20
0.469 -0.3 -7.955 20
0.151 -0.227 -5.103 20
-0.29 -0.722 -2.982 21
0.613 -1.055 -3.152 20
2.277 -0.88 -5.592 20
2.933 -0.555 -7.971 20
1.958 0.534 -9.041 20
2.234 0.356 -7.822 20
3.695 -0.636 -5.867 20
3.269 -1.025 -3.967 21
1.114 -1.05 -3.635 20
-1.357 0.315 -3.474 20
-0.84 0.562 -2.161 20
0.239 -1.996 2.168 20
-0.329 -1.969 5.646 20
1.167 -1.143 5.549 21
4.383 -0.22 5.191 20
5.113 0.243 4.665 20
1.887 -0.151 6.029 20
-0.064 1.998 6.064 20
-2.31 2.535 4.451 20
-3.278 1.816 5.086 20
-3.871 2.719 7.652 21
-5.062 2.792 7.003 20
-3.277 4.295 3.692 20
-1.324 2.967 8.622 20
-1.383 4.919 6.988 20
-1.428 7.137 -7.864 20
1.021 5.83 -7.627 21
0.891 -0.025 4.186 20
-1.358 0.084 2.901 20
-3.104 2.24 -1.899 20
-3.477 3.702 -3.785 20
-2.323 3.392 -3.212 20
-0.847 2.492 0.286 20
0.011 2.48 1.505 21
0.445 2.346 0.596 20
0.847 1.745 -0.927 20
1.157 0.59 -1.737 20
0.806 -0.277 -2.046 20
0.766 -1.017 -1.264 20
1.373 -1.353 -0.797 21
2.374 -1.319 -0.342 20
3.452 -1.618 0.252 20
3.497 -0.857 0.755 20
4.044 -0.249 0.91 20
3.765 -0.436 1.606 20
3.065 -1.226 1.253 20
0.598 -0.429 -0.197 21
-0.054 -1.084 -1.421 20
-1.428 -0.467 -1.497 20
-2.611 0.288 -0.429 20
-0.673 -1.633 5.762 20
-1.203 0.388 2.424 20
-1.878 1.255 -1.871 21
-0.744 -0.724 0.075 20
-0.113 -1.009 -1.016 20
-1.16 -0.637 -2.512 20
-1.732 -0.207 -2.401 20
-0.765 0.38 -1.531 20
0.209 0.78 -0.33 20
0.335 1.366 0.704 21
1.205 1.593 1.354 20
0.877 1.624 2.12 20
0.248 1.673 2.27 20
0.562 1.009 1.849 20
1.189 0.003 -0.161 20
0.926 -0.919 -0.721 20
0.579 -1.597 -0.692 21
0.357 -1.221 0.006 20
1.427 -0.739 0.262 20
0.551 -0.504 0.798 20
1.3 -0.143 0.322 20
1.259 0.349 0.253 20
0.32 0.862 0.84 21
0.56 0.939 1.687 20
1.308 0.507 1.262 20
1.22 -0.409 0.193 20
0.885 -1.612 -0.191 20
-0.335 -2.436 -0.905 20
-1.86 -2.447 -3.699 20
-1.603 -1.952 -5.0 21
-0.293 -0.91 -3.838 20
-0.074 0.092 -1.743 20
0.508 0.859 -0.508 20
0.8 1.271 -0.069 20
0.222 1.209 -0.163 20
-0.964 1.053 -0.707 21
-1.188 0.793 -1.272 20
-1.632 1.043 -1.283 20
-1.62 0.943 -1.47 20
0.205 1.079 -2.237 20
0.868 1.155 -1.517 20
0.182 1.324 -0.775 20
-0.331 1.713 -0.572 21
-0.072 1.781 0.028 20
-0.972 1.624 -0.55 20
0.569 1.352 -0.715 20
1.663 1.225 -0.369 20
0.96 1.187 -0.729 20
0.506 0.618 -0.717 21
0.591 0.062 0.074 20
1.461 0.0 0.006 20
2.468 -0.014 0.045 20
2.523 0.077 0.249 20
1.68 0.08 1.054 20
1.525 -0.343 1.358 20
-0.028 -0.488 1.744 21
-1.155 -1.176 3.077 20
-1.27 -1.809 3.172 20
-1.695 -1.964 1.242 20
-2.595 -1.22 -0.213 20
-4.484 -0.154 0.618 20
-5.299 -0.005 1.496 21
-3.678 -1.216 0.641 20
-2.125 -1.806 -0.543 20
-2.027 -1.455 -1.862 20
-2.009 -0.859 -2.698 20
-1.56 -2.045 0.391 20
-1.823 -2.675 4.34 20
-0.888 -3.44 3.975 21
1.462 -4.46 0.734 20
4.107 -4.795 -2.74 20
3.045 -3.244 -2.682 20
0.831 -1.811 -1.444 20
-1.504 -1.095 -0.73 20
-2.537 -1.501 -0.37 21
-2.266 -2.463 -1.573 20
-1.063 -3.224 -1.603 20
-0.364 -3.621 -0.063 20
-0.524 -3.031 0.962 20
-0.917 -2.098 0.778 20
-1.207 -1.55 0.072 20
-1.127 -1.653 -0.238 21
-0.844 -1.758 -0.037 20
-0.641 -1.715 -0.15 20
-0.252 -1.876 -0.488 20
-0.086 -1.904 -0.485 20
-0.224 -1.853 -0.275 20
-0.251 -2.218 -0.167 20
-0.784 -2.664 0.409 21
-1.336 -2.374 1.606 20
-2.155 -1.479 1.318 20
-4.886 -0.827 -1.62 20
-6.114 -0.893 -4.11 20
-4.496 -0.868 -3.298 20
-1.679 0.343 0.491 21
-0.605 1.227 0.658 20
-0.254 0.671 0.148 20
0.558 0.561 1.306 20
1.405 0.203 1.322 20
1.245 0.359 -0.327 20
0.528 3.432 -0.687 20
0.087 6.079 -1.237 21
0.395 5.65 -2.206 20
0.703 4.529 -2.093 20
-0.203 3.994 -1.302 20
-1.515 3.502 -0.445 20
-1.308 2.414 -0.172 20
-0.431 0.907 0.148 20
-0.314 -0.616 -0.163 21
-0.744 -0.82 -1.259 20
2.052 -3.538 -7.004 20
5.913 -4.019 -12.612 20
4.188 -2.306 -6.303 20
1.464 -4.393 -6.3 20
-0.234 -3.762 -4.821 21
2.604 -5.578 7.417 20
4.237 -7.793 10.413 20
-0.077 -6.252 6.571 20
-3.648 -1.8 1.096 20
-3.669 -0.042 -2.387 20
-5.607 0.282 -1.885 20
-4.911 0.847 1.053 21
-2.647 1.896 2.349 20
-2.178 1.741 1.903 20
-2.311 0.955 1.077 20
-1.545 0.008 2.066 20
-0.216 -0.421 2.077 20
0.169 0.829 0.272 21
0.624 2.924 -3.465 20
1.118 3.522 -2.81 20
1.015 2.322 1.116 20
0.116 1.256 3.417 20
-0.785 1.361 1.523 20
-2.36 0.778 0.239 20
-2.392 0.485 0.424 21
-0.658 -0.744 -0.752 20
-0.073 -0.918 -1.121 20
0.725 -1.255 -0.299 20
1.258 -1.832 -0.877 20
1.382 -1.992 0.012 20
1.919 -1.12 0.92 21
0.453 -0.484 1.794 20
-2.043 0.219 2.365 20
-2.134 0.635 0.186 20
0.096 -1.209 -2.13 20
1.626 -3.442 -3.023 20
2.328 -5.314 -1.272 20
2.259 -7.947 -0.239 21
-0.098 -5.616 -0.532 20
-4.37 -0.49 -1.317 20
-6.369 -0.298 -0.522 20
-6.196 -0.702 0.97 20
-4.334 -0.326 -0.368 20
-1.199 -0.371 -0.435 21
-0.732 0.819 0.914 20
-0.922 2.222 0.657 20
1.56 2.462 0.656 20
3.079 3.082 0.648 20
2.957 3.979 0.208 20
2.327 4.879 -0.754 20
1.477 5.98 -1.814 21
0.86 5.988 -1.829 20
-0.342 4.477 -0.693 20
-1.052 3.934 -0.708 20
-0.414 3.806 -0.894 20
0.314 3.512 -0.649 20
1.124 2.843 -0.657 21
2.555 1.729 -1.156 20
4.774 -0.767 -3.559 20
11.23 -6.921 -5.577 20
9.016 -9.644 -1.315 20
-1.058 -2.293 -2.982 20
-1.989 2.607 -6.34 20
-2.495 1.624 -3.477 21
-0.053 -2.619 0.807 20
-0.356 -5.347 10.497 20
0.67 -8.344 8.503 20
-0.959 -3.851 0.34 20
-4.853 4.051 0.48 20
-5.054 6.302 2.616 21
-4.768 5.821 2.055 20
-3.25 3.352 2.597 20
-1.403 0.613 2.902 20
0.09 -1.625 2.125 20
3.404 -4.983 0.621 20
2.322 -5.179 -2.04 21
-1.068 -1.481 -4.001 20
-0.942 1.333 -2.605 20
0.117 2.793 -1.089 20
1.171 1.72 2.168 20
0.844 -0.111 5.884 20
-0.623 0.516 5.19 20
-1.359 1.758 2.146 21
-1.628 1.2 -0.954 20
-0.95 -1.547 -4.541 20
-0.393 -2.925 -3.889 20
0.497 -1.233 -3.146 20
3.258 0.146 -1.238 20
3.905 0.03 0.441 21
3.721 -0.921 1.096 20
2.297 -0.171 1.156 20
0.452 0.399 0.989 20
0.459 -0.901 -0.131 20
2.651 -3.139 -1.556 20
3.11 -4.231 -2.482 21
0.136 -2.518 -1.635 20
-2.364 -2.185 -0.346 20
-6.353 -3.324 1.613 20
-9.002 -4.49 2.868 20
-5.857 -5.378 -0.503 20
-1.369 -3.154 -1.679 20
0.813 -0.422 1.129 21
-0.177 2.774 1.137 20
-0.709 4.941 1.034 20
1.23 5.283 1.624 20
1.898 5.035 1.69 20
0.969 5.129 1.338 20
0.566 5.278 -0.155 21
0.082 5.61 -2.061 20
-0.919 5.81 -2.167 20
-1.808 5.007 -0.603 20
-1.599 3.937 -0.422 20
-0.652 3.356 -1.276 20
-0.046 3.227 -1.979 20
1.208 2.566 -2.117 21
4.22 -0.378 -1.998 20
12.225 -7.998 -3.07 20
12.848 -12.849 -2.836 20
-0.86 -5.81 -4.814 20
-3.04 2.596 -6.165 20
-4.834 7.082 -4.059 21
-0.983 2.598 -2.517 20
2.443 -3.158 0.317 20
1.069 -7.441 13.257 20
-0.028 -9.711 9.907 20
-3.365 -3.458 -1.554 20
-4.9 3.062 0.133 20
-3.584 4.56 3.781 21
-3.377 4.738 3.183 20
-3.602 4.204 3.772 20
-2.612 2.386 4.203 20
-0.507 -0.236 3.149 20
2.932 -4.106 -0.882 20
1.77 -6.041 -4.103 21
-1.448 -2.755 -3.559 20
-1.364 1.329 -2.662 20
0.117 3.505 -1.369 20
1.226 2.881 3.529 20
2.326 0.148 6.656 20
0.599 0.019 4.166 21
-1.454 1.453 1.186 20
-0.629 -0.145 -2.745 20
1.142 -2.221 -5.946 20
0.601 -1.124 -3.823 20
2.121 0.467 -1.403 20
4.237 -0.459 1.356 20
3.564 -1.816 2.244 21
1.441 -0.626 0.202 20
0.282 0.007 -0.216 20
-0.476 -1.116 -0.158 20
0.959 -2.888 -0.515 20
3.362 -4.74 -1.397 20
1.497 -2.259 -1.531 21
-0.193 0.383 -1.593 20
-0.814 -1.854 -1.501 20
-5.472 -4.115 1.882 20
-8.844 -4.665 3.567 20
-6.045 -3.873 0.615 20
-1.836 -1.045 -0.388 20
-0.615 1.184 0.467 21
-1.202 3.668 0.317 20
0.355 4.745 0.809 20
2.689 4.282 1.44 20
2.745 4.339 1.477 20
1.485 4.773 1.288 20
0.584 4.889 -0.379 21
-0.348 5.297 -2.144 20
-1.508 5.526 -1.72 20
-2.185 4.784 -0.761 20
-1.99 4.062 -1.118 20
-1.067 3.586 -1.563 20
0.233 2.807 -1.902 21
2.299 0.888 -2.098 20
7.062 -4.146 -3.805 20
15.126 -12.038 -3.068 20
3.873 -8.139 -2.199 20
-1.506 0.644 -5.267 20
-2.83 5.064 -6.917 20
0.975 -0.691 -5.12 21
5.126 -9.073 7.428 20
2.356 -9.867 13.172 20
-2.975 -1.813 1.998 20
-7.394 5.094 0.168 20
-6.765 6.365 4.681 20
-5.045 6.602 5.2 21
-4.137 6.487 4.786 20
-3.376 3.682 3.272 20
-1.34 -1.21 2.152 20
4.545 -7.721 -3.357 20
5.818 -10.025 -4.921 20
-0.464 -2.842 -3.219 20
-1.941 2.745 -1.91 21
-0.398 4.355 -0.38 20
0.797 3.053 2.682 20
1.323 -0.018 4.498 20
-0.147 -0.113 2.725 20
-2.388 1.387 1.762 20
-2.934 0.399 0.088 21
-0.941 -1.561 -3.807 20
0.109 -2.284 -5.244 20
0.976 -0.687 -3.109 20
3.103 0.601 0.926 20
4.608 -0.491 2.61 20
3.679 -1.194 1.502 21
2.097 0.145 -0.066 20
1.61 -0.069 -0.568 20
1.63 -1.781 -0.091 20
2.396 -3.088 -0.604 20
2.408 -3.758 -1.289 20
-0.009 -1.785 -1.121 21
-1.735 -0.632 -2.592 20
-4.373 -3.334 -1.944 20
-8.282 -5.653 1.541 20
-7.852 -6.745 2.804 20
-4.402 -3.734 0.757 20
-2.073 0.78 0.197 20
-0.82 3.274 0.011 21
-0.82 5.163 0.426 20
1.831 4.862 0.691 20
4.172 3.223 1.426 20
3.177 3.881 2.61 20
1.307 5.334 1.335 20
0.329 5.872 -1.283 21
-0.856 6.014 -2.067 20
-1.935 5.442 -1.211 20
-2.112 4.519 -1.193 20
-1.2 3.868 -1.557 20
0.171 3.397 -1.882 20
1.722 2.532 -2.118 21
4.529 -0.196 -3.364 20
13.487 -7.321 -3.834 20
10.075 -8.988 -0.949 20
-0.487 -2.883 -2.512 20
-2.152 2.611 -4.561 20
-2.31 3.115 -4.414 20
0.695 -2.063 -3.304 21
1.826 -6.742 5.352 20
0.234 -10.164 12.522 20
-0.925 -6.526 2.439 20
-5.897 2.428 -1.792 20
-6.292 5.63 2.245 20
-4.538 5.876 4.053 21
-3.508 5.542 3.708 20
-2.853 4.003 4.15 20
-1.906 1.574 2.933 20
0.72 -2.12 0.372 20
3.248 -7.208 -3.812 20
1.776 -7.295 -4.889 20
-1.509 -1.027 -1.696 21
-0.729 3.777 -1.429 20
1.699 4.173 0.825 20
2.825 1.1 4.902 20
1.096 -0.532 4.541 20
-1.119 0.862 3.144 20
-2.452 0.847 1.472 21
-1.575 -1.057 -3.773 20
-0.578 -2.072 -6.078 20
-0.156 -0.116 -3.676 20
1.738 1.156 -0.092 20
2.642 0.199 2.469 20
2.663 -1.51 2.955 20
1.234 -1.275 2.319 21
-0.328 -0.442 1.212 20
-0.213 -1.146 0.254 20
1.592 -2.493 -1.418 20
3.552 -3.559 -3.596 20
3.893 -4.184 -2.147 20
2.163 -2.058 -0.529 21
-0.021 0.788 -1.31 20
-1.532 -0.773 -1.298 20
-5.473 -3.587 1.043 20
-8.545 -4.412 2.81 20
-6.255 -3.643 0.802 20
-2.547 -0.566 -0.623 21
-1.119 2.048 0.077 20
-0.518 3.764 0.423 20
1.381 4.3 0.857 20
3.183 3.965 0.954 20
2.919 4.254 1.269 20
1.9 4.669 1.079 20
0.992 4.584 -0.134 21
-0.434 4.632 -1.336 20
-1.643 4.6 -1.313 20
-2.188 4.256 -0.888 20
-1.892 3.841 -0.922 20
-1.125 3.535 -0.787 20
0.375 2.616 -0.971 21
3.071 -0.014 -2.398 20
9.514 -6.275 -5.562 20
15.216 -12.087 -2.529 20
2.162 -5.224 -1.31 20
-2.035 2.009 -5.144 20
-3.338 4.214 -6.016 20
-0.409 -0.889 -3.59 21
2.33 -6.574 5.737 20
-0.558 -8.079 11.508 20
-3.083 -3.476 4.195 20
-6.403 3.062 -0.475 20
-6.323 5.225 1.999 20
-4.369 5.232 4.024 21
-2.589 4.522 3.87 20
-0.983 2.327 3.481 20
0.018 -0.722 2.026 20
3.134 -4.186 -0.754 20
4.388 -6.007 -3.155 20
-0.47 -2.276 -2.883 21
-2.21 1.7 -1.786 20
-0.508 3.296 -1.284 20
0.984 2.578 0.176 20
1.086 0.058 2.482 20
-0.28 -0.3 2.753 20
-1.658 0.796 2.814 20
-1.524 0.361 1.356 21
0.005 -0.966 -1.84 20
0.808 -1.24 -3.446 20
0.997 0.159 -2.597 20
1.936 1.239 -0.297 20
2.637 0.382 1.517 20
2.792 -1.285 1.811 21
2.056 -1.183 0.992 20
0.981 -1.204 0.813 20
0.549 -1.994 0.6 20
1.835 -2.825 -0.214 20
3.089 -3.62 -2.437 20
2.295 -3.707 -2.687 20
-1.044 -1.117 -2.916 21
-3.184 -0.872 -3.116 20
-6.261 -3.749 -0.062 20
-8.582 -5.008 3.865 20
-6.101 -4.137 2.631 20
-2.862 -0.513 -0.541 20
-0.666 1.728 0.124 21
-0.379 3.373 0.862 20
0.302 4.641 0.996 20
2.665 4.447 1.465 20
3.552 4.177 1.454 20
2.649 4.369 0.973 20
1.226 4.421 -0.059 21
-0.012 4.415 -1.14 20
-1.227 4.56 -1.304 20
-1.913 4.287 -1.029 20
-1.969 3.968 -1.217 20
-1.49 3.946 -1.076 20
-0.586 3.737 -1.326 21
1.261 2.24 -2.166 20
6.011 -3.073 -4.978 20
17.27 -12.058 -3.896 20
5.999 -8.383 -1.267 20
-2.687 0.125 -5.279 20
-3.285 3.581 -6.558 20
-0.397 -0.948 -4.43 21
2.985 -7.457 4.078 20
0.3 -8.291 10.739 20
-3.316 -2.766 5.392 20
-5.747 3.225 1.352 20
-5.564 5.22 3.998 20
-3.807 5.532 5.749 21
-2.327 5.003 5.19 20
-2.18 2.758 3.181 20
-0.315 -0.994 0.265 20
3.642 -5.155 -3.527 20
4.23 -6.778 -2.508 20
-1.534 -2.245 -2.236 21
-3.036 2.146 -2.314 20
-0.594 3.757 -1.479 20
0.907 2.993 0.796 20
1.18 0.393 3.547 20
0.42 -0.346 4.906 20
-0.882 0.852 4.131 20
-0.742 0.556 0.564 21
0.836 -1.209 -5.035 20
0.715 -1.34 -5.773 20
0.976 0.022 -3.247 20
2.728 1.272 0.139 20
3.236 0.876 2.505 20
2.244 -0.306 2.67 21
0.228 -0.284 2.03 20
-1.295 -0.404 1.773 20
-0.794 -1.852 0.727 20
1.677 -3.111 -1.313 20
3.525 -2.698 -3.971 20
3.684 -3.136 -3.727 21
1.735 -2.781 -1.662 20
-1.005 -0.685 -0.718 20
-1.918 -2.02 -0.23 20
-5.137 -4.291 0.663 20
-7.889 -5.216 1.793 20
-5.488 -3.5 1.463 20
-3.225 0.491 -0.301 21
-1.094 2.188 0.254 20
0.022 3.508 1.302 20
1.444 4.634 1.206 20
3.454 4.488 0.713 20
3.063 4.526 0.383 20
1.976 4.574 0.221 21
1.143 4.5 -0.472 20
-0.445 4.399 -1.339 20
-2.003 3.705 -0.625 20
-2.852 3.481 -0.386 20
-2.798 3.516 -0.649 20
-2.432 3.641 -0.332 21
-1.468 3.577 -0.424 20
0.754 2.223 -1.291 20
5.32 -2.657 -5.554 20
17.568 -12.613 -5.742 20
8.738 -9.295 0.12 20
-1.498 0.984 -4.479 20
-3.127 4.223 -6.771 21
0.212 -1.248 -5.279 20
3.502 -8.375 5.59 20
0.752 -8.997 11.697 20
-3.352 -2.005 4.514 20
-6.88 4.27 0.922 20
-6.627 5.99 3.332 21
-4.999 6.267 4.165 20
-4.152 5.879 3.348 20
-3.417 2.732 2.716 20
-1.338 -1.421 1.741 20
3.663 -6.666 -2.091 20
6.099 -9.068 -2.574 21
0.615 -2.937 -2.312 20
-2.007 2.679 -1.843 20
-0.355 4.338 -0.808 20
1.042 3.443 1.075 20
1.035 0.693 3.466 20
-0.027 -0.117 3.874 21
-1.236 1.118 2.428 20
-1.91 1.332 0.902 20
-0.581 -0.148 -1.988 20
0.679 -1.356 -4.113 20
0.941 -1.446 -3.624 20
1.748 -0.226 -1.099 20
2.207 0.949 1.105 21
1.993 0.531 1.295 20
1.017 0.152 0.943 20
-0.401 -0.44 1.446 20
-1.223 -1.357 1.941 20
0.539 -1.521 0.536 20
3.156 -1.632 -2.561 21
5.38 -3.59 -4.166 20
4.603 -4.691 -2.229 20
-0.147 -2.404 -0.82 20
-3.661 -1.556 -0.544 20
-5.99 -3.713 0.391 20
-7.997 -5.239 1.57 21
-6.296 -4.603 1.764 20
-2.59 -0.965 -0.44 20
-0.3 1.595 0.692 20
-0.003 3.287 1.731 20
0.954 4.539 1.706 20
3.163 4.275 1.37 20
3.437 4.028 0.752 21
1.722 4.436 -0.137 20
0.535 4.538 -1.035 20
-0.889 4.739 -1.732 20
-2.053 4.5 -1.129 20
-2.692 3.929 -0.523 20
-2.624 3.925 -0.557 21
-2.04 4.065 -0.275 20
-0.941 3.921 -0.21 20
1.325 2.542 -1.166 20
6.164 -2.513 -5.527 20
17.789 -12.276 -6.57 20
5.696 -8.013 -0.404 21
-2.274 0.855 -4.469 20
-3.631 3.712 -6.294 20
-0.097 -1.955 -4.736 20
3.045 -7.684 5.35 20
0.203 -8.325 10.384 20
-3.546 -2.396 3.876 21
-6.107 3.59 0.207 20
-5.722 5.434 2.545 20
-3.91 5.529 4.972 20
-2.657 4.996 4.809 20
-1.891 3.004 3.694 20
-0.328 -0.478 2.12 21
3.645 -4.683 -1.683 20
6.417 -7.113 -3.485 20
0.603 -3.01 -2.589 20
-2.867 1.429 -2.826 20
-1.847 3.218 -1.774 20
-0.216 2.883 0.317 20
0.396 0.767 2.808 21
-0.104 -0.064 3.573 20
-0.984 0.83 3.709 20
-1.694 1.06 2.678 20
-0.052 -0.197 -0.812 20
1.774 -1.675 -4.117 20
1.663 -1.568 -4.275 21
1.958 -0.006 -1.974 20
2.627 0.846 0.489 20
2.351 0.082 1.352 20
1.206 -0.893 1.602 20
-0.311 -1.369 1.977 20
-0.307 -1.417 0.895 21
2.197 -1.896 -1.453 20
3.978 -2.556 -3.395 20
2.966 -3.008 -3.749 20
0.164 -1.747 -2.439 20
-1.382 -1.297 -0.867 20
-3.788 -3.222 1.567 20
-7.02 -4.728 2.865 21
-6.775 -4.729 2.637 20
-2.771 -1.507 -0.112 20
-0.89 1.337 -0.657 20
-1.329 3.155 0.764 20
-0.235 4.504 1.388 20
2.142 4.702 1.344 21
2.801 4.795 0.787 20
1.637 5.102 0.086 20
0.473 4.937 -0.323 20
-0.386 4.624 -1.028 20
-1.378 4.373 -1.158 20
-2.034 3.966 -0.962 21
-1.994 3.735 -1.039 20
-1.387 3.685 -0.726 20
-0.078 3.084 -1.022 20
2.956 0.257 -2.84 20
12.366 -7.514 -6.144 20
15.577 -11.648 -2.175 20
-0.127 -3.164 -1.998 21
-3.156 2.598 -4.299 20
-4.291 3.983 -4.921 20
0.158 -1.99 -3.368 20
2.347 -8.082 8.096 20
-0.857 -9.455 10.443 20
-3.542 -3.116 2.04 21
-5.333 3.421 0.226 20
-4.608 5.157 4.03 20
-3.056 5.648 5.132 20
-2.563 5.306 3.862 20
-1.882 2.815 2.628 20
0.058 -0.749 0.828 21
4.162 -4.423 -2.419 20
3.595 -5.716 -3.283 20
-2.143 -1.954 -3.0 20
-2.558 1.595 -2.887 20
-0.291 2.673 -1.824 20
1.285 1.457 1.457 21
0.769 -0.294 3.86 20
-0.765 0.474 4.44 20
-1.499 1.481 3.657 20
-0.469 0.636 0.577 20
1.506 -1.224 -3.485 20
1.746 -1.777 -3.969 20
1.453 -0.111 -2.205 21
1.991 0.94 -0.182 20
1.669 -0.218 0.911 20
0.445 -1.822 1.303 20
-0.387 -2.334 1.672 20
1.076 -1.859 0.925 20
3.424 -2.041 -0.124 21
4.207 -3.383 -1.702 20
2.413 -2.829 -3.043 20
-1.15 -0.293 -3.004 20
-2.773 -0.768 -1.956 20
-4.755 -3.608 1.109 20
-7.431 -4.515 3.324 21
-6.024 -3.844 1.765 20
-2.278 -1.224 -0.685 20
-0.839 0.97 -0.261 20
-1.49 2.972 0.504 20
-0.157 4.258 1.201 20
2.143 4.377 1.409 20
2.724 4.369 0.955 21
1.818 4.609 0.457 20
0.89 4.659 -0.431 20
-0.198 4.57 -1.546 20
-1.481 4.579 -1.505 20
-2.102 4.168 -1.322 20
-1.579 3.462 -1.453 21
-0.469 3.125 -0.948 20
0.729 2.765 -1.021 20
2.005 1.671 -1.628 20
5.157 -1.149 -4.143 20
14.74 -7.842 -5.074 20
6.574 -6.75 -2.314 21
-1.68 -0.359 -4.21 20
-2.801 2.345 -5.277 20
-0.264 -1.737 -2.927 20
3.813 -6.994 3.848 20
3.151 -8.617 9.385 20
-1.456 -2.977 5.536 21
-6.618 3.311 1.266 20
-6.642 5.135 3.573 20
-5.182 5.458 5.475 20
-4.39 5.089 4.516 20
-3.242 2.571 2.13 20
-1.044 -1.339 -0.251 20
2.022 -4.855 -2.162 21
4.51 -6.897 -2.053 20
1.662 -3.622 -2.137 20
-1.168 1.622 -2.445 20
-0.84 4.075 -1.683 20
0.552 3.39 0.054 21
0.848 0.548 1.519 20
-0.532 -0.06 2.997 20
-0.675 0.225 3.665 20
-0.969 0.052 2.292 20
-0.963 -0.455 -0.181 20
0.415 -0.987 -2.959 20
0.923 -0.895 -3.396 21
0.687 0.056 -1.191 20
0.698 0.68 1.393 20
0.578 0.618 1.913 20
0.391 0.216 1.612 20
0.371 -0.96 1.593 20
-0.079 -1.742 0.815 21
0.172 -1.481 0.024 20
1.357 -1.161 -0.592 20
2.89 -1.487 -1.457 20
3.459 -2.067 -1.572 20
3.409 -3.298 -0.523 20
2.298 -3.472 0.203 21
-1.18 -0.991 -0.933 20
-3.017 -0.443 -2.297 20
-5.154 -3.303 -1.358 20
-7.383 -5.197 0.784 20
-5.765 -4.904 1.575 20
-3.701 -1.697 0.033 20
-1.386 1.423 -1.177 21
0.298 2.952 -0.203 20
0.686 4.321 0.351 20
1.822 4.305 1.111 20
2.998 3.503 2.533 20
3.115 3.608 2.5 20
1.749 4.105 1.163 21
0.048 4.32 -0.761 20
-1.306 4.448 -2.244 20
-2.355 4.338 -2.957 20
-2.46 3.692 -3.293 20
-1.235 3.289 -1.562 20
0.196 3.193 -0.281 21
0.338 3.354 0.387 20
0.718 2.725 0.079 20
3.482 -0.14 -2.559 20
12.628 -6.721 -4.034 20
9.408 -7.816 -3.865 20
-0.188 -2.035 -4.24 20
-1.484 2.335 -3.937 21
-1.517 2.075 -2.668 20
2.057 -2.84 -1.409 20
3.753 -6.473 4.955 20
3.078 -6.96 8.993 20
-1.931 -1.732 2.284 20
-7.796 3.352 -1.055 21
-7.467 4.232 1.137 20
-5.476 3.932 3.791 20
-2.874 2.53 5.193 20
-0.963 0.957 4.4 20
-0.319 -0.634 1.925 20
1.762 -2.873 0.742 21
3.906 -4.392 -1.109 20
0.986 -2.618 -3.497 20
-1.886 -0.289 -3.98 20
-1.933 1.3 -2.793 20
-0.556 1.702 -0.566 20
0.765 0.823 2.508 21
0.897 0.083 4.277 20
-0.114 0.661 3.472 20
-1.888 1.246 3.099 20
-2.107 0.373 1.392 20
-0.357 -1.185 -2.129 20
0.241 -2.175 -3.71 21
-0.06 -1.162 -3.615 20
0.486 0.626 -1.468 20
1.429 1.034 0.728 20
2.163 0.409 1.899 20
1.999 -0.203 2.914 20
0.663 -0.379 2.948 20
0.568 -0.91 1.839 21
2.525 -2.16 0.398 20
3.236 -2.916 -1.998 20
3.594 -3.461 -2.992 20
3.849 -3.822 -1.41 20
0.737 -1.931 -0.409 20
-2.466 0.096 -1.791 21
-3.578 -1.202 -1.838 20
-5.732 -3.662 0.436 20
-7.25 -4.354 1.932 20
-5.292 -3.205 0.885 20
-2.428 0.066 -0.046 20
-0.591 2.105 0.501 21
-0.153 3.279 1.762 20
0.767 4.022 1.793 20
2.812 3.741 0.606 20
2.942 4.044 -0.65 20
1.475 4.758 -1.113 20
-0.034 4.754 -0.954 21
-0.776 3.915 -0.932 20
-1.358 3.652 -0.962 20
-1.367 3.488 -1.605 20
-0.991 3.154 -1.343 20
-0.208 3.101 0.356 20
0.495 2.942 0.628 20
1.668 2.008 -0.908 21
4.36 -0.445 -4.595 20
13.468 -6.351 -6.718 20
9.929 -6.205 -3.189 20
-1.123 -0.009 -2.692 20
-3.141 2.888 -3.352 20
-2.471 1.47 -2.188 21
1.076 -3.128 0.151 20
1.527 -6.431 6.259 20
0.641 -8.442 7.09 20
-0.407 -5.209 2.252 20
-5.373 2.139 -0.848 20
-5.633 4.452 0.512 21
-3.877 4.287 2.541 20
-2.606 3.636 3.191 20
-2.347 2.544 3.809 20
-2.451 1.479 4.155 20
-1.719 -0.279 2.756 20
-0.331 -3.282 -0.159 21
0.917 -6.183 -4.684 20
1.679 -5.11 -3.206 20
0.093 -0.261 -1.795 20
0.545 3.304 -1.551 20
1.848 3.556 1.609 20
1.515 1.234 3.509 21
-0.011 0.487 3.915 20
-1.094 0.665 3.713 20
-1.998 -0.043 1.444 20
-1.027 -1.162 -2.437 20
-0.005 -1.354 -4.345 20
-0.119 -0.384 -3.587 20
0.125 0.257 -1.176 21
0.52 0.473 1.01 20
1.216 -0.046 1.907 20
1.346 -0.427 2.424 20
0.908 -0.729 2.477 20
-0.025 -1.325 1.563 21
0.41 -2.136 0.18 20
2.885 -2.621 -1.825 20
4.17 -2.575 -3.945 20
3.423 -2.83 -3.162 20
1.876 -2.627 -0.054 20
0.047 -0.749 0.547 21
-1.951 0.538 -0.981 20
-3.702 -1.798 -0.881 20
-6.247 -3.785 0.763 20
-6.159 -3.734 1.59 20
-3.633 -1.015 0.387 20
-1.523 1.815 0.392 20
-0.543 3.236 0.868 21
0.504 3.787 0.992 20
2.291 3.646 0.956 20
3.066 3.645 0.778 20
2.529 3.815 0.769 20
1.7 3.639 0.408 20
0.448 3.492 -0.786 21
-1.062 3.708 -1.634 20
-2.17 3.941 -1.667 20
-2.44 3.905 -1.466 20
-1.967 3.661 -0.062 20
-1.441 3.417 0.857 20
-0.434 2.819 -0.277 21
2.051 0.664 -2.664 20
8.831 -5.361 -5.466 20
16.567 -11.234 -2.977 20
4.047 -5.225 -2.435 20
-2.389 1.719 -5.012 20
-3.22 3.718 -5.953 20
0.424 -1.284 -3.827 21
2.626 -7.095 6.462 20
0.584 -8.826 12.359 20
-1.929 -3.013 4.344 20
-6.257 3.717 -0.405 20
-6.526 5.447 1.816 20
-5.047 5.402 2.965 21
-3.749 4.353 2.084 20
-2.124 1.475 2.091 20
-1.219 -1.026 1.537 20
1.666 -4.122 -1.069 20
3.368 -5.758 -1.898 20
0.3 -2.216 -1.051 21
-0.734 1.873 -0.294 20
1.037 3.199 -0.22 20
2.669 2.445 0.612 20
1.98 0.235 2.069 20
-0.572 0.157 2.066 20
-2.09 1.137 1.051 21
-2.746 0.172 0.183 20
-1.712 -1.769 -1.277 20
-0.023 -2.065 -2.591 20
0.765 -0.526 -2.007 20
0.867 1.593 -0.073 20
1.003 1.339 1.54 20
1.743 -0.014 1.755 21
2.086 -1.101 1.277 20
1.311 -2.289 1.736 20
1.572 -1.64 1.28 20
3.116 -0.667 -0.988 20
3.024 -0.978 -3.123 20
2.601 -2.611 -2.513 21
1.577 -4.014 -0.653 20
-1.363 -2.147 -0.728 20
-3.268 -1.63 -1.602 20
-4.92 -3.925 -0.611 20
-6.405 -5.242 1.135 20
-5.161 -4.36 1.142 21
-3.474 -0.847 -0.411 20
-1.266 1.565 -0.01 20
-0.521 3.39 1.195 20
0.091 4.76 1.496 20
2.537 4.325 1.221 20
3.907 3.83 1.105 21
3.169 4.117 0.497 20
1.47 4.607 -0.643 20
-0.702 4.866 -1.799 20
-2.064 4.308 -1.916 20
-2.519 3.472 -1.871 20
-2.093 3.164 -1.229 20
-1.032 3.005 0.579 21
-0.56 2.993 0.676 20
-0.079 2.858 -0.141 20
1.631 1.578 -2.418 20
7.373 -2.486 -6.637 20
15.417 -7.998 -6.055 20
4.432 -4.218 -2.645 21
-1.764 1.442 -4.254 20
-2.797 2.669 -3.001 20
0.774 -0.538 -1.92 20
4.478 -5.551 0.724 20
2.348 -8.872 10.942 20
-0.039 -6.493 6.325 21
-6.188 1.934 -1.354 20
-8.023 4.875 0.779 20
-4.25 2.989 5.567 20
-2.96 2.306 3.344 20
-2.05 2.093 1.985 20
-3.899 1.357 3.695 21
-1.976 -1.063 0.522 20
2.931 -3.869 -3.36 20
5.505 -4.631 -2.752 20
3.765 -1.24 -1.882 20
-3.54 3.283 0.793 20
1.336 1.967 -0.508 21
0.454 2.096 0.551 20
-1.214 1.261 2.363 20
-0.928 -0.183 2.696 20
-2.767 0.25 2.719 20
-2.943 0.132 1.665 20
0.373 -2.038 -1.405 20
1.959 -2.143 -3.444 21
1.233 -0.294 -1.972 20
0.749 0.808 -0.358 20
1.099 0.371 0.733 20
1.802 -0.626 1.604 20
1.99 -1.394 1.685 20
0.146 -1.259 1.15 21
-1.032 -1.135 1.085 20
1.636 -1.718 -0.125 20
4.549 -1.914 -2.4 20
5.118 -2.182 -2.524 20
3.369 -1.612 -0.745 20
0.001 -0.02 -0.953 21
-3.051 -0.912 -1.507 20
-4.876 -4.305 0.215 20
-7.625 -5.782 1.22 20
-6.286 -4.624 0.759 20
-2.704 -0.018 -0.15 20
-0.511 2.872 1.026 21
-0.134 3.496 1.283 20
0.65 3.55 1.731 20
1.959 3.859 2.002 20
2.476 4.109 0.935 20
1.927 4.196 -0.147 20
1.404 4.074 -0.935 21
0.276 3.86 -1.878 20
-1.268 3.468 -1.701 20
-2.353 3.169 -0.843 20
-2.491 3.412 -0.106 20
-1.405 3.177 0.415 20
-0.756 2.855 0.307 20
-0.285 2.42 -0.743 21
1.9 0.576 -2.967 20
9.163 -5.398 -5.669 20
15.407 -9.351 -3.953 20
3.03 -1.752 -2.089 20
-2.045 3.12 -5.058 20
-2.819 3.868 -3.082 21
-1.451 2.324 -0.76 20
2.175 -2.265 3.14 20
3.249 -7.256 14.017 20
2.894 -8.886 9.043 20
-3.181 -3.578 -4.255 20
-6.929 1.899 -3.239 21
-4.994 2.994 -0.509 20
-3.425 2.757 0.05 20
-2.848 1.951 1.936 20
-3.488 1.676 4.67 20
-2.544 1.159 3.931 20
0.253 -0.698 1.839 21
1.526 -2.644 0.661 20
0.356 -3.132 -2.799 20
0.991 -2.122 -3.067 20
0.879 0.819 -1.243 20
1.39 2.386 -0.995 20
1.428 1.382 2.303 20
0.03 0.653 4.521 21
-2.037 0.846 2.754 20
-3.041 -0.108 0.633 20
-1.519 -1.482 -2.053 20
0.038 -1.519 -3.842 20
0.866 -1.27 -3.369 20
1.122 -0.436 -2.051 21
1.049 0.775 -0.824 20
1.744 0.784 1.167 20
1.638 -0.048 2.778 20
0.039 0.113 0.042 20
-0.255 -0.781 0.9 20
1.143 -2.885 2.317 21
4.01 -4.405 0.96 20
5.784 -4.003 -1.543 20
2.431 -1.742 -2.583 20
-3.149 0.695 -3.008 20
-4.979 0.304 -1.836 20
-5.96 -1.321 1.942 21
-6.293 -2.722 -0.101 20
-3.782 -4.092 -0.677 20
-2.183 -3.879 -4.604 20
-1.036 -0.908 1.495 20
-1.4 2.4 4.181 20
-0.602 4.036 2.266 20
1.774 4.406 1.695 21
2.737 4.451 0.533 20
2.242 4.469 -1.093 20
0.972 4.395 -2.396 20
-0.838 4.324 -2.512 20
-1.824 4.066 -2.008 20
-1.325 3.384 -1.264 21
-0.785 2.821 -0.086 20
-0.749 2.537 0.851 20
-0.633 2.255 1.419 20
0.074 1.738 1.118 20
1.586 0.142 -1.326 20
6.229 -4.28 -5.867 21
13.156 -9.167 -6.88 20
5.677 -4.632 -3.997 20
-1.684 3.44 -3.919 20
-2.843 4.286 -3.831 20
-0.858 0.236 -2.534 20
2.116 -5.808 5.61 21
2.726 -9.1 10.615 20
0.513 -6.342 2.592 20
-7.165 3.26 0.459 20
-4.012 4.73 1.039 20
-1.835 3.539 2.209 20
-1.291 2.254 3.516 21
-1.835 1.463 3.937 20
-2.33 0.94 3.03 20
-1.25 -0.262 1.737 20
0.405 -2.271 -0.085 20
0.63 -3.309 -1.769 20
-0.323 -1.799 -0.96 20
-0.032 0.523 -0.536 21
1.788 1.357 -0.856 20
1.812 1.695 0.266 20
0.505 1.259 1.574 20
-0.765 0.529 1.522 20
-1.702 0.159 1.189 20
-1.715 -0.585 0.902 21
-0.773 -1.043 0.024 20
0.159 -0.747 -0.822 20
0.712 -0.077 -1.397 20
0.932 0.589 -0.895 20
0.832 0.817 0.325 20
1.275 0.345 1.028 21
1.587 -0.301 0.961 20
0.749 -0.814 0.805 20
-0.888 -1.403 1.22 20
-1.051 -1.483 0.958 20
1.108 -1.832 -0.31 20
2.59 -2.169 -2.238 21
2.286 -2.077 -3.228 20
3.049 -3.188 -1.502 20
2.604 -2.725 0.294 20
-0.991 0.366 -0.297 20
-2.509 -0.251 -0.869 20
-3.812 -3.184 0.561 21
-6.563 -4.172 1.147 20
-6.116 -3.712 1.3 20
-3.103 -0.258 0.471 20
-1.104 1.988 -0.325 20
0.264 2.384 0.465 20
0.809 3.027 1.466 20
2.11 3.432 1.305 21
2.718 3.584 0.691 20
2.03 3.789 0.348 20
0.585 3.574 -0.19 20
-1.143 3.434 -0.857 20
-1.971 3.478 -1.122 20
-2.216 3.508 -1.114 21
-2.104 3.616 -0.744 20
-1.969 3.763 -0.471 20
-1.117 3.348 -0.613 20
0.921 1.692 -1.039 20
3.233 -1.337 -3.949 20
10.387 -7.999 -7.043 21
13.386 -10.252 -2.841 20
0.739 -0.814 -2.066 20
-3.292 4.031 -4.623 20
-3.678 3.205 -5.04 20
-1.211 -0.689 -2.49 20
1.736 -5.279 8.874 20
2.772 -8.748 14.385 21
2.154 -6.388 0.203 20
-3.328 2.527 -2.13 20
-6.537 6.377 2.373 20
-4.993 5.422 3.021 20
-2.646 2.797 2.342 20
-3.248 1.185 3.733 21
-2.794 -0.067 4.071 20
0.492 -2.776 2.246 20
2.884 -5.336 -2.242 20
0.551 -3.448 -4.627 20
-1.523 0.677 -2.373 20
-0.491 2.802 -0.939 21
0.674 2.688 0.006 20
0.264 1.768 2.638 20
-0.473 0.845 4.788 20
-1.344 0.754 3.346 20
-1.238 -0.021 -0.086 20
0.153 -1.899 -2.701 21
0.433 -2.013 -3.257 20
0.644 -0.587 -3.2 20
1.444 0.575 -1.332 20
1.992 0.847 1.036 20
2.67 -0.08 1.682 20
2.375 -1.04 1.544 21
0.509 -1.177 1.993 20
-0.931 -0.775 2.014 20
-0.191 -0.917 -0.649 20
2.406 -2.404 -4.003 20
3.486 -3.47 -4.159 20
2.066 -2.646 -1.139 20
-0.36 -0.482 0.072 21
-1.473 -0.134 -0.465 20
-3.449 -2.706 0.598 20
-6.446 -4.876 1.399 20
-6.332 -5.802 0.685 20
-3.872 -3.004 1.162 20
-1.081 1.041 1.257 21
-0.244 2.901 0.286 20
0.221 4.038 0.848 20
2.529 4.908 1.037 20
4.568 5.073 0.295 20
3.51 4.943 -0.576 20
1.514 4.841 -0.825 21
0.478 4.777 -1.449 20
-1.065 4.558 -1.302 20
-2.06 3.861 -0.467 20
-2.406 3.343 -0.302 20
-2.407 3.239 -0.239 20
-1.739 3.269 -0.36 21
0.295 2.612 -0.507 20
3.059 0.417 -2.343 20
9.372 -5.52 -6.597 20
15.661 -11.744 -3.525 20
2.792 -5.378 -1.898 20
-1.805 2.536 -5.983 20
-3.748 4.71 -7.299 21
-0.381 -0.854 -2.859 20
3.39 -7.127 11.185 20
2.137 -8.98 11.545 20
-2.821 -2.418 -0.054 20
-7.316 4.543 1.078 20
-5.515 5.292 2.997 21
-3.213 5.491 2.577 20
-2.749 3.728 4.259 20
-2.89 0.369 3.945 20
-0.517 -3.14 1.063 20
3.171 -7.015 -2.328 20
1.446 -5.934 -1.955 21
-2.164 -0.934 -1.68 20
-2.12 2.104 -1.02 20
0.087 3.008 -0.989 20
0.794 2.752 0.221 20
0.641 1.451 2.736 20
-0.506 0.855 3.985 21
-2.182 1.255 3.412 20
-2.124 0.59 1.382 20
-0.014 -1.488 -3.032 20
1.136 -2.982 -4.753 20
0.41 -0.944 -3.955 20
1.173 1.142 -1.209 20
1.959 1.185 1.175 21
3.173 -0.332 1.777 20
3.752 -1.191 1.448 20
2.312 -0.671 1.993 20
0.861 -0.257 2.264 20
1.341 -0.964 -0.398 20
2.604 -2.961 -5.411 21
2.221 -5.282 -4.116 20
-0.932 -4.206 -0.375 20
-4.301 -1.201 1.039 20
-5.038 -1.408 1.224 20
-5.193 -2.958 0.103 20
-4.368 -3.727 -0.087 21
-2.357 -2.742 0.015 20
-0.819 -0.545 0.919 20
-0.127 1.439 0.523 20
-0.99 3.351 0.264 20
0.068 4.635 0.777 20
2.197 4.405 0.996 21
2.439 4.035 1.071 20
1.615 4.218 0.8 20
0.789 4.564 -0.564 20
-0.591 5.138 -1.745 20
-1.866 4.928 -1.531 20
-1.695 3.575 -1.452 21
-1.445 2.898 -1.334 20
-1.337 3.3 -1.414 20
-0.203 3.188 -1.096 20
1.974 1.649 -1.741 20
5.606 -2.624 -4.995 20
15.978 -10.832 -4.474 20
8.052 -7.274 0.86 21
-0.748 2.055 -2.741 20
-2.976 5.346 -5.399 20
-2.961 2.748 -5.077 20
2.323 -4.845 1.486 20
4.311 -10.013 14.316 20
0.739 -9.65 3.972 21
-6.675 2.244 -1.431 20
-7.277 6.276 1.596 20
-4.764 4.258 3.215 20
-2.013 2.217 3.78 20
-1.266 1.094 3.753 20
-1.054 -0.103 1.875 21
0.821 -1.837 0.163 20
2.524 -3.675 -0.232 20
-0.366 -2.493 -2.067 20
-2.341 -0.004 -3.031 20
-1.378 1.373 -2.066 20
-0.415 2.213 -0.686 21
0.35 1.455 1.576 20
0.727 0.084 3.262 20
0.102 0.091 3.83 20
-1.196 0.709 2.71 20
-0.842 -0.137 -0.688 20
0.272 -1.421 -3.644 20
0.092 -1.801 -2.984 21
0.428 -0.747 -2.805 20
2.116 0.836 -0.972 20
2.657 0.659 1.358 20
2.454 -1.202 3.848 20
0.692 -1.463 0.857 20
-0.924 -0.646 1.012 21
-0.174 -0.713 0.219 20
3.044 -1.006 -1.227 20
7.071 -5.396 -2.031 20
2.757 -4.111 -2.561 20
-3.597 0.1 -2.607 20
-4.686 0.427 -2.227 21
-4.992 -2.955 0.101 20
-7.019 -4.707 1.617 20
-6.048 -4.159 0.483 20
-2.776 -1.016 0.396 20
-0.278 1.424 1.111 20
-0.065 2.37 1.564 21
-0.013 3.427 2.473 20
2.284 3.546 1.663 20
3.918 3.512 0.576 20
3.323 4.26 -0.365 20
1.704 4.828 -1.037 20
-0.02 4.83 -1.656 20
-1.417 4.63 -1.579 21
-1.978 4.052 -0.942 20
-1.575 3.173 -0.923 20
-2.168 4.822 -1.398 20
-1.229 5.273 -0.027 20
0.743 2.376 -0.19 20
2.557 -0.46 -1.771 21
8.103 -5.328 -4.912 20
15.589 -11.319 -3.769 20
2.666 -5.379 -1.659 20
-2.548 2.309 -5.495 20
-3.8 3.551 -5.805 20
-2.342 0.016 -2.782 21
1.593 -5.11 5.414 20
2.923 -7.654 13.095 20
1.51 -5.329 3.871 20
-3.209 1.591 -1.937 20
-5.399 4.443 0.409 20
-4.57 4.585 3.005 21
-2.283 3.715 4.039 20
-1.958 2.429 4.491 20
-2.478 1.242 2.58 20
-0.682 -0.992 0.248 20
2.199 -4.161 -1.138 20
1.742 -5.411 -2.812 20
-0.958 -2.421 -2.619 21
-1.856 1.104 -1.311 20
-0.5 2.427 -0.227 20
0.97 2.316 1.021 20
1.263 1.521 2.223 20
0.466 0.819 3.012 20
-0.757 0.485 2.627 21
-1.67 -0.168 2.073 20
-1.296 -1.589 -0.748 20
-0.626 -2.349 -3.595 20
-0.998 -1.172 -3.856 20
-0.513 0.16 -2.55 20
0.607 0.39 -0.329 21
2.101 -0.707 1.471 20
2.563 -1.664 2.551 20
0.563 -1.159 2.988 20
-0.965 -0.567 2.663 20
0.81 -1.135 -0.028 20
4.109 -2.511 -5.094 21
4.822 -3.545 -4.36 20
2.38 -3.014 -0.33 20
-0.227 -0.876 0.041 20
-2.125 -0.342 -0.396 20
-4.549 -2.095 0.089 20
-6.953 -2.756 0.431 21
-5.572 -3.358 0.6 20
-2.109 -2.058 0.723 20
-0.552 0.57 1.744 20
-0.346 2.539 1.875 20
0.52 3.855 1.504 20
2.591 4.058 0.604 21
3.701 3.829 -0.297 20
3.139 3.784 -0.642 20
1.657 3.747 -0.623 20
-0.224 3.971 -0.893 20
-1.437 4.251 -1.131 20
-1.979 4.162 -0.716 20
-2.473 4.069 -0.121 21
-2.78 3.962 0.169 20
-2.413 3.464 0.204 20
-0.902 2.428 0.134 20
0.955 0.641 -0.942 20
4.268 -3.792 -5.642 20
14.968 -12.856 -8.04 21
10.377 -10.559 -1.441 20
-0.249 1.729 -4.179 20
-2.628 6.419 -5.965 20
-2.96 5.085 -4.295 20
0.289 -0.592 1.554 20
1.719 -5.578 14.399 21
3.55 -8.955 10.827 20
0.345 -5.25 -1.589 20
-6.269 2.822 -1.339 20
-7.905 5.267 0.4 20
-5.634 4.674 1.104 20
-3.647 2.91 3.395 21
-3.438 1.641 4.776 20
-2.824 0.103 3.147 20
0.572 -3.433 0.648 20
4.191 -7.234 -2.913 20
1.499 -4.445 -3.283 20
-1.168 1.22 -1.28 20
0.705 3.407 -0.268 21
2.271 3.543 0.379 20
1.395 2.57 1.639 20
-0.07 0.937 3.18 20
-1.679 0.126 3.309 20
-2.499 -0.455 1.645 20
-1.796 -1.783 -2.002 21
-1.019 -2.366 -3.576 20
-0.728 -0.87 -2.85 20
0.605 0.553 -1.325 20
1.28 0.959 0.568 20
2.174 -0.029 1.462 20
3.498 -1.516 1.001 21
3.09 -2.222 0.59 20
1.013 -1.413 0.893 20
1.25 -1.171 0.388 20
2.266 -2.11 -1.793 20
2.33 -3.348 -2.935 20
0.435 -3.776 -1.462 20
-2.26 -1.667 -1.37 21
-4.138 -1.438 -1.175 20
-6.796 -2.644 0.496 20
-7.595 -2.923 1.969 20
-4.589 -2.449 0.84 20
-1.882 -0.331 0.73 20
-0.613 1.454 0.614 21
-0.686 3.178 -0.574 20
0.512 4.294 0.067 20
3.03 4.328 1.095 20
3.928 4.065 1.611 20
3.139 4.12 1.572 20
2.342 4.081 0.689 21
0.898 4.292 -0.947 20
-0.756 4.744 -2.055 20
-1.213 3.185 -1.871 20
-3.573 4.533 -1.585 20
-0.46 4.718 -0.409 20
1.098 3.367 -0.193 21
1.9 1.639 -1.189 20
4.854 -1.684 -3.233 20
12.336 -7.307 -4.49 20
11.226 -8.053 -1.484 20
-0.025 -1.047 -2.534 20
-1.21 4.873 -6.418 20
-2.171 2.519 -4.78 21
2.499 -4.092 3.157 20
1.816 -7.861 16.449 20
0.953 -10.949 4.993 20
-4.216 -0.282 -2.519 20
-8.363 4.89 1.384 20
-6.82 3.527 1.319 21
-4.001 2.998 1.342 20
-2.87 1.691 2.972 20
-1.583 0.489 5.287 20
2.005 -2.428 3.465 20
4.857 -4.417 0.452 20
0.126 -1.955 -2.734 21
-3.367 -0.048 -2.997 20
-2.147 0.34 -1.803 20
-0.768 0.371 -0.223 20
-0.449 0.877 0.952 20
-0.443 -1.987 5.509 20
0.342 -4.019 4.645 21
1.713 -2.393 -0.781 20
3.398 -2.283 -2.156 20
3.019 -2.05 -1.992 20
0.02 -1.041 -1.78 20
-2.592 -0.933 -0.845 20
-1.392 -1.18 -0.36 20
-0.235 -0.93 -0.615 21
-0.848 -0.242 0.427 20
-1.988 0.029 3.743 20
-3.175 0.369 5.18 20
-3.461 0.858 2.491 20
1.793 -1.135 -10.618 20
7.426 -3.953 -12.027 21
3.348 -5.091 7.943 20
-0.379 -3.702 10.602 20
-4.233 -2.312 8.955 20
-5.577 -0.85 10.692 20
-4.142 1.192 9.547 20
-1.419 2.521 6.928 21
0.867 2.088 5.099 20
0.94 1.868 4.747 20
-1.322 2.001 1.754 20
-3.231 2.387 -0.622 20
-2.932 2.077 -2.233 20
-1.981 1.908 -3.525 21
-1.809 2.69 -4.427 20
-1.671 3.824 -4.683 20
0.157 4.608 -3.04 20
2.947 4.511 -2.854 20
4.282 4.662 -5.796 20
3.963 5.793 -6.467 21
6.279 5.043 -2.69 20
11.25 3.847 3.309 20
3.312 4.948 5.886 20
-2.604 6.186 6.503 20
-2.484 6.419 7.788 20
-0.685 6.215 5.399 20
1.038 4.362 -0.079 21
4.293 2.546 -4.014 20
6.837 3.249 -15.714 20
6.906 6.166 -17.972 20
3.777 5.722 -6.313 20
0.989 3.977 3.303 20
-0.621 4.377 3.294 21
-1.113 5.03 2.262 20
-1.122 5.558 0.82 20
-1.814 6.39 -1.793 20
-3.083 6.422 -3.541 20
-3.07 5.115 -4.04 20
-3.869 3.453 0.808 21
-3.963 1.404 9.974 20
0.233 -1.428 2.968 20
-3.34 -1.022 3.346 20
-5.636 1.14 11.327 20
-5.461 2.425 13.741 20
-4.395 1.508 11.448 20
-1.758 0.087 9.139 21
-1.22 -1.044 5.448 20
-1.454 -1.453 0.857 20
-1.481 -0.046 -2.186 20
-1.326 1.094 -2.224 20
-1.666 1.789 -1.501 20
-2.493 2.166 -0.737 21
-3.348 2.587 -0.012 20
-3.785 2.646 -0.694 20
-3.607 2.793 -1.649 20
-3.145 2.787 -1.79 20
-3.285 2.862 -1.803 20
-3.247 3.21 -2.687 21
-3.054 3.436 -3.175 20
-2.514 2.804 -2.907 20
-1.71 1.378 -2.004 20
-1.533 0.844 -0.743 20
-1.8 1.479 -0.617 20
-1.437 1.362 -0.204 21
-1.006 1.126 -0.267 20
-0.867 1.3 -0.405 20
-0.567 1.17 -0.435 20
-0.4 1.008 -0.124 20
-0.237 0.786 0.144 20
-0.256 0.561 -0.005 20
-0.03 0.406 -0.197 21
-0.001 0.287 -0.244 20
-0.027 0.17 -0.342 20
-0.13 0.054 -0.558 20
-0.934 0.366 -2.074 20
-1.5 0.331 1.224 20
-0.897 0.307 1.36 21
-0.799 0.481 -0.208 20
-0.646 0.292 -0.586 20
-0.273 0.16 -0.761 20
-0.092 0.15 -0.572 20
0.009 0.09 -0.105 20
0.193 0.005 -0.006 21
0.178 0.0 0.25 20
0.184 0.143 0.535 20
0.284 0.189 0.646 20
0.219 0.271 0.656 20
0.492 0.022 0.513 20
0.82 -0.316 0.386 21
0.842 -0.463 0.699 20
0.796 -0.343 0.894 20
0.719 -0.216 0.455 20
0.759 -0.311 0.112 20
0.636 -0.265 0.067 20
0.462 -0.115 0.256 20
0.375 -0.03 0.45 21
0.324 -0.002 0.256 20
0.283 0.015 0.248 20
0.313 -0.018 0.299 20
0.139 0.043 0.262 20
0.059 0.104 0.115 20
0.176 0.022 0.071 21

# Completed @Tue Jan 26 20:36:05 GMT+02:00 2021
