# Accelerometer Data File
# Started @Tue Jan 26 20:30:23 GMT+02:00 2021
#
#
# sensor Vendor: BOSCH
# sensor Name: BMI160 Accelerometer Non-wakeup
# sensor Resolution: 0.0023928226m/sec^2; Max Range: 78.4532; Min Delay: 2500 microseconds
# The sensor's attributes are the result hardware and the Android capabilities.
# It means that the Android may not utilize all features provided by the hardware.
#
# Some devices and Android versions save battery too much so the device may go to sleep.
# It just happens after couple of minutes from turning off the scree and it is easy to find it out.
#
# The following file provides the data from accelerometer in the m/s^2 format.
# The diff value is just a time delta between the samples
#
#
# data format:
# so we have 4 columns with values separated by the " "
# X Y Z time_from_previous_sample(ms)

# sensor speed set to:NORMAL
# units set to: m/sec^2
# gravity  filtered out
# Accuracy: HIGH
-2.299 3.215 7.479 0
-2.181 2.887 7.169 20
-1.946 2.594 6.704 20
-1.723 2.365 6.187 20
-1.333 2.173 6.012 20
-0.954 1.85 5.083 20
-0.343 1.381 4.163 21
0.27 1.2 3.542 20
0.588 1.226 2.733 20
0.898 0.961 2.026 20
1.269 0.552 1.31 20
1.369 -0.002 0.97 20
1.598 -0.821 1.309 21
2.577 -1.172 1.109 20
3.018 -0.292 1.571 20
3.766 -0.133 1.505 20
4.59 -0.922 3.353 20
3.648 -1.241 3.951 20
2.975 -1.706 1.98 21
2.022 -2.344 3.785 20
0.709 -1.557 1.804 20
-0.499 -0.49 1.154 20
-0.794 -0.65 1.454 20
-1.014 -0.796 0.205 20
-1.344 -1.158 -0.983 21
-2.322 -1.549 0.755 20
-4.159 -1.821 0.798 20
-5.526 -2.49 3.974 20
-5.523 -0.471 7.448 20
-4.997 -1.207 3.823 21
-3.958 -1.841 0.416 20
-4.921 -2.344 -3.298 20
-5.041 -2.569 -5.375 20
-3.875 -1.471 -2.539 20
-3.847 -0.485 0.267 20
-3.734 -1.931 -0.757 21
-5.359 -1.132 -2.447 20
-3.551 -0.613 -2.646 20
-1.292 -0.505 -3.255 20
-1.219 0.384 -3.477 20
-0.177 0.751 -1.021 20
3.421 -0.324 0.896 21
2.958 0.287 2.557 20
3.723 -0.212 2.663 20
2.49 -0.392 0.26 20
-1.507 0.824 0.167 20
-2.824 1.216 1.121 21
0.473 -0.024 0.129 20
1.967 -0.785 -3.317 20
1.161 -0.253 -6.511 20
0.971 0.038 -6.129 20
1.182 -0.877 -5.234 20
2.008 -2.671 -2.755 21
2.519 -3.98 0.603 20
3.873 -4.895 1.008 20
5.12 -5.175 0.631 20
5.466 -4.778 0.667 20
6.081 -4.33 -0.009 20
6.316 -4.723 0.88 21
4.999 -4.716 3.767 20
4.551 -5.609 4.668 20
4.915 -6.874 3.607 20
4.844 -8.108 2.399 20
5.056 -9.636 -0.747 21
6.46 -10.33 -7.028 20
7.466 -7.29 -14.039 20
7.417 -1.93 -19.286 20
6.807 3.268 -29.821 20
2.395 8.891 -37.375 20
-1.593 2.994 -14.186 21
2.457 -1.526 3.159 20
5.934 -2.326 6.218 20
4.778 -1.854 4.688 20
2.966 -0.795 0.319 20
2.242 0.096 1.037 20
2.132 0.226 2.54 21
3.042 0.443 2.034 20
5.864 0.485 3.947 20
6.356 1.036 6.06 20
1.714 2.006 6.004 20
-5.385 4.282 3.135 20
-5.621 4.652 1.338 21
-2.631 3.303 6.049 20
-6.216 3.899 0.145 20
-5.125 4.257 -6.889 20
-3.685 4.478 0.043 20
-0.039 3.778 2.031 20
1.887 2.984 2.026 21
2.043 2.656 0.756 20
-1.774 3.593 0.079 20
-1.159 2.259 0.778 20
-0.342 3.085 -0.329 20
-2.373 2.662 0.571 20
-1.655 2.213 -0.821 21
0.264 1.933 -0.948 20
-0.294 1.772 -0.528 20
-0.639 1.683 0.585 20
0.18 1.748 0.638 20
1.777 1.474 0.605 21
3.594 0.912 0.908 20
5.241 0.634 0.518 20
5.379 0.036 -0.589 20
3.306 -0.883 0.178 20
1.953 -1.42 -0.453 20
2.536 -1.295 0.208 21
3.581 -2.114 1.735 20
4.445 -2.455 3.359 20
1.321 -2.007 3.431 20
-3.301 -2.31 1.596 20
-2.184 -1.217 2.553 20
-2.46 1.17 1.935 21
-3.664 2.1 -0.691 20
-3.041 2.824 -1.441 20
-1.217 1.66 1.498 20
-0.544 0.795 1.829 20
-1.455 0.7 0.51 20
-1.732 0.322 1.582 21
-1.05 0.803 2.202 20
-0.065 1.781 0.872 20
0.199 2.455 -0.709 20
0.032 2.545 -0.198 20
0.445 2.0 0.077 21
-1.291 2.746 -1.464 20
-0.698 2.075 -1.975 20
0.505 1.473 0.89 20
1.534 0.519 3.826 20
3.039 -0.082 5.364 20
2.254 0.482 1.126 21
1.796 1.119 -2.636 20
1.61 -0.917 -0.848 20
0.539 -3.949 -0.927 20
-1.672 -3.916 -2.248 20
-3.13 -1.671 -3.009 20
-4.598 -1.262 -3.335 21
-3.662 -6.107 0.27 20
-0.223 -10.018 1.957 20
0.218 -7.537 1.524 20
-1.482 -4.487 2.187 20
-4.626 -0.27 2.671 20
-5.897 0.629 2.884 21
-5.445 -5.008 1.486 20
-9.973 -11.941 -9.442 20
-2.465 -19.512 -7.312 20
3.149 -16.578 -6.335 20
-4.562 -3.257 -3.733 21
-6.954 3.146 3.526 20
-6.282 5.748 3.958 20
-4.923 2.739 1.154 20
-1.699 -0.442 -1.787 20
-1.589 4.208 -3.43 20
-1.336 6.12 -2.384 21
-2.629 2.736 -0.268 20
-2.897 1.787 -1.951 20
-2.124 3.219 -2.715 20
-2.052 3.018 -3.194 20
-1.48 1.78 -2.443 20
1.194 2.21 -3.775 21
2.245 1.51 -4.411 20
3.28 -4.221 -4.95 20
4.937 -7.361 -2.644 20
-0.251 -1.966 -0.981 20
-2.96 0.543 -4.474 20
0.793 -3.111 -1.739 21
1.829 -4.949 4.354 20
-1.915 -5.211 8.392 20
-4.487 -1.764 6.119 20
-3.43 2.262 2.851 20
-1.462 4.524 2.018 21
0.279 5.018 2.2 20
0.682 2.938 3.021 20
-0.511 -0.503 3.055 20
0.512 -6.455 -0.446 20
-0.716 -8.651 -4.673 20
-3.542 -2.324 -5.078 21
-2.599 3.172 -1.899 20
-0.263 4.484 1.927 20
1.048 3.264 4.828 20
1.331 1.873 5.46 20
1.256 1.306 2.301 20
1.467 -0.398 -2.012 21
0.283 -0.565 -3.74 20
-2.224 -0.155 -1.434 20
-1.255 0.099 -0.519 20
0.355 -0.319 -0.124 20
1.69 -0.16 -0.043 21
3.304 -1.448 0.206 20
4.134 -1.433 1.285 20
3.237 -0.686 1.637 20
0.945 -0.602 -0.252 20
0.325 -1.702 -1.027 20
0.928 -2.926 -0.939 21
1.077 -3.248 -1.399 20
0.234 -4.303 -1.35 20
-0.692 -4.69 0.778 20
-1.541 -1.41 1.007 20
-2.616 1.613 -1.038 20
-4.154 0.563 -0.759 21
-6.576 -0.576 1.448 20
-5.817 -1.284 1.751 20
-3.215 -0.574 -0.102 20
-0.811 1.751 -1.605 20
0.088 3.178 -0.237 20
1.295 3.058 2.683 21
3.464 2.047 1.723 20
4.508 1.543 0.248 20
3.958 2.328 -0.453 20
2.258 3.92 -1.138 20
0.827 4.67 -0.936 20
-0.357 4.337 -0.756 21
-1.19 4.289 -0.944 20
-0.801 4.123 -0.823 20
0.11 3.493 -1.077 20
0.918 2.74 -1.802 20
1.734 1.97 -2.415 20
2.684 0.659 -3.322 21
3.834 -2.008 -4.197 20
5.076 -6.557 -4.802 20
1.749 -8.253 -3.994 20
-1.739 -3.319 -2.493 20
-2.468 2.715 -3.472 21
-2.502 2.607 -3.284 20
0.934 -3.217 -1.856 20
3.438 -7.222 3.22 20
1.648 -6.61 8.536 20
-1.81 -1.488 5.173 20
-5.818 3.844 1.574 21
-5.523 4.818 2.396 20
-2.791 4.132 5.198 20
-0.173 3.414 6.431 20
-0.347 2.588 2.759 20
-0.905 0.483 -1.431 20
1.504 -3.126 -1.911 21
3.005 -5.217 -1.317 20
-0.082 -3.05 -2.395 20
-1.922 0.904 -1.463 20
0.736 2.67 0.937 20
2.305 2.146 2.251 20
2.245 0.159 2.574 21
1.055 -0.556 2.668 20
-0.714 0.311 0.487 20
-2.247 0.681 -1.644 20
-2.277 0.026 -1.745 20
-1.124 -0.506 -0.419 21
0.393 0.025 0.407 20
1.809 0.667 0.278 20
3.131 -0.52 0.444 20
3.344 -2.162 1.29 20
2.632 -2.643 1.571 20
1.258 -1.984 0.083 21
0.585 -1.919 -1.272 20
0.742 -2.82 -0.806 20
-0.42 -3.553 -0.831 20
-1.124 -4.039 -0.685 20
-0.813 -2.322 0.036 20
-1.221 0.572 -1.228 21
-3.85 0.146 -1.006 20
-6.919 -1.48 2.597 20
-6.554 -2.005 2.977 20
-4.45 -1.658 -0.206 20
-2.248 0.245 -1.595 20
-1.029 2.557 -0.563 21
0.051 3.625 0.534 20
2.726 2.95 1.908 20
4.59 2.013 1.706 20
4.456 2.257 0.973 20
2.724 3.886 -0.402 20
1.207 5.491 -1.17 21
-0.018 5.789 -0.833 20
-0.985 5.241 -0.976 20
-0.834 4.516 -1.318 20
0.162 3.616 -1.876 20
0.752 3.112 -2.844 21
1.882 1.742 -3.659 20
3.959 -1.059 -4.246 20
6.804 -5.58 -4.604 20
6.369 -9.521 -2.82 20
-0.582 -4.55 -1.617 20
-1.711 1.863 -3.663 21
-3.256 4.675 -4.414 20
-2.204 0.459 -2.627 20
0.96 -6.393 -0.141 20
0.259 -10.41 11.007 20
-2.011 -6.892 7.778 20
-4.091 2.439 0.679 21
-3.291 6.19 2.429 20
0.721 5.073 6.2 20
1.686 4.232 7.71 20
-0.383 2.901 3.156 20
-0.189 -0.631 -1.395 20
1.321 -4.293 -2.89 21
-0.615 -4.491 -2.817 20
-4.796 -1.086 -3.318 20
-2.911 1.479 -1.194 20
2.088 2.364 1.639 20
3.578 2.168 2.895 21
3.026 0.645 3.445 20
1.749 -0.374 2.798 20
0.14 0.079 0.354 20
-1.494 -0.197 -2.302 20
-1.425 -0.889 -2.505 20
-0.368 -0.563 -1.99 21
1.263 0.329 -1.305 20
2.523 0.561 -0.276 20
3.11 -0.919 0.799 20
2.911 -1.994 2.288 20
1.695 -1.21 2.596 20
0.273 -0.737 1.407 21
0.597 -1.313 -0.725 20
2.723 -2.005 -2.392 20
2.962 -2.445 -3.0 20
1.445 -3.17 -2.088 20
-1.059 -2.532 -0.637 21
-4.148 -2.031 0.385 20
-8.343 -2.255 3.981 20
-9.776 -3.23 3.314 20
-5.599 -4.049 -2.156 20
-2.398 -1.59 -3.135 20
-0.977 0.825 -0.98 21
-1.05 3.121 0.02 20
1.247 4.281 2.187 20
3.593 4.099 2.634 20
4.296 3.536 1.86 20
3.397 4.107 -0.043 20
2.406 5.348 -1.979 21
0.945 5.871 -0.445 20
-1.173 5.304 0.668 20
-2.108 4.957 -0.254 20
-1.144 4.441 -1.492 20
-0.198 3.961 -2.524 20
0.179 3.403 -3.166 21
1.565 1.547 -3.438 20
4.896 -3.374 -5.739 20
12.099 -13.704 -3.633 20
1.185 -10.41 -0.495 20
-3.201 0.217 -3.431 20
-3.407 6.085 -4.742 21
-3.504 4.412 -2.096 20
-0.465 -2.322 -2.348 20
2.256 -8.551 3.584 20
0.209 -11.13 12.522 20
-2.536 -3.422 1.885 20
-5.469 5.946 0.317 21
-3.085 6.574 3.62 20
0.404 4.218 6.766 20
1.673 2.601 7.232 20
1.447 0.545 2.468 20
1.11 -2.175 -1.193 21
2.299 -4.245 -2.953 20
-0.068 -2.846 -3.938 20
-5.186 1.211 -3.743 20
-3.016 2.646 -1.081 20
0.562 2.644 2.415 20
0.885 1.798 3.594 21
0.641 -0.181 3.459 20
1.452 -0.721 1.44 20
1.333 -0.199 -1.661 20
0.331 -0.517 -2.967 20
0.349 -1.431 -2.338 20
1.306 -1.417 -1.231 21
3.079 -0.318 -0.418 20
3.67 -0.192 0.248 20
1.688 -0.229 0.747 20
-0.351 -0.714 1.213 20
-0.87 -2.189 1.51 20
0.48 -3.848 0.033 21
2.549 -5.106 -1.888 20
2.757 -4.213 -1.632 20
-0.251 -1.17 -1.187 20
-5.558 -0.195 -1.445 20
-10.596 -0.786 2.471 21
-9.912 -1.731 3.901 20
-5.003 -2.821 -0.907 20
-1.61 -2.412 -2.759 20
-0.304 -0.569 0.269 20
-0.347 2.844 2.131 20
2.326 4.157 3.28 21
4.228 3.642 2.706 20
4.232 3.416 1.278 20
2.588 4.689 -0.71 20
1.547 5.897 -1.783 20
0.308 6.452 -0.594 20
-1.018 6.089 0.029 21
-1.651 5.47 -1.128 20
-0.44 4.498 -2.052 20
0.997 3.88 -3.22 20
2.247 2.573 -3.454 20
3.687 0.272 -3.516 20
7.46 -4.473 -5.155 21
7.824 -11.341 -4.734 20
-4.123 -6.792 -2.163 20
-3.538 0.697 -4.956 20
-3.656 0.418 -6.3 20
-0.219 -7.451 -2.502 21
1.128 -10.647 8.671 20
-0.499 -3.817 7.403 20
-2.129 3.657 4.453 20
-1.534 5.285 9.298 20
0.636 4.89 10.462 20
0.532 4.55 6.794 21
-1.539 3.694 1.125 20
-1.934 -0.398 -1.545 20
0.377 -6.032 -3.663 20
1.124 -7.402 -6.731 20
-2.445 -1.595 -6.636 20
-2.55 3.516 -3.057 21
0.267 4.949 1.51 20
1.228 3.902 5.992 20
0.506 1.613 7.337 20
0.971 0.481 5.153 20
1.708 0.472 0.33 21
1.024 0.116 -5.375 20
0.753 -1.466 -5.816 20
1.894 -2.466 -1.373 20
3.153 -1.806 0.247 20
3.901 -1.435 0.41 20
2.016 -0.729 0.377 21
-0.444 -0.846 1.215 20
-2.616 -1.466 2.469 20
-2.47 -2.089 1.454 20
-0.455 -2.758 -2.463 20
1.771 -3.73 -4.722 20
2.594 -3.305 -2.283 21
1.712 -1.308 -0.445 20
-1.207 -0.77 0.612 20
-5.536 -0.997 4.173 20
-8.081 -0.817 4.234 20
-6.885 -1.818 -1.084 20
-2.313 -2.764 -2.996 21
-0.392 -1.043 0.179 20
-0.458 2.491 2.386 20
2.323 4.35 2.837 20
4.21 4.258 1.969 20
3.851 4.0 1.104 20
2.539 4.721 -0.795 21
1.5 5.323 -2.781 20
0.348 5.418 -0.729 20
-1.338 4.951 1.044 20
-2.038 4.799 0.588 20
-1.358 4.645 -0.465 21
-0.465 4.281 -1.768 20
0.408 3.437 -2.547 20
1.861 1.293 -3.273 20
4.911 -3.792 -5.66 20
10.912 -15.313 -5.393 20
-0.467 -13.256 -3.595 21
-3.818 1.326 -5.924 20
-4.341 8.269 -5.698 20
-2.366 2.861 -2.707 20
3.592 -7.575 0.234 20
4.953 -13.453 16.41 20
-0.97 -5.905 4.843 21
-4.911 5.307 -0.347 20
-3.874 7.855 2.38 20
-1.389 6.7 5.716 20
-0.205 5.317 8.693 20
-1.156 3.269 4.633 20
-0.914 -1.47 -0.35 21
2.081 -7.584 -2.251 20
1.556 -8.895 -5.618 20
-3.741 -1.852 -7.044 20
-2.972 3.241 -2.17 20
0.487 4.141 2.106 20
1.245 2.947 4.394 21
0.378 0.904 5.589 20
0.627 0.77 4.098 20
0.562 1.793 0.951 20
-0.049 1.995 -1.791 20
0.002 0.183 -2.791 21
0.731 -2.152 -1.544 20
1.91 -2.383 -1.372 20
2.536 -1.233 -2.106 20
2.502 -1.711 -1.065 20
1.862 -2.075 0.584 20
1.313 -1.643 0.939 21
0.436 -1.694 0.856 20
0.028 -1.753 -0.22 20
0.133 -1.901 -2.257 20
0.396 -3.281 -2.782 20
-0.309 -2.332 -1.27 20
-1.289 0.24 -0.458 21
-3.051 -0.245 0.974 20
-5.676 -1.391 4.048 20
-6.313 -1.702 2.405 20
-3.522 -1.926 -2.422 20
-1.436 -1.466 -2.145 20
-0.937 0.447 1.091 21
0.652 2.608 2.543 20
3.237 3.595 1.678 20
4.047 3.781 0.572 20
3.291 4.13 -0.122 20
2.14 4.79 -0.838 20
1.1 5.247 -0.77 21
-0.244 5.259 0.011 20
-1.33 4.927 0.06 20
-1.343 4.577 -0.433 20
-0.655 4.166 -1.351 20
-0.05 3.793 -2.654 21
1.053 2.389 -3.136 20
2.774 -0.414 -3.53 20
7.714 -6.573 -5.201 20
8.29 -13.341 -3.338 20
-2.324 -6.854 -2.241 20
-2.965 2.827 -5.236 21
-4.1 5.207 -6.251 20
-1.723 -1.845 -3.552 20
2.859 -9.323 3.412 20
0.523 -9.578 12.548 20
-3.019 -0.654 3.888 20
-4.284 6.076 2.449 21
-1.87 6.648 5.298 20
1.409 5.239 7.709 20
1.435 3.695 6.742 20
0.511 -0.293 1.719 20
1.917 -5.535 -1.043 21
2.158 -7.314 -3.845 20
-3.084 -2.549 -5.696 20
-4.429 2.148 -4.139 20
-1.02 3.775 -0.998 20
0.91 3.891 1.638 20
0.665 2.146 3.391 21
0.39 0.06 4.354 20
0.758 -0.678 3.265 20
0.682 -0.298 -0.001 20
0.168 -0.039 -2.689 20
0.3 -0.613 -3.934 20
1.13 -0.783 -2.934 21
2.009 0.17 -1.069 20
2.224 0.487 0.656 20
1.497 0.085 2.349 20
0.349 -0.498 3.755 20
-1.25 -0.916 3.453 20
-1.461 -1.122 0.413 21
1.245 -2.694 -3.605 20
3.785 -3.757 -5.612 20
3.667 -2.866 -3.537 20
2.762 -2.432 -0.573 20
0.621 -1.355 1.029 21
-1.745 -0.736 0.799 20
-4.483 -2.213 2.093 20
-8.327 -3.274 3.27 20
-7.794 -4.277 0.373 20
-3.324 -2.756 -1.028 20
-1.213 0.498 0.99 21
-0.91 3.341 1.913 20
0.829 5.023 0.693 20
3.622 4.613 -0.511 20
3.978 4.398 -1.018 20
2.403 5.148 -1.318 20
1.557 5.562 -0.791 21
0.478 5.151 0.943 20
-0.931 4.403 1.15 20
-1.724 4.199 0.334 20
-1.5 4.099 -0.392 20
-1.13 3.792 -1.875 20
-0.502 2.878 -3.207 21
1.244 0.374 -3.52 20
4.076 -3.875 -4.736 20
10.11 -12.396 -4.896 20
1.672 -10.949 -1.015 20
-1.866 -0.245 -1.968 20
-3.368 6.552 -6.285 21
-3.113 4.198 -4.81 20
1.358 -4.336 -2.373 20
3.163 -10.232 8.858 20
-0.199 -10.369 11.577 20
-3.799 0.378 0.673 21
-4.02 6.933 0.28 20
-1.426 6.561 3.658 20
1.307 5.029 6.153 20
1.302 3.916 5.969 20
0.51 0.905 2.022 20
1.118 -3.352 -0.148 21
1.496 -6.018 -0.911 20
-2.919 -3.672 -3.213 20
-4.93 0.491 -4.582 20
-0.384 2.335 -0.562 20
2.058 2.849 1.479 20
1.653 1.838 2.15 21
0.44 0.934 3.166 20
-0.62 1.14 2.399 20
-1.339 0.515 0.283 20
-1.058 -1.484 -0.652 20
-0.493 -1.804 -1.337 20
0.633 -0.435 -2.902 21
1.551 0.802 -1.78 20
2.487 0.383 0.573 20
3.376 -1.047 1.009 20
2.803 -1.945 0.434 20
0.863 -2.097 1.095 21
-0.048 -1.344 0.665 20
1.006 -1.357 -0.781 20
1.608 -1.337 -2.233 20
1.855 -2.005 -2.721 20
1.283 -3.366 -1.542 20
-0.925 -3.021 0.489 21
-4.933 -2.354 2.426 20
-8.85 -2.492 4.385 20
-7.256 -3.532 1.378 20
-2.658 -3.101 -2.13 20
-0.616 -0.777 -1.984 20
-0.127 1.432 -1.182 21
-0.106 3.593 -0.109 20
1.396 4.443 2.331 20
2.715 3.85 3.057 20
2.233 4.224 2.174 20
1.69 5.132 0.128 20
1.107 5.785 -1.481 21
-0.352 5.651 -0.896 20
-1.839 5.066 -0.543 20
-1.821 4.579 -1.06 20
-0.837 4.03 -1.887 20
-0.488 3.772 -2.673 20
0.345 2.784 -3.615 21
2.455 -0.072 -4.459 20
8.611 -7.293 -5.302 20
10.416 -14.601 -0.893 20
-1.74 -6.826 -1.599 20
-3.196 2.787 -5.706 21
-3.888 5.471 -6.006 20
-0.972 -1.215 -3.161 20
4.04 -9.521 2.785 20
2.918 -12.208 13.351 20
-2.474 -1.607 3.405 20
-5.031 7.183 0.607 21
-3.526 7.737 4.618 20
-1.192 6.469 6.705 20
-0.991 5.139 8.188 20
-1.109 1.798 4.739 20
0.387 -3.527 1.182 20
2.565 -8.555 -3.974 21
-0.226 -7.34 -7.209 20
-3.095 -0.69 -3.968 20
-0.806 3.209 0.466 20
1.294 4.141 3.19 20
1.421 2.869 3.108 20
0.27 1.181 2.92 21
-0.783 1.125 1.52 20
-1.702 0.821 -1.093 20
-1.998 -0.42 -1.95 20
-0.899 -1.049 -1.888 20
1.007 -1.198 -2.31 21
2.429 -0.348 -1.371 20
3.527 -0.149 -0.148 20
3.974 -1.772 1.032 20
2.699 -2.022 1.52 20
1.095 -1.589 1.614 20
-0.42 -1.967 0.851 21
0.589 -2.926 -0.354 20
2.057 -4.084 -1.804 20
0.683 -3.378 -2.031 20
-1.09 -0.611 -1.319 20
-1.742 1.036 -1.696 20
-3.581 -0.713 -0.061 21
-6.267 -2.498 3.125 20
-5.981 -2.602 1.9 20
-3.77 -1.583 -1.051 20
-1.723 -0.097 -0.476 20
-1.936 2.458 1.384 20
0.102 3.618 2.582 21
3.073 3.756 1.902 20
4.228 3.581 0.711 20
3.027 4.053 -0.306 20
1.678 4.883 -1.551 20
0.527 5.313 -1.433 20
-0.693 5.198 -0.518 21
-1.43 4.51 -0.237 20
-1.173 3.882 -0.315 20
-0.527 3.731 -0.967 20
0.277 3.418 -2.138 20
1.793 1.778 -2.95 20
3.985 -2.109 -4.796 21
13.312 -11.809 -4.821 20
6.147 -13.18 -1.721 20
-3.423 -2.648 -4.216 20
-4.738 5.679 -6.407 20
-4.219 3.746 -3.774 21
0.22 -4.734 -1.614 20
2.936 -9.598 8.625 20
0.595 -7.284 10.697 20
-3.228 1.812 2.148 20
-5.398 6.969 0.903 20
-3.672 6.703 2.494 21
-2.02 5.593 5.235 20
-2.163 3.9 6.184 20
-0.81 0.369 2.082 20
1.23 -4.132 -0.95 20
3.761 -8.21 -1.834 20
0.825 -5.718 -4.406 21
-2.344 0.665 -3.314 20
0.311 3.41 1.428 20
1.614 3.164 2.794 20
1.101 1.028 2.543 20
0.114 0.621 3.176 20
-1.373 1.656 1.24 21
-2.741 1.648 -0.636 20
-2.609 0.297 -1.187 20
-1.018 -0.885 -1.213 20
0.618 -1.417 -0.854 20
2.348 -0.59 -0.366 21
4.265 -0.302 -0.713 20
5.119 -1.87 -1.029 20
3.865 -2.549 -1.021 20
2.823 -1.678 -0.143 20
1.428 -1.417 0.381 20
0.19 -2.595 0.69 21
-0.033 -4.338 0.147 20
-1.482 -3.784 -0.074 20
-2.753 -0.266 -0.931 20
-3.163 1.284 -3.138 20
-5.074 -1.051 -1.033 20
-5.832 -2.951 2.666 21
-3.985 -3.195 1.571 20
-2.604 -1.636 -0.758 20
-1.345 0.258 -0.271 20
-1.73 2.707 0.508 20
0.16 3.911 2.234 20
3.081 3.667 2.396 21
3.762 3.47 1.682 20
2.929 3.96 0.363 20
1.689 4.896 -1.012 20
0.473 5.506 -1.307 20
-0.781 5.675 -1.058 20
-1.524 5.196 -1.131 21
-1.208 4.459 -1.35 20
-0.268 3.875 -1.963 20
0.955 3.138 -2.693 20
2.717 1.373 -3.31 20
6.132 -2.702 -4.57 21
13.302 -11.133 -2.975 20
2.57 -10.093 -2.033 20
-3.852 -1.092 -4.824 20
-4.209 3.723 -5.422 20
-2.529 -0.913 -3.055 20
0.353 -7.412 1.343 21
0.199 -10.22 12.027 20
-1.665 -2.844 5.797 20
-4.314 5.848 1.276 20
-3.971 7.645 2.918 20
-1.537 6.423 4.61 20
0.05 4.669 6.305 21
0.61 1.518 3.924 20
1.032 -2.471 0.444 20
2.994 -6.236 -1.898 20
2.104 -6.921 -3.967 20
-3.036 -1.462 -3.907 20
-2.258 2.411 -1.416 21
0.37 3.375 1.072 20
0.909 2.035 1.327 20
-0.087 1.068 2.281 20
-0.718 1.226 2.637 20
-0.972 1.134 1.043 21
-1.36 0.218 0.044 20
-1.275 -0.723 -0.889 20
0.065 -1.297 -1.729 20
1.863 -0.9 -1.577 20
3.373 -0.452 -0.631 20
4.442 -1.42 0.052 21
4.006 -2.182 0.224 20
1.971 -2.071 0.152 20
-0.208 -1.519 -0.263 20
-0.821 -1.828 -0.123 20
-0.373 -2.862 -0.399 21
0.179 -4.414 -0.808 20
0.109 -3.527 -0.561 20
-0.535 -0.559 -1.645 20
-2.618 -0.565 -1.785 20
-6.249 -2.975 0.956 20
-6.112 -3.641 2.243 21
-3.754 -1.934 1.99 20
-2.833 1.727 0.677 20
-1.299 3.833 -0.632 20
-0.43 4.726 -0.541 20
1.606 4.284 1.513 20
3.802 3.245 2.136 21
3.911 3.147 1.691 20
2.382 4.059 0.617 20
1.066 4.869 -0.625 20
-0.297 4.94 -1.126 20
-1.684 4.699 -1.336 20
-2.233 4.449 -1.364 21
-1.43 3.976 -1.685 20
-0.588 3.509 -2.262 20
0.285 2.464 -2.541 20
1.903 0.538 -3.173 20
5.91 -4.01 -5.018 20
12.419 -11.791 -2.638 21
3.439 -8.003 -0.477 20
-1.345 -0.398 -3.892 20
-3.121 3.055 -6.801 20
-1.584 -2.016 -5.086 20
2.53 -9.334 3.138 21
1.272 -10.449 12.883 20
-2.996 -0.058 5.052 20
-5.751 7.713 1.608 20
-4.646 8.429 4.36 20
-2.04 7.209 5.84 20
-0.676 5.729 6.134 21
-0.417 1.881 1.959 20
-0.006 -3.597 -0.498 20
2.486 -8.991 -2.541 20
0.594 -8.211 -5.957 20
-2.834 -0.529 -3.936 20
-0.737 4.098 0.644 21
1.571 4.283 3.404 20
1.944 1.565 2.835 20
1.114 -0.147 3.084 20
-0.09 0.252 1.889 20
-2.073 0.514 -1.078 20
-3.323 -0.539 -2.511 21
-2.04 -1.138 -2.668 20
0.19 -0.984 -2.468 20
2.087 -0.143 -0.753 20
3.782 -0.638 0.706 20
4.314 -2.708 1.873 21
2.83 -2.399 1.448 20
1.372 -1.372 -0.587 20
0.405 -1.815 -1.539 20
0.716 -3.259 -0.887 20
0.834 -3.877 -0.43 20
-0.055 -2.107 -0.471 21
-1.16 0.869 -1.739 20
-2.238 0.933 -2.037 20
-4.597 -1.799 1.107 20
-5.539 -3.205 3.223 20
-3.976 -2.553 1.374 20
-3.035 0.31 0.174 21
-1.925 2.405 0.588 20
-0.135 2.175 -1.014 20
0.326 3.035 0.266 20
2.227 3.398 1.904 20
3.136 3.453 2.062 21
2.609 3.968 1.002 20
1.624 4.511 -0.595 20
0.457 4.905 -0.909 20
-0.856 5.037 -0.637 20
-1.445 4.659 -0.76 20
-0.938 4.053 -1.129 21
-0.187 3.624 -1.904 20
0.786 2.839 -2.763 20
2.281 0.815 -3.893 20
6.425 -4.099 -6.397 20
12.977 -12.57 -3.92 20
0.757 -9.34 -1.23 21
-3.599 -0.864 -4.845 20
-4.13 0.465 -6.04 20
-1.768 -5.24 -2.375 20
2.054 -8.252 6.313 20
-1.149 -1.51 9.668 20
-4.441 5.28 4.435 21
-4.219 6.873 4.172 20
-2.693 6.721 5.989 20
-0.554 6.036 6.028 20
0.015 4.175 4.075 20
-1.001 -0.758 -0.305 21
0.864 -7.232 -1.374 20
4.32 -11.646 -4.985 20
0.139 -5.163 -4.983 20
-2.791 2.958 -2.266 20
-0.339 4.982 1.064 20
1.1 3.762 3.543 21
0.983 1.202 4.256 20
0.704 0.51 3.707 20
0.239 0.869 0.799 20
-0.836 0.428 -1.417 20
-1.361 0.165 -1.963 20
-0.302 0.11 -1.939 21
0.931 -0.739 -1.398 20
2.23 -1.07 -0.152 20
3.27 -0.489 0.304 20
3.435 -1.125 0.019 20
1.567 -1.867 -0.449 21
0.212 -1.589 -0.603 20
0.462 -0.861 -0.342 20
0.886 -1.075 -1.11 20
1.082 -2.312 -2.249 20
0.857 -2.931 -2.19 20
-0.299 -1.383 -0.468 21
-0.998 -0.205 0.078 20
-2.787 -1.985 1.335 20
-6.035 -3.565 3.231 20
-6.369 -4.308 0.769 20
-3.367 -3.224 -1.39 21
-0.928 -0.28 0.04 20
-0.848 2.408 1.068 20
0.449 4.079 1.714 20
2.907 4.577 1.486 20
3.876 4.496 0.766 20
3.035 4.805 0.028 21
1.882 5.004 -1.119 20
0.53 4.989 -1.067 20
-0.822 4.591 0.252 20
-1.876 4.166 0.443 20
-1.96 4.004 -0.038 20
-1.357 3.746 -1.248 21
-0.234 2.992 -2.382 20
1.546 1.276 -2.828 20
3.683 -0.978 -3.401 20
9.256 -6.945 -4.391 20
8.314 -11.919 -2.524 20
-0.677 -4.058 -3.048 21
-2.815 4.699 -5.531 20
-2.747 4.694 -3.794 20
-0.193 -2.468 -2.255 20
2.376 -9.077 7.706 20
1.601 -11.608 13.218 20
-4.14 -1.815 -0.353 21
-7.455 6.627 -0.919 20
-5.377 7.508 2.108 20
-2.285 6.031 5.133 20
-0.825 4.043 6.631 20
0.686 0.032 2.704 21
2.631 -4.53 0.929 20
4.446 -7.541 -1.433 20
-0.644 -4.278 -6.014 20
-5.161 0.922 -5.041 20
-1.956 2.671 0.138 20
0.625 2.967 2.666 21
0.731 1.316 3.014 20
0.22 -0.22 3.226 20
0.041 0.413 2.342 20
-0.489 1.241 0.491 20
-0.498 0.754 -1.366 20
0.224 -0.139 -2.32 21
1.21 -1.078 -2.383 20
2.018 -0.986 -1.481 20
1.637 0.276 -0.522 20
1.461 -0.145 -0.228 20
1.11 -1.614 0.645 21
0.876 -2.114 1.837 20
2.06 -2.015 1.649 20
3.169 -1.893 -0.837 20
3.607 -2.566 -2.928 20
2.123 -3.187 -2.51 20
-0.923 -1.588 -0.651 21
-3.625 -0.676 -0.597 20
-6.348 -2.213 1.622 20
-7.328 -3.733 3.2 20
-4.756 -4.259 -0.193 20
-2.504 -2.373 0.06 20
-1.283 0.704 1.613 21
-0.001 1.432 -1.943 20
0.384 2.726 2.185 20
2.982 3.76 2.395 20
3.604 4.285 1.369 20
2.14 5.31 -0.311 20
1.275 5.958 -2.065 21
0.132 5.895 -1.703 20
-1.491 5.098 -0.457 20
-2.629 4.392 -0.262 20
-2.03 3.78 -0.732 20
-0.764 3.21 -1.198 21
0.166 3.021 -1.602 20
1.35 2.169 -1.67 20
3.196 -0.002 -2.646 20
8.891 -6.056 -5.729 20
9.852 -10.905 -4.039 20
0.008 -4.189 -2.618 21
-2.717 3.227 -5.454 20
-2.697 4.003 -4.212 20
0.161 -0.402 -1.167 20
2.1 -5.081 2.874 20
1.487 -10.995 12.03 20
-1.806 -7.47 5.092 21
-6.528 3.978 -0.793 20
-4.985 6.415 0.857 20
-1.809 4.566 3.059 20
-0.257 3.413 5.001 20
0.275 1.776 3.469 20
1.452 -0.8 1.028 21
3.144 -3.292 0.32 20
1.892 -4.136 0.0 20
-3.605 -1.381 -2.143 20
-3.68 0.966 -3.874 20
-0.147 2.027 -0.418 21
0.926 2.176 0.272 20
0.288 0.643 0.792 20
-0.833 0.296 2.453 20
-1.103 0.579 2.028 20
-1.15 0.146 0.821 20
-0.397 -0.948 -0.31 21
0.76 -1.118 -1.308 20
1.915 -0.152 -1.899 20
2.888 0.341 -1.246 20
2.923 -0.656 0.064 20
1.906 -1.315 0.838 20
0.913 -1.483 1.64 21
0.578 -1.501 1.088 20
1.754 -1.551 -0.143 20
2.553 -1.829 -1.506 20
1.668 -3.304 -2.606 20
-0.413 -4.119 -1.337 20
-2.909 -2.717 0.267 21
-5.737 -2.04 1.548 20
-7.529 -2.806 2.323 20
-5.2 -3.543 -0.049 20
-2.36 -2.29 -1.28 20
-0.699 -0.142 0.063 21
0.213 1.59 0.053 20
-0.247 3.265 -0.18 20
1.264 3.911 1.818 20
3.026 3.8 2.665 20
2.724 4.375 2.111 20
1.766 5.227 -0.072 21
0.83 5.726 -1.67 20
-0.569 5.427 -1.139 20
-1.858 4.79 -0.769 20
-1.81 4.261 -1.571 20
-0.691 3.906 -1.985 21
-0.141 3.856 -1.742 20
0.629 3.287 -1.712 20
2.47 1.533 -2.694 20
8.44 -4.272 -5.592 20
12.723 -12.02 -3.094 20
-0.322 -7.463 -2.632 21
-3.521 0.479 -5.857 20
-2.589 1.23 -5.109 20
0.706 -3.775 -1.336 20
2.427 -7.194 4.333 20
0.318 -6.321 9.052 20
-3.723 0.933 3.524 21
-6.003 5.518 2.342 20
-3.527 5.162 4.945 20
-1.197 4.402 5.979 20
-0.575 3.884 5.659 20
-1.188 1.896 1.495 20
0.04 -2.663 -2.004 21
2.636 -6.605 -3.067 20
1.637 -5.957 -3.761 20
-2.796 -0.394 -2.919 20
-2.2 3.156 -0.566 20
0.647 3.255 1.51 21
1.527 1.769 2.221 20
0.408 0.999 2.78 20
0.115 0.667 2.795 20
-0.311 0.371 1.148 20
-1.048 -0.176 -0.436 20
-0.77 -1.079 -1.052 21
-0.195 -1.43 -1.43 20
0.61 -0.808 -2.123 20
1.575 0.593 -1.068 20
2.455 0.316 0.26 20
2.293 -1.239 1.084 20
0.684 -2.089 2.763 21
-1.567 -1.518 2.299 20
-0.992 -1.563 0.592 20
2.07 -3.06 -2.226 20
3.625 -3.81 -4.396 20
2.484 -3.164 -3.443 21
0.966 -1.614 -0.846 20
-0.135 -0.181 -0.104 20
-1.902 -1.049 0.677 20
-5.187 -2.694 3.1 20
-7.145 -3.205 2.425 20
-5.502 -2.805 0.012 21
-1.778 -0.722 -0.045 20
-0.794 1.884 0.095 20
-0.723 3.817 0.279 20
1.655 4.361 1.099 20
3.383 4.168 1.56 20
2.827 4.225 1.139 21
1.684 4.756 0.141 20
1.041 5.143 -0.918 20
-0.129 4.958 -0.544 20
-1.544 4.71 -0.177 20
-1.855 4.407 -0.471 20
-1.346 3.945 -1.101 21
-0.884 3.703 -2.166 20
0.37 2.548 -2.995 20
2.741 -0.495 -4.384 20
9.275 -7.429 -7.123 20
12.931 -13.865 -2.653 21
-0.555 -6.216 -1.506 20
-4.378 2.83 -5.085 20
-4.313 4.427 -5.488 20
0.216 -1.976 -2.518 20
3.814 -7.892 5.522 20
2.01 -8.761 11.112 21
-3.705 -0.065 3.065 20
-7.017 6.665 0.907 20
-4.599 6.311 3.121 20
-1.295 4.908 5.223 20
0.135 4.016 7.163 20
-0.589 1.711 4.019 21
-0.237 -2.577 -0.636 20
2.72 -6.582 -2.627 20
1.996 -5.855 -4.015 20
-3.069 -0.351 -4.166 20
-2.437 2.984 -1.606 20
0.467 3.621 1.005 21
1.606 2.22 2.278 20
0.727 0.318 2.731 20
0.236 -0.332 3.122 20
0.003 -0.143 1.255 20
-1.387 -0.06 -0.777 21
-1.774 -0.563 -2.056 20
-0.363 -1.054 -2.686 20
0.875 -0.418 -1.987 20
1.689 0.821 0.177 20
2.69 0.095 1.302 20
2.947 -1.587 1.523 21
1.702 -2.25 2.27 20
-0.488 -1.348 1.23 20
-0.087 -0.702 -0.177 20
2.014 -1.884 -1.073 20
2.755 -3.515 -1.852 21
1.815 -4.214 -1.947 20
0.079 -3.126 -0.066 20
-1.967 -0.364 -0.081 20
-4.371 -0.367 -0.683 20
-6.654 -2.059 1.469 20
-6.114 -2.5 2.12 21
-3.573 -1.847 0.153 20
-2.362 0.243 -0.737 20
-0.862 1.652 -0.26 20
-0.276 2.666 0.533 20
1.407 3.21 1.84 20
3.258 3.012 1.731 21
3.286 3.153 0.713 20
2.591 3.657 -0.52 20
1.726 4.08 -1.032 20
0.173 4.457 -0.735 20
-1.486 4.694 -0.472 20
-2.092 4.587 -0.535 21
-1.633 4.122 -0.63 20
-1.053 3.908 -0.925 20
-0.389 3.552 -1.742 20
1.263 1.819 -3.023 20
4.222 -2.176 -5.948 20
13.969 -11.104 -6.78 21
6.411 -10.468 -1.821 20
-2.448 -0.974 -3.503 20
-4.301 4.926 -6.249 20
-2.489 1.226 -3.929 20
2.067 -7.373 0.527 21
3.095 -12.409 13.728 20
-1.141 -5.024 6.028 20
-5.632 5.664 1.389 20
-5.44 8.53 4.111 20
-2.873 7.668 5.539 20
-0.646 6.173 6.746 21
-1.26 3.423 4.211 20
-1.878 -2.211 0.241 20
2.205 -8.652 -2.265 20
4.662 -10.69 -5.54 20
-1.633 -2.462 -4.26 20
-2.893 3.456 -2.68 21
0.095 4.488 0.474 20
1.661 3.056 3.333 20
0.777 1.036 3.859 20
0.038 0.769 3.542 20
-0.155 0.72 1.608 20
-0.98 -0.188 -0.945 21
-1.721 -0.624 -2.455 20
-1.133 -0.594 -2.996 20
0.291 -0.31 -2.313 20
1.993 0.084 -0.162 20
3.38 -0.578 0.666 20
3.443 -1.803 1.623 21
2.448 -1.606 1.873 20
1.412 -1.301 0.642 20
1.033 -1.815 -0.198 20
1.695 -2.173 -0.956 20
1.586 -2.281 -2.542 21
1.087 -2.781 -2.413 20
-0.166 -2.01 -1.126 20
-2.258 -0.045 -1.5 20
-4.824 -0.905 -1.092 20
-7.655 -2.88 2.598 20
-7.2 -3.887 2.797 21
-3.811 -2.854 -0.41 20
-1.522 0.444 -0.438 20
-0.311 2.552 0.011 20
0.424 3.803 0.456 20
2.732 3.93 1.755 20
4.164 3.728 1.742 21
3.368 4.119 0.815 20
1.934 4.869 -0.195 20
1.001 5.158 -0.479 20
-0.502 4.987 -0.147 20
-1.866 4.732 -0.231 20
-2.177 4.369 -0.749 21
-1.619 4.04 -1.343 20
-0.741 3.746 -1.866 20
0.253 2.819 -2.699 20
2.131 0.094 -4.781 20
9.837 -7.805 -7.132 21
14.723 -15.09 -0.873 20
-1.029 -6.567 -1.454 20
-4.578 2.512 -5.649 20
-4.457 4.289 -5.36 20
-0.973 -2.723 -2.873 20
2.918 -10.035 7.344 21
1.0 -10.002 12.155 20
-2.768 0.054 1.453 20
-5.788 7.293 0.508 20
-4.95 7.935 2.882 20
-2.573 6.826 4.366 20
-1.671 5.663 6.443 21
-1.541 2.3 4.111 20
-0.386 -3.088 0.248 20
3.474 -8.643 -1.796 20
4.172 -8.995 -4.35 20
-1.226 -1.067 -3.874 20
-1.33 3.982 -1.035 21
1.193 4.071 1.536 20
1.699 1.881 2.592 20
0.315 0.576 3.533 20
-0.375 0.695 3.279 20
-1.269 0.893 1.425 21
-2.194 0.431 -0.646 20
-1.423 0.075 -2.783 20
0.243 -0.712 -3.865 20
1.605 -1.167 -2.64 20
2.645 0.096 0.144 20
3.269 0.479 1.063 21
3.192 -0.707 0.575 20
1.57 -1.47 0.955 20
-0.53 -2.093 1.45 20
-0.891 -2.297 1.13 20
1.461 -2.234 -0.993 21
3.205 -3.084 -2.754 20
2.003 -3.075 -2.162 20
-0.04 -1.017 -0.335 20
-2.25 0.395 -0.694 20
-4.823 -1.537 0.144 20
-7.113 -3.405 2.396 21
-6.122 -3.5 1.218 20
-3.528 -1.501 -1.072 20
-1.297 0.522 -0.512 20
-0.823 2.058 1.14 20
0.511 3.084 2.607 20
3.092 3.426 2.152 21
3.6 3.653 0.714 20
2.322 4.516 -0.743 20
1.197 4.981 -1.722 20
0.083 4.845 -1.169 20
-1.075 4.542 0.043 20
-1.595 4.197 0.096 21
-1.42 3.829 -0.307 20
-1.022 3.742 -0.916 20
-0.107 3.242 -1.67 20
1.776 1.433 -2.572 20
4.501 -2.241 -4.736 20
12.743 -10.255 -6.548 21
6.085 -9.803 -1.501 20
-2.426 -0.772 -3.19 20
-4.085 4.716 -5.853 20
-2.947 1.493 -3.428 20
1.257 -5.49 -0.406 20
2.121 -10.468 12.02 21
-1.361 -7.311 7.931 20
-5.135 2.972 -0.058 20
-5.469 7.194 1.571 20
-2.732 6.347 3.791 20
-0.456 4.807 5.795 20
0.072 2.407 5.178 21
0.696 -1.377 1.299 20
2.179 -4.602 -0.757 20
2.696 -6.026 -3.083 20
-2.736 -2.41 -5.226 20
-4.053 1.271 -2.793 21
-0.789 2.843 0.316 20
1.154 2.311 1.74 20
0.676 0.549 3.023 20
-0.206 0.425 3.492 20
-0.332 1.094 2.531 20
-0.79 1.247 0.661 21
-0.344 0.202 -1.278 20
0.342 -0.611 -2.275 20
1.259 -0.916 -2.401 20
2.621 -0.281 -1.413 20
4.053 -0.4 -0.575 20
3.926 -1.774 -0.061 21
2.177 -1.704 0.259 20
0.858 -1.482 0.951 20
0.112 -1.86 1.36 20
0.293 -1.928 -0.469 20
1.415 -2.287 -3.32 21
1.351 -2.192 -3.19 20
0.013 -0.684 -1.177 20
-0.906 -0.9 -0.486 20
-4.017 -3.127 2.274 20
-7.086 -4.065 3.004 20
-6.475 -3.671 0.806 21
-3.445 -1.297 -0.666 20
-1.33 1.266 -0.099 20
-1.036 3.213 0.459 20
0.723 3.94 1.332 20
3.132 3.873 1.733 20
3.522 3.896 1.394 21
2.326 4.373 0.412 20
1.356 4.705 -0.709 20
0.281 4.817 -0.905 20
-1.385 4.557 -0.233 20
-2.454 4.261 -0.386 20
-2.107 3.912 -0.96 21
-1.536 3.661 -1.532 20
-0.928 3.413 -2.299 20
0.397 1.822 -2.854 20
3.514 -2.542 -5.005 20
12.996 -12.332 -6.02 21
5.366 -12.048 -1.516 20
-3.041 -0.874 -3.677 20
-4.522 5.987 -6.173 20
-4.244 4.836 -3.912 20
0.237 -2.884 -1.245 20
4.738 -9.883 9.275 21
1.962 -11.109 10.756 20
-2.914 -0.546 0.707 20
-4.14 5.973 1.518 20
-2.04 5.814 4.637 20
1.069 4.46 7.892 20
1.197 3.423 7.329 21
-0.073 0.947 1.657 20
0.822 -2.508 -2.061 20
1.789 -4.54 -4.772 20
-1.849 -3.263 -4.825 20
-4.434 -0.108 -3.756 20
-1.906 2.06 -1.871 21
0.263 2.943 0.546 20
0.56 1.4 3.512 20
0.625 -0.138 4.202 20
0.51 0.545 2.991 20
-0.109 1.01 0.773 21
-0.449 0.157 -2.24 20
0.123 -0.727 -3.355 20
1.007 -0.663 -2.09 20
2.237 0.353 -0.342 20
3.798 0.51 0.901 20
4.229 -0.553 1.076 21
2.374 -0.595 1.669 20
-0.27 -0.781 1.705 20
-2.015 -1.572 1.513 20
-0.839 -2.042 0.486 20
1.98 -2.357 -2.474 20
3.97 -3.698 -4.077 21
3.058 -3.604 -1.364 20
-1.109 -0.676 0.3 20
-3.649 0.171 -0.676 20
-5.561 -2.052 0.381 20
-7.118 -3.186 2.25 21
-5.393 -3.529 0.956 20
-2.943 -2.318 -1.59 20
-1.297 0.237 0.107 20
-0.745 2.423 1.576 20
0.566 3.774 2.004 20
2.663 3.715 1.291 21
3.328 3.518 0.362 20
2.776 4.046 -0.747 20
2.041 4.668 -1.399 20
0.584 4.895 -0.849 20
-1.245 4.511 -0.292 20
-2.417 4.17 -0.472 21
-2.237 3.796 -0.813 20
-1.636 3.442 -0.941 20
-1.147 3.546 -0.788 20
-0.558 3.276 -0.985 20
0.667 1.672 -1.919 20
4.363 -3.55 -5.882 21
15.428 -14.093 -7.15 20
4.772 -10.998 -1.972 20
-3.659 0.922 -4.578 20
-4.304 5.577 -5.659 20
-2.272 1.787 -2.426 20
2.165 -5.164 -0.549 21
4.753 -10.398 9.857 20
1.753 -7.452 6.004 20
-4.684 4.193 1.247 20
-5.699 8.018 1.635 20
-3.394 6.578 3.645 21
-1.14 5.149 5.527 20
-1.108 3.444 6.947 20
-2.053 0.208 4.486 20
-0.457 -4.07 0.118 20
2.748 -8.085 -3.819 20
0.805 -5.758 -4.832 21
-3.108 0.663 -3.197 20
-1.394 3.337 -0.53 20
1.793 2.792 1.122 20
2.377 1.323 1.771 20
0.958 0.626 2.696 20
-0.068 0.99 2.941 21
-0.948 1.191 1.862 20
-1.325 0.317 0.572 20
-0.343 -1.089 -1.069 20
0.333 -1.683 -3.042 20
0.854 -1.172 -3.907 20
1.141 0.494 -1.761 21
1.031 1.156 0.279 20
1.359 0.394 1.504 20
1.374 -0.485 2.597 20
0.607 -0.808 3.228 20
-0.94 -1.018 2.94 20
-0.646 -1.83 0.97 21
2.536 -3.186 -2.446 20
4.13 -3.144 -4.685 20
3.753 -2.305 -3.281 20
2.664 -2.588 -0.219 20
-0.699 -1.534 1.234 21
-3.402 0.104 -0.23 20
-4.306 -1.13 -0.629 20
-5.723 -2.953 1.17 20
-5.728 -3.503 0.812 20
-3.426 -1.966 0.256 20
-1.451 1.082 1.367 21
-0.31 3.004 2.355 20
0.729 4.071 0.833 20
1.956 4.064 -0.563 20
3.088 3.246 -0.802 20
3.168 3.098 -0.833 20
1.902 3.571 -0.179 21
0.414 3.938 0.254 20
-1.192 4.137 -0.147 20
-2.433 4.291 -0.818 20
-2.509 3.98 -1.03 20
-1.641 3.422 -1.058 20
-0.716 3.24 -0.827 21
-0.299 2.814 -0.501 20
0.169 1.707 -1.399 20
1.498 -1.033 -3.827 20
8.275 -8.167 -7.478 20
10.211 -13.432 -4.689 21
-0.019 -4.795 -2.4 20
-3.115 3.126 -4.187 20
-3.972 4.676 -3.35 20
-1.887 1.451 -0.305 20
1.662 -3.417 1.368 20
3.606 -8.017 7.175 21
2.862 -9.304 6.481 20
-1.884 -0.746 1.426 20
-5.483 5.882 0.867 20
-4.691 6.018 1.464 20
-1.654 4.657 4.664 20
-0.191 3.607 7.584 21
-1.183 1.895 5.586 20
-1.188 -0.894 1.259 20
0.603 -4.271 -1.792 20
1.384 -5.888 -2.753 20
-1.134 -2.938 -3.985 20
-1.462 1.145 -1.989 21
1.289 2.746 -0.212 20
2.57 2.131 0.313 20
1.266 0.866 1.575 20
-0.391 0.9 3.058 20
-0.96 1.254 2.832 21
-0.726 0.848 1.521 20
0.366 -0.48 -0.329 20
1.196 -1.225 -2.2 20
1.382 -0.648 -3.332 20
1.186 0.643 -2.162 20
1.05 0.971 -0.249 21
0.947 0.275 0.801 20
0.522 -0.496 1.642 20
-0.053 -1.058 2.538 20
-0.992 -1.263 2.968 20
-1.018 -1.078 1.599 20
0.767 -1.063 -1.83 21
1.779 -2.05 -4.489 20
2.009 -2.559 -3.216 20
2.851 -3.202 -0.549 20
2.92 -4.408 2.04 20
-0.573 -1.83 2.033 21
-2.991 0.76 -1.235 20
-5.098 -0.585 -2.043 20
-7.076 -2.232 0.598 20
-5.271 -3.065 1.168 20
-2.156 -2.239 -0.024 20
-0.787 0.789 0.112 21
0.366 2.489 0.807 20
1.584 3.346 1.147 20
2.985 3.397 0.914 20
3.546 3.092 0.516 20
2.771 3.25 -0.14 20
1.584 3.846 -0.544 21
-0.061 4.242 -0.57 20
-1.943 4.156 -0.53 20
-2.911 4.087 -0.658 20
-2.361 3.825 -0.765 20
-1.334 3.456 -0.664 20
-0.668 3.427 -0.635 21
0.006 3.16 -0.825 20
1.323 1.919 -1.562 20
3.685 -1.286 -3.721 20
11.351 -8.723 -6.279 20
8.312 -11.203 -3.786 20
-1.739 -3.311 -2.662 21
-4.001 3.489 -5.213 20
-3.597 3.302 -3.51 20
-0.134 -1.762 -0.848 20
2.312 -6.238 4.209 20
1.824 -10.07 10.698 21
-1.093 -4.87 2.555 20
-5.835 4.764 -0.367 20
-5.199 6.659 0.603 20
-1.978 5.118 3.576 20
-0.575 4.218 7.097 20
-0.638 2.845 6.217 21
-0.044 -0.455 1.578 20
2.081 -4.411 -0.465 20
2.977 -5.8 -2.15 20
-1.725 -2.303 -5.529 20
-3.24 0.904 -3.124 20
-0.512 2.32 0.23 21
1.474 2.121 0.905 20
0.917 0.893 1.99 20
-0.355 0.474 2.968 20
-0.656 0.616 2.475 20
-1.183 0.285 1.483 20
-0.478 -0.732 0.026 21
0.767 -1.385 -1.819 20
1.288 -0.74 -3.252 20
1.663 0.639 -2.042 20
2.338 0.905 0.177 20
3.117 -0.204 0.916 20
2.504 -1.13 1.348 21
0.268 -1.519 2.412 20
-1.19 -1.32 1.739 20
0.636 -1.858 -0.12 20
2.215 -3.145 -2.119 20
1.793 -3.52 -2.735 21
0.893 -3.375 -1.342 20
-1.114 -1.354 0.265 20
-3.203 0.557 -0.582 20
-4.604 -0.914 -0.545 20
-5.926 -2.666 1.581 20
-5.146 -3.048 1.008 21
-3.032 -1.79 -0.525 20
-1.299 0.735 0.102 20
-0.332 2.389 1.42 20
0.472 3.502 1.916 20
2.373 3.593 1.142 20
3.386 3.458 0.094 21
2.642 3.809 -0.86 20
1.807 4.12 -0.971 20
0.779 4.169 -0.675 20
-0.728 4.099 -0.564 20
-1.657 4.019 -0.758 20
-1.317 3.703 -0.906 21
-0.467 3.404 -0.701 20
-0.108 3.43 -0.774 20
-0.112 3.091 -0.894 20
1.114 1.308 -1.961 20
4.851 -3.595 -4.498 21
12.627 -11.829 -5.443 20
5.24 -8.271 -2.844 20
-1.687 1.229 -4.213 20
-2.619 4.407 -4.219 20
-3.696 3.39 0.449 20
-2.203 -0.971 3.944 21
1.815 -8.135 5.395 20
6.102 -12.543 5.722 20
0.482 -3.872 -1.521 20
-3.884 2.749 0.921 20
2.672 0.516 1.025 20
0.626 2.623 2.083 21
-10.599 7.177 6.958 20
-12.482 5.5 9.878 20
-4.535 2.971 -0.694 20
2.241 -0.529 -6.133 20
3.325 -2.828 -5.365 21
2.71 -4.106 -2.202 20
-0.078 -0.751 -1.186 20
0.571 0.544 -0.934 20
0.374 0.936 1.159 20
-1.303 0.872 2.065 20
-0.705 -0.814 4.176 21
3.187 1.908 2.232 20
1.273 1.62 -0.5 20
2.476 0.22 -0.23 20
2.927 0.795 -2.874 20
2.06 -1.484 -4.494 20
3.357 -2.31 1.648 21
1.56 0.401 1.981 20
-0.087 1.448 -0.174 20
-0.236 1.016 -0.622 20
0.158 0.729 -0.206 20
0.541 0.057 1.372 20
-0.084 -0.554 2.436 21
0.15 -0.74 1.85 20
0.344 -0.713 0.438 20
-0.746 -0.153 -1.554 20
-1.141 -0.154 -2.522 20
0.046 -0.43 -1.295 20
1.811 -1.84 0.06 21
1.554 -0.531 2.699 20
1.164 -0.831 3.88 20
-1.142 -1.015 -1.226 20
-2.813 -0.347 -7.787 20
-2.745 -0.808 -1.185 20
-1.828 0.072 0.235 21
-4.094 1.145 3.057 20
-5.5 0.659 0.337 20
-3.156 -1.35 -2.626 20
0.248 -2.802 -0.533 20
1.967 -1.806 1.145 21
1.956 -0.026 0.494 20
0.898 0.877 0.317 20
-1.392 1.757 0.837 20
-2.223 2.8 1.191 20
-4.185 2.313 2.454 20
-1.843 2.411 -2.618 21
-0.38 2.985 -1.718 20
-1.748 1.492 0.236 20
-3.024 -0.254 -0.483 20
-3.774 -0.782 -1.056 20
-2.279 -0.857 -0.064 20
-0.887 -0.942 -0.077 21
-1.158 0.145 -1.785 20
0.612 -1.513 -1.855 20
0.835 -3.94 -1.706 20
-1.297 -5.219 -0.282 20
-3.078 -2.923 -0.258 20
-2.535 -0.324 0.868 21
-2.9 2.131 0.699 20
-0.829 0.618 0.526 20
0.294 -0.381 1.034 20
0.249 1.474 -1.341 20
2.275 0.298 -1.198 21
1.924 0.529 1.639 20
0.755 -0.084 1.615 20
-0.675 0.648 3.666 20
-1.421 0.238 1.773 20
-1.701 -0.332 0.461 20
-2.637 -0.131 -0.554 21
-1.761 0.244 -1.727 20
-1.242 0.694 0.46 20
-2.002 0.337 0.608 20
-1.428 -1.513 -0.605 20
-1.982 -2.002 -0.685 20
-2.105 -1.118 0.045 21
-0.159 -1.832 0.648 20
1.16 -1.951 1.06 20
1.855 0.104 1.84 20
1.685 2.493 2.328 20
1.602 3.818 0.908 20
2.371 3.912 -0.631 21
2.669 2.95 -0.579 20
1.044 2.312 -0.152 20
-0.138 -0.913 0.332 20
-1.562 -4.648 0.724 20
-3.174 -2.896 0.906 20
-2.792 0.268 0.022 21
-0.488 1.166 -1.232 20
0.472 1.431 0.136 20
-0.215 0.199 1.17 20
-0.103 -2.84 0.984 20
0.607 -3.916 0.543 20
-0.269 -0.431 -0.485 21
-0.622 1.722 0.184 20
0.481 1.39 1.284 20
1.066 0.803 0.367 20
0.039 0.89 0.849 20
0.682 0.601 0.228 21
0.838 1.526 -0.708 20
0.517 1.106 0.321 20
-0.03 -0.722 2.005 20
-0.484 -0.531 -0.581 20
-1.104 -0.327 -2.274 20
-1.808 -1.62 -0.986 21
-2.317 -1.631 -0.469 20
-1.357 -1.224 -0.172 20
-1.027 -1.045 -0.551 20
-0.907 -1.475 0.167 20
-0.075 -1.798 -0.269 20
0.475 -1.118 -1.609 21
0.387 -1.196 -0.596 20
0.645 -0.807 1.478 20
1.003 0.179 2.255 20
1.304 0.773 -0.149 20
2.148 0.974 -3.204 20
2.992 1.275 -2.625 21
2.501 1.846 -0.685 20
0.918 2.526 -0.289 20
1.029 2.681 -0.581 20
0.993 2.62 -0.256 20
0.525 2.575 0.127 20
0.888 1.404 -0.808 21
1.871 -0.549 -1.822 20
1.908 -1.374 -0.603 20
0.165 -0.188 0.97 20
-1.347 1.168 0.772 20
0.904 1.644 -1.346 21
1.784 2.362 -0.181 20
0.232 2.097 1.701 20
-0.756 0.896 1.841 20
0.118 -4.438 -0.931 20
2.469 -6.612 -4.012 20
2.194 -1.248 -1.942 21
0.291 -0.597 2.001 20
0.333 -1.777 2.027 20
0.317 -1.067 0.707 20
-0.197 -0.027 0.652 20
-0.817 0.648 0.306 20
-1.1 1.523 -0.394 21
-0.897 1.726 -0.458 20
-0.745 0.786 -0.934 20
-0.409 -1.087 -0.983 20
-0.023 -2.011 -0.787 20
-0.213 -1.116 -0.09 21
0.588 0.435 -0.997 20
-0.815 0.398 5.033 20
-0.904 -1.704 1.509 20
-0.057 -2.62 -0.795 20
-0.31 -3.065 -0.295 20
-0.479 -2.688 1.072 21
-0.794 -1.983 0.812 20
-1.643 -1.285 0.972 20
-1.66 0.227 2.147 20
-4.846 1.968 1.057 20
0.139 -2.624 -1.223 20
6.726 -5.113 -0.465 21
8.324 -1.551 -1.037 20
5.096 0.997 -0.248 20
-0.013 3.607 0.643 20
-4.785 6.355 -0.505 20
-9.899 7.041 -3.011 20
-3.539 4.739 -3.003 21
5.468 0.952 1.272 20
6.657 0.962 6.04 20
2.505 3.166 6.245 20
-1.129 4.363 4.428 20
-1.834 3.235 2.409 20
-0.387 0.581 0.603 21
0.192 -1.734 -0.58 20
-1.042 -2.298 0.467 20
0.154 -1.518 0.571 20
1.525 0.562 -0.199 20
0.676 3.108 0.732 21
-2.786 3.653 0.271 20
-6.106 3.18 -1.812 20
-7.479 3.065 -4.511 20
-9.104 1.413 -4.638 20
-7.918 -2.569 -3.553 20
-4.062 -7.431 -3.314 21
-0.039 -11.273 -1.726 20
4.259 -12.845 -1.32 20
7.996 -13.156 0.344 20
9.786 -11.456 3.265 20
7.843 -7.144 2.473 20
1.792 -3.48 -1.413 21
-2.823 -1.511 -3.358 20
-2.799 -0.113 -1.955 20
0.039 0.171 2.894 20
2.6 -0.809 8.676 20
4.328 -0.711 7.263 20
4.962 -1.097 4.805 21
3.121 -0.56 5.155 20
-0.625 1.004 4.893 20
-3.926 2.559 1.791 20
-5.471 4.216 -2.24 20
-5.92 5.866 -4.685 20
-5.337 7.386 -6.461 21
-2.662 7.831 -6.778 20
1.199 6.83 -6.029 20
7.595 4.547 -12.593 20
8.241 1.686 -13.325 20
3.928 1.296 0.793 21
3.906 2.0 2.02 20
3.425 3.316 -0.052 20
1.968 3.659 -1.448 20
1.163 4.268 -2.205 20
1.969 4.653 -1.195 20
2.029 6.083 4.551 21
1.861 9.713 3.287 20
1.342 11.555 -0.822 20
2.398 11.148 0.287 20
3.146 9.811 3.337 20
4.45 8.776 3.534 20
3.128 8.273 2.316 21
1.504 6.642 1.647 20
1.97 4.292 1.922 20
1.262 3.265 1.311 20
-1.312 3.652 0.277 20
-5.062 4.619 3.774 21
-7.766 5.253 14.478 20
-4.738 3.723 9.303 20
-3.219 4.549 8.855 20
-2.664 2.939 9.136 20
-2.764 2.039 9.947 20
-1.694 1.369 7.9 21
-0.893 0.678 5.056 20
-1.015 0.498 2.291 20
-1.314 1.388 0.347 20
-1.81 2.793 0.157 20
-2.703 3.275 0.224 20
-2.674 2.404 -0.32 21
-2.941 1.726 -0.272 20
-3.186 1.37 0.424 20
-3.171 1.28 0.817 20
-2.921 1.027 0.343 20
-2.308 0.51 -0.602 20
-2.038 0.819 -0.962 21
-1.795 0.998 -0.584 20
-1.435 0.808 0.129 20
-1.209 0.665 0.425 20
-1.077 0.313 0.05 20
-1.297 0.605 -0.976 21
-2.161 1.694 -2.42 20
-1.932 0.951 0.723 20
-1.896 0.487 1.31 20
-1.448 0.635 -0.607 20
-1.264 0.726 -0.757 20
-0.536 0.408 -0.181 21
-0.269 0.253 0.105 20
-0.298 0.275 0.274 20
-0.154 0.144 0.255 20
0.033 -0.163 0.046 20
0.172 -0.466 -0.074 20
-0.019 -0.24 0.081 21
-0.263 0.221 0.013 20
-0.222 0.216 0.001 20
-0.057 0.013 0.188 20
0.047 -0.076 0.21 20
0.0 0.015 0.249 20
0.038 0.022 0.317 21
0.101 -0.035 0.203 20
0.114 -0.081 0.259 20
0.112 -0.077 0.349 20
0.055 -0.052 0.344 20
0.024 -0.069 0.157 20
0.03 -0.055 0.009 21
0.063 -0.019 -0.049 20
0.171 -0.089 0.035 20
0.225 -0.127 0.202 20

# Completed @Tue Jan 26 20:31:00 GMT+02:00 2021
