# Accelerometer Data File
# Started @Wed Jan 06 22:10:33 GMT+02:00 2021
#
#
# sensor Vendor: BOSCH
# sensor Name: BMI160 Accelerometer Non-wakeup
# sensor Resolution: 0.0023928226m/sec^2; Max Range: 78.4532; Min Delay: 2500 microseconds
# The sensor's attributes are the result hardware and the Android capabilities.
# It means that the Android may not utilize all features provided by the hardware.
#
# Some devices and Android versions save battery too much so the device may go to sleep.
# It just happens after couple of minutes from turning off the scree and it is easy to find it out.
#
# The following file provides the data from accelerometer in the m/s^2 format.
# The diff value is just a time delta between the samples
#
#
# data format:
# so we have 4 columns with values separated by the ";"
# X;Y;Z;time_from_previous_sample(ms)

# sensor speed set to:NORMAL
# units set to: m/sec^2
# gravity  filtered out
# Accuracy: HIGH
1.916;2.239;10.024;0
1.505;1.97;9.41;19
0.973;2.001;8.219;20
0.873;2.025;5.753;20
1.418;1.945;4.241;20
1.442;1.799;2.909;20
1.402;1.608;2.942;20
1.071;1.46;3.742;20
0.364;1.08;3.37;20
-0.011;1.102;3.735;20
0.038;1.145;3.612;20
0.248;1.082;2.86;20
0.222;1.082;1.6;20
0.309;1.158;0.985;20
0.358;0.954;1.444;20
-0.091;0.427;1.328;20
-0.179;0.183;1.67;20
0.395;0.379;1.909;20
0.335;0.35;1.704;20
0.439;0.349;1.295;20
0.303;0.447;1.64;20
0.015;-0.066;1.201;20
-0.422;0.222;1.171;20
-0.649;0.101;1.377;20
-1.078;-0.102;1.281;20
-1.232;0.052;-0.127;20
-0.491;-0.035;-0.972;20
0.995;-0.28;-1.131;20
1.426;-0.014;0.064;20
2.646;-0.345;0.959;20
3.745;0.768;-0.082;20
3.084;0.361;0.494;20
3.248;0.247;0.845;20
2.112;-0.168;0.547;20
1.533;-0.745;-0.296;20
1.477;-1.087;-0.688;20
1.087;-0.795;-1.638;20
0.362;-0.025;-2.751;20
0.894;0.293;-3.07;20
2.149;-0.249;-2.461;20
2.156;-0.252;-3.351;20
2.51;-1.216;-0.76;20
3.569;-0.753;-4.815;20
4.508;-0.616;-3.976;20
3.485;-0.709;-0.717;20
1.81;1.087;1.077;20
0.851;1.662;-0.823;20
0.46;0.17;-0.23;20
0.255;-0.866;0.659;20
0.296;-1.514;-0.762;20
1.092;-2.779;-2.177;20
2.416;-3.509;-2.341;20
1.823;-3.751;-2.592;20
-0.109;-1.761;0.525;20
-2.891;0.192;-0.42;20
-1.185;-0.223;-3.062;20
-1.089;-1.424;-1.094;20
-2.333;-2.713;-3.681;20
3.62;-11.457;-2.661;95
2.564;-5.831;4.027;20
1.956;-3.284;-1.053;20
4.622;-6.114;-3.186;20
4.528;-5.89;-2.009;20
2.913;-4.083;-1.099;20
2.369;-3.824;0.597;20
2.842;-5.364;3.527;20
2.463;-5.272;4.468;20
1.457;-3.169;0.807;20
0.941;-2.451;-0.918;20
1.399;-2.714;-0.205;20
0.875;-0.746;5.536;20
-0.255;-0.575;13.902;20
-3.89;-1.504;-3.109;20
-5.454;0.993;-10.254;20
-2.731;0.275;-9.853;20
-1.022;-0.653;-6.79;20
-1.61;-0.238;-3.894;20
-2.035;0.511;-4.285;20
-1.605;0.484;-2.708;20
-0.263;-1.142;-2.868;20
-1.774;-2.815;-5.214;20
-3.362;-1.169;-5.054;20
-2.144;-1.502;-1.938;20
-2.104;-3.189;0.258;20
-3.468;-3.92;0.568;20
-1.709;-3.963;-0.721;20
-0.147;-3.606;0.844;20
0.349;-2.838;0.26;20
-1.42;-0.79;-1.676;20
-2.531;1.224;-1.396;20
-2.53;3.339;-0.487;19
-2.156;2.082;0.447;21
-1.203;-0.406;1.148;19
-1.932;0.682;0.165;20
-3.757;3.97;-1.795;20
-2.924;4.142;-0.669;20
-2.09;2.296;6.332;20
-1.601;-0.08;11.354;20
-2.038;-0.296;2.138;20
-2.61;-0.76;-7.945;20
-2.627;-18.938;-7.911;20
3.494;-40.902;-5.382;20
-0.8;-3.888;6.15;20
-1.317;7.734;7.32;20
-0.607;8.494;-2.347;20
-1.857;8.183;-4.173;20
-2.512;4.819;-0.123;20
-0.687;1.04;-0.95;20
-0.489;0.516;-1.172;20
-1.742;2.441;-1.05;20
-1.415;3.475;0.214;20
-1.392;3.453;0.244;20
-2.102;3.235;0.071;20
-1.87;2.327;0.558;20
-0.978;1.648;2.287;20
0.755;0.436;3.759;20
2.872;-1.364;5.576;20
4.967;-3.082;6.928;20
5.9;-3.692;4.416;20
4.583;-2.553;3.017;20
1.652;-0.101;0.156;20
-2.214;0.061;-3.146;20
-4.28;-4.342;-3.547;20
-4.818;-7.644;-4.025;20
-2.728;-4.092;-3.094;20
-2.761;4.625;-2.121;20
-3.925;8.401;-3.728;20
-2.455;7.315;-3.905;20
-1.636;3.529;-2.745;20
-0.86;-1.18;-2.397;20
-0.37;-2.686;-3.229;20
1.561;-2.357;-3.609;20
2.5;-1.241;-2.717;20
2.306;0.529;-0.906;20
2.541;1.446;0.246;20
1.398;2.72;1.041;20
0.771;1.73;1.286;20
2.124;-1.115;1.423;20
1.456;-1.657;1.789;20
0.948;-1.066;0.22;20
0.075;-0.313;-0.69;20
-1.184;0.793;-0.774;20
-1.132;1.158;-0.849;20
0.925;0.132;-1.008;20
2.951;-0.779;0.245;20
3.831;-0.561;4.703;20
4.397;-1.285;4.724;20
4.33;-2.746;0.032;20
2.657;-2.079;-1.054;20
0.296;-1.22;0.618;20
1.351;-5.448;0.864;20
1.504;-7.603;-0.455;20
-4.134;-1.547;2.434;20
-6.463;-0.336;4.159;20
-5.097;-2.051;-3.423;20
-3.679;-3.978;-6.109;20
-4.657;-3.565;-13.018;20
-3.861;-0.158;-4.356;20
0.858;2.683;10.396;20
1.563;4.526;4.232;20
-0.136;5.444;-5.355;20
-0.715;6.549;-2.912;20
0.739;6.254;-0.917;20
2.138;4.096;-0.729;20
-0.699;3.682;-1.844;20
-3.143;4.049;-1.469;20
-3.88;4.523;-0.574;20
-3.279;4.629;-0.23;20
-2.39;3.875;0.868;20
-0.836;2.024;2.225;20
0.07;-1.612;4.571;20
2.532;-11.361;13.106;20
12.517;-18.301;22.504;20
8.62;-3.012;8.24;20
2.517;4.714;-1.601;20
-2.313;0.398;0.205;20
-5.07;-4.74;-6.073;20
-5.764;-3.192;-4.556;20
-4.907;1.277;-4.786;20
-3.78;4.016;-8.356;20
-4.286;4.658;-6.02;20
-2.801;2.45;-7.867;20
0.044;0.301;-4.04;20
2.398;0.334;-4.229;20
3.393;0.119;-5.561;20
3.714;-0.28;-2.362;20
3.804;-0.077;1.722;20
1.895;2.01;3.326;20
1.319;1.749;2.616;20
1.56;0.42;1.479;20
0.852;-1.665;8.314;20
-0.922;-2.71;9.93;20
0.637;-0.664;-1.279;20
2.311;0.917;-5.907;20
2.595;1.105;-4.193;20
3.401;0.568;-2.392;20
3.119;0.742;-0.592;20
3.255;-0.547;3.209;20
3.617;-2.45;8.334;20
1.82;-2.194;1.33;20
-0.392;-1.509;-2.372;20
-2.338;-1.311;0.921;20
-2.439;-2.236;3.783;20
-1.166;-1.504;3.495;20
2.323;-2.752;2.87;20
1.338;-4.243;-1.925;20
0.012;-2.952;-9.791;20
-1.228;-3.829;-10.194;20
-3.836;-3.198;-8.107;20
-3.808;-1.106;2.648;20
1.047;2.375;6.686;20
-0.061;4.882;0.343;19
-4.496;6.731;-3.89;20
-3.883;7.701;-2.175;20
-1.093;7.088;-1.645;20
1.642;4.372;-2.821;20
-0.841;3.305;-1.933;20
-4.151;3.44;-1.466;20
-4.648;3.777;-0.144;20
-4.728;3.766;0.66;20
-4.16;2.324;1.842;20
-2.483;-0.604;2.376;20
-0.159;-7.613;5.23;20
9.22;-19.91;20.736;20
12.122;-9.373;23.787;20
4.201;5.126;3.672;20
1.76;2.507;-5.493;20
-1.284;-5.59;-3.258;20
-6.543;-5.346;-6.808;20
-5.701;0.056;-7.537;20
-3.204;6.833;-8.461;20
-3.472;9.088;-11.017;20
-3.205;5.799;-5.068;20
0.912;0.213;2.032;20
1.737;-1.582;-2.449;20
2.208;-1.714;-8.672;20
2.442;-1.138;-4.118;20
3.034;0.062;2.832;20
0.693;2.291;5.021;20
0.234;2.26;2.792;20
2.683;-0.929;8.092;20
1.522;-3.009;12.567;20
-0.13;-0.628;-1.124;20
0.844;1.178;-6.548;20
0.908;1.936;-4.955;20
1.126;1.531;-4.205;20
2.399;0.302;-3.593;20
2.218;0.069;-0.629;20
2.847;-1.19;8.287;20
3.701;-2.647;8.976;20
1.847;-1.75;-0.02;20
1.354;-2.039;-2.202;20
3.148;-4.812;-0.059;20
2.098;-4.462;2.281;20
-1.396;-1.438;2.859;20
-4.038;-1.395;3.166;20
-4.08;-2.65;-4.404;20
-3.099;-4.707;-5.4;20
-4.035;-5.026;-5.56;20
-3.711;-2.393;-10.549;20
-2.014;1.914;3.343;20
0.319;5.252;7.543;20
-1.894;7.094;-0.776;20
-2.343;8.443;-4.596;20
-0.177;7.312;-2.105;20
1.92;4.832;-1.08;20
1.273;3.055;-1.782;20
-1.503;2.692;-2.54;20
-3.631;3.065;-1.225;20
-4.262;4.147;-0.273;20
-3.84;3.941;0.347;20
-2.352;2.018;1.998;20
-0.737;-1.429;3.663;20
2.934;-11.273;11.91;20
15.05;-19.72;27.69;20
10.984;-2.891;10.474;20
2.378;4.3;-3.364;20
-2.744;-2.239;0.035;20
-7.322;-5.024;-6.228;20
-7.295;-2.079;-5.521;20
-6.359;2.808;-9.266;20
-4.149;6.003;-4.672;20
-2.311;3.647;1.27;20
-2.567;2.334;-8.413;20
0.586;-0.356;-6.151;20
2.746;0.194;-6.771;20
3.502;0.06;-8.696;20
3.382;0.507;-4.092;20
3.111;1.224;2.038;20
2.06;2.399;6.396;20
1.498;2.101;5.599;20
1.226;0.52;7.805;20
0.452;-2.084;9.754;20
-0.687;-2.055;0.851;20
0.659;-0.236;-5.893;20
3.473;0.621;-6.045;20
3.078;1.464;-3.746;20
3.542;0.953;-0.959;20
4.055;0.146;0.99;20
3.209;-1.101;1.805;20
2.099;-3.039;5.544;20
0.561;-2.482;3.493;20
-0.876;-1.423;0.149;20
-1.78;-1.568;0.628;20
-1.886;-2.847;3.842;20
-0.324;-1.711;4.379;20
2.122;-1.563;2.039;20
0.129;-2.64;-3.232;20
-1.209;-2.432;-9.36;20
-2.496;-4.42;-2.432;20
-3.704;-4.838;-4.229;20
-4.131;-2.343;-6.826;20
-0.523;1.508;4.525;20
-1.167;5.137;6.205;20
-4.495;6.718;-3.847;20
-2.806;7.146;-3.988;20
-1.169;7.499;-1.229;20
0.835;5.227;-2.246;20
1.595;2.869;-1.325;20
-1.636;3.251;-1.356;20
-3.678;4.56;-0.981;20
-3.388;4.843;-0.653;20
-2.644;3.373;-0.244;20
-1.305;1.033;0.676;20
0.275;-4.03;2.846;20
6.924;-16.657;16.549;20
15.869;-16.354;28.563;20
6.044;2.129;8.601;20
0.434;6.217;-3.1;19
-2.041;0.91;-1.645;20
-6.127;-4.815;-9.576;20
-5.281;-4.131;-7.017;20
-3.46;2.26;-3.849;20
-1.453;4.907;-5.617;20
-3.166;3.535;-5.041;20
-3.915;0.816;-8.546;20
-0.343;-1.147;-3.943;20
0.915;0.487;-2.421;20
1.987;0.824;-5.486;20
2.271;0.285;-4.26;20
1.995;0.452;1.876;20
0.694;2.309;5.843;20
-0.401;1.951;4.017;20
0.533;0.986;1.45;20
0.068;-0.996;6.16;20
-1.76;-1.578;7.543;20
0.754;-1.023;-1.815;20
3.111;0.275;-6.079;20
2.886;1.077;-5.255;20
3.796;0.784;-1.823;20
4.473;0.678;-0.039;20
4.09;-0.653;-0.143;20
3.733;-3.353;4.756;20
1.844;-3.154;6.376;20
-0.509;-1.493;0.615;20
-1.402;-1.803;-1.04;20
-0.757;-3.843;1.587;20
-0.315;-2.344;5.898;20
0.537;-0.064;3.773;20
-0.697;-1.312;0.92;20
-2.074;-3.052;-5.835;20
-1.972;-3.051;-9.011;20
-3.099;-3.442;-7.776;20
-3.571;-2.731;-6.075;20
-1.492;0.445;6.303;20
0.955;3.391;8.018;20
-2.488;6.016;-3.532;20
-2.979;6.639;-6.613;20
-2.077;6.87;-1.371;20
-0.047;5.907;-0.074;20
1.528;3.421;-2.634;20
-0.362;2.604;-1.28;20
-3.016;3.616;-0.99;20
-3.717;4.854;-0.593;20
-3.94;4.478;-0.105;20
-2.966;2.437;1.14;20
-1.4;-0.916;2.328;20
2.051;-10.774;8.227;20
13.445;-21.335;26.805;20
11.246;-4.358;19.024;20
3.522;5.13;-3.135;20
0.471;-0.606;-2.653;20
-4.549;-4.956;-6.81;20
-7.468;-3.695;-6.439;20
-5.581;1.522;-4.17;20
-3.378;6.143;-7.01;20
-5.439;7.54;-7.402;20
-5.419;2.839;-3.989;20
-2.197;-1.122;-1.313;20
-0.059;-0.695;-6.645;20
2.956;-0.593;-6.306;20
3.331;-0.062;-2.849;20
3.013;0.817;0.376;20
3.483;1.498;4.077;20
3.348;1.232;4.346;20
2.298;2.281;3.226;20
2.143;0.973;3.862;20
1.131;-1.122;5.406;20
0.018;-0.781;-0.545;20
1.583;0.096;-4.063;20
2.805;0.099;-1.667;20
2.412;-0.554;-0.224;20
2.007;-0.072;1.986;20
2.462;-0.14;5.463;20
2.332;-1.946;0.133;20
2.01;-2.592;-3.124;20
0.649;-1.938;-1.464;20
0.867;-4.219;0.624;20
0.258;-4.787;3.379;20
-0.153;-2.228;4.695;20
-1.405;1.066;3.854;20
-2.998;0.115;1.315;20
-3.832;-2.196;-6.866;20
-3.0;-5.098;-4.668;20
-3.662;-4.914;-4.677;20
-3.929;-1.551;-6.823;20
-1.626;2.441;0.428;20
-0.23;5.54;2.192;20
-1.587;7.067;-0.413;20
-1.055;8.141;-0.65;20
1.341;6.889;-2.032;20
2.671;4.266;-0.783;20
0.69;3.326;-1.72;20
-2.196;3.188;-2.453;20
-4.126;3.082;-0.158;20
-4.19;3.184;-0.129;20
-3.406;2.678;0.26;20
-1.677;0.838;1.614;20
0.376;-4.831;5.006;20
6.433;-16.352;17.408;20
14.155;-13.401;24.709;20
6.851;1.546;5.78;20
1.891;0.27;-3.945;20
-2.982;-5.133;-3.117;20
-8.921;-4.011;-6.854;20
-8.223;0.358;-4.838;20
-4.305;5.861;-8.455;20
-4.277;8.433;-5.826;20
-3.746;6.039;-5.871;20
-0.799;0.915;-3.307;20
0.17;-1.666;-4.753;20
3.378;-1.883;-6.83;20
3.879;-1.078;-4.351;20
3.487;0.529;-1.665;20
3.071;1.569;2.541;20
2.145;2.05;4.007;20
2.034;1.677;3.266;19
0.955;0.731;4.528;20
-1.217;-1.978;11.89;21
-1.21;-2.17;2.108;20
2.269;0.075;-5.723;19
3.508;0.746;-4.185;20
2.515;0.318;-2.417;20
2.99;-0.127;-2.289;20
2.783;0.202;0.909;20
3.014;-1.249;6.57;20
3.141;-2.249;2.134;20
1.721;-1.912;-1.097;20
-0.229;-2.732;0.963;20
-1.307;-4.203;4.883;20
-0.28;-2.565;4.328;20
0.584;-1.273;2.813;20
-1.183;-1.879;-3.685;20
-2.031;-1.993;-6.874;20
-2.548;-5.122;-2.968;20
-3.774;-4.976;-7.239;20
-5.001;-1.603;-6.405;20
-0.874;1.687;6.413;20
-2.203;5.194;5.67;20
-4.66;7.141;-4.537;20
-2.489;7.82;-5.469;20
-0.548;8.021;-1.277;20
2.436;5.623;-2.042;20
2.706;3.338;-0.535;20
-2.486;4.279;-1.342;20
-4.342;5.002;-1.451;20
-3.963;4.549;-0.81;20
-2.181;2.507;0.203;20
-0.6;-0.759;1.619;20
1.606;-9.427;7.327;20
12.551;-22.392;27.182;20
11.371;-7.554;20.039;20
1.483;5.599;-1.302;20
-0.833;1.98;-1.607;20
-4.868;-4.249;-4.51;20
-8.197;-3.979;-9.143;20
-5.411;-0.546;-4.947;20
-2.727;4.779;-6.153;20
-1.656;5.761;-3.199;20
-3.485;5.12;-5.328;20
-1.086;1.38;-5.856;20
1.982;-1.525;-3.16;20
3.038;-0.092;-6.535;20
3.373;0.259;-5.758;20
3.106;0.436;-0.071;20
2.906;0.852;4.914;20
0.914;2.241;4.987;20
0.611;1.536;2.071;20
1.035;0.136;2.832;20
-0.818;-1.828;7.281;20
-0.648;-1.371;1.023;20
1.977;0.527;-4.681;20
3.237;1.136;-3.422;20
3.118;0.539;-0.434;20
2.772;0.173;-0.514;20
2.878;-0.413;1.505;20
3.785;-2.525;5.763;20
2.602;-2.76;1.558;20
0.85;-1.686;-0.977;20
-0.853;-1.951;0.407;20
-1.645;-3.196;3.876;20
-1.472;-1.947;6.274;20
0.464;-1.386;3.398;20
0.456;-2.937;-4.241;20
-0.574;-2.092;-10.114;20
-1.469;-4.754;-2.829;20
-3.149;-5.747;-4.322;20
-4.974;-2.844;-6.712;20
-0.243;1.814;1.995;20
-0.878;5.574;4.946;20
-4.011;7.217;-2.456;20
-2.534;8.292;-2.913;20
-1.474;8.18;-0.362;20
1.259;4.924;-1.654;20
1.03;2.914;-2.573;20
-2.483;3.377;-1.593;20
-4.16;4.201;-0.804;20
-4.061;4.335;0.131;20
-3.088;2.772;0.924;20
-1.554;0.248;1.563;20
0.2;-5.586;4.34;20
7.467;-17.995;18.129;20
13.242;-13.615;23.97;20
5.264;2.746;5.925;20
1.668;6.143;-2.501;20
-2.42;2.196;-2.368;20
-5.899;-4.146;-9.888;20
-4.173;-4.951;-6.762;20
-2.231;0.614;-2.311;20
-1.447;5.662;-4.326;20
-1.74;4.764;-6.793;20
-2.616;1.489;-7.233;20
-0.638;-1.179;-0.947;20
1.488;-0.904;-0.288;20
1.641;0.718;-2.339;20
1.38;1.11;-5.395;20
0.912;0.697;-2.346;20
1.161;0.705;2.975;20
-1.032;2.197;3.607;20
-0.45;1.904;1.269;20
0.663;0.082;0.56;20
0.692;-2.372;5.437;20
1.103;-2.329;5.059;20
2.187;0.156;-2.72;20
1.313;1.457;-4.824;20
1.587;1.033;-2.886;20
2.748;0.167;-2.636;20
3.016;-0.101;-0.736;20
3.767;-1.121;8.831;20
4.47;-2.424;6.021;20
2.124;-1.886;-1.626;20
1.187;-3.09;-2.515;20
1.523;-5.786;0.327;20
0.075;-4.315;3.661;19
-3.0;0.675;4.337;20
-4.715;0.806;3.605;20
-3.619;-2.673;-4.039;20
-2.377;-5.021;-6.102;20
-3.135;-4.737;-6.733;21
-3.971;-1.521;-10.495;20
-2.2;1.763;3.416;19
0.604;4.391;5.58;20
-1.487;6.451;0.361;20
-1.338;6.998;-2.451;20
-0.404;7.171;-1.708;20
0.67;5.422;-1.27;20
0.5;3.415;-1.3;20
-1.419;2.835;-1.931;20
-2.915;2.846;-1.145;20
-3.816;3.53;0.027;20
-3.257;3.875;1.219;20
-1.847;2.586;2.323;20
-0.593;-0.45;3.592;20
2.05;-8.309;9.159;20
11.241;-18.835;20.814;20
11.216;-6.972;14.486;20
4.782;4.146;-0.331;20
-0.076;2.173;-0.776;20
-4.727;-4.339;-5.537;20
-6.924;-5.25;-7.408;20
-5.446;-1.478;-2.847;20
-3.173;3.75;-6.089;20
-2.562;5.762;-5.424;20
-4.078;5.617;-5.164;20
-2.372;1.636;-4.596;20
0.583;-0.955;-5.074;20
1.71;-0.689;-7.775;20
1.77;-0.092;-6.465;20
3.621;-0.479;-0.262;20
3.869;0.085;4.709;20
1.363;1.786;4.751;20
1.343;1.662;2.083;20
1.353;-0.41;9.423;20
-1.332;-1.552;10.293;20
-0.644;-0.282;-3.194;20
2.375;0.911;-7.064;20
3.017;1.247;-5.089;20
3.235;0.704;-1.2;20
2.963;-0.113;-1.886;20
2.781;-0.788;-0.885;20
4.172;-2.518;10.789;20
3.261;-2.583;7.172;20
0.296;-1.434;-1.566;20
-0.356;-2.422;0.135;20
-0.922;-3.338;4.345;20
-0.86;-2.87;4.687;20
-0.446;-4.133;0.715;20
-1.479;-2.097;-9.547;20
-1.053;-3.342;-8.95;20
-2.727;-5.573;-2.521;20
-3.467;-4.139;-5.444;20
-3.038;0.034;-2.919;20
0.462;4.541;7.861;20
-3.313;6.609;0.682;20
-4.168;8.033;-5.551;20
-2.203;8.81;-1.55;20
0.151;6.898;-0.264;20
1.334;4.098;-2.022;20
-1.264;3.748;-1.939;20
-3.714;4.307;-1.475;20
-4.031;4.54;-0.687;20
-3.563;3.549;0.198;20
-2.04;1.368;0.866;20
-1.01;-2.543;3.008;20
3.387;-13.723;12.717;20
14.433;-19.563;28.163;20
8.337;-1.32;9.921;20
1.831;5.794;-3.325;20
-1.147;0.961;-0.011;20
-4.639;-4.531;-6.232;20
-5.529;-2.939;-6.203;20
-3.734;0.948;-4.527;20
-2.854;4.358;-5.419;20
-3.345;4.287;-3.273;20
-3.75;2.321;-8.881;20
-0.126;-0.411;-6.273;20
2.13;-0.019;-2.491;20
2.493;0.364;-4.59;20
4.32;-0.45;-2.738;20
3.758;0.433;1.265;20
1.972;1.752;4.57;20
-0.061;2.961;3.993;20
-0.535;2.391;4.678;20
-0.917;0.14;6.67;20
-1.466;-1.05;1.93;20
-0.506;-0.662;-3.872;20
2.074;0.362;-5.121;20
3.648;0.401;-3.686;20
4.115;-0.138;-2.082;20
3.33;-0.204;-0.638;20
3.86;-2.068;6.024;20
2.883;-3.842;7.916;20
1.245;-2.746;-0.104;20
0.137;-1.553;-1.939;20
1.197;-3.396;0.43;20
1.614;-3.764;3.761;20
1.073;-0.654;4.178;20
-0.365;0.344;2.281;20
-2.664;-1.522;-2.693;20
-2.434;-2.93;-6.915;20
-2.376;-5.209;-6.553;20
-4.264;-4.742;-9.938;20
-3.102;-1.595;-2.785;20
-0.311;2.781;11.334;20
-2.166;5.872;1.762;20
-3.502;7.021;-5.448;20
-2.261;7.905;-4.084;20
-0.426;7.214;-0.028;20
1.094;4.231;0.207;20
-0.224;2.861;-2.24;19
-2.265;3.136;-1.939;20
-3.217;3.6;-0.087;20
-3.715;3.988;0.831;20
-2.763;2.999;1.114;20
-1.607;1.028;1.647;20
-0.187;-4.248;4.167;20
7.635;-17.602;17.682;20
14.585;-14.201;24.884;20
5.549;2.685;4.165;20
0.979;5.288;-3.302;20
-2.114;-1.82;-2.67;20
-6.648;-5.432;-8.502;20
-6.609;-2.957;-4.729;20
-3.289;2.303;-6.433;20
-2.894;5.306;-5.992;20
-4.79;4.67;-4.593;20
-3.018;1.974;-5.516;20
1.192;-1.023;-4.121;20
1.784;-0.412;-7.187;20
2.88;-0.526;-4.834;20
2.728;0.666;0.226;20
2.177;1.695;5.326;20
1.375;2.278;5.61;20
1.328;2.054;2.128;20
1.477;0.327;5.166;20
-0.11;-0.647;5.012;20
-0.892;-0.503;-1.67;20
1.339;-0.127;-4.118;20
2.915;0.512;-3.225;20
3.132;0.61;-2.157;20
4.052;0.126;0.033;20
4.222;-1.147;3.518;20
3.354;-3.296;4.188;20
1.662;-2.757;0.522;20
-0.234;-1.125;-0.624;20
-1.595;-1.041;1.505;20
-0.506;-2.942;3.849;20
0.188;-2.561;5.751;20
0.708;-0.77;2.854;20
0.193;-1.881;-0.701;20
-1.345;-2.646;-8.075;20
-1.001;-2.972;-9.07;20
-2.333;-4.332;-4.416;20
-3.673;-3.776;-3.953;20
-2.512;-0.962;4.104;20
0.431;3.324;6.058;20
-3.775;6.603;-1.698;20
-4.27;7.475;-5.766;20
-2.252;8.002;-2.092;20
-0.641;6.473;-0.96;20
1.805;2.734;-1.901;20
0.195;2.034;-1.603;20
-3.06;3.288;-1.324;20
-3.993;4.257;-0.057;20
-3.965;4.152;0.626;20
-3.172;2.629;1.232;20
-1.593;-0.444;2.312;20
1.495;-9.218;8.167;20
13.145;-20.391;25.878;20
11.604;-5.185;16.823;20
3.109;3.943;-2.775;20
0.789;-3.319;-1.624;20
-4.748;-6.105;-5.04;20
-8.369;-2.584;-5.948;20
-5.918;3.303;-6.901;20
-4.105;7.955;-7.05;20
-4.773;8.102;-5.345;20
-2.668;3.693;-4.998;20
0.722;-1.379;-4.164;20
2.974;-2.751;-6.196;20
4.054;-1.475;-5.232;20
2.857;0.821;-2.186;20
4.003;0.678;2.833;20
2.316;1.76;5.001;20
0.87;2.677;3.992;20
0.136;1.782;4.352;20
-1.017;-0.183;6.585;20
-1.049;-1.976;1.57;20
-0.103;-1.489;-3.09;20
2.071;0.011;-3.76;20
2.597;0.784;-2.724;20
3.001;0.377;-2.335;20
3.863;0.139;-0.569;20
4.6;-0.803;5.287;20
3.967;-2.689;4.767;20
2.54;-2.373;-0.153;20
-0.085;-1.299;-0.553;20
-1.615;-2.473;1.26;20
-2.202;-3.834;5.207;20
-1.236;-1.368;5.031;20
0.446;-1.675;2.051;20
-0.434;-2.745;-4.585;20
-0.704;-2.695;-9.729;20
-1.976;-4.021;-5.768;20
-3.478;-3.347;-5.012;20
-4.374;-1.014;-2.12;20
0.189;2.127;7.971;20
-2.237;5.497;3.3;20
-4.402;6.987;-6.276;20
-2.627;7.623;-3.337;20
-0.314;7.067;-0.668;20
2.217;3.875;-2.076;20
0.963;2.396;-0.862;20
-2.927;3.241;-1.638;20
-3.898;4.208;-0.577;20
-3.357;4.329;-0.101;20
-2.698;2.869;0.566;20
-1.406;0.495;1.333;20
0.415;-5.624;4.748;20
8.922;-18.668;20.162;20
14.398;-12.511;25.271;20
4.772;3.719;3.043;20
0.505;4.804;-2.214;20
-2.602;-2.781;-2.866;19
-7.19;-5.646;-10.548;20
-5.775;-2.281;-4.627;20
-2.886;4.539;-5.438;20
-3.24;6.972;-7.012;20
-4.013;3.558;-8.999;20
-2.116;-0.093;-4.699;20
0.747;-1.369;-1.603;20
2.828;-0.676;-3.806;20
3.129;-0.084;-4.572;20
1.935;1.685;-1.273;20
2.478;1.385;4.23;20
1.088;2.561;4.984;20
0.47;1.863;3.091;20
0.578;0.793;3.883;20
-0.041;-0.631;4.357;20
-0.837;-0.624;0.075;20
1.201;-0.533;-3.389;20
3.325;-0.062;-4.027;20
3.689;-0.014;-2.977;20
4.124;-0.047;0.251;20
3.238;-0.347;4.195;20
2.72;-2.765;5.666;20
1.92;-2.898;0.221;20
0.522;-1.375;-2.135;20
-0.997;-1.227;-0.203;20
-0.203;-3.385;2.343;20
0.612;-2.978;4.532;20
1.1;-0.485;3.609;20
-0.436;-0.462;2.504;20
-3.018;-2.251;-3.396;20
-2.844;-2.866;-8.336;20
-2.68;-4.492;-4.547;20
-3.401;-3.741;-7.419;20
-3.165;-0.954;-1.927;20
0.702;2.404;8.768;20
-1.7;5.456;2.133;20
-3.356;6.788;-7.033;20
-1.805;7.282;-2.686;20
0.27;6.905;0.242;20
2.071;4.089;-1.385;20
0.441;2.906;-2.443;20
-2.782;3.521;-1.692;20
-3.767;4.07;-0.583;20
-3.744;3.902;-0.234;20
-2.973;2.261;0.923;20
-1.529;-0.381;2.536;20
0.902;-7.548;7.898;20
9.591;-18.76;22.864;20
12.428;-8.433;21.785;20
6.091;4.808;-0.868;20
1.455;6.188;-2.926;20
-3.784;-1.415;-5.542;20
-7.213;-6.329;-9.276;20
-4.493;-4.388;-3.471;20
-1.711;2.539;-3.23;20
-2.683;5.547;-5.817;20
-5.851;3.893;-7.441;20
-3.448;-0.445;-4.269;20
-0.415;-1.011;-0.408;20
-0.956;1.649;-4.515;20
1.112;0.507;-6.491;20
2.298;-0.043;-2.755;20
1.254;1.646;3.772;20
0.731;2.126;4.854;20
1.68;1.288;1.685;20
3.168;0.276;0.941;20
3.138;-1.023;3.324;20
1.235;-1.123;7.678;20
2.886;0.144;-1.62;20
5.827;0.55;-5.213;20
3.392;1.704;-1.139;20
1.313;1.128;-2.262;20
1.734;-0.685;-2.45;20
1.153;-2.02;6.206;20
1.251;-3.279;4.868;20
0.479;-2.55;-0.95;20
-1.366;-1.601;1.102;20
-1.201;-2.706;4.198;20
0.287;-3.443;4.897;20
2.155;-2.331;3.704;20
1.433;-2.522;0.326;20
-1.889;-2.283;-6.482;20
-2.934;-2.315;-9.033;20
-3.198;-4.738;-7.099;20
-4.123;-4.042;-4.324;20
-2.949;-1.161;2.543;20
0.253;3.038;9.16;20
-2.102;6.16;-1.75;20
-2.86;7.223;-8.343;20
-1.621;8.064;-0.674;20
-0.439;7.355;0.264;20
1.09;4.53;-2.004;20
-0.234;3.348;-1.679;20
-2.938;3.746;-1.112;20
-3.962;4.165;-0.888;20
-3.878;3.869;-0.125;20
-2.623;2.118;0.758;20
-1.096;-0.566;1.889;20
0.96;-7.922;7.293;20
11.9;-20.328;24.611;20
14.638;-8.141;19.373;20
4.786;5.054;-2.208;20
0.271;2.882;-0.866;20
-4.891;-4.682;-3.617;20
-7.972;-4.964;-8.854;20
-5.827;-1.138;-4.368;20
-2.674;4.44;-6.195;20
-2.491;6.74;-5.106;20
-3.861;4.934;-1.73;20
-3.576;2.119;-5.905;20
0.879;-1.938;-4.523;20
2.087;-1.136;-4.948;20
2.234;-0.305;-5.409;20
2.224;0.451;-1.205;20
2.894;0.786;2.696;20
1.721;2.382;4.373;19
1.193;1.676;3.005;21
0.491;0.989;1.855;19
-0.7;-0.338;4.14;20
-1.526;-1.882;3.392;20
0.626;-1.259;-1.59;20
3.271;-0.234;-3.21;20
3.214;0.556;-3.277;20
3.468;0.936;-1.485;20
4.649;0.588;3.336;20
4.583;-1.677;5.885;20
3.023;-2.887;0.845;20
1.057;-1.749;-1.973;20
-1.159;-1.171;-0.012;20
-1.312;-3.117;3.569;20
-0.657;-2.771;5.515;20
0.863;-0.665;3.543;20
1.723;-1.36;0.181;20
0.662;-2.981;-6.505;20
-0.845;-3.092;-8.743;20
-3.096;-5.269;-2.86;20
-4.748;-4.074;-3.368;20
-4.637;-0.771;-4.717;20
-0.041;2.541;6.935;20
-3.447;6.185;3.02;20
-4.659;7.459;-4.557;20
-2.52;8.093;-2.791;20
-0.274;7.047;-0.754;20
2.169;3.591;-1.02;20
0.782;2.341;-2.453;20
-2.495;2.95;-1.979;20
-3.897;3.69;-0.101;20
-4.014;4.032;0.24;20
-3.2;2.775;1.27;20
-1.712;0.279;2.033;20
0.289;-6.149;6.043;20
9.282;-19.179;20.952;20
13.733;-11.157;22.621;20
5.375;4.146;1.105;20
1.2;5.777;-2.896;20
-2.476;-1.559;-2.868;20
-6.459;-5.973;-9.223;20
-5.274;-3.446;-4.31;20
-2.743;3.654;-3.838;20
-2.355;6.193;-6.432;20
-5.056;3.816;-5.62;20
-4.33;0.406;-5.295;20
-0.635;-0.902;-3.218;20
0.57;0.535;-4.366;20
1.401;0.587;-5.827;20
2.259;-0.1;-1.853;20
2.452;0.791;2.581;20
2.484;2.124;4.468;20
2.404;1.439;3.023;20
1.896;0.86;4.094;20
1.265;-0.666;6.323;20
0.433;-1.711;1.174;20
0.845;-0.421;-4.119;20
2.584;0.799;-4.897;20
3.149;1.157;-1.727;20
3.343;0.703;0.372;20
2.625;-0.77;-0.52;20
1.239;-2.118;5.149;20
1.71;-3.04;4.235;20
1.272;-2.221;-0.835;20
0.039;-1.514;0.092;20
0.134;-2.77;2.498;20
0.53;-3.123;4.371;20
1.031;-1.418;3.829;20
-0.168;-1.058;2.575;20
-1.881;-2.423;-4.762;20
-2.156;-2.331;-10.083;20
-2.178;-3.12;-7.432;20
-3.225;-3.685;-2.314;20
-2.413;-1.905;0.018;20
-0.6;1.182;7.75;20
-2.664;4.512;1.893;20
-4.159;6.285;-8.223;20
-2.852;7.694;-2.38;20
-1.539;7.944;0.509;20
0.85;5.263;-2.917;20
1.422;3.019;-1.875;20
-1.11;3.517;-1.291;20
-2.956;4.392;-0.853;20
-3.631;4.608;0.173;20
-2.826;2.817;1.247;20
-1.558;0.114;2.491;20
0.335;-6.203;6.616;20
10.171;-19.952;20.445;20
13.097;-11.014;22.022;20
5.591;3.722;1.527;20
1.591;2.794;-2.083;20
-3.929;-4.724;-4.527;20
-7.843;-5.524;-8.543;20
-5.209;-0.933;-3.196;20
-2.371;5.256;-5.151;20
-3.973;7.85;-6.662;20
-6.568;5.715;-6.63;20
-3.162;0.56;-3.761;20
0.178;-1.575;-5.131;20
1.818;-1.014;-7.904;20
2.259;-0.197;-3.927;20
3.223;0.095;0.009;20
3.233;1.5;4.359;20
1.987;2.092;5.247;20
2.297;0.891;4.002;20
1.77;-0.312;10.703;20
0.26;-2.344;6.925;20
0.004;-1.079;-4.203;20
2.017;1.169;-7.265;20
2.33;1.658;-5.161;20
2.375;1.007;-2.079;20
3.158;-0.117;-0.966;20
2.249;-1.022;-1.007;20
1.519;-2.245;7.225;20
2.836;-2.506;6.457;20
2.351;-1.908;-0.845;20
2.675;-3.88;-0.357;19
2.036;-4.856;3.353;20
1.13;-2.961;2.794;20
-1.88;-0.407;3.53;20
-5.219;-0.761;-1.956;20
-3.623;-2.524;-8.129;20
-2.502;-5.106;-5.798;20
-4.147;-4.098;-1.769;20
-3.148;-0.915;-3.616;20
-1.328;2.92;3.579;20
-2.187;5.37;2.171;20
-2.667;7.33;-6.003;20
-1.43;8.882;-2.076;20
0.486;7.783;-0.363;20
2.38;4.195;-1.827;20
0.749;2.691;-2.011;20
-2.47;3.138;-2.168;20
-4.01;3.634;-1.095;20
-3.948;3.674;0.296;20
-3.26;3.044;1.202;20
-1.778;1.079;2.787;20
-0.156;-5.028;8.01;20
10.046;-20.893;24.319;20
14.368;-13.03;19.673;20
3.187;3.618;0.542;20
-0.358;1.092;-0.212;20
-4.417;-5.264;-4.209;20
-8.505;-2.802;-8.54;20
-6.358;1.772;-4.907;20
-3.482;6.797;-7.508;20
-3.076;7.036;-5.06;20
-3.008;3.406;-8.017;20
-0.312;-0.721;-5.632;20
2.047;-1.361;-2.868;20
3.724;-0.267;-3.459;20
4.408;-0.133;-2.173;20
3.75;0.692;-0.187;20
2.909;1.555;2.038;20
1.305;2.652;3.24;20
0.946;1.697;3.886;20
-0.601;0.572;5.366;20
-1.375;-0.991;4.782;20
-0.871;-1.157;-1.259;20
2.072;-0.468;-4.257;20
3.122;0.531;-3.336;20
3.2;0.294;-2.051;20
3.621;-0.17;-0.262;20
4.296;-0.922;6.471;20
4.123;-2.535;4.793;20
2.555;-2.489;-1.696;20
0.083;-1.649;-0.686;20
-1.921;-1.941;4.793;20
-0.377;-3.81;5.088;20
1.756;-3.104;2.777;20
1.52;-2.25;1.512;20
-1.598;-2.057;-6.603;20
-1.82;-1.957;-10.808;20
-1.59;-4.749;-6.649;20
-3.417;-4.818;-3.261;20
-3.763;-2.997;-0.283;20
-1.681;1.301;8.036;20
-3.561;5.463;-0.213;20
-5.197;8.185;-5.241;20
-3.101;9.956;-1.897;20
-0.747;9.404;-1.362;20
1.827;6.021;-1.502;20
0.748;3.636;-2.24;20
-2.463;3.132;-2.367;20
-3.551;3.214;-0.947;20
-3.722;2.871;0.494;20
-2.731;1.575;1.402;20
-1.608;-0.945;3.338;20
0.466;-8.31;8.801;20
11.22;-20.576;23.901;20
12.808;-7.851;18.988;20
4.512;5.627;-1.028;20
0.516;3.299;-2.178;20
-4.54;-4.397;-5.476;20
-8.254;-5.208;-9.1;20
-6.199;-1.671;-3.551;20
-1.451;4.321;-6.011;20
-1.898;6.989;-5.237;20
-4.953;5.665;-3.562;20
-2.569;1.662;-3.402;20
1.05;-1.694;-2.236;20
2.139;-0.701;-5.936;20
2.482;-0.411;-7.378;20
2.604;0.345;-1.492;20
2.896;1.44;3.93;20
2.446;1.912;4.524;20
1.51;1.991;2.778;20
1.689;0.867;2.289;20
0.202;-1.226;6.626;20
-1.792;-1.653;4.349;20
-0.261;-0.354;-3.219;20
2.045;0.446;-5.047;20
3.018;0.155;-4.212;20
3.417;0.019;-2.103;20
3.838;-0.04;2.72;20
4.81;-2.341;7.836;20
3.607;-3.062;1.113;20
0.92;-1.932;-1.227;20
-0.305;-2.672;2.883;20
-0.188;-4.018;4.309;20
0.175;-2.156;3.895;20
0.319;-1.337;3.066;20
-1.346;-2.024;-4.503;20
-1.654;-1.524;-10.648;20
-2.118;-4.953;-3.751;20
-3.238;-5.618;-2.199;20
-3.798;-2.738;-6.901;20
-1.676;1.484;2.427;20
-1.522;5.135;5.737;20
-4.338;7.534;-4.391;20
-2.936;9.046;-4.139;20
-0.416;9.054;-0.131;20
2.548;5.958;-1.334;19
0.901;3.708;-2.026;20
-3.414;4.15;-2.817;20
-4.252;4.395;-1.684;20
-4.238;3.787;-0.237;20
-3.331;2.022;1.206;20
-2.138;-1.456;3.073;20
0.683;-11.085;8.607;20
11.738;-23.786;27.134;20
10.339;-5.761;21.458;20
2.965;8.032;-1.215;20
0.799;5.823;-5.321;20
-3.743;-2.699;-8.019;20
-7.736;-6.969;-8.347;20
-5.604;-3.827;-3.015;20
-1.241;4.242;-4.638;20
-2.725;7.623;-8.489;20
-4.421;4.035;-8.239;20
-1.616;-1.232;-0.188;20
-0.825;-0.38;-0.256;20
1.881;0.737;-4.32;20
3.579;0.206;-4.681;20
2.512;1.613;-2.057;20
2.185;2.512;3.421;20
2.085;2.421;4.791;20
2.704;0.577;2.902;20
3.303;-0.577;2.838;20
1.491;-1.889;5.837;20
-0.703;-0.352;0.668;20
2.299;0.51;-3.981;20
3.3;1.31;-2.826;20
3.25;1.128;-0.739;20
3.248;-0.064;-0.808;20
2.91;-1.8;0.715;20
2.044;-3.987;4.759;20
0.41;-3.599;1.599;20
-1.34;-1.801;0.497;20
0.08;-2.874;1.559;20
1.208;-3.565;3.581;20
1.87;-2.346;4.161;20
0.719;-1.644;2.397;20
-2.626;-1.294;-1.841;20
-3.899;-0.214;-10.968;20
-2.614;-3.81;-4.391;20
-4.614;-5.069;0.376;20
-4.269;-3.185;-4.908;20
-2.35;0.847;2.444;20
-3.407;5.611;4.601;20
-4.4;7.618;-5.348;20
-2.192;8.574;-4.227;20
1.199;7.95;-1.51;20
4.964;4.593;0.647;20
2.42;3.369;-1.814;20
-2.901;4.461;-2.611;20
-3.984;4.953;-1.078;20
-3.299;4.8;-0.332;20
-2.078;3.335;1.718;20
-1.099;0.149;3.56;20
1.416;-8.579;9.223;20
11.144;-21.517;22.247;20
9.237;-8.402;16.299;20
1.877;4.357;0.36;20
-0.379;-0.678;0.566;20
-4.903;-7.686;-5.296;20
-7.688;-3.313;-6.831;20
-4.767;3.362;-5.152;20
-3.322;7.428;-6.028;20
-3.883;6.744;-6.11;20
-3.093;3.001;-10.104;20
0.05;-0.644;-4.435;20
2.671;-1.401;-3.327;20
4.547;-0.885;-6.438;20
4.025;-0.068;-4.306;20
3.743;0.311;2.175;20
1.657;2.345;5.23;20
0.745;2.908;4.218;20
-0.292;1.237;10.367;20
-1.069;-1.149;8.983;20
-0.729;-2.192;-1.935;20
1.311;-0.563;-6.103;20
3.082;0.954;-5.376;20
2.972;0.753;-2.482;20
3.839;-0.244;-0.53;20
3.815;-0.543;3.484;20
3.632;-2.174;11.203;20
2.447;-2.375;0.603;20
1.607;-1.42;-3.449;20
0.627;-1.021;1.177;20
0.189;-1.467;6.326;20
0.623;-2.549;4.212;20
2.057;-4.801;1.779;20
0.236;-4.694;-7.073;20
-1.953;-2.204;-10.43;20
-2.754;-5.461;-5.982;20
-4.673;-5.978;-4.175;20
-3.548;-2.756;-3.843;20
-0.77;1.502;9.228;20
-4.218;4.838;3.652;20
-5.281;7.187;-8.557;20
2.324;8.32;-2.184;69
1.516;7.301;-1.799;10
-1.095;6.95;-2.758;10
-3.12;6.477;-3.105;10
-3.543;5.806;-2.592;10
-3.624;5.154;-1.75;10
-3.768;4.664;-1.687;10
-4.049;3.961;-1.111;10
-3.829;2.829;0.187;10
-2.935;1.406;1.229;10
-2.269;-0.07;1.852;10
-1.751;-2.152;3.118;10
-0.974;-5.757;5.041;10
1.166;-12.617;9.811;10
8.451;-25.167;28.244;10
18.206;-26.308;34.776;10
13.009;-9.015;18.115;10
5.243;3.553;5.202;10
3.108;7.891;-3.367;10
1.486;9.974;-7.187;10
0.053;10.971;-6.102;10
-1.521;9.833;-5.088;10
-3.477;3.626;-6.63;10
-5.238;-3.355;-11.331;10
-6.7;-5.941;-11.978;10
-6.763;-5.487;-8.793;10
-5.576;-5.294;-5.354;10
-3.77;-2.274;-2.79;10
-0.894;0.826;-2.528;10
0.788;1.561;-4.061;10
0.366;3.058;-2.322;81
-0.327;3.028;-7.402;20
0.533;1.99;-5.899;20
2.59;1.153;-1.762;20
2.529;1.988;2.74;19
0.521;3.174;2.604;20
1.528;1.627;1.272;20
1.976;1.71;6.854;20
0.093;1.757;5.966;20
0.597;1.122;-3.025;20
1.36;1.447;-6.025;20
2.039;0.736;-5.112;20
2.872;0.052;-2.771;20
2.829;0.568;2.003;20
4.922;-0.867;8.583;20
4.893;-2.887;3.257;20
1.56;-2.074;-1.94;20
-0.421;-1.507;2.102;20
0.234;-2.979;3.465;20
1.487;-3.783;2.338;20
0.905;-3.556;2.932;20
-1.698;-3.687;-0.292;20
-3.909;-1.197;-8.466;20
-3.705;-1.763;-8.695;20
-3.38;-5.209;-3.434;20
-4.534;-4.075;-2.7;20
-2.472;-0.425;-0.102;20
-1.651;3.887;8.212;20
-4.651;6.743;-0.12;20
-3.526;8.436;-8.63;20
-1.695;9.429;-3.043;20
1.014;7.788;-0.199;20
2.482;4.756;-0.638;20
-0.958;4.636;-1.911;20
-3.417;4.955;-2.25;20
-3.768;4.766;-1.491;20
-2.899;3.886;0.011;20
-1.322;1.164;1.849;20
-0.112;-5.27;7.237;20
10.227;-22.7;24.884;20
14.2;-14.889;22.639;20
1.847;5.593;1.966;20
-0.788;7.993;-0.806;20
-2.423;-1.444;-4.528;20
-6.068;-8.498;-10.673;20
-6.14;-4.19;-4.343;20
-1.682;3.463;-3.408;20
-2.557;7.155;-7.131;20
-5.253;5.09;-11.922;20
-2.731;0.146;-6.274;20
0.191;-0.999;0.305;20
1.967;-0.511;-3.06;20
3.81;-1.402;-5.321;20
3.224;0.354;-1.215;20
2.223;2.987;4.44;20
1.332;3.842;5.456;20
1.518;2.136;7.26;20
2.103;0.0;6.111;20
0.992;-1.323;1.999;20
-0.154;-0.87;-2.163;20
1.732;0.077;-4.885;20
2.796;0.545;-3.972;20
3.174;0.396;-1.709;20
3.538;0.098;-0.833;20
3.464;-1.742;6.21;20
3.049;-3.932;8.388;20
2.209;-2.854;-1.423;20
1.559;-1.178;-1.759;20
1.811;-1.638;3.262;20
1.994;-2.761;4.07;20
1.445;-1.885;3.064;20
-0.624;-1.688;-0.299;20
-2.864;-2.205;-8.375;20
-1.956;-4.166;-8.566;20
-3.156;-7.578;-1.306;20
-6.216;-5.572;-1.173;20
-4.777;-2.186;-4.452;20
-2.627;3.156;5.147;20
-5.425;7.219;0.186;20
-4.648;9.604;-5.256;20
-2.262;11.133;-0.88;20
1.557;9.082;-0.039;20
4.355;5.063;-2.368;20
0.384;4.067;-2.295;20
-3.694;4.383;-1.837;20
-4.264;4.194;-0.924;20
-3.89;3.445;0.954;20
-2.753;1.449;2.769;20
-1.893;-3.677;5.5;20
4.785;-18.86;17.156;20
13.799;-19.906;24.524;20
5.043;1.411;8.996;20
0.954;7.068;-2.251;20
-1.818;-1.753;-3.007;20
-5.086;-8.332;-8.847;20
-6.255;-2.9;-4.206;20
-3.844;4.671;-5.066;20
-2.25;8.065;-7.953;20
-4.215;6.058;-8.466;20
-2.492;1.011;-6.421;19
0.699;-1.157;-2.849;20
3.475;-1.123;-4.59;20
5.301;-1.101;-7.193;20
4.227;0.146;-2.852;20
3.488;1.268;3.84;20
2.001;2.902;5.931;20
0.949;2.584;6.308;20
-0.723;0.982;11.399;20
-0.31;-1.271;6.137;20
-0.087;-1.54;-3.44;21
1.393;0.344;-7.287;20
2.491;1.155;-5.338;20
2.753;0.455;-2.461;20
1.986;-0.368;-2.465;19
2.313;-1.469;2.168;20
3.531;-3.194;9.622;20
3.158;-2.848;1.888;20
1.79;-1.479;-0.523;20
2.228;-1.741;1.475;20
2.725;-3.011;2.792;20
1.659;-1.962;3.569;20
-0.075;-1.666;3.654;20
-2.756;-3.35;-3.741;20
-3.765;-2.736;-10.443;20
-3.378;-4.651;-6.854;20
-3.967;-4.647;-2.469;20
-3.933;-2.557;-3.585;20
-2.106;1.512;7.555;20
-3.659;5.284;3.257;20
-4.429;7.632;-6.513;20
-2.755;9.214;-3.535;20
-0.345;9.293;0.653;20
2.825;6.076;-2.221;20
2.217;3.806;-2.333;20
-2.617;4.305;-2.251;20
-4.13;4.446;-1.564;20
-4.068;3.958;-0.537;20
-2.976;2.245;1.519;20
-2.092;-1.081;4.148;20
1.034;-11.069;11.583;20
14.008;-23.618;28.81;20
10.285;-4.621;14.335;20
2.386;6.495;-2.75;20
-1.187;-0.688;-2.035;20
-6.842;-7.615;-8.295;20
-8.38;-3.995;-5.23;20
-4.658;2.908;-6.416;20
-2.711;7.912;-6.518;20
-4.591;6.757;-5.627;20
-3.069;2.905;-8.147;20
1.061;-1.093;-4.036;20
4.282;-2.156;-4.864;20
4.815;-0.845;-6.374;20
3.667;1.183;-3.322;20
3.999;1.274;3.273;20
2.465;2.522;4.605;20
1.548;1.853;7.34;20
-0.499;0.545;12.533;20
0.04;-0.871;3.317;20
-0.509;-0.198;-3.951;20
-0.38;1.238;-4.893;20
1.823;0.45;-3.735;20
2.495;-0.271;-2.98;20
2.2;-0.391;-1.651;20
3.767;-1.223;6.302;20
4.811;-3.073;7.377;20
3.17;-2.85;-0.963;20
1.247;-1.165;-1.117;20
0.764;-1.034;3.377;20
1.927;-3.144;3.617;20
1.653;-2.946;3.432;20
0.034;-1.858;3.02;20
-2.312;-2.929;-3.883;20
-3.13;-3.117;-9.891;20
-2.49;-5.091;-7.22;20
-3.959;-5.414;-3.681;20
-3.727;-2.874;-4.151;20
-1.168;0.92;7.463;20
-2.485;4.681;3.821;20
-4.789;7.505;-5.0;20
-3.113;9.354;-3.418;20
-1.342;9.769;-0.125;20
1.024;7.004;-2.816;20
2.088;3.988;-2.711;20
-1.187;4.197;-1.814;20
-4.007;5.117;-1.739;20
-4.251;4.73;-1.09;20
-3.216;3.131;0.096;20
-1.892;0.02;2.024;20
-0.105;-7.824;7.386;20
11.538;-25.087;28.405;20
14.282;-12.034;20.97;20
2.766;6.362;-1.219;20
-0.573;5.827;-2.121;20
-4.655;-4.23;-5.354;20
-8.637;-6.17;-8.926;20
-5.9;-1.351;-3.708;20
-1.543;4.686;-6.903;20
-2.219;6.654;-3.326;20
-3.621;4.346;-4.363;20
-1.51;1.044;-5.673;20
1.389;-0.683;-2.908;20
2.932;0.009;-5.405;20
3.371;-0.004;-6.807;20
3.153;0.347;-1.911;20
3.359;0.888;3.184;20
2.292;1.953;4.739;20
1.035;1.867;3.954;20
0.084;0.775;6.428;20
-0.682;-0.653;5.926;20
-1.453;-0.303;-1.356;20
1.212;-0.299;-4.575;20
2.649;0.636;-3.121;20
3.018;0.647;-1.283;20
3.245;-0.328;-0.704;20
3.306;-1.585;5.443;20
3.618;-2.918;6.654;20
2.674;-1.982;-0.765;20
1.059;-0.955;-0.995;20
0.918;-2.529;2.264;20
1.279;-4.315;3.707;20
1.024;-2.76;3.097;20
0.462;-3.183;2.121;20
-2.332;-3.03;-5.888;20
-2.872;-2.486;-8.833;20
-3.415;-4.781;-4.895;20
-4.626;-4.704;-6.309;20
-4.663;-1.211;-2.623;19
-0.868;2.43;7.694;20
-3.437;5.891;3.796;20
-3.835;7.72;-5.61;20
-2.208;9.182;-2.744;20
-0.398;8.727;-1.157;20
2.265;4.994;-2.815;21
1.292;3.119;-0.955;20
-2.919;4.206;-1.78;20
-4.1;4.758;-1.499;20
-3.502;4.099;-0.446;20
-2.24;2.384;0.389;19
-1.007;-0.662;2.36;20
1.361;-9.494;10.004;20
15.531;-23.289;30.925;20
10.697;-5.857;13.523;20
0.605;5.669;-2.441;20
-0.934;-0.311;0.596;20
-5.148;-7.556;-5.312;20
-8.447;-4.457;-7.689;20
-5.461;2.717;-3.921;20
-3.387;8.063;-8.246;20
-4.734;7.766;-9.105;20
-3.717;3.007;-6.129;20
0.043;-1.402;-2.401;20
2.85;-1.891;-4.015;20
4.641;-1.333;-6.39;20
3.493;0.403;-3.655;20
3.808;1.454;2.427;20
3.619;1.944;4.43;20
1.558;3.313;6.766;20
0.311;1.099;10.27;20
0.267;-1.032;4.869;20
-0.211;-1.226;-2.124;20
-1.236;0.394;-5.217;20
-0.002;0.585;-4.126;20
0.681;0.449;-2.958;20
1.574;-0.278;-2.538;20
2.786;-0.634;1.022;20
5.17;-2.097;6.931;20
4.332;-2.321;2.323;20
2.005;-1.718;-1.339;20
0.341;-1.421;1.597;20
1.249;-3.581;3.494;20
2.346;-4.275;2.073;20
1.34;-1.276;1.831;20
-1.158;0.093;2.756;20
-3.235;-1.528;-4.383;20
-2.793;-2.686;-9.477;20
-3.328;-4.479;-2.473;20
-3.414;-4.936;-1.445;20
-3.221;-2.608;-3.388;20
-2.507;2.365;0.762;20
-2.4;5.567;2.721;20
-4.474;7.378;-0.489;20
-3.062;8.22;-3.536;20
-0.21;7.959;-2.324;20
2.087;5.496;-1.594;20
2.921;3.224;-0.339;20
-1.462;3.848;-2.181;20
-3.577;4.675;-1.736;20
-3.804;4.08;-0.735;20
-3.216;2.027;1.166;20
-1.625;-1.165;2.108;20
1.458;-9.976;9.667;20
13.845;-20.674;28.735;20
11.548;-4.087;16.098;20
3.367;6.43;-3.556;20
0.592;-0.732;-0.241;20
-5.815;-8.458;-5.492;20
-8.627;-5.288;-7.685;20
-6.324;3.068;-4.347;20
-4.237;10.326;-3.349;20
3.59;0.78;-8.521;20
1.527;0.076;-10.212;20
-0.466;0.69;-1.943;20
0.639;0.23;-4.357;20
0.482;-0.324;-6.728;20
-0.195;-0.904;-4.074;20
-0.38;0.104;-0.368;20
-0.346;1.887;4.066;20
-0.611;3.447;4.966;20
0.311;1.252;4.051;20
-1.017;0.368;7.649;20
-1.187;1.83;4.985;20
2.303;0.704;-1.94;20
4.705;-2.442;-3.774;20
0.742;3.289;-4.779;20
2.959;0.836;-2.451;20
3.502;-0.739;-0.427;20
1.714;-1.208;0.207;20
1.59;-1.298;2.89;20
1.183;-0.103;3.987;20
0.465;-1.249;1.142;20
1.611;-3.989;-1.606;20
1.568;-6.259;0.149;20
-1.222;-5.961;6.132;20
-3.545;-5.951;4.604;20
-4.294;-5.641;-2.883;20
-3.748;-4.294;-6.745;20
-3.328;-2.056;-5.881;20
-2.622;-1.147;-2.419;20
-1.644;-0.692;-2.494;20
1.43;1.22;-2.119;20
3.488;1.471;-2.539;20
2.964;2.593;-2.169;20
2.437;2.938;-1.749;20
-0.013;3.444;-0.483;20
-3.123;3.815;0.618;20
-4.809;4.117;3.333;20
-4.453;3.145;3.813;20
-1.651;1.168;4.69;20
3.06;-0.282;4.254;20
11.94;0.771;1.004;20
17.259;1.567;1.005;20
10.676;0.128;6.266;20
0.737;0.21;3.307;20
-3.344;1.793;2.116;20
-3.367;2.066;0.705;20
-3.063;0.756;-1.527;20
-2.627;0.057;-1.415;19
-1.593;-0.571;-1.5;20
-0.705;-0.781;-1.975;20
-0.065;0.225;-2.327;20
0.163;1.94;-2.81;20
-0.137;2.885;-2.622;20
-0.585;2.803;-1.713;20
-1.115;2.471;-0.726;20
-1.823;2.459;0.428;20
-7.386;5.854;13.79;20
-3.65;3.208;8.794;20
2.923;-0.48;1.785;20
2.68;0.678;1.11;20
2.515;0.875;1.597;20
1.263;1.229;4.41;20
-1.343;1.85;6.746;20
-2.858;2.51;6.222;20
-1.229;1.522;5.718;20
0.346;0.589;1.524;20
-0.828;2.99;-0.968;20
-2.298;5.22;2.122;20
-3.029;4.786;3.052;20
-2.106;4.866;1.831;20
-0.155;4.373;5.041;20
0.847;1.635;4.054;20
0.585;0.896;0.529;20
-0.514;1.546;2.011;20
-0.469;1.546;2.925;20
-0.45;1.569;2.999;20
-1.043;1.679;2.559;20
-1.059;1.612;0.593;20
-2.523;2.988;0.885;20
-2.503;3.388;2.53;20
-0.703;2.361;3.115;20
2.428;0.118;2.013;20
2.062;1.001;2.792;20
0.646;1.323;1.825;20
-0.234;1.993;-1.081;20
-0.202;2.141;-0.947;20
-0.415;2.017;0.625;20
-0.738;1.837;1.639;20
-1.056;1.826;1.414;20
-1.334;1.925;0.574;20
-1.365;2.19;-0.355;20
-1.025;2.4;-1.057;20
-0.64;2.447;-1.674;20
-0.492;2.618;-2.379;20
-0.359;2.522;-2.07;20
-0.529;2.619;0.506;75
-0.248;2.785;-0.372;20
0.202;2.837;-1.32;20
0.233;2.638;-1.268;20
0.117;2.468;-1.335;20
0.015;2.244;-1.181;19
0.278;1.912;-1.16;20
0.51;1.457;-0.749;20
0.384;1.062;-0.039;20
3.761;-0.125;1.929;20
0.077;1.892;1.583;20
-0.396;1.222;0.533;20
-0.776;1.096;0.102;20
-0.041;0.756;0.496;20
0.226;0.743;0.698;20
-0.023;0.576;0.321;20
-0.046;0.823;-0.064;20
-0.013;0.516;-0.419;20
-0.168;0.376;-0.333;20
-0.271;0.212;0.263;20
-0.001;0.115;0.781;20
0.058;0.032;0.501;20
-0.02;0.102;0.365;20
0.121;0.136;0.03;20
0.354;0.208;-0.227;20
0.184;0.289;-0.159;20
0.102;0.235;0.053;20
0.094;0.255;0.187;20
0.269;0.21;-0.148;20
0.476;0.18;-0.423;20
0.536;0.182;-0.265;20
0.438;0.214;-0.006;20
0.666;0.368;-1.719;20
0.472;0.24;-0.803;20
0.425;0.136;0.591;20
0.4;0.022;1.228;20
0.234;0.125;1.108;20
0.443;0.071;0.355;20
0.309;0.174;-1.184;20
0.692;0.132;-1.507;20
0.503;0.107;-0.983;19
0.314;0.1;-0.081;20
0.15;0.214;0.627;20
-0.007;0.302;0.35;20
-0.118;0.36;-0.128;20
0.003;0.309;-0.167;20
0.116;0.193;-0.004;20
0.137;0.122;0.038;20
0.027;0.078;-0.164;20
-0.03;0.11;-0.168;20
-0.043;0.178;-0.207;20
-0.13;0.205;-0.298;20
-0.181;0.206;0.033;20
-0.202;0.18;0.218;20
-0.119;0.141;0.092;20
-0.081;0.148;-0.102;20
-0.045;0.163;-0.031;20
-0.046;0.157;-0.053;20
-0.167;0.136;-0.112;20
-0.07;0.11;0.107;20
-0.056;0.116;-0.043;20
-0.057;0.123;-0.243;20
0.038;0.086;-0.009;20
0.099;0.033;0.181;20
0.081;0.088;0.23;20
0.084;0.077;0.012;20
0.257;0.076;-0.127;20
0.197;0.108;-0.281;20
0.094;0.097;-0.158;20
0.031;0.112;0.005;20
0.03;0.097;0.149;20
0.037;0.129;0.009;20
0.159;0.12;-1.48;20
0.409;-0.009;-0.209;20
0.232;0.027;0.833;20
0.339;-0.072;0.147;20
0.017;0.133;-0.727;20
0.267;-0.026;-0.797;20
-0.258;-0.155;-1.029;20
0.175;-0.371;-0.252;20
0.286;-0.396;0.81;20

# Completed @Wed Jan 06 22:11:08 GMT+02:00 2021
