# Accelerometer Data File
# Started @Wed Jan 06 21:24:43 GMT+02:00 2021
#
#
# sensor Vendor: BOSCH
# sensor Name: BMI160 Accelerometer Non-wakeup
# sensor Resolution: 0.0023928226m/sec^2; Max Range: 78.4532; Min Delay: 2500 microseconds
# The sensor's attributes are the result hardware and the Android capabilities.
# It means that the Android may not utilize all features provided by the hardware.
#
# Some devices and Android versions save battery too much so the device may go to sleep.
# It just happens after couple of minutes from turning off the scree and it is easy to find it out.
#
# The following file provides the data from accelerometer in the m/s^2 format.
# The diff value is just a time delta between the samples
#
#
# data format:
# so we have 4 columns with values separated by the ";"
# X;Y;Z;time_from_previous_sample(ms)

# sensor speed set to:NORMAL
# units set to: m/sec^2
# gravity  filtered out
# Accuracy: HIGH
0.435;4.827;7.117;0
0.56;4.195;6.334;19
0.604;3.521;5.489;20
0.408;2.873;4.381;20
0.566;2.704;4.114;20
1.005;2.373;4.309;20
1.271;1.945;5.366;20
0.034;1.007;4.296;20
0.512;0.864;3.964;20
-0.273;0.47;0.55;20
0.544;1.308;2.066;20
0.576;1.679;3.77;20
-0.714;1.086;4.113;20
-0.135;-0.233;1.669;20
1.476;-1.832;-0.311;20
2.612;-2.856;-0.816;20
2.853;-2.039;2.132;20
1.122;-0.706;4.947;20
1.646;-0.954;1.185;20
1.09;-1.57;0.048;20
0.442;-2.296;5.244;20
-1.019;-0.06;7.578;20
-1.197;1.004;3.752;20
-3.472;3.705;-1.44;20
-2.425;1.899;-1.655;19
1.204;-3.037;-1.089;20
1.547;-3.313;1.749;20
-0.314;-1.719;3.55;20
-1.597;0.7;-0.588;20
-3.626;4.09;-3.369;20
-3.818;4.51;-0.904;20
-2.396;2.868;-0.096;20
-2.025;2.134;1.75;20
-1.661;1.49;1.754;20
-1.063;0.681;-0.382;20
-0.423;0.168;-1.613;20
-0.311;-0.254;-0.487;20
-0.243;-0.101;-0.984;20
0.248;-0.199;0.358;20
0.76;-2.083;3.561;20
-1.496;1.668;0.425;20
-1.745;2.703;-3.063;20
-1.704;2.033;-2.729;20
-1.267;1.434;-0.396;20
0.276;-0.747;3.774;20
-0.018;-0.724;3.943;20
-0.194;-0.572;0.565;20
-0.288;-0.121;-1.178;20
-0.254;-0.006;-0.919;19
-0.098;-0.503;1.002;20
-0.092;-0.726;1.265;20
-0.414;-0.038;-0.083;20
-0.047;-0.22;-0.303;20
-1.107;0.131;-1.696;20
-0.83;0.213;-2.366;20
-0.497;-0.951;-0.387;20
-1.883;-0.754;1.76;20
-1.633;-0.98;0.133;20
2.213;-1.14;-1.885;20
1.731;-1.151;-2.855;20
-0.283;-0.975;-2.212;20
1.439;-2.118;-2.323;20
3.647;-2.472;0.801;20
3.541;-2.387;3.593;20
1.933;-2.835;4.907;20
1.694;-2.185;4.99;20
2.285;-0.855;4.376;20
2.597;-0.321;6.552;20
4.931;-0.394;2.866;20
4.17;-0.881;-10.105;20
3.312;0.792;-8.987;20
2.819;0.359;-7.931;20
3.463;-1.179;-11.769;20
4.256;-3.078;-8.76;20
6.576;-5.776;-4.463;20
6.961;-7.695;-7.617;20
7.638;-8.183;2.163;115
5.438;-5.511;1.645;20
3.601;-2.685;1.401;20
2.602;-2.507;2.246;20
1.79;-2.968;2.377;20
1.581;-2.565;2.35;20
1.052;-2.621;1.337;20
0.55;-3.041;-0.294;20
-0.386;-3.086;-0.959;20
-0.875;-2.885;-2.387;20
-0.081;-2.971;-3.418;20
0.468;-3.159;-2.421;20
0.718;-3.432;-0.221;20
1.481;-2.315;3.832;20
0.065;-0.363;4.322;20
-2.191;-0.855;-5.542;20
-1.907;-1.821;-6.402;20
-2.047;-0.559;-1.818;20
-2.939;1.169;-2.249;20
-3.516;1.673;-2.14;20
-2.535;0.031;-2.2;20
0.447;-1.247;-3.75;20
4.91;-2.147;-4.815;20
7.162;-2.383;-0.867;20
-1.785;-1.187;4.199;20
-6.328;-1.726;-0.769;20
-1.206;-3.399;-0.226;20
0.062;-4.488;-4.25;20
-1.159;-5.135;-4.397;20
-2.936;-0.874;-0.175;20
-1.616;-0.601;-1.193;20
0.138;-1.304;1.625;20
0.24;-1.182;-1.104;20
-0.473;-1.543;-1.147;20
0.244;-1.906;0.187;20
-0.081;-2.396;-0.426;20
-0.459;-2.107;-3.436;20
-0.536;0.877;-2.245;20
-3.009;5.442;1.689;20
-0.002;2.615;0.145;20
0.122;-1.453;-8.212;20
-4.246;-0.803;-6.328;20
-0.469;-1.199;2.628;20
-1.692;-2.5;2.559;20
-2.875;-2.927;1.997;20
-2.059;-1.972;0.008;20
-1.978;-0.557;-0.77;20
-1.825;4.131;-1.183;20
-0.828;0.117;-2.289;20
-0.133;-1.435;-1.359;20
-0.57;-2.844;-0.111;20
-0.125;-2.447;1.492;20
-0.578;1.388;0.116;20
-1.542;2.347;-1.873;20
-1.218;0.549;0.342;20
-0.74;-2.629;2.052;20
0.642;-3.164;0.436;20
1.047;-1.7;-1.818;20
0.378;0.689;-1.572;20
-0.491;1.31;0.74;20
-0.867;0.99;-0.169;20
-2.224;0.802;-0.816;20
-2.149;-0.241;0.858;20
0.174;0.485;1.164;20
0.892;0.318;-0.098;20
0.783;-2.444;1.258;20
0.524;-3.08;2.958;20
-0.213;-1.058;0.987;20
0.264;2.548;-2.409;20
-0.296;4.148;-4.578;20
-1.31;-0.244;-1.792;20
-1.011;-0.163;7.394;20
1.974;-3.366;1.525;20
1.343;-1.205;-1.487;20
-0.605;4.658;-1.955;20
0.155;3.161;-0.66;20
1.478;-0.53;4.254;20
0.438;-1.775;-6.853;20
-3.167;-2.813;-4.588;20
0.881;-2.523;3.983;20
0.65;-0.262;-0.644;20
-1.798;0.85;2.116;20
-1.56;-0.118;1.081;20
0.225;1.062;-2.2;20
1.843;-0.003;1.365;20
-0.367;1.273;0.22;20
-2.411;3.713;-2.643;20
-0.294;2.714;-1.29;20
0.959;2.061;-2.29;20
1.721;1.486;-5.67;20
2.125;1.514;4.35;20
-1.215;4.871;6.842;20
3.23;2.12;-0.712;20
1.659;1.151;0.259;20
-4.198;3.785;0.561;20
-4.77;2.391;-0.175;20
-4.646;0.36;-3.019;20
-0.766;-1.566;-7.08;20
5.734;-14.267;0.56;19
13.062;-12.187;27.652;20
-0.539;-1.711;4.211;21
-2.66;-2.889;-7.426;19
-2.036;-2.206;1.747;20
1.278;-3.8;1.46;20
1.607;-3.248;1.2;20
-3.775;2.343;0.623;20
-3.197;4.191;-4.358;20
1.975;3.425;-3.319;20
4.171;1.233;2.098;20
1.414;2.429;1.127;20
0.669;1.522;-0.03;20
1.689;-1.173;2.578;20
-0.062;0.769;2.956;20
1.041;4.083;-4.052;20
0.808;5.04;-2.961;20
-0.926;3.059;-2.16;20
-1.948;-0.937;-2.296;20
-2.083;-2.771;1.693;20
-0.046;-3.86;3.005;20
0.417;-3.677;0.885;20
-0.161;-1.809;1.329;20
-1.665;-0.599;1.308;20
-2.339;1.615;0.845;20
-3.808;-0.817;-0.681;20
0.556;0.242;-2.501;20
2.859;2.305;-1.598;20
0.378;2.822;-1.753;20
-2.181;-2.023;3.272;20
-3.035;0.694;0.811;20
0.235;-0.03;-2.357;20
2.751;-0.238;1.075;20
1.214;-0.259;2.858;20
-0.924;-0.421;0.046;20
-1.215;0.765;-0.361;20
3.933;0.259;0.493;20
3.192;-0.787;0.021;20
-1.804;-0.678;-2.498;20
-1.035;-1.764;-1.623;20
-1.337;-3.394;1.277;20
-5.918;1.405;1.729;20
-5.3;2.75;-3.363;20
0.22;4.661;-3.749;20
8.013;4.607;1.663;20
11.291;0.397;3.291;20
4.573;-3.217;2.063;20
0.367;-1.895;-0.723;20
-0.643;1.746;-1.755;20
0.966;2.955;-1.827;20
4.659;0.898;-0.804;20
-6.171;5.819;-0.973;20
-0.527;-3.205;-1.529;20
-0.22;-4.628;1.574;20
0.034;-3.353;3.305;20
1.098;-3.27;3.359;20
3.739;-3.885;3.234;20
0.345;-0.952;0.231;20
0.006;-4.246;1.712;20
-1.979;-5.831;2.85;20
-5.3;-2.697;0.805;20
-4.032;0.465;-2.571;20
-3.78;1.36;-5.769;20
-3.475;1.369;-5.195;20
-1.416;3.427;-2.987;20
-0.002;5.423;-3.497;20
-0.103;7.181;-2.72;20
-1.85;3.895;0.518;20
-0.358;1.682;2.891;20
-0.154;3.279;4.202;20
-2.219;0.89;9.978;20
-4.694;-1.084;6.755;20
-5.35;-0.241;-5.57;20
-2.023;-2.245;-5.824;20
1.155;-4.985;0.999;20
1.094;-4.267;5.295;20
-0.962;0.201;1.775;20
-1.9;2.158;-1.364;20
-2.387;1.183;-0.762;20
-2.304;0.019;-0.211;20
-1.275;-0.035;-0.276;20
0.138;0.159;-0.425;20
0.461;0.706;0.472;20
0.016;1.094;0.759;20
0.059;0.506;0.381;20
0.071;-0.059;1.229;20
-0.02;-0.579;2.648;20
0.501;-1.515;2.57;20
0.983;-1.971;1.714;20
0.141;-0.815;0.061;20
-0.409;0.322;-1.33;20
0.806;1.543;-3.15;20
-0.684;4.655;-6.104;20
-2.821;3.516;-6.304;20
0.847;-5.57;-3.658;20
5.187;-11.384;5.409;20
3.396;-2.967;13.985;20
1.668;4.307;-1.355;20
0.641;4.448;-10.818;20
2.15;2.468;-1.586;20
2.537;0.154;-0.007;20
1.902;-0.341;2.19;20
2.08;-0.758;2.363;20
1.986;-0.824;0.919;20
1.811;0.124;1.772;20
1.85;0.17;1.599;20
2.083;-0.569;-1.723;20
1.109;-0.227;-3.771;20
-0.49;1.086;-1.695;20
-0.338;1.549;0.888;20
0.006;0.411;0.976;20
-0.38;-0.171;-0.132;20
-0.521;0.07;-0.056;20
-0.643;0.459;-0.822;20
-0.422;0.922;-0.958;20
-0.026;1.009;-1.194;20
0.405;0.393;-1.154;20
1.485;-0.023;0.006;20
2.216;-0.394;1.193;20
1.807;-0.652;1.145;20
-0.257;-0.841;0.261;20
-1.673;-1.084;-1.043;20
-0.54;-2.3;0.003;20
0.468;-2.602;0.746;20
0.641;-1.497;0.574;20
0.439;-0.955;1.321;20
0.322;-0.57;2.411;20
1.415;-0.509;5.087;20
1.748;-1.15;5.314;20
0.059;-1.675;2.564;20
-0.799;-0.518;1.05;20
0.297;1.301;0.331;20
1.755;2.432;1.374;20
2.726;2.223;2.791;20
1.307;1.882;2.781;20
-0.373;1.623;2.339;20
-1.08;2.39;1.795;20
-0.98;3.502;1.703;20
-1.477;4.592;1.149;20
-2.287;4.495;0.748;20
-1.706;3.77;1.194;20
-1.697;4.455;0.042;20
-2.368;5.478;-1.114;20
-2.683;6.045;-0.22;20
-3.034;5.932;0.782;20
-1.344;3.247;1.626;19
-1.098;3.311;3.223;20
1.161;1.432;5.768;20
2.625;-2.061;3.494;20
-0.025;1.816;1.209;20
-3.106;6.151;1.78;20
-2.519;1.573;-0.857;20
-2.972;2.813;-0.965;20
-1.347;3.607;-1.11;20
-0.988;4.904;2.357;20
-0.538;2.256;4.385;20
-0.07;-2.425;2.366;20
1.499;-2.745;0.907;20
-0.491;1.571;2.075;20
0.57;1.84;0.848;20
0.621;1.132;-0.87;20
-1.978;1.243;0.402;20
-0.999;0.627;1.14;20
0.214;0.228;0.068;20
0.43;0.313;0.087;20
0.816;0.316;0.096;20
0.795;0.449;-0.003;20
0.497;0.701;0.171;20
0.538;0.765;0.583;20
0.98;0.294;0.585;20
1.393;-0.132;-0.031;20
1.788;-0.782;-0.418;20
1.931;-1.183;-0.288;20
1.964;-1.034;-0.203;20
2.199;-1.444;0.444;20
1.897;-1.649;0.412;20
2.028;-1.544;-0.478;20
1.772;-1.338;-0.436;20
1.219;-1.23;-0.571;20
1.227;-1.519;-0.54;20
1.619;-1.951;0.535;20
1.813;-2.319;0.669;20
1.524;-2.134;-0.475;20
0.934;-1.804;-0.738;20
0.633;-1.693;-0.832;20
0.874;-1.577;-0.788;20
1.039;-1.547;-0.368;20
0.48;-1.819;0.573;20
-0.94;-1.818;0.19;20
-1.569;-1.638;-0.667;20
-0.599;-1.539;-0.167;20
0.228;-1.09;-0.288;20
1.121;-0.625;-0.591;20
1.274;-0.317;-0.314;20
1.045;-0.697;0.204;20
1.197;-0.778;0.42;20
0.899;-0.353;0.232;20
0.056;0.641;-0.118;20
-0.694;0.855;-0.542;20
-0.45;0.97;0.208;20
0.059;0.653;0.961;20
0.131;0.415;0.729;20
0.211;0.583;0.145;20
0.502;0.399;-0.093;20
0.435;0.312;0.411;20
0.221;0.248;1.34;20
-0.523;0.236;0.357;20
-0.932;0.618;-0.279;20
-0.972;1.431;-0.049;20
-1.507;2.243;-0.708;20
-1.319;2.036;0.386;20
-1.575;2.428;0.011;20
-2.688;3.618;1.23;20
-1.543;0.219;0.948;20
0.563;-3.234;-0.504;20
0.043;-2.396;-2.601;20
-5.046;7.163;-0.159;20
-5.22;6.134;0.375;20
-0.544;-0.286;0.385;20
-0.543;1.235;-1.444;20
-2.05;2.75;-1.233;20
-1.998;1.99;0.069;20
-0.789;0.892;0.107;20
-0.538;0.579;-0.327;20
-0.566;0.659;0.231;20
0.04;0.427;0.919;20
0.749;-0.061;0.284;20
0.286;0.472;-0.104;20
-0.009;0.949;0.259;20
0.021;0.977;0.733;20
0.241;0.592;0.35;20
0.159;-0.19;0.067;20
0.52;-0.861;-0.635;20
0.979;-1.092;-1.163;20
1.213;-0.849;-0.471;20
1.771;-1.049;0.074;20
2.253;-1.722;0.243;20
2.567;-2.423;-0.039;20
2.537;-2.929;0.238;20
2.255;-2.879;0.419;20
1.773;-2.51;0.603;20
1.552;-2.213;0.092;20
1.279;-2.473;-0.028;20
1.276;-2.883;-0.064;20
1.568;-2.978;-0.025;20
1.418;-2.657;0.164;20
0.116;-1.585;0.087;20
-1.104;-0.566;-0.656;20
-0.728;-0.734;-0.429;20
0.303;-1.453;0.109;20
0.415;-1.586;0.115;20
0.438;-1.236;-0.397;20
0.565;-0.922;-0.623;20
0.754;-0.729;0.1;20
1.349;-0.658;1.054;20
1.966;-0.773;0.875;20
1.149;-0.189;-0.716;20
-0.367;0.935;-1.222;20
-0.481;1.186;0.262;20
-0.137;1.16;0.363;20
0.065;0.738;0.958;20
0.419;0.263;1.114;20
0.101;0.273;-0.434;20
-0.605;1.113;-0.354;20
-0.548;2.051;0.053;20
-0.67;2.668;-0.581;20
-1.543;2.785;-0.324;20
-2.387;3.069;-0.044;20
-3.914;4.506;1.322;20
-2.369;1.235;0.578;20
-0.858;-0.386;-0.975;20
0.193;-2.43;-1.378;20
-1.203;1.296;-1.745;20
-5.522;9.396;-0.046;20
-3.238;3.36;-0.345;20
-0.938;1.001;-0.145;20
-1.169;1.718;-0.997;20
-1.21;1.411;-0.798;20
-0.916;1.0;0.258;20
0.11;0.408;0.456;20
0.601;-0.073;0.309;20
0.015;0.207;0.181;20
-0.736;0.835;0.534;20
-0.768;1.083;0.713;20
-0.29;0.792;0.78;20
-0.017;0.107;0.098;20
0.583;-0.998;-1.319;19
1.508;-1.871;-0.773;20
2.127;-2.376;0.285;20
2.045;-2.289;0.204;20
2.315;-2.357;0.389;20
2.823;-2.932;0.645;20
2.377;-3.251;0.602;20
1.975;-3.217;0.341;20
1.418;-3.225;0.781;20
1.5;-3.327;0.992;20
1.943;-3.225;0.733;20
1.729;-2.437;0.274;20
0.948;-1.54;0.255;20
-0.183;-0.7;-0.194;20
-0.919;-0.078;-0.364;20
-0.249;-0.476;-0.313;20
0.202;-1.194;-0.167;20
0.194;-1.07;-0.383;20
0.429;-0.607;-0.601;20
1.046;-0.678;0.141;20
1.608;-0.854;1.125;20
1.244;-0.889;-0.062;20
0.516;-0.237;0.471;20
0.749;-0.162;0.754;20
0.79;-0.514;0.318;20
-0.038;-0.088;0.205;20
-0.612;0.343;-0.231;20
-0.454;0.75;-0.083;20
-0.331;0.705;-0.581;20
-0.448;1.198;-0.32;20
-1.438;2.578;-0.482;20
-2.327;3.485;-0.91;20
-3.371;5.46;-0.763;20
-3.657;4.731;1.306;20
-0.913;-0.217;-0.033;20
0.613;-2.246;-0.926;20
0.427;-1.9;-2.655;20
-4.468;7.963;-0.628;20
-4.754;5.763;-0.796;20
-1.165;0.836;-0.244;20
-1.558;2.621;-0.285;20
-1.119;2.264;-0.282;20
-0.589;0.975;-0.424;20
-0.58;0.582;-0.164;20
-0.47;0.295;0.238;20
-0.302;0.233;0.889;20
0.066;0.663;1.188;20
0.365;0.956;0.444;20
-0.063;0.705;0.125;20
-0.363;0.163;-0.99;20
-0.1;-0.433;-1.911;20
0.853;-1.321;-0.331;20
1.844;-1.932;0.352;20
2.522;-2.44;0.552;20
2.83;-3.067;0.962;20
3.021;-3.825;0.998;20
3.002;-4.4;1.253;20
2.41;-4.149;1.324;20
1.423;-3.415;1.22;20
0.983;-2.336;1.285;20
1.264;-1.674;0.413;20
1.136;-1.629;-0.253;20
0.132;-1.039;-0.54;20
-0.732;-0.502;-0.074;20
0.075;-1.051;0.424;20
0.283;-1.006;-0.124;20
0.083;-0.86;-0.694;20
0.393;-0.839;-0.545;20
1.061;-0.996;0.186;20
1.496;-0.729;0.236;20
1.025;-0.237;0.079;20
1.033;-0.298;0.202;20
1.559;-1.223;0.73;20
0.659;-0.838;0.948;20
-0.508;0.075;-0.373;20
-1.078;1.124;-0.12;20
-0.718;1.329;0.562;20
-0.314;0.579;-0.856;20
-0.649;1.573;-0.65;20
-1.265;3.246;-0.352;20
-1.798;3.702;-0.485;20
-3.447;4.809;-0.535;20
-3.167;2.659;0.084;20
-0.731;-0.687;-0.559;20
0.206;-2.311;-1.905;20
-1.95;3.305;-1.749;20
-5.336;8.582;-1.084;20
-2.806;2.72;-0.497;20
-1.275;1.974;-0.305;20
-1.027;2.319;-0.803;20
-1.038;1.971;-0.509;20
-0.807;1.153;-0.447;20
-0.448;0.337;0.286;20
-0.184;0.09;0.46;20
-0.152;0.264;0.619;20
-0.135;0.893;1.047;20
0.022;1.19;0.64;20
0.223;0.779;-1.258;20
0.948;-0.936;-1.326;20
2.419;-3.156;1.147;20
3.093;-4.097;1.256;20
2.723;-3.84;0.564;20
2.582;-3.402;0.382;20
2.244;-3.401;0.663;20
1.787;-3.317;0.963;20
1.395;-2.796;1.279;20
1.734;-2.522;1.338;20
1.897;-2.598;1.217;20
1.198;-2.112;0.393;20
0.156;-1.04;-0.588;20
-0.682;-0.188;-0.492;20
-0.532;-0.499;-0.092;20
-0.136;-1.042;0.096;20
-0.146;-0.793;0.315;20
0.036;-0.869;0.617;20
0.321;-1.267;0.495;20
0.884;-0.893;-1.673;20
1.923;-0.407;-0.637;20
2.252;-0.907;2.386;20
1.514;-1.72;2.682;20
0.632;-1.401;-0.082;20
0.799;-0.933;-0.024;20
0.575;-0.271;0.161;20
-0.418;0.717;-1.389;20
-1.557;1.743;-1.358;20
-2.318;3.468;-1.386;20
-2.784;4.52;-1.504;20
-3.571;5.541;-1.166;20
-4.251;5.29;0.284;20
-1.357;0.158;0.1;20
0.362;-1.448;-0.01;20
0.99;-1.799;-1.374;20
-3.676;6.961;-0.684;20
-3.611;5.159;-0.967;20
-1.523;1.67;-0.597;20
-1.944;2.917;-0.5;20
-1.411;2.44;-0.487;20
-0.666;1.933;-0.83;20
-0.457;1.541;-0.603;20
-0.416;0.598;-0.155;19
-0.622;0.128;0.522;20
-0.243;0.172;0.308;20
-0.057;0.232;0.325;20
-0.269;0.388;0.391;20
-0.078;0.455;-0.637;20
0.912;-0.407;-1.116;20
2.675;-2.1;0.937;20
3.61;-3.334;1.591;20
3.683;-3.969;0.777;20
3.295;-4.404;0.9;20
2.845;-4.768;1.51;20
1.92;-3.993;1.277;20
0.973;-2.596;1.195;20
0.932;-1.629;1.088;20
0.647;-0.862;0.94;20
-0.111;-0.56;-0.241;20
-1.225;0.297;-1.138;20
-0.512;0.021;-0.491;20
0.944;-1.772;0.852;20
1.056;-2.588;1.03;20
0.401;-2.53;0.287;20
0.275;-2.439;-0.021;20
0.864;-1.815;-0.933;20
1.642;-0.646;-0.909;20
1.531;0.077;0.345;20
0.932;0.089;0.841;20
0.298;0.259;1.009;20
0.376;-0.018;0.093;20
0.153;-0.159;-0.008;20
-0.077;0.468;-0.406;20
-0.561;1.461;-0.426;20
-1.419;2.507;0.666;20
-2.073;3.233;-0.766;20
-2.564;3.655;-1.127;20
-4.024;5.308;-0.564;20
-2.834;1.886;-0.624;20
-0.783;-1.18;-1.43;20
-0.254;-0.344;-1.598;20
-2.691;4.943;-1.449;20
-4.088;6.288;-1.246;20
-1.208;2.011;-0.364;20
-1.284;2.306;-0.295;20
-1.214;2.043;-0.477;20
-0.62;1.658;-0.263;20
-0.396;0.864;-0.233;20
-0.367;0.306;0.059;20
-0.494;0.506;0.23;20
-0.686;0.703;0.692;20
-0.161;0.887;0.243;20
-0.233;0.947;-0.207;20
-0.095;0.6;-0.574;20
1.802;-1.729;-0.687;20
3.129;-3.686;1.545;20
2.893;-3.654;0.882;20
2.548;-3.478;0.078;20
2.5;-3.598;0.812;20
2.694;-3.935;1.386;20
2.489;-3.755;1.267;20
1.732;-3.12;1.282;20
1.239;-2.573;1.091;20
0.529;-1.699;0.504;20
0.034;-1.258;0.154;20
-0.111;-0.804;0.147;20
-0.078;-0.622;0.19;20
0.03;-0.735;-0.018;20
-0.054;-0.629;0.065;20
0.248;-0.863;0.371;20
0.907;-1.376;1.151;20
1.258;-1.275;0.064;20
1.576;-0.592;-2.121;20
2.035;-0.287;0.205;20
0.779;-0.695;2.245;20
0.333;-1.051;0.997;20
0.463;-1.017;-0.202;20
0.119;-0.05;-0.222;20
-0.588;1.467;-0.771;20
-1.366;2.62;-1.046;20
-2.003;3.234;-1.083;20
-2.678;3.721;-0.406;20
-2.88;4.496;-1.042;20
-3.379;4.501;0.24;20
-1.049;-0.079;-0.703;20
-0.461;0.059;-0.187;20
0.257;-1.299;-2.128;20
-4.151;6.957;-1.324;20
-3.66;4.875;-1.256;20
-1.852;2.189;-0.762;20
-1.716;2.567;-1.119;20
-1.275;2.129;-0.798;20
-0.729;1.313;-0.313;20
-0.24;0.196;-0.027;20
-0.059;-0.004;0.393;20
-0.219;0.664;0.86;20
-0.298;1.132;1.119;20
0.25;0.879;0.531;20
0.52;0.299;-0.783;20
1.214;-1.068;-1.248;20
1.94;-2.322;0.37;20
2.059;-2.553;0.79;20
2.65;-3.106;0.552;20
3.052;-3.828;0.919;20
3.121;-4.366;0.954;20
2.449;-4.531;1.152;20
1.842;-4.188;1.649;20
1.751;-3.182;2.605;20
1.327;-2.101;1.847;20
0.304;-1.302;-0.131;20
-1.301;0.043;-1.103;20
-1.365;0.116;-0.277;20
-0.179;-0.867;0.589;20
0.132;-1.03;0.564;20
0.343;-1.028;0.419;20
0.718;-1.376;0.319;20
1.181;-1.144;-0.745;20
2.059;-0.551;-1.933;20
2.86;-0.677;1.469;20
1.293;-1.301;2.342;20
-0.11;-0.901;-0.688;20
0.135;0.055;-0.293;20
0.141;0.612;0.175;20
0.039;0.874;-0.042;20
-0.906;1.382;-0.54;20
-1.445;2.39;-0.725;20
-2.286;3.835;-1.205;20
-3.174;5.185;-1.136;20
-3.872;4.485;-1.081;20
-2.368;1.54;-1.242;20
-0.96;-0.323;-1.372;20
-0.203;-0.571;-1.664;20
-4.192;7.016;-0.924;20
-3.281;4.676;-0.959;20
-0.92;1.932;-0.365;20
-1.113;2.321;-0.516;20
-1.346;2.099;-0.091;20
-0.888;1.335;-0.179;20
-0.998;0.818;0.038;19
-1.213;0.96;0.517;20
-0.662;0.536;0.556;20
0.052;0.213;0.457;20
0.577;0.188;-0.618;20
1.498;-0.69;-1.033;20
2.2;-1.958;0.309;20
2.202;-2.411;0.945;20
2.201;-2.567;0.555;20
2.96;-3.308;0.702;20
3.438;-4.288;1.339;21
3.413;-4.952;1.358;20
2.526;-4.858;1.511;19
1.478;-3.661;1.797;20
0.595;-1.854;1.736;20
0.329;-1.037;0.737;20
0.102;-0.849;-0.44;20
-0.337;-0.887;-0.676;20
-0.805;-0.645;-0.393;20
-0.304;-0.876;-0.274;20
-0.123;-0.868;-0.082;20
0.318;-0.723;0.24;20
1.273;-0.821;0.526;20
1.928;-0.883;0.316;20
1.882;-0.672;-0.741;20
1.694;-0.726;1.083;20
0.875;-1.121;1.391;20
0.792;-1.403;0.316;20
0.433;-0.538;0.577;20
-0.177;0.487;-0.835;20
-0.791;2.016;-0.942;20
-1.884;3.309;-0.595;20
-2.847;3.896;-1.56;20
-3.067;4.324;-1.363;20
-4.338;6.002;-0.332;20
-3.193;3.006;0.324;20
-0.355;-0.072;-0.059;20
0.429;-0.971;-1.414;20
-0.374;0.542;-2.76;20
-5.336;8.842;-0.832;20
-2.862;2.986;-0.997;20
-1.265;1.493;-0.408;20
-1.44;2.21;-0.52;20
-0.923;1.886;-1.024;20
-0.671;1.163;-0.844;20
-1.098;1.033;-0.005;20
-1.117;1.378;0.658;20
-0.018;1.046;0.94;20
0.694;0.519;0.466;20
0.907;0.137;-1.304;20
1.731;-1.82;-0.755;20
2.413;-3.042;1.098;20
2.756;-3.436;1.05;20
3.358;-4.099;0.639;20
3.501;-4.571;1.576;20
3.131;-4.398;1.381;20
2.148;-3.965;1.605;20
1.726;-3.555;2.122;20
1.256;-2.747;1.879;20
1.02;-2.302;0.991;20
0.299;-1.654;-0.466;20
-1.26;-0.138;-0.801;20
-1.266;0.021;-0.013;20
-0.434;-0.715;0.263;20
0.027;-0.918;0.222;20
0.655;-1.268;0.309;20
1.543;-1.367;0.571;20
2.494;-1.287;0.103;20
2.935;-1.056;-1.024;20
2.061;-0.987;0.356;20
-0.14;-0.865;0.998;20
0.242;-0.522;1.029;20
0.976;-0.125;0.396;20
0.484;0.883;-0.404;20
-0.952;2.64;-1.004;20
-2.017;3.736;-1.608;20
-2.597;4.445;-2.4;20
-3.14;4.613;-1.643;20
-4.507;5.016;-0.7;20
-3.979;3.025;-0.503;20
-1.302;0.855;-0.09;20
-0.361;0.142;-0.892;20
-0.603;1.01;-1.486;20
-3.846;6.512;-0.544;20
-2.454;2.954;-0.692;20
-1.178;1.587;-0.101;20
-1.17;2.147;0.171;20
-0.596;1.585;-0.132;20
-0.304;1.193;-0.716;20
-1.095;1.456;-0.825;20
-2.035;1.592;-0.529;20
-1.39;0.935;-0.211;20
0.117;0.3;-0.6;20
1.996;-1.432;-0.184;20
2.942;-2.694;0.922;20
3.305;-2.824;1.082;20
3.953;-3.44;0.819;20
4.433;-4.75;1.912;20
4.072;-5.452;1.654;20
3.072;-5.321;1.663;20
1.712;-3.7;1.908;20
1.03;-1.984;0.719;20
0.334;-1.253;-0.167;20
-0.313;-1.007;-0.294;20
-0.469;-0.753;-0.192;20
-0.187;-0.519;0.374;20
0.046;-0.553;0.384;20
0.324;-1.034;0.533;20
0.548;-1.66;0.892;20
0.696;-1.565;0.264;20
1.361;-0.876;-1.545;20
2.607;-0.967;0.402;20
2.176;-1.562;2.986;20
0.473;-1.348;0.758;20
0.361;-0.661;-0.503;20
0.37;0.098;0.508;20
-0.089;0.438;-0.805;20
-0.895;1.752;-1.796;20
-2.071;3.394;-0.532;20
-2.885;4.428;-1.223;20
-3.308;4.751;-1.266;20
-3.717;4.944;-1.051;20
-3.669;3.29;-0.907;20
-1.771;0.33;-1.028;20
-0.943;-0.183;-1.498;20
-2.853;4.196;-1.978;20
-3.797;5.879;-1.457;20
-1.776;2.581;-1.115;20
-0.991;1.594;-0.423;20
-0.928;1.449;-0.027;20
-0.741;0.983;0.188;20
-0.744;0.883;0.598;20
-0.952;1.12;0.402;20
-0.471;0.775;0.446;20
0.373;0.534;0.003;20
1.539;-0.472;-0.656;20
1.958;-1.875;-0.168;20
2.142;-2.199;0.257;20
2.279;-2.369;0.551;19
3.31;-3.602;1.041;20
4.186;-4.935;1.724;20
4.022;-5.342;1.075;20
2.734;-4.974;1.713;20
1.27;-3.733;2.357;20
0.85;-2.452;2.0;20
0.526;-1.484;1.147;20
-0.49;-0.394;-0.118;20
-1.044;0.251;-0.395;20
-0.425;-0.235;0.066;20
-0.162;-0.632;0.049;20
0.077;-1.168;0.182;20
0.783;-1.868;1.045;20
1.369;-1.774;-0.805;20
3.039;-1.256;-0.739;20
3.017;-1.296;2.52;20
1.241;-1.555;1.238;20
1.22;-1.263;-0.554;20
0.436;0.47;-0.072;20
-0.128;1.482;-0.659;20
-0.857;2.166;-1.749;20
-2.345;2.857;-1.266;20
-3.74;4.636;-1.232;20
-4.14;5.154;-0.876;20
-4.293;4.041;-0.84;20
-2.818;1.725;-1.03;20
-2.034;1.192;-1.172;20
-1.374;1.636;-1.92;20
-2.775;4.76;-1.594;20
-2.662;4.54;-1.316;20
-2.161;2.674;-0.835;20
-1.595;1.669;-0.452;20
-1.343;1.632;-0.07;20
-1.019;1.21;0.072;20
-0.975;1.018;0.146;20
-1.358;1.36;0.14;20
-0.686;1.084;0.35;20
0.389;0.896;-0.3;20
1.544;-0.409;-0.449;20
2.491;-1.804;0.134;20
2.852;-2.766;1.073;20
3.863;-4.098;1.117;20
4.802;-5.76;1.88;20
4.577;-6.119;1.654;20
3.265;-5.626;2.169;20
1.472;-3.852;2.336;20
0.571;-2.08;1.822;20
0.278;-1.366;0.562;20
-0.609;-0.783;-0.722;20
-1.434;0.086;-0.255;20
-0.178;-0.644;0.69;20
0.654;-1.211;1.091;20
0.282;-1.316;0.803;20
-0.277;-1.18;-0.633;20
-0.064;-0.336;-3.025;20
2.947;-0.399;-0.601;20
4.325;-1.625;4.611;20
2.344;-2.564;2.043;20
1.368;-1.945;-1.34;20
0.429;0.171;-0.197;20
-0.341;1.234;-0.19;20
-0.889;1.909;-1.066;20
-1.837;2.515;-0.524;20
-2.887;3.501;-1.146;20
-2.904;4.16;-0.686;20
-3.385;5.07;0.604;20
-3.353;3.593;-2.825;20
-2.36;0.526;-3.263;20
-2.939;1.876;-2.434;20
-4.572;5.494;-2.814;20
-3.609;4.753;-2.369;20
-2.249;3.603;-1.129;20
-1.132;2.059;-0.32;20
-0.525;1.161;0.52;20
-0.429;0.756;1.11;20
-0.421;0.661;1.036;20
-0.034;0.689;0.755;20
0.309;0.642;0.626;20
0.511;0.422;-0.762;20
0.678;-0.731;-0.224;20
1.731;-1.691;0.442;20
2.918;-2.878;0.859;20
3.454;-3.771;1.028;20
3.984;-4.845;1.108;20
4.071;-5.37;0.777;20
3.929;-5.242;1.042;20
2.633;-3.886;2.585;20
1.552;-2.197;2.85;20
1.211;-1.712;1.567;20
0.178;-1.614;0.179;20
-1.499;-0.534;-0.025;20
-1.129;-0.194;0.55;20
-0.028;-0.569;0.704;20
0.049;-1.03;0.621;20
-0.153;-1.043;-1.717;20
0.786;-0.661;-3.622;20
2.82;-0.995;0.907;20
3.038;-2.653;3.675;20
2.105;-2.976;1.098;20
1.077;-1.445;0.056;20
0.221;0.285;-0.263;20
-0.604;1.835;-0.291;20
-1.298;2.298;-0.958;20
-1.891;2.465;-1.599;20
-2.665;3.87;-1.661;20
-3.528;5.132;-0.353;20
-4.152;4.595;-1.313;20
-3.607;2.57;-1.863;20
-2.716;1.957;-1.55;20
-1.936;1.49;-1.16;20
-1.74;1.891;-1.708;20
-3.396;4.987;-1.213;20
-2.233;3.704;-0.57;20
-0.69;1.865;0.32;20
-0.444;1.467;0.389;20
-0.372;1.122;0.428;20
-0.302;1.124;0.26;20
-0.365;0.699;-0.05;20
-0.402;0.465;0.248;20
-0.29;0.498;0.044;20
0.309;0.183;-0.738;20
1.225;-0.921;-0.418;20
2.09;-1.695;0.166;20
2.443;-2.155;0.371;20
2.932;-3.151;0.455;20
3.937;-4.815;1.192;19
4.438;-5.7;1.252;20
4.082;-5.605;1.875;21
2.572;-4.188;2.095;20
0.989;-2.67;1.316;20
0.23;-1.967;1.186;20
-0.359;-1.449;1.402;20
-0.918;-0.929;2.012;20
-0.479;-0.625;1.414;19
-0.403;-0.427;1.096;20
-0.899;-0.181;-1.544;20
-0.104;0.711;-5.637;20
2.542;0.653;-1.958;20
4.168;-1.375;4.957;20
3.658;-3.051;2.629;20
2.158;-2.103;-0.365;20
0.291;0.096;0.178;21
-0.537;1.337;-0.32;20
-1.443;1.906;-1.383;19
-2.523;2.468;-1.534;20
-3.058;2.984;-1.251;20
-3.843;4.734;-1.219;20
-3.53;4.071;-0.693;20
-2.857;2.984;-0.279;20
-2.332;1.496;-1.129;20
-2.162;2.114;-1.346;20
-2.267;2.788;-1.825;20
-2.18;3.227;-1.675;20
-2.939;3.914;-1.221;20
-2.285;2.362;-0.676;20
-1.286;1.65;-0.005;20
-0.498;1.163;0.387;20
0.053;0.825;0.277;20
-0.184;0.783;-0.075;20
-0.148;0.849;-0.234;20
0.167;0.846;-0.04;20
0.282;0.483;-0.295;20
0.715;-0.635;0.034;20
1.515;-1.727;0.211;20
2.019;-2.579;0.117;20
2.931;-3.798;0.383;20
4.274;-5.39;2.08;20
4.824;-5.953;1.736;20
4.255;-5.968;2.593;20
2.717;-4.026;3.559;20
1.098;-1.504;2.241;20
0.119;-0.629;-0.097;20
-1.084;-0.314;-1.448;20
-1.84;-0.026;-0.867;20
-1.085;-0.696;0.357;20
-0.306;-1.144;0.515;20
0.224;-1.223;0.908;20
1.288;-1.989;1.787;20
1.614;-1.872;-0.521;20
2.089;-0.678;-2.957;20
2.718;-0.144;1.572;20
1.573;-0.798;2.685;20
1.121;-1.139;0.207;20
0.901;-0.544;-0.921;20
-0.329;0.803;-1.034;20
-1.066;2.031;-0.295;20
-1.91;2.451;-0.625;20
-2.917;3.362;-1.867;20
-3.874;5.082;-0.85;20
-3.896;4.065;-1.476;20
-3.388;2.615;-0.934;20
-2.325;1.653;-1.188;20
-2.683;3.176;-1.949;20
-2.542;3.388;-1.868;20
-2.346;3.625;-1.347;20
-2.348;3.247;-1.234;20
-1.704;2.101;-0.293;20
-1.169;1.57;0.33;20
-0.722;0.839;0.28;20
-0.829;0.939;0.219;20
-0.821;1.231;0.32;20
-0.211;1.041;0.726;20
0.803;0.464;-0.197;20
1.626;-0.597;-0.494;20
2.205;-1.656;0.259;20
2.375;-2.327;0.565;20
2.471;-2.678;0.332;20
3.296;-3.661;0.756;20
3.643;-4.659;1.329;20
3.555;-5.258;1.338;20
3.21;-5.144;2.313;20
2.719;-3.871;2.747;20
1.468;-2.167;1.914;20
0.008;-0.831;0.252;20
-0.74;-0.202;-0.669;20
-0.692;-0.066;-0.524;20
-0.446;-0.572;-0.226;20
-0.265;-1.058;0.151;20
0.377;-1.345;0.805;20
1.208;-1.585;0.866;20
2.072;-1.116;-1.089;20
3.482;-0.77;-0.117;20
3.267;-1.059;2.513;20
0.923;-1.455;0.757;20
0.507;-1.569;-0.465;20
-0.077;-0.17;-0.246;20
-1.023;1.358;-1.172;20
-1.759;2.811;-1.119;20
-2.711;3.301;-1.311;20
-3.696;4.383;-1.562;20
-3.93;4.104;-1.49;20
-3.184;2.946;-0.424;20
-3.111;2.623;0.087;20
-2.261;2.165;-0.951;20
-1.845;2.532;-2.184;20
-2.603;3.814;-2.002;20
-2.888;3.676;-1.244;20
-2.383;2.757;-0.703;20
-1.61;1.737;-0.665;20
-1.13;1.436;-0.473;20
-1.207;1.247;0.269;20
-0.868;1.176;0.313;20
-0.217;0.94;0.176;20
0.6;0.242;0.301;20
1.322;-0.538;-0.151;20
1.899;-1.743;0.215;20
2.199;-2.144;0.864;20
2.035;-1.975;0.995;20
2.262;-2.327;0.438;20
3.101;-3.655;0.832;20
3.981;-4.805;1.083;20
3.997;-5.219;1.417;20
3.287;-4.577;2.17;20
2.111;-2.938;2.02;20
0.96;-1.85;1.054;20
0.062;-1.363;-0.178;20
-1.142;-0.401;-0.067;20
-0.963;-0.165;0.775;20
-0.343;-0.478;0.37;20
-0.214;-0.583;-0.216;20
0.374;-0.958;0.033;20
1.664;-1.527;0.69;20
2.584;-1.572;-0.2;20
3.022;-1.365;-0.372;20
2.259;-1.261;1.232;19
0.465;-1.034;1.298;20
0.473;-0.529;-0.096;20
-0.042;0.924;-0.97;20
-1.005;1.677;-1.203;20
-1.549;2.277;-1.141;20
-2.171;2.944;-1.18;20
-3.458;4.542;-0.885;21
-4.287;4.321;-0.643;20
-3.156;2.002;-1.461;19
-2.967;2.276;-1.058;20
-2.862;3.172;-0.892;20
-2.192;2.971;-1.29;20
-2.353;3.385;-1.351;20
-2.538;3.847;-0.858;20
-1.842;2.304;-0.328;20
-1.369;1.52;-0.14;20
-1.113;1.13;-0.205;20
-1.039;0.864;-0.002;20
-1.096;1.129;0.181;20
-0.933;1.258;0.258;20
-0.165;0.791;0.156;20
0.761;0.046;-0.481;20
1.321;-0.686;-0.795;20
1.553;-1.409;0.1;20
2.027;-2.161;0.588;20
2.963;-3.225;0.516;20
4.917;-5.248;1.243;20
6.077;-6.442;1.828;20
5.172;-5.715;2.555;20
2.971;-3.316;2.646;20
0.83;-1.272;1.61;20
-0.412;-0.763;0.49;20
-0.726;-1.11;0.027;20
-0.552;-1.063;-0.398;20
-0.426;-0.526;-0.845;20
0.12;-0.426;-0.625;20
0.451;-0.743;0.034;20
0.809;-0.904;0.811;20
1.444;-0.91;0.07;20
2.742;-0.94;-0.059;20
3.927;-1.788;1.809;20
2.32;-2.267;1.356;20
-0.373;-1.216;-1.84;20
-0.389;-0.099;-0.906;20
-0.109;0.667;1.04;20
-0.986;1.172;-0.945;20
-1.825;2.719;-1.432;20
-2.74;3.689;-0.808;20
-3.46;4.583;-0.984;20
-4.086;4.556;0.194;20
-2.716;1.869;-0.806;20
-2.934;1.691;-1.221;20
-3.27;3.339;-0.849;20
-2.546;3.52;-1.294;20
-2.356;3.257;-1.822;20
-2.545;3.519;-1.379;20
-2.09;2.814;-1.282;20
-1.782;2.004;-1.132;20
-1.552;1.571;-0.564;20
-1.06;1.088;0.28;20
-0.657;0.662;0.703;20
-0.11;0.344;0.436;20
0.51;0.04;0.406;20
1.08;-0.558;0.693;20
1.856;-1.244;1.115;20
2.653;-1.943;0.88;20
2.953;-2.615;0.37;20
3.352;-3.831;0.208;20
3.45;-5.062;0.838;20
3.879;-5.567;1.131;20
3.648;-4.752;1.626;20
2.419;-3.272;1.942;20
0.896;-1.767;1.595;20
0.199;-1.187;0.437;20
0.116;-1.095;-0.272;20
0.068;-0.754;0.25;20
0.173;-0.478;1.042;20
0.373;-0.601;1.43;20
0.806;-1.17;0.648;20
0.937;-1.704;-0.634;20
0.897;-1.047;-3.134;20
2.135;-0.429;-2.48;20
3.334;-1.171;2.983;20
1.196;-1.965;2.342;20
0.335;-0.911;-0.554;20
0.657;0.464;-0.809;20
-0.143;1.416;-0.166;20
-1.274;1.729;-0.47;20
-1.782;2.285;-1.432;20
-2.337;2.899;-1.263;20
-3.244;4.371;-0.475;20
-4.609;4.335;0.249;20
-3.064;1.077;-0.801;20
-2.083;1.09;-1.586;20
-3.912;4.646;-1.783;20
-3.624;4.729;-1.503;20
-2.539;3.976;-1.366;20
-2.083;2.886;-1.578;20
-1.874;2.03;-0.601;20
-1.573;1.566;0.687;20
-0.6;0.968;0.478;20
-0.129;0.356;-0.595;20
-1.153;0.587;1.024;20
-0.845;0.74;1.086;20
0.275;-0.122;1.115;20
0.871;-0.304;1.411;20
1.43;-0.668;0.082;20
2.055;-1.729;-1.519;20
1.821;-2.42;-1.451;20
1.35;-2.405;-0.9;20
2.368;-2.983;-0.101;20
4.063;-3.961;1.351;20
5.655;-4.477;2.194;20
5.342;-4.01;1.908;20
2.277;-2.673;2.062;20
-0.526;-1.638;0.892;20
-1.767;-0.177;0.926;20
-0.89;-0.431;3.412;20
3.887;-3.654;4.991;20
5.605;-5.608;2.304;20
1.649;-3.874;-1.573;20
-1.531;-0.801;-4.025;20
-1.926;0.268;-3.823;20
-1.104;0.623;-2.244;20
-0.31;1.015;-0.95;20
-0.509;1.595;0.86;20
1.416;1.485;3.441;20
3.426;-1.737;2.159;20
1.904;-3.154;-3.045;20
-1.015;0.498;-1.858;20
-2.616;4.408;0.288;20
-3.04;3.4;-0.108;19
-3.618;3.548;1.844;20
-3.698;4.831;2.988;20
-1.815;1.431;-0.719;20
-0.353;0.285;-1.912;20
-4.34;5.192;-2.846;20
-5.308;4.651;-2.079;20
-2.323;1.286;-2.313;20
-2.457;1.75;-3.328;20
-3.665;3.587;-2.389;20
-2.164;4.032;-0.419;20
0.231;1.641;0.196;20
0.585;-0.314;-0.269;20
-0.518;0.185;-0.337;20
-1.027;1.145;0.873;20
0.108;0.808;1.674;20
1.589;-0.257;1.01;20
2.273;-1.173;0.679;20
2.339;-1.957;0.499;20
2.346;-2.395;0.425;20
2.245;-2.591;0.219;20
2.506;-2.955;-0.102;20
2.775;-3.481;-0.301;20
2.84;-3.907;-0.023;20
2.767;-3.986;1.33;20
2.825;-3.801;2.525;20
2.87;-3.311;2.34;20
1.822;-2.484;1.597;20
0.042;-0.864;0.143;20
-1.078;0.379;-0.784;20
-0.729;0.231;-0.218;20
-0.214;-0.05;0.617;20
0.512;-0.541;0.937;20
1.185;-1.148;0.962;20
1.168;-1.111;-0.474;20
1.301;-0.472;-2.882;20
2.529;-0.166;0.04;20
2.224;-0.822;3.313;20
1.219;-1.33;1.623;20
0.879;-1.023;-0.89;20
0.224;0.247;-0.379;20
-0.446;1.162;-0.013;20
-1.453;1.932;-0.734;20
-2.39;2.793;-1.603;20
-2.96;3.659;-1.703;20
-3.905;4.468;-0.599;20
-4.203;3.154;-0.132;20
-2.588;1.002;-1.35;20
-2.726;2.01;-1.62;20
-4.536;4.76;-0.742;20
-3.179;2.907;-1.138;20
-2.43;2.478;-1.14;20
-2.618;2.961;-0.531;20
-1.899;2.363;-0.245;20
-1.071;1.887;-0.017;20
-0.464;1.282;0.16;20
-0.592;1.042;0.204;20
-0.653;0.951;0.072;20
-0.004;0.409;0.097;20
0.696;-0.202;0.292;20
1.157;-0.501;-0.053;20
1.516;-0.584;0.0;20
1.933;-1.246;0.214;20
2.238;-2.156;0.225;20
3.118;-3.31;0.714;20
4.259;-4.593;0.989;20
4.683;-5.365;1.067;20
3.969;-4.93;1.478;20
2.554;-3.451;1.554;20
1.404;-2.007;1.444;20
0.727;-1.418;1.069;20
0.214;-1.319;0.358;20
-0.447;-0.857;-0.032;20
-0.564;-0.524;-0.061;20
0.117;-1.14;-0.096;20
-0.017;-1.416;0.141;20
-0.293;-1.35;-0.116;20
0.246;-1.003;-1.715;20
2.211;-0.718;-1.095;20
3.79;-1.053;2.692;20
2.344;-1.377;2.183;20
1.025;-1.054;-0.578;20
0.813;-0.489;-0.542;20
0.022;0.57;1.139;20
-0.458;1.095;-0.233;20
-0.96;1.615;-1.604;20
-1.747;2.098;-0.963;20
-2.832;3.001;-1.188;20
-4.053;4.667;-1.339;20
-4.635;4.495;-0.457;20
-3.163;1.756;-0.678;20
-2.351;0.983;-1.13;20
-2.918;2.953;-0.663;20
-3.421;4.57;-0.687;20
-2.029;3.142;-0.795;20
-1.595;2.651;-0.548;20
-1.919;2.44;-0.592;20
-1.399;1.885;-0.615;20
-1.106;1.445;-0.217;20
-0.95;1.065;-0.04;20
-0.963;0.767;0.164;20
-0.588;0.464;0.171;20
0.116;0.316;0.182;20
1.129;-0.655;0.002;20
2.029;-1.917;0.028;20
2.335;-2.09;0.389;20
2.112;-1.616;0.626;20
2.229;-1.799;0.839;20
3.127;-2.971;0.805;20
3.588;-4.144;0.468;20
3.686;-4.935;0.859;20
2.802;-4.586;1.549;20
2.227;-3.603;1.547;20
1.601;-2.298;1.433;20
0.82;-1.411;0.3;20
-0.436;-0.494;-0.835;20
-0.878;-0.048;-0.333;20
-0.247;-0.565;0.447;20
0.331;-0.954;0.347;20
0.815;-1.402;0.545;20
1.301;-1.784;0.85;20
1.341;-1.392;-0.915;20
1.862;-0.565;-2.025;20
2.316;-0.523;1.141;20
1.38;-1.075;1.825;20
0.461;-0.534;-0.112;20
0.803;0.159;-0.29;20
0.546;0.602;0.439;20
-0.114;1.025;0.401;20
-0.71;1.47;-1.136;20
-1.652;2.134;-1.491;19
-2.938;3.416;-0.949;20
-3.927;4.426;-0.473;20
-4.256;3.542;-0.527;20
-3.63;2.127;-1.295;20
-3.043;2.059;-1.209;20
-3.288;3.422;-0.894;20
-2.847;3.662;-0.966;20
-2.146;3.328;-0.798;20
-2.389;2.637;-0.647;20
-2.268;2.201;-0.703;20
-2.059;2.095;-0.383;20
-1.323;1.61;-0.015;20
-0.75;1.084;0.534;20
-0.322;0.659;0.374;20
0.074;0.492;0.548;20
0.793;0.233;0.317;20
1.164;-0.533;-0.277;20
1.127;-1.049;-0.105;20
1.239;-1.616;0.345;20
1.585;-2.285;0.774;20
2.616;-2.968;0.698;20
3.594;-3.907;0.829;20
4.147;-4.898;0.735;20
3.866;-5.275;1.548;20
3.205;-4.258;2.057;20
2.43;-2.633;3.091;20
2.545;-2.288;5.095;20
1.204;-1.343;1.076;20
-2.061;0.157;-5.361;20
-2.825;0.339;-4.048;20
-0.641;0.338;-1.369;20
1.574;0.755;-0.999;20
-0.642;0.918;-2.132;20
-0.713;-1.154;-0.647;20
1.524;-1.769;1.933;20
1.466;-0.933;-0.569;20
0.884;-0.078;-2.597;20
0.377;-0.392;-1.27;20
0.273;-1.335;-0.069;20
0.791;-2.079;0.372;20
0.602;-1.712;-0.319;20
-0.46;-0.495;-0.923;20
-0.444;1.263;-0.514;20
-1.327;1.669;-0.305;20
-0.866;1.082;-0.669;20
-0.476;-0.064;-0.011;20
-0.361;-1.205;-0.409;20
0.172;-1.382;-0.23;20
0.269;-0.847;-0.315;20
0.302;-0.995;-2.148;20
0.136;-0.788;0.877;20
0.539;-2.121;1.953;20
0.545;-1.35;-2.46;20
-0.938;1.009;0.889;20
0.893;0.254;0.195;20
0.055;0.701;-1.141;20
-0.941;1.172;-1.344;20
-0.433;0.509;-0.582;20
-0.73;0.898;-0.944;20
-0.929;0.537;-0.593;20
0.263;-0.583;-0.435;20
0.366;-1.06;0.306;20
0.92;-1.292;0.399;20
0.162;-0.846;-0.408;20
0.764;-0.787;1.053;20
1.158;-0.773;0.609;20
0.16;1.496;0.246;20
-0.661;0.443;-1.377;20
0.514;-2.134;0.433;20
1.689;-0.849;1.109;20
0.132;0.878;-0.904;20
-1.133;1.456;-0.876;20
-1.058;0.977;-0.319;20
-0.327;0.15;-1.386;20
0.097;-1.121;-1.47;20
0.104;-1.651;-0.102;20
0.68;0.042;0.478;20
1.52;-0.007;0.581;20
1.525;-0.787;-0.116;20
1.383;-1.057;-0.529;20
0.769;1.747;0.288;20
0.843;2.258;-0.328;20
-0.862;1.793;-1.46;20
-0.793;0.152;0.113;20
-0.431;-1.728;1.022;20
-1.188;-2.684;-0.366;20
-2.688;-0.348;-0.494;20
0.154;4.347;-3.603;20
0.867;5.969;1.543;20
-1.206;-1.298;1.319;20
0.14;-8.664;-4.702;20
0.361;-5.122;2.63;20
0.077;0.009;3.115;20
0.401;0.627;-1.011;20
0.887;0.51;0.029;20
1.374;-0.15;0.203;20
0.745;-0.133;-0.735;20
0.086;-0.3;-3.77;20
-0.197;-1.581;-2.199;20
0.891;-0.729;0.67;20
0.991;1.085;0.294;20
0.103;0.073;0.476;20
-1.65;-0.864;-2.666;20
-2.757;0.95;-1.098;20
-0.768;0.78;0.555;20
-0.135;0.768;0.473;20
0.065;-0.888;1.308;20
0.841;-2.278;-0.374;20
0.721;-0.194;1.079;20
1.748;1.558;0.438;20
1.0;2.383;-1.7;20
0.143;1.481;-1.45;20
-0.532;1.837;0.375;20
0.883;0.653;2.468;20
1.607;-0.099;1.747;20
1.132;-0.165;0.44;20
0.65;-1.01;-1.14;20
0.805;-2.078;-1.013;20
-0.168;-0.497;-0.409;20
-0.629;0.567;-0.205;20
0.181;0.176;-0.223;20
0.865;-1.388;-0.748;20
0.177;-1.905;-1.577;20
-0.51;-1.721;-2.072;20
0.515;-2.801;-1.035;20
1.03;-3.437;-0.515;20
1.281;-2.067;-1.005;20
2.832;-1.768;-0.376;20
4.01;-1.302;-1.244;19
3.946;-0.885;-1.643;20
0.912;-0.107;-0.164;20
-1.588;1.013;3.31;20
-1.009;1.968;1.983;20
-3.409;4.089;0.269;20
-9.583;5.978;2.34;20
-8.026;6.834;0.37;20
-2.359;4.499;-3.251;20
2.041;0.707;-2.741;20
2.331;0.065;-0.134;20
0.095;2.747;0.545;20
-0.94;4.119;0.316;20
0.268;3.033;0.301;20
0.678;0.205;-0.623;20
-2.657;-2.465;1.36;20
-1.88;-2.751;-0.912;20
5.499;-1.779;0.519;20
2.716;-4.958;-1.632;20
0.077;-7.34;-4.508;20
0.931;-7.16;-3.829;20
0.886;-4.159;3.76;20
-0.545;-2.171;8.679;20
-0.445;-4.746;2.777;20
2.257;-1.859;-0.79;20
-2.629;-0.123;-3.765;20
-6.624;0.751;-3.094;20
-4.606;1.935;1.529;20
-1.181;3.399;1.68;20
1.006;5.038;1.38;20
0.213;6.266;4.215;20
0.349;6.59;4.404;20
-0.976;3.027;2.075;20
-0.919;1.189;0.509;20
-0.105;2.648;1.519;20
-0.317;0.712;0.638;20
1.411;0.995;1.264;20
-0.846;6.561;1.133;20
-4.302;5.269;-1.92;20
-5.297;1.631;-6.895;20
-4.444;-4.24;-4.772;20
1.094;-9.32;0.658;20
3.05;-12.31;3.956;20
3.84;-9.097;-9.152;20
3.344;-12.892;-8.558;20
-6.398;-4.807;8.833;20
-3.143;-1.573;9.368;20
-0.263;-2.673;-0.153;20
2.076;-6.465;-7.151;20
1.778;-2.923;1.836;20
-3.558;0.331;6.024;20
-2.801;0.556;-3.018;20
0.369;-0.566;-3.695;20
1.3;-0.287;-1.639;20
-0.653;2.595;-0.212;20
2.93;0.85;-2.877;20
4.965;-0.976;-1.895;20
-2.08;3.717;6.005;20
-3.196;6.668;5.689;20
-4.053;7.84;3.978;20
-5.539;8.789;5.602;20
-1.249;2.945;2.668;20
4.436;-0.362;5.049;20
4.162;-0.264;8.636;20
2.101;1.907;7.63;20
-0.46;2.165;2.195;20
-2.143;5.003;-2.372;20
-1.853;7.148;-4.383;20
1.537;4.364;-12.577;20
-1.1;6.648;-5.824;20
3.666;6.205;-10.207;20
6.693;1.68;-8.037;20
-0.258;1.182;9.099;20
-7.491;4.033;25.954;20
-3.605;1.89;8.321;20
1.002;-0.834;-0.623;20
-0.022;1.642;-3.583;20
-2.473;3.608;-3.93;20
-3.536;3.163;-0.637;65
-4.382;3.197;-2.19;20
-2.975;1.769;-1.56;20
-2.366;0.818;-0.531;20
-3.271;0.075;0.522;20
-3.201;1.269;0.999;20
-2.527;1.41;0.9;20
-2.977;0.864;3.809;20
-3.529;0.038;4.177;20
-2.973;0.765;2.426;20
-2.789;1.412;2.029;20
-1.949;1.257;1.07;20
-1.298;0.595;0.655;20
-1.0;-0.001;0.891;19
-0.862;0.299;1.775;20
-0.465;1.58;0.01;20
0.614;1.729;-1.118;20
0.485;0.691;-0.695;20
0.19;0.711;-0.37;20
0.069;1.46;-0.416;20
0.265;1.57;-0.571;20
0.097;1.137;-0.407;20
0.114;1.28;-0.398;20
0.124;1.537;-0.829;20
0.142;1.753;-1.404;20
0.15;1.473;-1.16;20
0.349;0.502;0.007;20
0.509;-0.16;0.819;20
0.188;0.054;0.784;20
0.091;0.203;0.535;20
0.124;0.137;1.127;20
-0.223;0.428;1.687;20
0.15;0.281;1.158;20
0.262;-0.425;1.118;20
0.86;-0.497;0.795;20
0.877;-0.259;-0.432;20
1.868;0.562;-1.508;20
2.11;1.05;-1.481;20
1.15;0.993;-0.563;20
0.777;1.021;-0.107;20
0.934;1.232;-0.39;20
0.791;1.434;-0.315;20
0.041;1.54;0.595;20
-0.793;1.425;1.152;20
-0.533;0.945;0.875;19
-0.038;0.306;0.124;20
-0.019;0.159;0.695;20
-0.421;0.329;1.177;20
-0.557;0.124;0.679;20
-0.253;-0.393;-0.365;20
-0.303;-0.643;-0.802;20
-0.673;-0.222;-0.947;20
-1.124;0.301;-1.189;20
-1.546;0.752;-1.268;20
-1.706;0.854;-1.521;20
-1.665;0.919;-1.788;20
-1.337;0.928;-1.951;20
-1.419;0.997;-1.563;20
-2.67;1.383;0.176;20
-3.721;2.667;3.493;20
-0.67;1.23;1.858;20
1.001;-0.274;-0.866;20
0.943;-0.532;-1.653;20
-0.129;0.329;-1.989;20
-0.553;1.588;-2.247;20
-0.751;1.978;-1.92;20
-0.593;1.582;-0.889;20
0.161;0.896;-0.589;20
0.236;0.695;-0.803;20
0.159;0.686;-0.737;20
0.211;0.666;-0.444;20
0.343;0.391;0.001;20
0.347;0.187;0.057;20
0.124;0.12;0.128;20
-0.017;0.114;0.46;20
0.177;0.151;0.423;19
0.123;0.39;-0.043;20
-1.009;1.242;-1.937;20
-0.799;0.964;0.831;20
-0.075;-0.13;1.497;20
0.685;-0.415;1.284;20
0.774;-0.314;0.017;20
0.526;-0.092;-0.309;20
0.384;0.132;-0.66;20
0.28;0.343;-0.539;20
0.07;0.408;0.063;20
0.384;0.134;-0.332;20
0.67;-0.093;-0.588;20
0.617;-0.032;-0.166;20
0.584;-0.027;0.062;20
0.554;-0.143;0.006;20
0.425;-0.157;0.242;20
0.152;-0.039;0.506;20
0.101;-0.064;0.573;20
0.007;-0.124;0.596;20
-0.063;-0.268;0.606;20
0.048;-0.407;0.738;20
0.09;-0.308;0.391;20
0.013;-0.129;-0.013;20
-0.122;-0.013;-0.154;20
-0.094;-0.207;0.02;20
0.056;-0.332;0.231;20
0.203;-0.323;0.327;20
0.2;-0.183;0.003;20
0.069;0.019;-0.235;20
-0.097;0.109;-0.116;19
-0.209;0.139;-0.005;20
-0.135;0.158;-0.136;20
-0.011;0.133;-0.177;20
0.104;0.041;-0.104;20
0.19;-0.139;-0.136;20
0.158;-0.083;-0.106;20
0.174;0.022;0.036;20
0.253;-0.083;0.003;20
0.258;-0.045;0.022;20
0.234;-0.051;-1.159;20
0.214;-0.121;0.965;20
0.049;-0.209;1.475;20
0.151;-0.231;0.962;20
0.639;-0.153;-0.815;20

# Completed @Wed Jan 06 21:25:18 GMT+02:00 2021
