# Accelerometer Data File
# Started @Sun Jan 24 20:45:33 GMT+02:00 2021
#
#
# sensor Vendor: BOSCH
# sensor Name: BMI160 Accelerometer Non-wakeup
# sensor Resolution: 0.0023928226m/sec^2; Max Range: 78.4532; Min Delay: 2500 microseconds
# The sensor's attributes are the result hardware and the Android capabilities.
# It means that the Android may not utilize all features provided by the hardware.
#
# Some devices and Android versions save battery too much so the device may go to sleep.
# It just happens after couple of minutes from turning off the scree and it is easy to find it out.
#
# The following file provides the data from accelerometer in the m/s^2 format.
# The diff value is just a time delta between the samples
#
#
# data format:
# so we have 4 columns with values separated by the " "
# X Y Z time_from_previous_sample(ms)

# sensor speed set to:NORMAL
# units set to: m/sec^2
# gravity  filtered out
# Accuracy: HIGH
-0.441 4.293 9.202 0
-0.336 3.935 7.87 20
-0.164 3.526 6.264 20
-0.428 3.238 5.29 20
-0.633 2.774 5.276 20
-0.436 2.087 5.454 20
-0.554 1.191 5.758 20
-0.885 0.604 5.865 21
-0.811 0.153 4.431 20
-0.366 -0.663 4.264 20
-0.04 -1.815 4.189 20
0.711 -2.55 2.263 20
1.116 -2.271 0.761 20
0.821 -1.041 0.117 21
-0.308 0.411 0.994 20
-0.896 1.306 1.627 20
-0.655 1.281 2.055 20
-0.292 1.282 1.544 20
0.405 1.382 0.025 21
0.793 1.16 -0.369 20
0.925 0.809 -0.621 20
1.024 0.521 -1.083 20
0.842 0.232 -1.358 20
0.159 1.209 -1.031 20
-0.285 2.108 1.391 21
0.126 1.44 2.095 20
0.366 1.121 0.98 20
0.463 0.934 0.595 20
0.591 0.81 1.079 20
1.06 1.24 1.917 20
1.609 1.444 2.006 21
2.242 0.266 0.331 20
1.487 0.046 -0.814 20
-0.079 1.749 -0.2 20
-0.39 2.216 0.17 20
1.804 -0.076 1.061 20
1.72 -0.381 2.572 21
1.988 -0.106 1.174 20
1.533 -0.621 -0.751 20
0.342 -1.062 -0.993 20
-0.144 -0.975 0.912 20
0.094 -1.408 1.951 20
0.761 -1.161 0.563 21
0.618 -0.653 -1.042 20
-0.016 -0.275 -0.647 20
-0.351 0.036 -0.416 20
-0.337 -0.13 -0.782 20
-0.709 -0.453 -0.715 20
-1.353 0.039 -0.822 21
-1.166 0.225 -1.406 20
-0.722 0.461 -1.108 20
-0.091 0.159 -0.031 20
0.13 0.274 -0.386 20
-0.442 0.831 -1.212 21
-0.342 0.875 -0.48 20
-0.112 0.762 0.563 20
0.009 0.603 1.084 20
-0.246 0.556 1.316 20
-0.381 0.602 1.148 20
-0.39 0.585 1.408 21
-0.122 0.179 1.643 20
-0.024 0.127 0.995 20
-0.086 -0.127 0.139 20
-0.384 -0.388 0.737 20
-0.024 -0.733 2.24 20
1.131 -1.188 3.432 21
1.764 -1.146 1.657 20
0.811 -0.823 -0.842 20
-0.34 -0.596 -1.163 20
-0.526 -0.342 -2.287 20
0.668 -1.451 -4.171 20
-0.428 -1.709 -3.491 21
-2.475 0.136 -0.699 20
-0.356 -0.353 -0.015 20
2.423 -1.145 -0.897 20
3.451 -1.05 -2.931 20
3.875 -0.447 -4.962 20
4.456 -0.232 -5.787 21
4.644 -0.377 -4.234 20
4.287 -0.807 -2.819 20
3.662 -0.621 -2.955 20
2.761 -0.05 -2.161 20
1.205 0.7 -1.572 21
-0.124 1.195 1.699 20
-0.634 1.44 2.452 20
-1.327 1.304 3.188 20
1.858 -2.475 2.647 20
4.783 -4.101 0.813 20
6.693 -4.948 -0.514 21
6.112 -5.57 -0.917 20
2.94 -5.405 -1.084 20
-0.419 -4.317 -5.072 20
-0.767 -3.247 -5.194 20
0.488 -2.715 -2.918 20
3.479 -2.746 -2.348 21
8.294 -3.305 -0.992 20
8.043 -1.118 2.946 20
3.994 4.425 5.12 20
-0.607 9.847 4.412 20
-0.466 9.024 0.133 20
3.445 6.114 -1.33 21
5.789 5.762 -2.821 20
7.666 6.694 -9.856 20
1.335 7.019 -14.484 20
-6.061 6.66 -5.805 20
-2.193 2.674 1.393 20
-0.797 -2.485 2.931 21
-4.339 -3.933 2.298 20
-4.713 -4.061 -0.65 20
-1.903 -4.675 -2.303 20
-0.453 -4.145 -3.006 20
-0.443 -3.219 -2.074 21
0.53 -3.359 0.84 20
-1.488 -2.937 6.14 20
-2.144 0.004 3.273 20
0.75 0.792 0.432 20
2.054 2.295 -1.012 20
1.655 3.273 -3.112 21
2.539 2.541 -2.645 20
4.461 -0.752 -1.335 20
2.331 -1.563 -0.32 20
-0.297 -2.03 1.248 20
2.364 -6.428 11.105 20
-1.333 -1.997 -3.714 21
-4.076 -0.303 -1.723 20
-2.504 -4.878 4.724 20
-2.853 -1.382 -1.075 20
-4.077 0.93 -3.945 20
-2.74 -2.525 -0.448 20
-1.323 -3.803 2.841 21
0.404 -2.121 5.793 20
1.997 1.288 -0.001 20
2.537 3.813 -7.551 20
2.564 0.68 -4.747 20
-0.232 -1.698 0.875 20
1.201 -2.843 -0.387 21
0.751 -2.22 -4.796 20
-0.899 -1.77 -4.78 20
-2.495 -0.215 -1.693 20
-2.302 0.642 -2.875 20
-1.093 -0.256 -5.988 20
-3.829 -0.439 8.389 21
1.968 -2.206 6.886 20
-1.789 -1.408 2.571 20
-8.026 -10.08 -3.222 20
-3.086 -17.301 -6.054 20
3.538 -12.001 -3.943 20
5.302 -8.423 -2.973 21
2.32 -7.044 2.264 20
-1.401 -4.423 4.149 20
-4.025 -2.234 1.55 20
-4.222 -0.064 -2.013 20
-4.699 0.752 -2.54 20
-4.447 -1.055 0.345 21
-1.372 -4.156 2.208 20
-0.144 -10.432 1.907 20
-2.203 -7.351 -5.626 20
0.291 -0.679 -6.63 20
2.215 4.778 0.267 21
-0.043 9.295 4.567 20
-1.257 -0.613 -2.26 20
-2.108 -1.278 -2.808 20
-3.106 4.562 4.309 20
-1.696 5.018 3.789 20
-1.201 6.18 1.552 21
-3.847 6.338 4.34 20
-6.907 4.443 7.122 20
-6.505 -0.793 2.512 20
-3.917 -5.297 -13.567 20
-2.744 -2.512 -12.685 20
0.655 -5.988 -3.448 21
4.16 -9.305 -4.463 20
5.747 -9.105 -13.173 20
4.657 -9.009 -5.272 20
-1.845 -1.524 -1.485 20
-5.282 3.959 4.068 20
-7.822 1.491 8.846 21
-10.737 -3.851 9.309 20
-6.973 -7.644 4.096 20
2.492 -4.396 -6.59 20
3.946 2.472 -4.213 20
2.398 5.603 3.184 20
-2.052 5.976 5.143 21
-4.638 3.557 3.169 20
-5.608 1.752 2.017 20
-3.909 0.298 1.572 20
0.282 -0.998 0.072 20
4.41 -1.94 -3.429 21
5.526 -2.315 -2.069 20
2.509 -0.699 1.466 20
0.234 1.521 1.666 20
0.445 2.266 0.269 20
1.054 1.733 0.203 20
0.636 0.635 1.196 21
0.191 -0.199 1.419 20
-0.052 -0.27 1.003 20
0.121 -0.249 -0.618 20
-0.11 -0.681 -3.124 20
-0.841 -0.945 -2.687 20
0.059 -0.911 0.869 21
2.832 -1.441 2.405 20
5.315 -2.825 0.666 20
6.032 -4.168 -1.089 20
4.206 -3.635 -0.465 20
1.276 -1.547 -0.298 20
-1.112 -0.088 -0.971 21
-3.37 0.425 -1.814 20
-5.359 -1.413 -0.951 20
-6.475 -2.951 5.637 20
-7.326 -2.278 5.136 20
-2.163 -2.07 -3.533 20
4.859 -2.329 -3.992 21
1.827 0.24 0.077 20
-0.013 3.174 2.088 20
2.305 4.5 1.588 20
3.413 4.91 0.545 20
2.561 5.156 0.665 21
1.285 5.251 1.021 20
-0.011 4.958 0.065 20
-1.353 4.628 -0.665 20
-1.8 4.351 -1.346 20
-1.814 3.868 -2.065 20
-1.841 3.35 -2.818 21
-1.308 2.793 -3.254 20
-0.759 1.72 -3.168 20
0.269 -0.54 -3.466 20
2.762 -3.532 -4.708 20
6.395 -6.562 -6.561 20
8.978 -8.868 -3.238 21
5.968 -5.849 -2.365 20
0.861 -0.178 -1.613 20
-4.461 2.083 5.932 20
-7.24 -0.761 9.068 20
-4.365 -5.318 6.889 20
-1.38 -3.624 -1.461 21
-1.962 2.77 -3.837 20
-3.035 7.434 3.011 20
-3.351 7.284 6.556 20
-2.127 1.816 4.049 20
0.73 -3.344 3.833 20
2.125 -5.198 2.266 21
4.353 -3.835 -3.14 20
4.125 0.691 -1.694 20
2.496 2.603 1.062 20
1.261 1.03 0.395 20
0.54 -0.67 -0.056 20
-0.438 -0.016 -0.548 21
-1.619 1.019 -0.586 20
-2.377 1.202 0.696 20
-2.448 0.959 1.429 20
-1.837 0.367 0.451 20
-0.437 -0.499 -1.033 20
1.087 -0.876 -1.559 21
1.804 -0.935 -0.67 20
1.386 -1.05 0.942 20
1.092 -1.206 1.546 20
1.406 -1.635 0.428 20
2.048 -2.972 -1.647 20
2.873 -4.311 -2.802 21
2.405 -2.936 -2.612 20
1.345 -0.266 -1.415 20
0.544 0.436 -0.899 20
-1.35 -0.799 -0.988 20
-2.981 -3.164 4.282 20
-5.337 -4.007 6.398 21
-7.55 -3.593 0.271 20
-1.062 -3.717 -4.284 20
1.609 -1.543 -1.441 20
-1.071 2.468 1.332 20
0.639 4.538 0.569 21
2.351 5.344 -0.246 20
1.577 6.096 1.104 20
0.967 6.099 1.515 20
0.092 5.698 0.861 20
-1.281 5.059 0.851 20
-2.227 4.389 0.796 21
-2.228 4.006 -0.462 20
-1.768 3.811 -2.818 20
-1.134 3.785 -5.157 20
-0.018 2.436 -5.909 20
2.27 -1.172 -4.644 20
7.814 -6.91 -4.641 21
11.0 -12.917 -3.215 20
6.004 -9.726 -2.665 20
1.021 -1.063 -2.058 20
-2.944 3.44 1.976 20
-5.78 2.249 5.107 20
-6.131 -2.682 6.496 21
-2.284 -4.285 3.022 20
-1.786 1.013 -2.335 20
-2.907 6.194 0.515 20
-2.761 6.836 5.722 20
-2.153 3.489 5.003 20
0.176 -1.574 3.168 21
2.535 -5.394 3.412 20
2.811 -4.645 -3.213 20
3.03 -0.052 -4.58 20
2.346 2.714 1.2 20
1.244 1.966 1.854 20
0.014 0.027 0.614 21
-0.709 -0.414 0.214 20
-2.059 0.56 -0.136 20
-2.786 1.066 0.681 20
-2.538 0.906 0.975 20
-1.596 0.007 0.093 21
-0.128 -0.745 -1.106 20
1.223 -0.742 -1.459 20
1.931 -0.832 -0.522 20
1.871 -1.371 0.948 20
2.044 -1.862 1.298 20
2.344 -2.307 -0.069 21
2.041 -3.051 -1.511 20
2.14 -3.916 -2.5 20
1.683 -2.667 -2.774 20
0.956 -0.033 -0.463 20
0.317 0.869 0.3 20
-1.326 -0.556 -0.363 21
-3.337 -3.521 3.327 20
-6.092 -4.348 5.212 20
-7.145 -3.7 0.45 20
0.342 -3.349 -3.448 20
2.212 -0.418 -1.97 20
-1.493 3.542 0.712 21
0.368 5.04 0.891 20
2.485 5.452 0.185 20
2.389 5.396 1.143 20
1.365 5.128 1.255 20
0.103 4.915 0.548 20
-1.027 4.363 0.523 21
-1.789 3.784 0.07 20
-1.862 3.529 -1.07 20
-1.488 3.575 -2.25 20
-1.505 3.976 -3.907 20
-1.719 3.621 -4.478 20
-0.159 0.429 -3.539 21
3.993 -5.359 -4.845 20
9.896 -13.136 -6.928 20
9.902 -13.194 -3.389 20
3.149 -1.287 -2.563 20
-1.882 6.128 0.803 20
-5.217 7.632 6.363 21
-6.62 2.432 6.412 20
-5.126 -6.416 5.516 20
-1.595 -9.311 -2.414 20
0.832 -3.738 -4.255 20
-1.018 4.847 4.463 21
-3.021 7.68 7.723 20
-1.636 4.871 4.538 20
1.415 0.063 1.439 20
3.516 -4.28 0.536 20
2.809 -3.576 -1.272 20
1.868 0.97 -1.481 21
1.228 3.028 0.292 20
-0.114 1.615 0.513 20
-1.385 0.052 0.789 20
-1.074 -0.338 1.221 20
-0.798 0.221 0.89 20
-1.23 0.548 0.577 21
-1.732 -0.017 0.165 20
-1.571 -0.582 -0.909 20
-0.418 -0.537 -2.045 20
0.959 -0.461 -1.993 20
1.461 -1.032 -0.086 20
1.511 -1.638 1.767 21
1.838 -1.698 2.06 20
1.626 -2.052 0.673 20
1.334 -3.268 -1.649 20
2.182 -4.103 -3.597 20
2.459 -1.83 -2.023 20
2.093 0.67 0.125 21
1.006 0.792 -0.497 20
-1.718 -1.319 -0.031 20
-4.193 -4.016 3.335 20
-7.264 -4.39 4.144 20
-6.529 -3.725 -0.178 20
0.655 -2.393 -1.948 21
0.924 0.978 -1.367 20
-0.866 3.758 0.06 20
1.703 4.376 1.21 20
3.001 4.831 -0.04 20
2.295 5.098 0.707 21
0.981 4.836 1.229 20
-0.252 4.381 0.461 20
-1.462 4.063 0.169 20
-1.76 3.961 -0.306 20
-1.567 3.97 -1.476 20
-1.598 4.05 -3.047 21
-1.246 3.938 -4.117 20
-0.664 2.673 -4.253 20
0.932 -0.81 -4.031 20
4.459 -5.399 -4.703 20
8.128 -9.766 -5.274 20
8.769 -9.848 -1.942 21
3.491 -1.701 -1.485 20
-1.072 3.875 0.836 20
-4.022 5.213 5.342 20
-5.454 1.804 5.338 20
-4.734 -3.989 4.964 20
-2.43 -7.272 -1.383 21
0.257 -4.15 -2.633 20
-0.904 3.536 4.6 20
-3.308 6.304 5.927 20
-1.807 2.796 3.329 20
1.251 -1.019 2.63 20
2.385 -2.023 1.332 21
1.685 -0.003 -0.827 20
1.088 2.085 -0.302 20
0.414 1.954 0.169 20
-0.793 0.125 0.256 20
-1.248 -0.797 0.957 20
-0.483 -0.57 1.262 21
-0.435 -0.037 0.18 20
-0.975 -0.479 -1.012 20
-0.919 -1.087 -1.639 20
0.121 -0.551 -1.283 20
1.018 0.044 -0.627 21
1.145 -0.522 0.297 20
0.97 -1.436 1.458 20
1.253 -1.79 1.631 20
1.673 -2.12 0.172 20
2.008 -2.958 -1.45 20
2.654 -3.561 -2.536 21
2.225 -2.362 -3.324 20
0.76 0.198 -1.806 20
0.0 1.26 -0.875 20
-1.626 0.716 -0.261 20
-3.119 -1.877 2.677 21
-4.704 -4.227 4.116 20
-6.536 -4.552 2.256 20
-1.59 -4.433 -1.423 20
2.597 -2.045 -1.554 20
-1.331 2.582 -1.041 20
0.319 4.118 1.07 21
2.219 4.784 0.068 20
1.796 5.72 0.497 20
0.942 6.15 0.861 20
0.188 6.012 0.792 20
-0.554 5.203 0.452 20
-1.225 4.314 0.193 21
-1.551 4.057 -0.647 20
-1.523 4.145 -2.529 20
-1.541 4.093 -4.507 20
-1.072 2.675 -4.856 20
0.576 -1.117 -3.472 20
5.067 -7.365 -3.599 21
9.859 -13.944 -3.142 20
7.267 -10.031 -3.418 20
1.821 -0.221 -2.662 20
-2.767 4.338 1.376 20
-5.898 2.281 4.422 20
-6.632 -2.879 5.983 21
-3.138 -4.829 2.401 20
-0.694 -0.181 -1.559 20
-0.519 5.091 2.89 20
-1.196 6.438 7.616 20
-0.923 4.127 6.089 20
1.826 -0.883 1.088 21
3.526 -5.076 -0.839 20
1.522 -3.663 -1.976 20
-0.535 1.094 -2.326 20
-0.531 2.653 -0.75 20
-0.459 1.383 1.04 20
-0.24 -0.294 1.505 21
0.608 -0.674 0.445 20
0.716 -0.031 -0.25 20
-0.5 0.581 -0.056 20
-1.59 0.642 0.686 20
-1.744 0.308 0.912 21
-0.942 -0.058 0.448 20
0.277 -0.145 -0.514 20
1.189 -0.445 -1.187 20
1.469 -1.168 -0.122 20
1.29 -1.586 1.077 20
1.344 -2.012 0.443 21
1.604 -3.151 -1.021 20
1.965 -4.14 -2.876 20
1.422 -2.769 -3.813 20
1.195 -0.291 -1.246 20
1.487 0.455 0.197 20
-0.146 -0.057 -0.175 21
-2.451 -2.33 1.666 20
-4.894 -4.21 4.133 20
-6.875 -4.229 2.575 20
-2.352 -3.521 -1.126 20
2.202 -1.509 -2.309 20
-0.345 2.332 -0.712 21
0.426 4.155 1.56 20
2.315 4.772 0.604 20
1.947 5.33 0.817 20
0.957 5.306 1.184 20
0.016 4.872 0.595 20
-1.172 4.398 0.693 21
-1.92 4.102 0.512 20
-1.892 4.207 -0.631 20
-1.773 4.578 -2.153 20
-1.741 4.89 -3.824 20
-1.536 4.241 -4.933 21
-0.046 0.641 -4.155 20
4.242 -5.275 -4.15 20
10.343 -12.276 -4.897 20
9.803 -11.948 -1.682 20
3.657 -2.105 -1.585 20
-0.724 2.138 0.246 21
-4.009 1.329 2.897 20
-5.583 -1.681 4.83 20
-4.397 -3.451 4.409 20
-2.909 -0.191 -0.019 20
-3.134 4.652 -0.147 20
-2.935 5.933 4.343 21
-1.71 3.087 6.019 20
0.342 -0.698 3.429 20
3.236 -3.787 1.383 20
2.716 -3.475 -1.462 20
1.032 0.327 -2.409 21
0.547 2.959 -0.318 20
0.484 2.025 0.685 20
-0.018 -0.184 0.593 20
-0.027 -0.853 0.283 20
-0.197 -0.004 0.033 20
-1.087 0.754 0.534 21
-1.849 0.855 1.27 20
-1.813 0.25 0.871 20
-0.927 -0.352 -0.429 20
0.661 -0.39 -1.261 20
1.8 -0.497 -0.659 20
1.81 -0.851 1.26 21
1.791 -1.647 1.923 20
1.553 -2.645 0.692 20
1.087 -3.874 -0.819 20
1.343 -5.02 -2.819 20
0.989 -3.554 -3.54 20
0.873 -1.252 -1.657 21
0.999 0.168 -0.224 20
-0.512 0.471 -1.107 20
-2.432 -1.32 1.267 20
-5.019 -2.721 4.184 20
-7.579 -2.336 2.013 21
-4.096 -2.144 -1.316 20
2.591 -1.567 -0.852 20
1.843 1.262 0.043 20
0.582 3.867 0.765 20
2.391 4.826 0.223 20
2.633 5.229 0.442 21
1.509 5.15 1.088 20
0.554 4.594 0.36 20
-0.576 4.003 0.182 20
-1.592 3.672 0.375 20
-1.985 3.639 -0.38 21
-1.784 3.816 -1.928 20
-1.349 4.064 -3.719 20
-1.307 3.895 -4.774 20
-0.59 1.44 -3.831 20
2.336 -3.496 -3.168 20
8.147 -10.864 -5.74 21
9.814 -12.928 -4.017 20
4.284 -2.64 -2.462 20
-1.021 4.867 -0.512 20
-4.493 5.947 4.113 20
-6.031 0.562 5.702 20
-5.066 -7.554 5.79 21
-1.724 -9.571 -0.709 20
1.388 -2.836 -2.699 20
-0.567 5.911 5.215 20
-3.003 8.888 7.039 20
-1.793 6.304 4.1 20
1.417 0.446 0.997 21
3.211 -4.895 -1.195 20
1.838 -4.52 -1.61 20
0.682 0.351 -0.059 20
-0.041 3.187 1.177 20
-1.054 2.744 1.387 20
-1.253 0.934 1.996 21
-0.073 -0.598 1.898 20
0.47 -0.758 0.106 20
0.322 -0.853 -1.917 20
-0.244 -1.544 -2.857 20
-0.295 -1.241 -2.043 21
0.272 0.152 -0.584 20
0.51 0.754 0.075 20
0.25 0.172 0.917 20
0.195 -0.754 1.782 20
0.546 -1.602 1.563 20
0.923 -2.703 -0.364 21
1.93 -3.853 -2.514 20
3.151 -3.638 -3.403 20
2.541 -1.095 -1.722 20
1.814 0.353 -0.14 20
0.436 0.113 -0.602 20
-1.79 -1.715 0.777 21
-3.875 -3.975 4.032 20
-6.68 -4.041 3.428 20
-5.057 -2.827 0.222 20
0.734 -1.421 -1.882 20
0.221 1.189 -1.549 20
-0.85 3.536 0.987 21
1.81 3.916 0.666 20
2.481 4.38 0.013 20
1.515 4.916 1.127 20
0.537 4.899 0.777 20
-0.389 4.334 0.313 21
-1.51 3.874 0.75 20
-2.156 3.84 0.177 20
-2.161 4.032 -1.106 20
-1.865 4.332 -2.8 20
-1.866 4.375 -4.042 20
-1.183 2.176 -4.144 21
1.541 -2.65 -3.583 20
7.501 -9.004 -4.902 20
11.569 -13.713 -4.565 20
6.383 -6.747 -2.979 20
0.482 2.126 -1.713 20
-3.429 5.263 2.927 21
-5.233 2.812 5.364 20
-4.861 -3.156 5.866 20
-2.087 -5.66 1.867 20
-0.555 -1.798 -3.245 20
-1.487 4.213 2.291 21
-3.129 6.301 6.644 20
-2.217 2.819 3.843 20
0.472 -1.675 1.505 20
1.852 -3.398 2.1 20
1.337 -1.2 -0.006 20
1.354 1.927 -0.753 21
1.62 2.803 0.069 20
1.412 0.893 0.051 20
0.422 -1.039 0.109 20
0.056 -1.353 -0.115 20
-0.682 -0.373 -0.444 20
-1.978 0.502 0.014 21
-2.487 0.638 0.59 20
-1.896 0.33 0.192 20
-0.482 -0.068 -0.542 20
0.98 -0.273 -0.604 20
1.994 -0.64 0.038 21
2.135 -0.999 0.916 20
2.028 -1.358 1.1 20
1.989 -2.145 0.24 20
1.992 -3.297 -0.844 20
2.395 -4.015 -2.346 20
1.459 -2.52 -3.274 21
0.496 -0.384 -1.534 20
-0.057 0.345 -0.512 20
-1.955 -0.29 -1.228 20
-4.11 -2.675 0.987 20
-6.333 -3.938 3.963 20
-7.694 -3.411 2.305 21
-2.13 -2.561 -0.759 20
3.179 -1.218 -2.266 20
1.054 1.777 -0.942 20
1.464 3.843 1.281 20
2.866 5.175 0.47 21
2.54 5.94 0.86 20
1.286 5.898 0.966 20
0.198 5.308 0.589 20
-0.987 4.682 0.323 20
-1.762 4.003 0.093 20
-1.887 3.557 -0.733 21
-1.556 3.486 -2.201 20
-1.103 3.575 -3.848 20
-0.844 3.006 -4.638 20
0.544 0.03 -4.286 20
4.26 -5.185 -4.64 21
8.941 -11.108 -4.023 20
8.196 -10.828 -1.435 20
3.123 -2.477 -2.451 20
-1.403 3.52 -0.043 20
-4.644 3.642 3.828 20
-6.648 -0.828 5.788 21
-4.573 -4.26 3.437 20
-1.901 -2.695 -2.711 20
-0.955 2.157 0.407 20
-1.534 5.55 7.222 20
-1.277 4.827 7.724 20
0.607 0.748 2.834 21
3.383 -4.302 0.453 20
2.739 -4.525 -0.458 20
0.566 0.204 -2.637 20
-0.01 2.814 -1.757 20
-0.461 1.72 0.007 20
-0.935 -0.096 0.758 21
0.158 -0.805 0.79 20
0.86 -0.131 0.071 20
-0.057 0.825 0.029 20
-1.33 1.109 0.636 20
-1.837 0.774 0.95 20
-1.242 0.097 0.588 21
-0.121 -0.185 -0.337 20
0.936 -0.195 -0.974 20
1.676 -0.406 0.0 20
2.168 -0.82 1.514 20
2.581 -1.967 1.373 21
1.84 -2.885 0.061 20
1.097 -3.629 -1.52 20
1.74 -4.197 -3.343 20
1.685 -2.527 -2.72 20
1.535 -0.739 -0.219 20
0.371 -0.047 -0.843 21
-2.61 -0.531 -1.509 20
-4.945 -2.697 2.644 20
-7.288 -3.343 5.264 20
-8.184 -2.621 0.191 20
-1.159 -2.71 -2.94 20
4.009 -1.352 -0.434 21
0.989 2.285 0.378 20
0.927 4.614 0.648 20
3.594 4.922 0.745 20
3.506 4.494 1.21 20
1.609 4.144 1.097 21
-0.023 4.197 0.662 20
-1.685 4.828 0.421 20
-2.657 5.203 -0.017 20
-2.613 4.846 -0.929 20
-2.283 4.174 -2.399 20
-1.85 3.944 -4.173 21
-1.581 3.356 -4.601 20
-0.291 0.276 -3.431 20
3.39 -4.731 -4.067 20
9.234 -10.402 -6.353 20
11.324 -11.307 -1.57 20
5.462 -3.225 -1.104 21
-0.331 2.84 0.21 20
-4.269 3.687 3.505 20
-7.067 -0.802 5.776 20
-5.727 -5.942 5.142 20
-2.246 -4.571 -1.397 21
-1.558 2.187 -1.539 20
-2.592 6.845 4.629 20
-2.574 6.007 7.122 20
-1.318 1.72 4.074 20
2.033 -2.992 3.602 20
3.294 -5.09 1.222 21
2.857 -1.873 -3.726 20
2.077 2.047 -3.313 20
1.384 2.045 0.034 20
0.256 -0.385 0.375 20
-0.706 -0.804 0.374 20
-0.784 0.293 0.343 21
-1.795 1.329 0.6 20
-2.471 1.36 1.484 20
-2.021 0.473 0.892 20
-0.788 -0.422 -0.514 20
0.749 -0.33 -1.409 20
1.929 -0.101 -1.003 21
2.195 -0.848 0.207 20
2.017 -1.858 1.221 20
1.808 -1.92 1.166 20
1.306 -2.517 -0.086 20
1.24 -3.936 -2.361 21
1.679 -4.11 -4.063 20
1.36 -1.519 -2.96 20
0.724 0.615 -0.4 20
-0.559 0.681 -0.638 20
-2.836 -1.07 0.694 20
-4.626 -3.388 5.431 21
-6.453 -3.494 4.706 20
-3.335 -3.258 -2.371 20
2.467 -2.928 -3.665 20
0.711 0.658 0.965 20
0.058 3.671 1.099 21
2.805 4.802 -0.211 20
2.745 5.641 0.413 20
1.187 5.704 0.829 20
-0.021 5.39 0.638 20
-1.347 5.073 0.479 20
-2.418 4.7 0.662 21
-2.512 4.378 -0.056 20
-2.026 3.997 -1.448 20
-1.422 4.004 -3.662 20
-1.112 3.914 -5.02 20
0.081 1.302 -4.684 21
4.201 -4.021 -4.821 20
11.471 -12.009 -4.525 20
10.529 -14.693 -1.528 20
2.609 -3.38 -2.744 20
-2.029 5.109 -0.81 20
-5.703 7.581 4.207 21
-6.663 1.86 5.708 20
-4.986 -6.953 6.079 20
-0.835 -8.911 -1.673 20
0.608 -1.16 -2.844 20
-2.587 6.928 4.677 20
-3.639 7.574 6.82 21
-1.899 2.961 3.074 20
1.092 -2.336 3.008 20
1.88 -4.715 2.962 20
2.205 -2.081 -1.497 20
2.666 1.679 -2.483 21
2.188 2.514 -0.547 20
0.382 0.568 -0.106 20
-1.136 -0.974 -0.067 20
-1.15 -0.529 0.374 20
-1.74 0.627 0.91 20
-2.443 1.015 1.151 21
-2.147 0.687 0.398 20
-0.923 -0.099 -1.038 20
0.654 -0.66 -1.65 20
1.918 -0.749 -0.383 20
2.552 -1.213 1.568 20
2.881 -1.788 1.948 21
2.778 -2.069 0.486 20
1.778 -2.957 -1.459 20
1.333 -3.998 -2.796 20
1.437 -3.484 -3.09 20
0.752 -0.96 -2.488 20
0.258 0.83 -0.706 21
-0.887 1.068 -0.838 20
-2.47 -0.94 1.172 20
-4.092 -3.827 4.655 20
-6.688 -4.251 3.06 20
-4.469 -4.24 -1.926 21
2.49 -3.095 -1.377 20
0.486 1.462 -0.332 20
-0.458 4.356 1.059 20
2.663 4.617 0.177 20
2.966 5.248 0.338 20
1.477 5.855 1.494 21
0.223 5.862 1.271 20
-1.04 5.311 0.657 20
-2.074 4.762 0.608 20
-2.529 4.555 0.086 20
-2.513 4.529 -1.776 20
-2.274 4.874 -4.448 21
-2.271 4.524 -6.116 20
-0.643 0.933 -4.334 20
5.727 -6.927 -4.131 20
14.401 -18.924 -2.812 20
9.067 -14.096 -4.788 21
1.149 2.547 -3.839 20
-4.016 8.956 4.063 20
-6.288 6.014 6.835 20
-6.207 -3.995 5.567 20
-2.844 -9.824 0.746 20
0.702 -5.228 -2.137 21
-1.476 4.78 3.103 20
-3.89 8.413 6.428 20
-2.737 5.567 4.492 20
0.013 0.726 2.106 20
1.46 -3.217 2.288 21
2.273 -3.355 0.069 20
3.387 -0.232 -1.209 20
2.958 1.936 -0.851 20
1.405 0.972 -0.449 20
-0.589 -0.635 -0.082 20
-1.586 -0.24 0.091 21
-2.132 0.782 0.47 20
-2.579 0.906 0.858 20
-2.079 0.113 0.326 20
-0.75 -0.657 -0.982 20
0.725 -0.737 -1.634 20
1.597 -0.659 -0.828 21
1.778 -1.221 0.992 20
2.307 -1.858 1.787 20
3.068 -2.073 0.921 20
2.86 -3.206 -0.686 20
2.007 -4.147 -2.297 21
0.994 -3.096 -3.488 20
-0.37 -0.549 -3.553 20
-1.297 1.176 -1.262 20
-1.933 0.815 -0.476 20
-2.636 -1.859 1.733 20
-4.74 -3.596 4.725 21
-6.775 -3.282 3.209 20
-2.771 -3.51 -1.132 20
3.311 -2.338 -2.144 20
0.899 1.655 -0.763 20
1.616 3.784 1.552 20
3.36 4.886 -0.275 21
2.847 6.185 0.463 20
1.603 6.496 1.49 20
0.261 5.749 1.104 20
-1.202 5.068 0.521 20
-2.239 4.639 0.357 21
-2.572 4.248 -0.583 20
-2.146 3.681 -2.237 20
-1.738 3.567 -4.337 20
-1.939 3.068 -5.119 20
-0.673 -0.342 -3.544 20
4.477 -6.866 -4.274 21
11.419 -15.558 -4.483 20
8.831 -12.814 -4.095 20
1.803 0.522 -4.022 20
-2.876 6.774 1.979 20
-5.667 5.762 7.604 21
-6.501 -1.231 7.402 20
-3.376 -6.532 3.186 20
-0.822 -3.939 -3.793 20
-0.591 2.896 0.951 20
-2.056 6.479 7.472 20
-2.152 4.304 5.677 21
0.916 -0.601 2.065 20
3.334 -4.225 1.033 20
2.242 -2.914 -0.607 20
1.119 1.356 -1.803 20
1.291 2.861 -1.819 21
1.005 0.966 -0.699 20
-0.069 -0.574 0.058 20
-0.187 -0.415 -0.132 20
-0.339 0.516 0.298 20
-1.335 1.141 1.161 20
-1.741 1.023 1.661 21
-1.239 0.323 0.965 20
-0.037 -0.318 -0.651 20
1.212 -0.362 -1.648 20
2.011 -0.78 -0.188 20
2.22 -1.944 1.309 20
2.261 -2.897 0.671 21
1.784 -3.97 -1.27 20
1.341 -4.635 -3.377 20
1.008 -3.305 -4.852 20
0.513 -0.411 -2.461 20
0.64 0.83 0.196 21
-0.548 0.501 0.597 20
-2.317 -1.797 3.058 20
-4.351 -3.982 4.623 20
-6.824 -3.957 1.186 20
-2.917 -4.329 -2.821 20
1.902 -2.673 -0.487 21
-1.442 2.231 -0.171 20
-0.306 4.487 0.863 20
2.132 5.11 0.266 20
1.914 5.612 1.058 20
0.958 5.708 1.636 21
0.278 5.342 1.283 20
-0.633 4.758 0.977 20
-1.562 4.502 0.968 20
-2.022 4.826 -0.02 20
-2.404 5.389 -2.597 20
-2.349 5.445 -5.599 21
-1.163 3.374 -6.746 20
1.919 -1.589 -3.718 20
10.04 -10.535 -3.341 20
11.33 -16.837 -3.609 20
4.242 -6.275 -3.203 20
0.155 3.495 -0.731 21
-3.507 4.995 2.138 20
-5.099 0.787 3.349 20
-5.079 -5.405 4.54 20
-1.772 -6.915 0.275 20
0.355 -0.117 0.37 20
-1.986 6.607 5.335 21
-2.822 7.445 7.27 20
-1.113 4.529 4.786 20
0.938 -0.347 1.509 20
1.624 -4.376 0.899 20
0.91 -4.266 -1.745 21
0.075 -0.06 -5.072 20
0.522 1.896 -1.958 20
1.123 0.833 1.667 20
1.007 -0.299 1.485 20
0.977 -0.207 0.496 20
0.239 0.729 0.532 21
-1.196 1.241 1.247 20
-2.027 0.907 1.45 20
-1.74 0.293 0.942 20
-0.769 -0.352 -0.175 20
0.452 -0.593 -1.634 20
1.23 -0.85 -2.122 21
1.153 -1.322 -1.03 20
0.632 -1.045 0.857 20
0.802 -1.104 1.479 20
1.435 -2.652 0.617 20
2.188 -4.732 -1.949 21
1.534 -3.256 -3.977 20
0.99 -0.294 -1.675 20
1.256 0.485 0.326 20
0.41 -0.514 -0.969 20
-2.411 -2.663 0.972 20
-5.527 -3.501 4.639 21
-6.641 -2.642 3.541 20
-1.671 -1.507 -0.673 20
2.244 -0.429 -2.928 20
0.717 1.629 -0.026 20
0.708 3.262 1.39 20
2.733 4.057 0.084 21
2.664 4.455 0.188 20
0.809 4.456 0.756 20
-0.521 4.127 0.357 20
-1.618 3.867 0.371 20
-2.483 3.901 0.687 21
-2.672 4.011 -0.362 20
-2.239 3.814 -1.66 20
-1.586 3.72 -2.848 20
-1.524 3.348 -3.576 20
-0.662 1.01 -3.99 20
2.292 -3.253 -4.745 21
8.125 -8.706 -6.87 20
12.271 -12.186 -3.43 20
5.967 -4.48 -1.336 20
-0.18 3.136 -1.173 20
-3.804 5.754 4.075 21
-6.243 2.428 6.655 20
-5.744 -5.744 6.958 20
-0.069 -9.938 0.933 20
1.968 -2.968 -4.823 20
-2.772 6.096 1.018 20
-4.946 8.205 5.702 21
-2.986 5.009 4.263 20
-0.387 0.112 2.371 20
0.667 -3.234 2.468 20
1.335 -4.01 1.399 20
2.286 -0.666 0.151 21
2.68 2.172 -0.529 20
2.615 1.563 -0.95 20
0.51 -0.151 -0.14 20
-1.079 -0.38 0.494 20
-1.062 0.246 0.781 20
-1.426 0.547 0.828 21
-1.919 0.19 0.349 20
-1.55 -0.255 -0.921 20
-0.356 -0.4 -1.594 20
0.877 -0.493 -1.629 20
1.415 -0.584 -1.282 21
0.892 -0.584 0.106 20
0.33 -0.456 1.799 20
0.463 -0.596 2.194 20
0.714 -1.802 0.752 20
1.628 -3.51 -1.264 20
2.401 -3.263 -3.317 21
1.93 -1.059 -3.758 20
1.506 0.189 -1.314 20
0.659 0.302 -0.338 20
-1.169 -0.724 -0.202 20
-3.273 -3.124 2.322 20
-6.315 -4.511 3.978 21
-7.902 -4.066 1.453 20
-1.606 -3.041 -1.331 20
2.221 -0.813 -1.918 20
-0.033 2.473 0.028 20
1.539 4.045 0.849 20
3.498 4.371 -0.287 21
2.919 4.738 1.038 20
1.396 5.028 1.131 20
0.252 4.749 0.438 20
-1.046 4.399 0.403 20
-2.005 4.276 0.341 21
-2.024 4.228 -0.893 20
-1.295 4.2 -2.395 20
-0.83 4.383 -3.578 20
-0.701 3.427 -3.839 20
0.825 0.006 -3.319 20
4.794 -5.12 -3.007 21
9.187 -10.966 -4.349 20
8.132 -11.232 -4.945 20
4.022 -3.128 -3.769 20
-1.18 4.475 -1.238 20
-5.221 8.098 3.723 21
-6.132 5.303 5.761 20
-6.043 -2.783 4.756 20
-2.91 -9.606 1.395 20
1.358 -8.853 -6.289 20
2.1 0.42 2.458 20
-1.725 7.361 8.594 21
-2.421 7.434 5.365 20
0.528 1.708 1.677 20
3.265 -4.962 0.079 20
2.591 -4.492 0.315 20
0.396 0.928 -0.013 20
0.289 3.224 0.224 21
-0.232 2.222 -0.243 20
-2.33 0.273 0.345 20
-2.761 -0.736 1.27 20
-1.101 -0.538 1.242 20
0.019 -0.203 0.229 21
-0.359 -0.118 -0.5 20
-1.019 -0.186 -0.407 20
-0.948 -0.043 0.252 20
-0.079 0.008 0.414 20
1.26 -0.559 -0.385 20
1.842 -1.124 -0.681 21
1.672 -1.386 0.503 20
1.167 -1.177 1.322 20
0.757 -2.035 1.263 20
1.319 -3.923 0.002 20
1.726 -3.863 -3.405 21
0.59 -1.293 -4.514 20
0.548 -0.137 -1.699 20
0.618 -0.041 0.384 20
-0.842 -0.356 -0.766 20
-2.832 -1.668 0.036 20
-4.922 -2.752 2.814 21
-7.056 -2.496 2.468 20
-3.916 -1.41 1.268 20
1.539 -0.415 -0.807 20
2.004 1.07 -1.481 20
1.48 2.987 0.007 20
2.8 3.956 0.259 21
2.817 4.587 0.789 20
1.563 4.924 1.169 20
0.432 4.533 0.643 20
-0.614 4.107 0.384 20
-1.547 3.852 0.238 21
-1.769 3.633 -0.259 20
-1.502 3.498 -1.438 20
-0.886 3.618 -2.847 20
-0.524 3.301 -3.517 20
0.104 1.389 -3.547 20
2.105 -2.296 -3.082 21
5.328 -7.357 -4.471 20
7.978 -10.967 -5.479 20
7.411 -6.568 -3.577 20
2.621 1.323 -2.805 20
-1.881 5.637 1.48 20
-4.688 4.202 5.956 21
-6.562 -3.42 6.738 20
-3.791 -10.048 4.758 20
1.315 -6.907 -3.168 20
-0.137 2.715 -0.85 20
-3.892 7.962 5.428 21
-4.046 7.246 5.637 20
-1.843 2.949 2.724 20
0.427 -2.129 1.96 20
1.62 -4.63 2.29 20
2.189 -2.578 -0.756 21
2.133 0.854 -2.522 20
1.748 1.825 -0.864 20
0.29 0.394 0.595 20
-0.678 -0.632 1.404 20
-0.278 -0.157 1.697 21
-0.684 0.798 0.818 20
-1.411 0.925 0.316 20
-1.983 0.514 0.39 20
-1.979 0.171 0.129 20
-0.787 -0.634 -1.037 20
0.787 -1.213 -2.433 21
1.676 -1.169 -2.125 20
1.565 -0.966 0.177 20
1.509 -0.734 2.419 20
1.725 -1.081 2.125 20
1.397 -2.419 0.598 20
1.486 -3.865 -1.453 21
0.945 -2.854 -3.852 20
0.354 -0.552 -3.475 20
0.845 0.267 -1.03 20
0.674 -0.19 -0.948 20
-1.712 -1.221 -0.164 20
-4.165 -2.252 3.806 21
-6.268 -2.126 3.477 20
-4.292 -1.674 0.135 20
1.362 -1.435 -1.924 20
2.263 0.001 -0.391 20
0.657 2.495 0.745 20
1.969 3.796 0.136 21
2.675 4.237 0.055 20
1.713 4.616 0.914 20
0.33 4.624 0.469 20
-0.812 4.269 -0.027 20
-1.809 4.028 0.104 21
-2.356 3.879 0.171 20
-2.235 3.539 -0.779 20
-1.57 3.301 -2.561 20
-1.223 3.006 -3.707 20
-0.717 1.31 -3.922 20
1.516 -2.289 -4.03 21
5.791 -7.905 -5.861 20
10.306 -12.692 -5.096 20
7.566 -7.186 -3.072 20
1.156 2.162 -2.744 20
-2.796 5.74 2.016 20
-5.543 3.75 6.443 21
-6.61 -1.492 6.944 20
-2.105 -7.576 2.983 20
2.026 -5.876 -2.92 20
0.601 2.383 0.683 20
-2.082 6.886 5.92 21
-2.257 6.98 6.18 20
-0.477 3.74 2.306 20
1.59 -1.904 -0.791 20
1.765 -5.079 -1.516 20
1.179 -3.176 -1.101 20
0.593 0.363 -0.827 21
0.503 1.442 0.447 20
-0.076 1.099 2.071 20
-1.237 0.899 2.588 20
-1.234 0.729 1.848 20
-0.994 0.44 0.866 21
-1.097 -0.191 0.262 20
-1.585 -0.562 -0.361 20
-1.655 -0.482 -0.907 20
-1.336 -0.408 -0.995 20
-0.67 -0.421 -1.098 20
0.179 -0.847 -1.639 21
0.685 -1.415 -0.891 20
0.812 -1.257 0.84 20
1.335 -1.122 1.758 20
2.825 -2.39 1.003 20
4.105 -3.977 -1.595 21
3.304 -2.831 -3.415 20
1.799 -0.474 -2.226 20
0.621 0.584 -0.499 20
-0.678 0.782 0.15 20
-2.152 -0.227 0.827 20
-2.976 -2.332 2.956 21
-4.122 -3.146 4.038 20
-2.718 -2.228 1.937 20
1.409 -0.753 -2.265 20
1.553 0.281 -1.698 20
-0.246 1.924 1.278 20
0.991 2.893 0.755 21
1.364 3.505 -0.609 20
-0.039 4.263 -0.041 20
-0.77 4.442 0.182 20
-1.146 4.06 0.177 20
-1.598 3.952 0.153 21
-1.788 4.206 -0.155 20
-1.637 4.289 -1.144 20
-1.061 3.992 -2.509 20
-0.625 3.146 -3.394 20
-0.086 1.079 -3.854 20
1.61 -2.469 -3.51 21
5.683 -7.741 -3.743 20
9.211 -12.465 -4.063 20
6.681 -6.915 -4.387 20
0.6 2.667 -2.991 20
-3.823 7.214 1.207 21
-5.252 6.894 6.396 20
-4.735 0.476 6.278 20
-2.401 -8.175 4.154 20
-0.729 -10.537 -2.474 20
1.16 -3.923 -4.494 21
-0.522 5.437 6.423 20
-1.723 8.133 7.379 20
0.732 5.063 3.728 20
3.157 -0.438 0.302 20
1.858 -3.492 -0.16 20
-0.428 -2.268 0.698 21
-1.748 0.629 0.272 20
-2.498 1.748 -1.061 20
-3.456 1.161 -1.129 20
-3.472 0.845 0.742 20
-1.588 1.083 2.518 21
1.302 0.266 2.134 20
3.135 -1.437 -0.161 20
2.876 -2.283 -1.268 20
1.09 -1.57 -1.413 20
-0.297 -0.279 -1.821 20
-0.743 0.768 -1.995 21
-0.173 0.303 -0.756 20
0.289 -1.071 1.125 20
0.452 -1.801 2.095 20
1.067 -2.701 1.819 20
2.251 -3.435 -0.727 20
3.255 -2.794 -4.339 21
3.363 -1.111 -3.347 20
2.335 0.452 0.055 20
0.695 0.998 0.405 20
-1.691 -0.102 -0.941 20
-3.628 -3.289 1.043 21
-7.014 -4.745 3.267 20
-7.934 -3.645 3.509 20
-1.287 -1.133 1.93 20
3.349 0.079 -3.133 20
1.951 1.729 -2.035 20
1.715 3.565 1.326 21
2.436 4.655 0.59 20
1.959 5.132 0.524 20
0.666 5.024 0.595 20
-0.448 4.575 0.594 20
-1.489 4.01 0.614 20
-2.235 3.624 0.225 21
-2.218 3.249 -0.72 20
-1.753 2.928 -1.788 20
-1.185 3.049 -2.571 20
-1.504 2.949 -2.833 20
-1.067 0.877 -2.849 21
0.992 -2.965 -3.052 20
5.015 -7.72 -5.793 20
10.44 -11.404 -6.432 20
10.196 -7.286 -2.276 20
2.277 2.846 -3.12 20
-2.223 7.826 1.529 21
-5.292 6.34 7.453 20
-6.954 -0.789 7.422 20
-4.298 -9.254 4.213 20
-1.844 -11.273 -6.041 20
0.76 -3.756 -4.938 20
-1.072 5.247 6.703 21
-3.235 8.379 8.842 20
-2.275 6.693 4.169 20
0.278 1.438 0.221 20
2.074 -4.219 -0.078 20
2.323 -4.246 0.931 21
2.0 0.156 0.694 20
2.372 1.774 -1.889 20
0.653 0.887 -2.103 20
-2.052 -0.022 0.321 20
-1.463 0.068 1.856 20
0.485 0.171 1.862 21
0.928 0.04 0.499 20
0.225 -0.17 -0.294 20
-1.114 -0.173 -0.075 20
-1.716 0.072 -0.499 20
-0.986 0.515 -1.658 21
0.039 0.649 -1.99 20
0.224 -0.001 -0.386 20
-0.194 -0.915 1.396 20
-0.03 -1.278 2.218 20
0.671 -1.12 1.623 20
1.537 -1.041 -0.099 21
2.28 -1.251 -1.221 20
2.544 -2.292 -1.56 20
1.8 -2.525 -1.803 20
0.867 -1.403 -1.293 20
-0.234 -0.493 -1.243 21
-2.903 -0.11 -1.535 20
-5.424 -0.944 -0.7 20
-6.949 -1.981 0.908 20
-6.317 -2.182 1.932 20
-1.623 -0.592 4.218 20
2.925 0.746 2.391 21
4.67 0.381 -1.978 20
3.664 1.048 -0.718 20
2.782 2.43 0.811 20
2.181 3.354 0.674 20
1.413 3.038 0.257 21
0.161 2.596 -0.055 20
-1.311 2.948 -0.069 20
-2.193 3.438 -0.78 20
-2.276 3.336 -1.223 20
-1.96 2.718 -1.327 20
-1.447 2.183 -1.414 21
-1.186 1.844 -1.685 20
-0.992 1.127 -2.016 20
0.014 -0.3 -2.093 20
2.134 -2.107 -2.636 20
5.006 -3.711 -4.257 21
6.741 -3.653 -3.091 20
6.614 -1.28 -1.314 20
4.791 1.257 0.009 20
2.182 -0.741 2.297 20
-1.617 -6.831 4.773 21
-4.359 -8.925 3.302 20
-3.921 -1.941 0.568 20
-4.365 6.242 2.264 20
-4.532 8.23 1.876 20
-3.421 5.605 1.66 20
-1.363 -0.362 3.115 21
0.857 -4.223 2.416 20
2.065 -3.909 1.547 20
2.205 -1.5 -0.64 20
1.362 1.35 -3.905 20
0.643 2.218 -3.508 20
-0.116 0.828 0.749 21
-0.465 -0.194 2.623 20
0.424 -0.022 2.472 20
0.696 0.484 1.609 20
0.661 0.517 1.107 20
0.601 0.181 1.026 21
0.164 0.01 0.219 20
-0.307 0.078 -0.865 20
-0.364 0.029 -1.615 20
-0.675 -0.525 -1.425 20
-1.474 -0.832 0.046 20
-1.29 -0.583 1.607 21
-0.35 -1.206 1.748 20
0.488 -2.575 0.715 20
1.327 -2.486 -0.983 20
1.427 -1.025 -2.648 20
1.326 -1.037 -2.427 21
1.501 -1.841 -1.578 20
1.355 -1.37 -1.701 20
0.325 0.051 -1.619 20
-1.403 0.96 -1.752 20
-3.611 -0.125 -2.437 20
-6.434 -2.904 -0.505 21
-8.321 -3.993 3.891 20
-3.839 -2.783 6.365 20
2.072 0.137 2.134 20
5.094 1.05 -5.499 20
4.237 1.583 -3.226 21
2.074 3.365 0.476 20
0.76 4.939 0.564 20
0.376 5.622 0.904 20
0.073 5.763 0.014 20
-0.636 5.866 -0.446 20
-1.04 5.283 -0.494 21
-0.884 4.289 -0.856 20
-0.212 3.569 -1.637 20
0.235 3.059 -2.942 20
0.787 1.772 -4.079 20
2.83 -0.974 -3.729 21
4.123 -4.731 -3.231 20
4.28 -8.57 -3.244 20
3.048 -8.276 -1.659 20
0.358 -2.276 -0.281 20
-0.802 1.057 -1.359 20
-2.684 2.61 -1.406 21
-3.689 2.273 1.146 20
-3.864 -0.282 3.817 20
-2.158 -3.543 2.277 20
-0.396 -6.686 -2.414 20
0.802 -6.321 -0.672 21
1.309 -0.653 6.159 20
2.736 3.631 9.398 20
3.541 4.188 5.802 20
2.613 3.284 2.587 20
0.92 1.651 1.811 20
-0.883 -0.298 1.153 21
-2.491 -0.477 -0.888 20
-2.41 0.361 -1.653 20
-1.93 0.172 -1.147 20
-2.424 -0.19 -0.638 20
-1.637 -0.369 0.358 21
0.285 -0.58 1.271 20
1.57 -0.382 0.864 20
2.008 -0.175 0.232 20
1.08 0.182 0.39 20
-0.156 0.31 0.133 20
-0.604 -0.104 -0.862 21
-0.453 -0.85 -1.013 20
-0.367 -1.528 -0.47 20
-0.431 -1.636 0.318 20
0.223 -1.248 0.801 20
1.52 -1.35 -0.061 20
2.332 -1.581 -2.523 21
1.754 -1.324 -3.474 20
0.834 -0.182 -2.07 20
1.148 0.406 0.202 20
1.936 0.18 1.723 20
2.288 -0.4 0.807 21
1.902 -2.598 1.575 20
-0.829 -4.433 3.763 20
-3.482 -4.324 4.678 20
-0.851 -2.574 1.886 20
1.738 -0.165 -3.081 20
-0.097 2.353 -1.565 21
-0.328 3.368 1.466 20
-0.037 3.784 0.837 20
-0.259 4.417 1.022 20
-0.658 4.523 0.687 20
-1.105 3.911 0.17 21
-1.594 3.261 0.259 20
-1.514 3.079 -0.053 20
-1.503 3.071 -1.16 20
-1.903 3.014 -2.586 20
-2.374 2.799 -3.293 21
-2.941 2.044 -3.104 20
-2.677 0.201 -2.769 20
-0.665 -2.12 -2.462 20
3.137 -4.038 -4.297 20
7.012 -5.07 -6.174 20
8.958 -3.576 -3.622 21
6.706 0.373 0.225 20
1.875 1.773 1.337 20
-1.938 0.464 4.635 20
-4.834 -3.328 5.571 20
-4.663 -7.827 5.361 21
-2.948 -4.0 2.453 20
-4.859 4.277 -2.681 20
-5.632 7.833 -2.277 20
-3.922 5.534 1.893 20
-1.949 0.984 3.39 20
-0.575 -2.706 4.461 21
1.898 -5.475 5.379 20
4.852 -3.826 1.004 20
5.57 0.437 -3.339 20
4.853 2.148 -1.856 20
2.501 1.06 0.612 20
-1.696 0.227 0.279 21
-3.6 0.892 0.596 20
-3.846 1.392 2.501 20
-3.364 0.534 1.567 20
-1.37 -0.577 -1.54 20
1.185 -0.704 -2.272 21
2.541 -0.326 -0.991 20
2.179 -0.575 0.278 20
0.756 -1.223 0.477 20
-0.151 -1.286 0.854 20
0.312 -1.192 1.357 20
0.929 -1.883 -0.322 21
1.063 -2.95 -2.506 20
1.39 -2.575 -1.83 20
1.356 -1.291 -0.944 20
0.843 -0.144 -2.096 20
0.03 0.818 -1.878 20
-0.813 0.865 -1.448 21
-1.749 -1.296 -0.89 20
-4.459 -3.609 3.068 20
-7.54 -3.843 3.665 20
-4.755 -3.263 2.194 20
2.388 -2.033 -0.389 21
3.119 0.213 -3.765 20
1.512 3.204 -0.493 20
2.801 4.623 0.172 20
2.641 5.922 0.728 20
2.664 5.627 1.535 20
1.373 4.679 0.967 21
-0.863 4.799 0.5 20
-2.156 4.992 0.241 20
-2.588 4.71 -0.638 20
-2.268 4.345 -2.116 20
-1.826 4.439 -3.907 21
-2.197 4.109 -4.674 20
-1.555 1.156 -3.364 20
1.758 -4.04 -1.975 20
8.938 -11.121 -3.166 20
12.529 -14.243 -2.147 20
5.916 -4.801 -4.625 21
0.094 3.81 -2.552 20
-3.81 6.346 4.845 20
-7.107 1.434 7.461 20
-6.215 -6.991 6.199 20
-2.047 -8.394 -0.562 21
-0.902 -0.979 -3.996 20
-2.22 5.849 2.765 20
-3.093 6.833 7.02 20
-1.279 3.31 5.039 20
1.181 -0.782 2.662 20
2.639 -4.371 1.225 21
2.705 -3.27 -1.05 20
1.914 1.694 -3.19 20
1.186 2.393 -2.368 20
-0.46 0.056 -0.031 20
-1.494 -0.171 1.094 21
-0.286 0.719 1.681 20
0.05 1.444 1.263 20
-0.601 1.166 0.684 20
-1.485 -0.139 -0.136 20
-1.102 -0.718 -0.828 20
0.827 -0.537 -1.122 21
1.661 -0.716 -0.829 20
0.964 -1.364 1.155 20
0.747 -1.614 2.257 20
1.166 -2.511 0.645 20
1.8 -3.995 -1.548 21
2.797 -4.305 -2.579 20
2.189 -2.477 -2.414 20
0.627 -0.386 -2.367 20
-0.506 0.805 -1.543 20
-1.298 0.386 -1.376 20
-3.012 -1.79 1.089 21
-5.522 -3.287 4.561 20
-7.781 -2.772 2.747 20
-4.33 -2.821 -1.979 20
1.786 -2.172 -1.091 20
1.135 1.103 -0.335 21
1.362 4.134 -0.207 20
4.397 4.799 0.662 20
3.278 5.013 0.506 20
0.725 5.486 1.837 20
0.036 4.864 1.177 20
-1.226 4.223 0.388 21
-2.181 4.514 0.41 20
-2.025 5.175 -0.214 20
-2.295 5.377 -2.071 20
-1.852 5.003 -4.569 20
-1.88 3.483 -5.85 21
-1.045 -1.562 -3.068 20
3.178 -8.693 -4.503 20
7.858 -12.29 -6.032 20
8.7 -7.799 -1.986 20
2.798 -1.145 -1.101 20
-5.354 7.629 1.332 21
-5.903 7.461 3.094 20
-1.568 -3.639 7.195 20
-6.7 -6.496 5.314 20
-3.391 -9.235 -7.76 20
3.825 -5.904 0.673 21
5.13 -4.278 6.996 20
1.206 3.358 6.831 20
-2.324 7.571 3.649 20
-3.667 6.325 -0.02 20
-3.835 3.62 -0.755 20
-2.669 1.577 0.641 21
-0.634 0.766 3.151 20
0.079 0.855 3.025 20
-0.085 -0.385 0.573 20
0.548 -1.166 0.078 20
1.232 -0.734 0.297 21
1.044 -1.321 -1.207 20
0.91 -1.988 -1.539 20
0.183 -0.599 0.104 20
-0.82 1.055 1.042 20
-1.421 1.281 1.037 20
-1.445 0.703 0.168 21
-0.861 0.042 -0.305 20
0.126 -1.165 1.413 20
0.788 -2.51 3.468 20
2.41 -5.137 0.797 20
3.644 -6.137 -3.71 20
2.281 -3.813 -2.739 21
-0.27 -1.494 -1.288 20
-0.377 -0.159 -0.651 20
-0.223 -0.246 -0.46 20
-2.697 -0.422 -1.391 20
-5.588 -0.371 0.879 21
-5.902 -0.015 4.064 20
-5.137 0.689 3.871 20
-0.915 0.197 1.125 20
3.065 -0.188 -3.479 20
3.049 0.703 -2.124 20
2.822 0.926 0.17 21
2.412 2.12 0.513 20
1.958 2.324 0.274 20
0.895 1.87 0.186 20
0.264 2.362 0.377 20
0.04 3.54 0.309 21
-0.44 2.252 -0.929 20
-0.965 0.955 -2.466 20
-1.192 0.002 -3.84 20
-1.142 -0.084 -5.112 20
-0.872 -0.002 -4.924 21
-0.994 0.59 -3.047 20
-0.187 0.0 -0.442 20
0.117 -0.408 -0.241 20
6.873 -0.589 4.838 20
17.577 -4.143 3.304 20
18.17 -5.327 2.265 21
5.319 -2.334 0.831 20
-4.714 2.301 -5.866 20
-1.903 3.011 -4.494 20
6.194 -0.836 1.829 20
-1.198 -1.188 11.656 20
-11.31 -0.929 11.495 21
-6.156 -1.159 4.374 20
14.269 -0.493 1.562 20
15.526 -0.88 -7.184 20
4.447 2.213 -2.628 20
2.833 -0.81 4.783 21
-3.08 -1.016 7.637 20
-6.349 0.23 8.338 20
-5.63 0.588 6.419 20
-4.304 -0.024 3.264 20
-2.761 0.286 0.423 20
-2.502 1.437 -1.345 21
-3.416 1.754 -1.113 20
-4.01 1.501 -2.244 20
-3.76 1.998 -3.544 20
-3.17 2.856 -3.459 20
-2.722 3.619 -2.779 21
-2.469 4.475 -2.684 20
-2.278 4.907 -3.392 20
-0.463 4.66 -3.581 20
4.75 4.603 -5.588 20
4.855 4.585 -12.678 20
0.92 4.286 -8.515 21
3.318 1.874 -7.06 20
3.678 1.518 -5.847 20
2.135 1.438 -2.546 20
1.665 1.55 -4.934 20
2.458 2.393 -5.04 21
2.673 4.271 -1.031 20
3.081 6.289 1.73 20
3.758 5.117 1.376 20
3.962 3.551 0.223 20
3.346 3.405 0.672 20
2.686 4.179 2.709 21
2.639 4.49 4.629 20
1.222 5.481 5.209 20
-1.446 6.754 5.467 20
-0.889 6.637 5.608 20
1.251 5.445 4.782 21
2.797 2.993 3.344 20
2.241 0.238 2.772 20
1.61 0.08 -0.024 20
2.044 0.572 0.238 20
2.184 0.595 1.905 20
1.013 1.281 2.652 21
-0.472 1.996 2.456 20
-0.623 2.094 1.57 20
0.702 1.524 -0.712 20
0.578 0.423 -1.296 20
0.554 0.196 -0.449 21
0.904 0.667 1.109 20
0.799 0.047 1.802 20
0.639 -0.602 3.023 20
0.043 0.818 3.249 20
-1.494 2.372 3.594 20
-1.31 1.434 2.131 21
-0.118 0.373 2.681 20
-0.223 1.066 2.366 20
-0.127 1.94 0.557 20
-0.403 2.255 -3.868 20
-2.182 1.857 -1.512 21
-2.798 0.49 1.984 20
-0.994 -0.511 3.297 20
1.489 -1.62 4.601 20
0.342 -0.212 5.387 20
-1.677 0.065 3.298 20
-4.396 0.669 2.777 21
-4.638 0.964 3.922 20
-2.654 -0.811 4.293 20
-2.992 -0.281 4.997 20
-3.245 -0.225 4.629 20
-2.394 -0.541 3.345 21
-2.069 -0.45 1.997 20
-2.192 0.135 0.21 20
-2.216 0.516 -0.146 20
-1.906 0.369 -0.019 20
-1.416 0.067 0.197 20
-1.664 0.162 0.637 21
-1.797 0.374 -0.221 20
-2.195 0.22 1.082 20
-2.616 -0.04 1.039 20
-2.104 -0.265 -0.101 20
-1.611 -0.066 -1.497 21
-2.19 0.572 -1.94 20
-3.387 1.618 2.058 20
-4.663 2.53 5.587 20
-4.576 2.402 1.208 20
-3.795 2.431 -1.56 20
-3.407 2.24 -0.757 21
-3.545 1.833 0.238 20
-3.587 1.572 0.807 20
-2.168 0.207 0.822 20
-0.907 -1.52 0.026 20
-0.948 -0.963 -0.204 21
-1.399 0.433 -0.785 20
-1.494 0.767 -0.687 20
-0.84 0.082 -0.226 20
-0.624 -0.255 0.074 20
-0.924 0.181 0.103 20
-0.931 0.489 -0.18 21
-0.939 0.312 -0.358 20
-1.078 0.326 -0.09 20
-0.843 0.356 -0.01 20
-0.758 0.316 -0.125 20
-0.661 0.136 -0.039 20
-0.375 -0.084 -0.27 21
-0.335 0.021 -0.2 20
-0.349 0.141 0.227 20
-0.504 0.306 0.122 20
-0.477 0.334 -0.428 20
-0.391 0.134 -0.528 21
-0.332 0.076 -0.296 20
-0.256 -0.004 -0.154 20
-0.411 0.086 -0.141 20
-0.366 0.273 -0.319 20
-0.463 0.414 -1.339 20
-0.541 0.42 -0.444 21
-0.671 0.475 1.693 20
-0.381 0.32 0.886 20
-0.38 -0.011 -0.489 20
-0.059 -0.029 -1.376 20
-0.155 0.415 -0.583 21
-0.062 0.328 0.524 20
0.239 -0.073 0.166 20
0.278 -0.057 0.039 20
0.151 0.067 0.43 20
0.23 0.075 0.337 20
0.451 -0.039 -0.075 21
0.438 -0.063 -0.098 20
0.25 -0.038 0.112 20
0.376 -0.191 0.174 20
0.37 -0.185 0.234 20
0.251 -0.074 0.116 21
0.304 -0.038 -0.348 20
0.383 0.006 -0.576 20
0.244 0.098 -0.035 20
0.152 0.153 0.347 20
-0.013 0.241 0.189 20
0.074 0.096 -0.318 21
0.15 0.022 -0.228 20
0.155 0.114 0.152 20
0.169 0.064 0.21 20
0.114 0.019 0.003 20
-0.132 0.239 -0.119 21
0.044 0.142 -0.295 20
0.139 -0.068 -0.228 20
0.192 -0.091 0.011 20
-0.016 0.161 0.178 20
-0.066 0.134 0.15 20
0.155 -0.189 -0.274 21
0.105 -0.179 -1.471 20

# Completed @Sun Jan 24 20:46:09 GMT+02:00 2021
