# Accelerometer Data File
# Started @Sun Jan 24 20:47:41 GMT+02:00 2021
#
#
# sensor Vendor: BOSCH
# sensor Name: BMI160 Accelerometer Non-wakeup
# sensor Resolution: 0.0023928226m/sec^2; Max Range: 78.4532; Min Delay: 2500 microseconds
# The sensor's attributes are the result hardware and the Android capabilities.
# It means that the Android may not utilize all features provided by the hardware.
#
# Some devices and Android versions save battery too much so the device may go to sleep.
# It just happens after couple of minutes from turning off the scree and it is easy to find it out.
#
# The following file provides the data from accelerometer in the m/s^2 format.
# The diff value is just a time delta between the samples
#
#
# data format:
# so we have 4 columns with values separated by the " "
# X Y Z time_from_previous_sample(ms)

# sensor speed set to:NORMAL
# units set to: m/sec^2
# gravity  filtered out
# Accuracy: HIGH
-1.848 5.403 6.371 0
-1.42 4.641 6.15 20
-1.205 4.248 5.6 20
-1.162 3.87 5.055 20
-1.252 3.462 4.388 20
-1.181 3.206 4.195 20
-1.494 3.358 4.256 21
-1.899 3.619 4.218 20
-1.165 2.906 3.057 20
-0.734 2.035 2.712 20
-0.59 1.659 3.295 20
0.023 1.318 3.159 20
0.764 0.574 2.453 21
1.091 0.124 0.507 20
0.887 0.103 -0.233 20
0.175 0.384 1.126 20
-0.969 0.581 3.154 20
-1.045 0.154 4.426 20
0.122 -0.723 5.464 21
0.968 -1.125 4.286 20
1.164 -1.821 1.768 20
1.237 -2.592 -0.188 20
1.767 -2.928 -1.258 20
1.517 -2.038 -1.553 21
1.029 -0.12 -0.292 20
0.997 -0.55 0.666 20
0.845 -0.788 0.83 20
1.274 -0.713 1.029 20
1.981 -0.437 0.394 20
2.365 -0.083 -0.927 21
2.283 0.256 -1.443 20
1.462 0.66 -0.554 20
0.665 1.001 0.095 20
0.445 0.241 0.506 20
-0.487 -0.345 1.79 20
-1.742 0.342 1.542 21
-1.74 0.526 1.571 20
-0.98 0.57 1.539 20
0.234 0.504 0.971 20
1.004 0.439 0.44 20
1.013 0.572 0.176 21
1.25 -0.112 -0.45 20
1.08 -0.64 -0.451 20
0.679 0.018 0.355 20
0.419 -0.569 -0.501 20
-1.89 0.791 1.132 20
-0.888 0.842 0.075 21
0.349 0.449 -0.139 20
2.265 0.051 -0.041 20
3.938 -0.165 -1.19 20
3.16 -0.118 0.629 20
4.023 -1.13 -1.102 20
5.667 -2.138 -2.026 21
6.152 -1.892 -5.366 20
4.927 -1.229 -7.632 20
2.192 -1.306 -2.317 20
0.992 -0.714 -2.59 20
2.408 -1.033 -1.223 20
3.705 -3.051 -0.434 21
3.731 -3.966 -1.391 20
3.133 -3.66 -1.338 20
2.934 -3.223 0.765 20
1.252 -3.702 0.117 20
-1.858 -4.391 -1.276 21
-4.078 -3.969 -2.159 20
-4.53 -3.283 -2.213 20
-1.52 -3.317 -1.963 20
1.983 -3.143 -3.505 20
3.434 -2.039 -4.933 20
3.74 0.559 -5.77 21
5.12 2.189 -5.32 20
7.562 1.696 -1.75 20
9.078 0.893 0.858 20
8.578 0.89 1.035 20
7.356 0.9 0.82 20
6.148 0.818 1.007 21
6.507 1.276 2.295 20
6.234 1.107 -1.993 20
3.718 2.43 -8.764 20
1.934 3.148 -6.821 20
1.145 2.003 -1.301 21
-0.665 0.283 3.735 20
-3.714 -0.145 6.106 20
-4.354 0.765 3.833 20
-3.511 -0.41 4.573 20
-4.641 -1.587 4.577 20
-9.407 -0.954 0.567 21
-11.008 -0.27 -2.801 20
-5.819 -2.927 3.021 20
-3.827 -3.602 -1.648 20
0.017 -0.614 -0.608 20
-4.337 1.197 -2.526 21
-0.84 0.133 1.766 20
3.338 -1.397 3.045 20
2.113 1.118 -1.118 20
-2.208 4.061 -2.934 20
0.094 1.576 -1.64 20
3.377 -0.775 -1.426 21
2.407 -0.003 -2.398 20
2.611 -5.617 2.745 20
-2.647 -1.78 -4.632 20
0.019 -4.627 0.528 20
1.222 -8.463 -3.122 20
0.384 -5.767 -3.795 21
-0.824 -1.803 -0.645 20
-0.403 -0.357 -1.01 20
-0.165 -0.479 2.469 20
-1.884 -0.5 3.524 20
-2.611 -5.202 0.045 20
-0.035 -9.584 -0.1 21
2.385 -10.24 -0.806 20
2.221 -9.598 -1.318 20
0.469 -6.215 0.126 20
-2.197 -0.02 2.127 20
-3.365 2.445 1.597 20
-3.906 1.89 -1.216 21
-5.445 -0.217 -0.023 20
-6.134 -1.366 1.559 20
-3.696 -2.309 -1.539 20
-0.759 -5.375 -4.977 20
1.672 -2.711 -5.581 21
0.211 5.932 -3.986 20
2.967 -2.022 -0.819 20
1.612 -3.491 -1.129 20
-1.849 0.576 1.346 20
-1.556 2.974 1.099 20
-0.98 6.359 -0.871 21
-2.033 6.519 2.139 20
-5.241 2.529 4.665 20
-3.994 -1.015 -1.634 20
-0.111 -0.247 -3.295 20
-2.545 1.514 -3.263 20
-5.696 -0.385 -3.943 21
-3.424 -4.382 -5.925 20
-0.227 -7.186 -4.043 20
0.918 -9.139 -6.006 20
2.019 -7.906 -7.173 20
2.748 -5.541 -5.442 20
2.383 -4.06 -4.1 21
-0.905 -3.21 -0.042 20
-3.52 -3.061 6.31 20
-4.212 -4.506 8.359 20
-3.221 -1.436 5.483 20
-2.263 2.836 -0.458 21
-3.44 5.857 -1.6 20
-3.762 7.449 2.177 20
-3.162 5.904 3.565 20
-2.626 2.008 2.118 20
-0.897 -0.263 2.417 20
0.923 -1.733 1.263 21
3.806 -3.241 -1.503 20
5.12 -2.505 -0.588 20
3.495 0.954 2.225 20
2.648 3.325 1.595 20
3.627 2.967 -0.553 20
3.574 1.616 0.049 21
1.234 0.607 0.572 20
-2.049 0.19 -0.454 20
-3.42 -0.464 0.334 20
-2.902 -0.635 1.652 20
-0.22 -0.888 -0.754 21
2.312 -1.31 -3.488 20
3.323 -1.36 -1.835 20
3.644 -0.657 1.696 20
4.159 -0.393 2.177 20
3.859 -1.283 0.328 20
3.195 -3.043 -1.882 21
1.987 -3.403 -1.831 20
0.114 -0.516 -0.751 20
-0.384 1.19 0.565 20
-0.878 -0.375 -1.047 20
-2.271 -4.015 1.816 20
-4.677 -4.717 5.332 21
-6.835 -4.177 1.614 20
-1.971 -3.44 -2.593 20
1.785 -0.944 -4.436 20
-0.605 2.459 -1.14 20
-0.13 5.031 1.821 20
1.768 6.401 0.982 21
2.447 6.436 0.726 20
1.735 5.458 1.033 20
0.149 4.412 1.423 20
-1.361 3.869 0.595 20
-2.598 3.993 -0.089 21
-3.015 4.172 -1.218 20
-3.339 4.069 -3.502 20
-3.751 3.925 -5.786 20
-3.451 3.063 -5.488 20
-0.879 0.137 -2.27 20
7.206 -6.479 -3.106 21
16.019 -15.152 -5.27 20
10.554 -10.965 -6.414 20
-0.092 1.466 -3.733 20
-5.203 5.795 5.119 20
-6.82 1.846 7.914 20
-4.467 -5.924 5.609 21
-0.398 -7.542 1.862 20
-1.022 -0.018 0.794 20
-3.309 6.912 6.169 20
-3.305 8.444 7.772 20
-0.411 5.057 1.549 20
3.302 -1.695 -1.149 21
2.651 -5.283 -1.612 20
-0.047 -2.681 -1.638 20
-0.821 1.079 1.093 20
-0.514 2.251 2.96 20
0.517 0.845 1.69 21
1.539 -0.338 -0.225 20
1.747 -0.007 -1.358 20
0.098 0.547 -1.159 20
-1.595 0.011 -0.345 20
-1.632 -0.332 -0.043 21
-0.3 -0.206 0.083 20
1.012 -0.028 -0.439 20
1.616 -0.312 -0.053 20
1.67 -0.753 1.314 20
2.124 -0.914 1.821 20
2.871 -1.496 0.748 21
2.972 -2.512 -0.992 20
2.631 -2.548 -2.536 20
2.025 -1.827 -2.961 20
0.305 -0.72 -1.949 20
-0.374 0.266 0.103 20
-0.957 0.817 0.283 21
-1.064 -1.282 -0.715 20
-1.546 -4.896 1.708 20
-4.94 -5.377 3.462 20
-5.925 -4.714 2.424 20
0.572 -3.173 -1.312 20
1.273 0.832 -4.568 21
-1.21 4.235 -0.636 20
0.709 5.495 0.822 20
2.211 5.536 0.371 20
1.647 4.933 1.172 20
-0.038 4.317 1.57 20
-1.388 3.753 0.945 21
-2.558 3.238 0.202 20
-3.402 3.408 -0.57 20
-3.275 3.994 -1.739 20
-3.476 4.567 -3.618 20
-4.266 4.804 -5.802 20
-3.587 3.28 -5.524 21
-0.139 -0.703 -1.731 20
8.532 -7.407 -3.177 20
16.186 -14.044 -3.728 20
11.187 -8.086 -3.088 20
1.694 1.66 -2.932 20
-3.372 3.43 2.297 21
-5.76 -0.157 6.714 20
-4.602 -5.559 6.519 20
-1.695 -5.085 1.27 20
-3.513 2.423 0.21 20
-5.563 7.446 4.168 21
-4.231 7.274 6.552 20
-0.673 2.727 3.446 20
2.412 -2.887 1.296 20
2.757 -4.839 0.169 20
2.606 -2.74 -1.43 20
1.578 1.265 -0.12 21
1.498 2.32 1.135 20
1.139 0.589 0.182 20
0.385 -0.792 -0.777 20
-0.304 -0.021 -0.753 20
-1.283 0.758 0.179 20
-1.894 0.504 0.886 21
-1.775 0.035 0.898 20
-1.007 -0.319 -0.016 20
0.052 -0.492 -1.254 20
1.058 -0.889 -1.478 20
1.799 -1.632 0.342 20
2.415 -1.316 2.004 21
2.62 -0.923 1.715 20
2.355 -2.027 -0.212 20
2.439 -3.263 -3.362 20
1.587 -2.712 -3.826 20
0.372 -0.419 -0.781 21
0.565 0.657 0.961 20
-0.055 -0.169 -0.926 20
-1.574 -3.246 0.686 20
-3.913 -4.669 3.888 20
-6.671 -4.383 2.184 20
-3.393 -3.773 -0.802 21
1.102 -1.498 -3.05 20
-0.224 2.148 -1.24 20
-0.13 4.563 1.05 20
1.924 5.795 0.477 20
2.268 6.065 -0.018 20
1.054 5.46 0.784 21
-0.21 4.494 1.068 20
-1.192 3.684 0.593 20
-2.58 3.557 0.119 20
-3.268 3.96 -0.472 20
-3.342 4.463 -2.121 20
-3.849 4.871 -4.923 21
-3.382 3.98 -6.841 20
0.062 0.497 -4.911 20
6.625 -5.47 -3.477 20
13.122 -14.141 -2.774 20
8.535 -11.567 -2.203 21
2.098 -0.398 -3.397 20
-2.391 4.021 -0.352 20
-4.691 1.332 4.671 20
-3.976 -3.998 6.53 20
-0.631 -5.985 3.113 20
-1.776 0.464 1.537 21
-4.879 6.719 4.791 20
-4.021 7.526 6.569 20
-0.876 4.367 3.739 20
2.229 -1.45 0.099 20
2.674 -4.7 0.0 20
1.682 -3.353 -1.165 21
0.331 0.571 -0.804 20
0.297 2.36 0.955 20
1.044 1.263 1.514 20
1.636 -0.25 0.399 20
1.302 0.013 -0.698 21
-0.25 0.63 -0.316 20
-1.698 0.207 0.219 20
-2.099 -0.267 0.439 20
-1.396 -0.514 0.222 20
-0.299 -0.92 -0.726 20
0.25 -1.082 -1.13 21
0.675 -1.336 -0.105 20
2.072 -1.19 1.423 20
3.822 -0.706 1.455 20
4.768 -1.778 0.622 20
4.278 -3.431 -1.1 21
2.177 -3.176 -3.271 20
-0.538 -1.011 -2.525 20
-1.371 0.724 -0.175 20
-1.785 0.625 -0.584 20
-2.439 -2.498 -0.151 20
-3.909 -4.576 3.313 21
-6.032 -4.278 2.897 20
-3.279 -3.175 0.566 20
1.957 -0.853 -2.135 20
1.582 2.159 -2.747 20
0.777 4.494 0.89 20
2.103 5.521 0.656 21
2.434 5.586 -0.098 20
0.884 4.962 1.112 20
-0.859 4.27 0.944 20
-2.024 3.787 0.485 20
-3.061 3.529 0.09 21
-3.337 3.426 -0.673 20
-3.064 3.407 -2.16 20
-3.072 3.62 -4.535 20
-3.362 3.441 -5.893 20
-2.301 1.036 -4.15 20
3.365 -4.036 -2.459 21
12.961 -11.89 -3.429 20
13.87 -12.816 -3.267 20
4.31 -1.472 -5.588 20
-3.153 5.946 0.369 20
-6.526 4.36 7.481 20
-6.195 -3.339 7.906 21
-1.421 -8.149 4.114 20
-1.22 -2.869 -0.923 20
-4.263 5.036 1.111 20
-4.412 7.605 6.538 20
-1.755 4.951 5.106 20
2.619 -0.868 0.437 21
4.046 -4.569 0.212 20
2.173 -3.588 -0.943 20
0.291 0.458 -1.23 20
0.247 2.769 0.82 20
1.132 1.433 0.867 21
1.381 -0.425 0.064 20
0.831 -0.169 -0.385 20
-0.568 0.597 -0.209 20
-2.23 0.608 0.432 20
-2.783 0.032 0.893 20
-1.767 -0.584 0.269 21
0.157 -0.733 -0.975 20
1.956 -0.688 -1.323 20
2.813 -1.248 -0.057 20
2.868 -1.233 1.297 20
2.965 -0.815 1.26 20
3.14 -2.21 -0.318 21
3.372 -4.009 -2.731 20
1.614 -2.769 -3.616 20
-0.228 0.098 -1.117 20
-0.581 1.101 0.078 20
-1.178 -0.858 -0.789 20
-2.675 -4.159 2.307 21
-4.912 -4.883 4.42 20
-6.241 -4.192 1.203 20
-0.77 -3.036 -1.784 20
1.815 0.175 -2.649 20
-0.31 3.51 -0.515 21
0.779 5.125 1.584 20
2.219 6.044 0.115 20
1.751 5.99 0.33 20
0.09 5.089 1.416 20
-1.112 4.075 1.123 20
-2.184 3.569 0.668 21
-2.947 3.483 0.036 20
-3.167 3.592 -1.217 20
-3.45 3.692 -3.555 20
-3.773 3.791 -5.562 20
-3.618 2.318 -5.396 20
-0.014 -2.11 -2.975 21
9.328 -9.682 -4.857 20
16.178 -14.951 -3.843 20
7.72 -5.007 -4.521 20
-0.744 5.124 -2.679 20
-5.013 6.927 6.413 21
-5.413 1.032 8.011 20
-2.431 -7.724 6.46 20
-0.407 -8.151 1.534 20
-3.637 0.951 -1.037 20
-5.664 7.227 3.778 20
-3.819 7.092 6.393 21
-0.322 2.791 2.28 20
2.538 -2.532 -0.118 20
2.685 -4.745 -0.147 20
1.224 -1.563 -1.115 20
0.955 2.15 1.197 20
1.853 2.036 1.892 21
2.183 -0.193 0.748 20
1.685 -0.583 0.009 20
0.475 0.503 -0.569 20
-1.773 0.888 -0.111 20
-3.538 0.008 0.514 20
-3.687 -0.589 0.255 21
-1.776 -1.015 -0.89 20
0.809 -1.054 -1.793 20
2.463 -1.181 -1.051 20
2.859 -1.285 0.819 20
3.086 -0.62 1.92 21
3.461 -0.474 1.433 20
3.266 -2.0 -0.212 20
2.747 -3.454 -2.157 20
1.136 -2.627 -3.043 20
-0.074 -0.342 -1.204 20
-0.03 0.795 0.162 21
-0.516 -0.403 -1.699 20
-2.215 -3.361 -0.332 20
-4.689 -4.245 3.906 20
-7.074 -3.569 2.701 20
-3.989 -2.614 -0.723 21
1.034 -0.986 -2.709 20
1.081 1.61 -1.386 20
1.212 4.062 1.632 20
2.059 5.889 0.475 20
2.276 6.113 -0.238 20
1.071 5.2 1.162 21
-0.108 3.981 0.969 20
-1.451 3.381 0.208 20
-2.893 3.484 -0.192 20
-3.373 3.863 -0.785 20
-3.198 4.315 -2.502 20
-3.348 4.623 -5.432 21
-2.851 3.387 -6.678 20
0.046 -0.181 -4.62 20
6.52 -5.533 -4.597 20
12.655 -12.017 -2.575 20
9.695 -8.967 -0.502 20
2.41 -0.279 -2.189 21
-2.616 2.544 1.424 20
-5.394 -0.1 4.714 20
-4.762 -4.359 5.252 20
-1.649 -4.755 2.974 20
-2.694 2.015 1.204 20
-4.725 7.188 4.065 21
-3.217 6.163 5.924 20
0.542 1.401 2.893 20
3.797 -3.035 0.31 20
3.935 -3.786 -1.201 20
1.217 -0.844 -2.236 21
-0.227 1.986 0.567 20
0.133 2.452 2.642 20
0.154 0.924 2.514 20
0.115 -0.957 1.467 20
-0.598 -0.691 -0.326 20
-1.664 0.205 -0.901 21
-2.207 0.118 -0.729 20
-1.893 -0.493 -0.488 20
-0.678 -1.03 -0.599 20
0.747 -0.856 -0.754 20
1.884 -0.751 -0.72 20
2.399 -1.204 -0.191 21
2.501 -0.969 1.104 20
2.769 -0.564 1.532 20
3.19 -1.993 0.517 20
3.544 -3.956 -1.233 20
1.857 -3.045 -2.453 21
-0.471 -0.349 -2.138 20
-1.07 0.767 -0.116 20
-1.683 0.134 -0.667 20
-2.084 -3.173 -0.701 20
-3.797 -4.72 3.402 20
-6.571 -3.789 2.695 21
-4.362 -2.421 0.127 20
1.194 -0.883 -2.636 20
1.148 1.746 -1.958 20
1.121 4.131 1.331 20
2.492 5.798 0.863 20
2.724 5.893 0.195 21
1.361 4.905 1.236 20
-0.064 3.778 0.938 20
-1.331 3.146 0.48 20
-2.587 2.948 0.248 20
-3.264 3.326 -0.554 20
-3.034 3.607 -2.016 21
-2.961 3.85 -3.934 20
-2.868 3.541 -5.211 20
-1.533 1.216 -4.483 20
3.317 -3.583 -3.69 20
11.495 -9.669 -5.324 21
13.109 -10.621 -2.745 20
4.908 -1.732 -3.751 20
-1.52 4.354 -0.075 20
-5.19 4.086 7.274 20
-6.467 -2.511 7.715 20
-3.05 -8.775 4.902 21
-1.421 -5.569 -1.969 20
-4.202 3.552 -2.233 20
-5.039 7.617 5.158 20
-2.961 5.803 6.832 20
0.577 0.906 2.566 20
3.002 -3.588 2.014 21
3.073 -4.54 0.795 20
2.093 -1.167 -1.828 20
1.032 2.487 -1.018 20
1.179 1.885 -0.562 20
0.85 -0.107 -0.172 21
0.297 -0.276 0.108 20
-0.318 0.594 0.302 20
-1.492 1.095 0.614 20
-2.08 0.6 0.99 20
-1.367 -0.229 0.419 20
0.437 -0.846 -0.76 21
1.799 -0.443 -1.145 20
2.169 0.032 -0.304 20
1.751 -0.535 0.963 20
1.628 -1.329 1.537 20
1.715 -2.043 0.4 20
1.792 -3.044 -1.077 21
2.395 -3.397 -2.252 20
1.832 -2.096 -2.635 20
0.653 -0.146 -1.145 20
0.219 0.911 0.329 20
-0.274 0.248 -0.96 21
-1.204 -3.1 -0.09 20
-3.8 -4.838 3.389 20
-6.729 -4.421 2.501 20
-4.273 -3.298 0.597 20
1.327 -1.239 -2.443 20
0.953 1.721 -2.331 21
0.401 4.354 1.491 20
1.656 5.937 0.329 20
1.935 6.578 0.324 20
0.877 5.927 1.624 20
-0.361 4.756 1.123 21
-1.405 3.686 0.715 20
-2.463 3.151 0.484 20
-2.969 3.224 -0.413 20
-2.981 3.516 -2.273 20
-3.241 3.865 -4.542 20
-3.301 3.246 -5.767 21
-1.58 0.114 -4.322 20
4.426 -5.702 -4.144 20
13.079 -14.478 -5.659 20
11.291 -12.258 -4.257 20
1.801 0.99 -4.443 20
-4.158 7.699 3.197 21
-5.817 5.489 8.428 20
-4.812 -3.128 6.424 20
-1.007 -9.482 2.674 20
-0.47 -5.595 -2.991 20
-2.974 3.652 1.63 21
-4.196 7.896 8.129 20
-2.244 6.156 6.053 20
2.281 0.633 0.888 20
4.629 -3.948 0.355 20
2.122 -3.633 -0.926 20
-0.146 0.058 -2.64 21
-0.116 2.131 -0.119 20
0.401 1.282 1.386 20
0.294 0.088 0.892 20
0.392 0.347 -0.141 20
0.088 0.948 -0.049 20
-1.041 0.911 0.561 21
-1.521 0.374 0.973 20
-0.597 -0.441 0.56 20
0.71 -0.692 -0.144 20
1.469 -0.256 -0.854 20
1.815 -0.507 -0.921 20
1.537 -1.379 0.267 21
1.504 -1.269 1.569 20
2.05 -1.588 0.786 20
2.72 -3.206 -1.816 20
3.116 -4.064 -3.385 20
1.227 -2.259 -3.081 20
-0.413 -0.174 -0.688 21
-0.417 0.519 0.426 20
-0.923 -1.082 0.004 20
-2.49 -3.779 3.034 20
-5.161 -4.11 3.304 20
-5.643 -3.46 0.844 21
-0.15 -2.995 -1.825 20
1.229 -0.093 -2.601 20
-0.814 3.16 0.48 20
0.752 5.013 0.686 20
2.171 6.077 -0.328 20
1.484 5.973 1.129 21
0.111 5.214 1.115 20
-1.062 4.449 0.439 20
-2.406 4.06 0.25 20
-3.056 3.723 0.077 20
-2.972 3.614 -0.898 20
-3.249 4.19 -3.201 21
-3.659 4.743 -5.682 20
-2.299 2.799 -5.413 20
2.695 -2.021 -3.548 20
13.481 -10.563 -5.047 20
16.005 -15.153 -1.973 21
4.713 -3.759 -3.088 20
-2.165 4.657 -0.751 20
-6.008 4.584 3.405 20
-7.298 -1.477 5.226 20
-3.638 -7.941 5.26 20
-0.9 -6.781 -0.015 21
-2.589 1.852 -0.239 20
-4.018 7.384 6.346 20
-2.831 7.191 7.902 20
0.523 2.645 2.543 20
3.754 -2.376 0.09 20
3.083 -4.062 -0.056 21
0.901 -1.265 -1.624 20
-0.003 2.231 -0.369 20
0.003 2.512 1.407 20
-0.031 0.331 1.766 20
0.258 -0.999 0.564 21
0.37 -0.498 -1.081 20
-0.776 -0.067 -0.891 20
-1.975 -0.383 -0.194 20
-2.071 -0.509 -0.366 20
-0.977 -0.445 -0.896 20
0.517 -0.523 -1.05 21
1.538 -0.863 -0.706 20
1.717 -0.945 0.442 20
2.364 -0.449 1.786 20
3.857 -0.588 1.771 20
4.542 -2.308 0.686 20
3.758 -3.814 -1.352 21
0.806 -2.361 -2.961 20
-0.977 -0.088 -1.425 20
-1.289 0.713 -0.153 20
-1.699 -1.457 -1.819 20
-2.835 -5.091 0.287 21
-5.648 -5.286 4.12 20
-7.508 -3.581 3.018 20
-2.008 -1.465 -0.448 20
2.2 0.243 -3.68 20
1.07 2.537 -1.421 20
1.821 4.534 1.846 21
2.81 6.152 0.545 20
2.697 6.209 0.382 20
1.105 5.138 1.17 20
-0.464 3.93 0.876 20
-1.726 3.317 0.514 21
-2.896 3.362 0.142 20
-3.245 3.72 -1.09 20
-3.099 3.861 -2.977 20
-3.147 3.939 -4.708 20
-2.83 3.275 -5.179 20
-0.482 0.085 -3.59 21
5.496 -5.632 -4.565 20
12.251 -12.767 -5.545 20
10.157 -10.796 -3.298 20
2.359 0.174 -2.996 20
-3.165 5.143 2.192 21
-5.815 2.632 7.081 20
-5.621 -3.79 6.952 20
-1.579 -7.817 2.551 20
-1.016 -2.519 -3.011 20
-2.993 5.192 1.411 20
-3.728 7.553 7.369 21
-2.191 5.245 6.05 20
1.457 -0.131 1.459 20
3.745 -4.514 1.49 20
2.304 -3.782 0.23 20
0.801 0.443 -1.82 20
0.848 2.807 0.025 21
1.55 1.459 0.747 20
1.287 -0.527 0.034 20
0.799 -0.338 -0.559 20
-0.218 0.509 -0.288 20
-1.79 0.687 0.385 20
-2.389 0.237 0.719 21
-1.764 -0.308 0.216 20
-0.275 -0.587 -0.818 20
1.076 -0.419 -1.156 20
1.578 -0.526 -0.385 20
1.328 -0.995 0.911 21
1.436 -1.003 1.59 20
2.129 -1.687 0.894 20
3.136 -3.239 -0.827 20
3.709 -3.892 -2.62 20
1.335 -1.454 -2.25 20
0.167 0.288 -0.218 21
-0.058 0.151 -0.5 20
-0.598 -2.767 -0.983 20
-2.907 -4.903 2.775 20
-6.187 -4.331 4.645 20
-6.008 -2.567 2.676 20
-0.017 -1.407 -2.804 21
1.238 0.296 -4.052 20
0.125 2.722 1.207 20
1.697 4.558 1.697 20
2.795 5.93 -0.546 20
1.715 6.092 0.049 21
-0.087 5.125 0.98 20
-1.527 4.224 0.371 20
-2.905 4.175 0.394 20
-3.647 4.473 -0.05 20
-3.58 4.508 -1.552 20
-3.453 4.472 -3.915 21
-3.265 4.339 -5.287 20
-2.339 2.437 -4.036 20
1.824 -2.698 -2.839 20
12.245 -12.173 -7.345 20
16.82 -16.781 -3.866 21
5.419 -3.383 -2.425 20
-1.976 5.57 -0.984 20
-5.685 6.244 5.238 20
-6.88 0.553 6.726 20
-4.103 -7.905 6.226 20
-0.931 -8.801 0.826 21
-2.213 0.553 -1.759 20
-4.346 7.669 3.314 20
-4.023 7.188 5.434 20
-0.555 2.315 2.86 20
2.992 -1.979 1.627 20
3.154 -4.037 1.775 21
1.612 -0.996 0.713 20
1.643 2.66 0.696 20
2.819 2.088 0.247 20
1.599 -0.444 -0.851 20
-0.785 -1.292 -1.988 21
-1.54 -0.443 -1.354 20
-2.048 0.348 0.314 20
-2.374 0.357 0.649 20
-1.64 -0.04 -0.379 20
-0.23 -0.146 -1.253 20
1.267 -0.287 -0.974 21
2.442 -0.877 0.373 20
2.858 -1.071 1.622 20
2.813 -0.559 1.667 20
2.357 -1.117 1.045 20
2.158 -2.707 -0.296 20
2.074 -3.391 -2.868 21
0.48 -1.56 -3.461 20
-0.289 0.257 -1.239 20
-0.312 0.285 -1.025 20
-0.585 -2.377 -1.159 20
-2.458 -4.679 2.688 20
-5.386 -4.814 4.064 21
-5.733 -3.811 1.568 20
-0.216 -2.231 -1.99 20
0.917 0.38 -2.681 20
-0.48 3.166 0.029 20
1.656 4.859 1.929 21
2.475 6.294 -0.203 20
1.469 6.589 0.59 20
0.018 5.842 1.374 20
-1.033 4.768 0.614 20
-1.99 3.968 0.555 20
-2.779 3.681 -0.149 21
-2.813 3.671 -1.637 20
-2.616 3.72 -3.351 20
-2.891 3.787 -5.053 20
-2.072 1.951 -4.735 20
1.657 -2.865 -2.699 21
10.033 -10.275 -3.877 20
13.208 -13.812 -3.656 20
6.105 -4.579 -4.09 20
-0.097 3.019 -1.525 20
-4.468 2.76 4.133 20
-6.886 -1.872 6.21 21
-4.26 -6.79 4.34 20
-1.887 -3.324 -0.696 20
-3.565 4.823 0.268 20
-4.092 7.928 6.631 20
-2.224 5.768 7.001 21
1.518 0.627 2.422 20
4.721 -3.938 0.651 20
3.76 -3.898 -0.674 20
1.372 -0.378 -2.012 20
0.043 2.475 -0.815 20
-0.133 1.984 0.479 21
-0.396 -0.042 1.009 20
-0.755 -0.624 0.494 20
-0.966 0.088 -0.104 20
-1.447 0.418 0.177 20
-1.831 0.195 0.431 20
-1.611 -0.22 0.355 21
-0.525 -0.668 -0.576 20
1.096 -0.821 -1.402 20
2.375 -0.86 -0.686 20
3.289 -1.129 1.093 20
4.262 -0.904 1.656 20
4.045 -1.088 0.551 21
2.638 -2.738 -1.439 20
1.624 -3.769 -2.841 20
-0.017 -1.563 -2.281 20
-0.582 0.591 0.139 20
-0.854 0.62 -0.178 21
-1.521 -2.71 -1.325 20
-3.121 -6.272 1.722 20
-6.709 -6.382 3.58 20
-7.11 -4.758 2.692 20
0.085 -2.148 -1.798 20
1.629 1.285 -4.459 21
0.242 4.379 0.151 20
1.843 6.052 2.257 20
2.258 6.844 0.091 20
1.217 6.431 0.778 20
-0.266 5.561 1.395 20
-1.009 4.634 0.99 21
-1.587 3.863 0.574 20
-2.006 3.541 -0.269 20
-2.383 3.831 -1.846 20
-2.872 4.255 -4.048 20
-2.97 4.144 -6.037 21
-1.858 1.942 -4.816 20
2.464 -3.214 -2.263 20
10.328 -10.628 -4.235 20
11.47 -11.827 -3.969 20
5.041 -1.954 -2.701 20
0.111 3.154 -1.39 21
-3.351 2.377 3.153 20
-5.072 -2.497 5.815 20
-3.78 -8.476 5.16 20
-2.072 -5.879 -0.609 20
-3.337 3.364 -0.563 20
-4.103 8.098 5.9 21
-2.656 7.131 7.938 20
0.433 2.638 3.957 20
5.073 -3.088 0.52 20
5.234 -4.691 -0.64 20
2.201 -0.764 -1.776 21
0.48 2.621 -0.961 20
-0.404 2.736 1.015 20
-1.514 0.815 1.426 20
-1.488 -0.688 1.143 20
-1.016 -0.574 0.529 20
-1.201 0.064 0.111 21
-1.751 -0.012 -0.351 20
-1.757 -0.561 -1.075 20
-0.624 -0.709 -1.341 20
1.257 -0.625 -0.672 20
2.731 -0.912 0.086 20
3.193 -1.287 0.96 21
3.046 -0.949 1.37 20
2.183 -1.095 0.474 20
0.979 -2.396 -0.728 20
1.078 -3.325 -2.237 20
1.181 -1.942 -2.374 21
1.106 0.034 -0.612 20
0.819 0.956 0.373 20
-0.291 0.334 -1.108 20
-0.979 -3.053 -0.266 20
-3.063 -5.535 3.168 20
-7.159 -5.038 2.334 21
-5.596 -4.234 0.499 20
1.213 -2.347 -2.004 20
0.703 1.714 -2.291 20
0.0 4.677 1.167 20
1.855 6.292 0.535 20
2.42 6.344 0.3 21
1.346 5.466 1.366 20
0.297 4.41 1.197 20
-0.952 3.611 0.547 20
-2.502 3.52 0.414 20
-3.176 3.84 -0.642 21
-2.951 3.963 -2.059 20
-2.803 4.105 -3.929 20
-2.79 4.074 -5.228 20
-1.444 1.832 -4.369 20
3.335 -3.503 -3.018 20
11.571 -12.207 -5.413 21
12.833 -14.988 -6.064 20
4.185 -2.36 -4.531 20
-2.827 6.613 0.695 20
-6.285 6.486 7.099 20
-6.066 -1.119 6.624 21
-1.956 -8.966 4.957 20
0.649 -7.68 -0.953 20
-1.886 2.164 0.349 20
-4.235 8.206 7.279 20
-3.391 7.661 6.991 20
0.3 2.331 1.573 21
3.161 -3.252 0.84 20
2.069 -4.91 0.409 20
0.896 -1.509 -2.49 20
0.675 2.216 -1.385 20
1.03 2.029 0.693 21
1.162 0.12 0.822 20
1.106 -0.29 0.392 20
0.327 0.409 0.245 20
-1.809 0.851 0.497 20
-3.305 0.317 0.87 20
-2.886 -0.341 0.326 21
-0.739 -0.966 -1.349 20
1.479 -1.15 -2.169 20
2.678 -1.179 -0.316 20
3.232 -1.145 1.845 20
3.167 -0.567 1.632 20
2.661 -1.729 0.473 21
2.173 -3.858 -0.966 20
1.285 -3.824 -3.344 20
-0.214 -1.141 -2.853 20
-0.218 0.727 0.278 20
-0.285 0.833 0.077 21
-1.515 -1.668 -0.82 20
-3.263 -4.343 2.154 20
-6.031 -4.309 3.31 20
-5.337 -3.719 1.459 20
1.166 -2.273 -2.056 20
1.133 1.286 -3.092 21
-0.221 4.087 0.683 20
2.359 5.19 1.421 20
3.274 5.762 -0.371 20
1.975 5.349 0.956 20
0.111 4.638 1.005 20
-1.118 4.141 0.148 21
-2.211 3.902 0.223 20
-2.863 3.887 -0.443 20
-2.956 4.02 -1.851 20
-3.102 4.047 -3.663 20
-3.135 3.78 -4.413 20
-2.341 1.677 -3.937 21
1.277 -3.03 -2.905 20
9.754 -10.434 -5.924 20
15.108 -14.313 -3.805 20
7.173 -3.984 -3.75 20
-0.904 5.281 -2.646 21
-5.757 8.172 5.359 20
-7.876 3.955 8.057 20
-5.306 -5.824 5.816 20
-0.935 -11.634 -0.547 20
0.459 -6.804 -5.552 20
-2.354 3.853 3.781 21
-4.388 8.586 9.165 20
-1.626 6.02 5.946 20
3.29 0.27 1.842 20
4.638 -3.734 0.519 20
2.307 -2.942 -0.025 20
0.686 1.089 -1.873 21
-0.05 2.703 -0.97 20
-1.295 0.934 0.245 20
-1.886 -0.303 0.686 20
-0.477 0.145 1.107 20
0.283 0.887 0.639 21
-0.455 0.557 -0.226 20
-1.154 -0.766 -1.355 20
-0.439 -1.435 -1.791 20
1.13 -0.576 -0.868 20
2.238 0.328 0.223 20
1.984 0.08 1.123 21
0.873 -0.798 1.679 20
0.697 -2.234 1.524 20
1.475 -3.718 0.837 20
2.815 -4.34 -1.137 20
2.924 -2.914 -2.504 20
1.806 -1.004 -1.975 21
0.825 0.279 -0.586 20
-0.328 0.728 -1.241 20
-2.304 -0.752 -1.89 20
-4.543 -3.591 1.469 20
-6.654 -4.36 4.213 21
-6.109 -3.363 2.362 20
0.307 -1.716 -1.059 20
2.656 0.833 -2.708 20
0.989 3.791 0.017 20
2.011 5.24 1.227 20
2.94 5.732 -0.266 21
1.941 5.603 0.508 20
0.115 5.012 1.061 20
-1.489 4.485 0.989 20
-2.573 3.78 0.681 20
-3.23 3.378 -0.376 20
-3.256 3.234 -1.582 21
-2.706 2.971 -3.422 20
-2.567 3.116 -5.036 20
-2.067 1.869 -4.691 20
1.94 -2.112 -4.108 20
9.725 -8.075 -5.784 21
13.95 -12.653 -3.597 20
5.736 -5.504 -3.736 20
-0.621 2.714 -1.943 20
-4.302 5.336 5.671 20
-5.943 0.79 8.848 20
-4.122 -7.144 7.908 21
-1.039 -7.008 0.815 20
-2.664 2.079 -4.071 20
-4.187 7.213 2.432 20
-3.175 5.666 8.309 20
-0.044 1.18 4.26 21
2.551 -2.818 0.567 20
2.018 -4.222 0.232 20
0.46 -0.967 -2.33 20
0.067 2.335 -1.989 20
1.17 1.528 0.197 21
1.092 0.064 0.861 20
0.567 -0.012 0.652 20
0.178 0.706 0.617 20
-0.876 1.215 1.172 20
-1.347 0.304 1.061 20
-0.904 -0.764 -0.055 21
0.19 -0.899 -1.249 20
1.223 -0.915 -1.645 20
1.379 -1.451 -0.172 20
0.829 -1.504 1.064 20
0.615 -1.338 0.829 20
1.508 -2.065 0.146 21
3.22 -3.156 -1.78 20
3.295 -2.534 -2.859 20
2.084 -0.314 -1.044 20
1.397 0.645 0.295 20
0.3 -0.337 -0.484 21
-1.458 -3.235 0.501 20
-3.82 -4.764 3.189 20
-6.415 -4.341 3.316 20
-3.566 -3.351 0.361 20
0.905 -1.345 -3.932 20
-0.213 2.163 -0.965 21
0.066 4.478 1.601 20
2.088 5.727 0.258 20
2.222 6.268 -0.397 20
0.713 5.917 0.664 20
-0.468 4.797 0.764 20
-1.717 3.751 0.536 21
-2.882 3.38 0.743 20
-3.074 3.585 -0.326 20
-2.741 3.709 -2.109 20
-2.62 3.714 -4.108 20
-2.422 3.14 -4.926 20
-0.559 0.182 -3.702 21
5.235 -5.384 -3.83 20
12.479 -11.546 -6.368 20
11.005 -8.551 -3.737 20
3.176 0.561 -1.328 20
-1.612 1.984 1.962 20
-4.53 -0.258 4.569 21
-5.353 -4.425 6.149 20
-2.966 -6.044 5.103 20
-3.846 0.508 -0.475 20
-6.176 6.925 -1.208 20
-4.875 7.09 3.664 21
-1.873 2.779 5.55 20
1.001 -1.601 4.273 20
2.926 -4.239 2.645 20
3.75 -3.641 -0.372 20
3.038 0.297 -2.103 20
2.691 2.397 -0.687 21
2.394 1.259 -0.209 20
0.482 0.171 -0.309 20
-0.654 0.398 0.012 20
-1.49 0.895 0.598 20
-2.201 0.805 1.148 20
-2.054 0.058 1.104 21
-0.956 -0.759 -0.282 20
0.124 -0.629 -1.877 20
0.984 -0.42 -2.084 20
1.442 -1.329 -0.336 20
1.572 -1.786 1.657 21
1.787 -1.336 2.202 20
2.275 -2.423 1.023 20
2.841 -4.162 -2.028 20
1.584 -3.075 -3.843 20
0.182 -0.376 -1.656 20
-0.051 0.4 0.076 21
-0.6 -1.211 -1.686 20
-2.206 -3.492 0.161 20
-4.316 -3.554 4.651 20
-6.099 -2.563 3.248 20
-3.29 -1.679 -0.786 21
1.219 -0.918 -2.952 20
0.892 1.531 -0.604 20
1.286 3.838 1.728 20
2.955 5.222 1.121 20
2.582 5.767 -0.417 20
0.968 5.057 0.534 21
-0.527 3.917 0.73 20
-1.757 3.342 0.355 20
-2.89 3.577 0.449 20
-3.334 4.168 -0.638 20
-3.391 4.624 -2.868 20
-3.757 5.147 -4.746 21
-3.325 4.218 -4.97 20
-0.66 0.511 -3.399 20
6.175 -5.059 -4.605 20
15.343 -11.758 -6.13 20
13.319 -10.336 -1.475 20
2.672 -0.709 -1.939 21
-2.372 3.063 1.117 20
-6.011 1.752 5.466 20
-6.921 -3.998 6.747 20
-2.944 -8.11 3.479 20
-2.089 -2.36 -3.131 21
-3.984 5.401 -1.179 20
-4.892 7.845 5.433 20
-3.083 4.853 6.876 20
0.247 0.03 4.17 20
3.115 -3.717 2.291 20
3.547 -4.1 0.454 21
3.249 -0.003 -0.994 20
3.042 2.823 -0.168 20
1.777 1.544 -0.011 20
-0.843 -0.381 -0.749 20
-1.175 -0.518 -0.308 21
-0.708 -0.013 0.229 20
-1.53 0.045 0.512 20
-2.308 -0.366 0.034 20
-2.159 -0.31 -0.96 20
-1.083 0.225 -1.643 20
0.695 0.28 -1.457 21
2.098 -0.426 0.165 20
2.492 -1.274 1.791 20
2.426 -1.731 2.166 20
1.953 -2.142 0.94 20
1.553 -2.471 -1.365 21
2.124 -2.157 -3.309 20
1.78 -0.766 -2.59 20
1.237 0.545 -0.28 20
0.883 0.98 0.963 20
0.021 0.093 -0.187 20
-0.556 -3.628 0.572 21
-3.014 -5.848 2.747 20
-6.841 -5.419 2.314 20
-5.215 -3.723 1.242 20
-0.444 -1.324 -3.227 20
-0.988 1.431 -2.523 20
-0.1 3.241 1.266 21
1.959 4.81 -0.091 20
2.772 5.722 0.444 20
2.137 5.809 0.457 20
1.018 5.256 0.494 20
-0.62 4.511 0.683 21
-2.108 4.191 0.749 20
-2.682 4.309 -0.095 20
-2.75 4.479 -1.64 20
-2.947 4.324 -3.58 20
-3.103 3.569 -4.942 20
-1.797 0.896 -4.373 21
3.047 -4.317 -3.642 20
11.489 -11.664 -6.201 20
13.654 -12.496 -4.225 20
4.174 -1.331 -2.886 20
-1.846 5.019 0.15 20
-5.005 4.515 5.482 21
-6.807 -0.729 6.686 20
-3.58 -7.695 4.851 20
-0.456 -7.443 -1.182 20
-1.711 1.241 -1.392 20
-4.196 7.33 5.031 21
-3.974 6.64 6.908 20
-0.377 1.615 3.436 20
3.074 -2.961 1.204 20
2.989 -4.364 0.508 20
1.437 -0.998 -0.993 20
1.069 2.68 -0.838 21
1.314 2.373 0.506 20
0.27 0.053 0.542 20
-0.497 -0.63 -0.171 20
-0.006 0.275 0.054 20
-0.456 0.791 0.48 20
-1.622 0.427 0.451 21
-1.953 -0.178 0.141 20
-0.848 -0.431 -0.394 20
0.868 -0.162 -0.904 20
2.122 -0.447 -1.116 20
1.962 -1.31 -0.161 21
0.78 -1.278 1.033 20
0.413 -1.327 1.301 20
1.461 -2.79 0.392 20
3.233 -4.154 -1.545 20
3.326 -3.053 -2.943 20
1.236 -0.359 -2.11 21
0.009 0.929 0.056 20
-0.955 0.627 -0.447 20
-2.103 -2.496 0.08 20
-4.103 -5.271 3.062 20
-6.568 -4.919 3.383 20
-4.756 -3.623 0.954 21
1.341 -1.646 -3.166 20
0.455 1.963 -2.252 20
0.653 4.302 1.4 20
3.015 5.433 0.495 20
3.188 6.105 -0.052 21
1.754 5.991 1.086 20
0.253 5.027 1.094 20
-1.265 4.248 0.879 20
-2.818 4.026 0.644 20
-3.494 3.945 -0.508 20
-3.287 3.494 -2.264 21
-2.887 3.067 -4.197 20
-2.738 3.008 -5.069 20
-1.511 0.948 -3.963 20
3.041 -3.895 -3.366 20
10.503 -9.851 -6.229 20
14.273 -11.644 -3.566 21
5.906 -2.134 -2.768 20
-0.822 4.065 -1.059 20
-4.982 3.585 6.216 20
-7.25 -1.888 8.708 20
-3.408 -8.443 6.858 21
-1.661 -5.311 -1.103 20
-4.149 3.739 -4.735 20
-4.734 7.772 2.27 20
-3.694 6.121 7.159 20
-0.873 1.046 4.972 20
2.046 -3.046 2.738 21
3.338 -4.77 1.321 20
3.612 -2.023 -0.468 20
3.238 2.139 -1.1 20
2.825 2.574 -1.126 20
0.855 -0.093 -1.087 21
-1.243 -0.771 -0.659 20
-0.994 0.163 0.251 20
-1.3 0.998 0.866 20
-2.177 0.97 0.857 20
-2.11 0.163 0.131 20
-0.967 -0.449 -0.853 21
0.704 -0.359 -1.223 20
1.899 -0.176 -0.775 20
2.186 -0.338 0.798 20
1.991 -1.082 1.639 20
1.719 -2.324 1.233 21
1.816 -3.65 0.334 20
2.13 -3.766 -1.557 20
1.564 -2.283 -2.721 20
0.616 -0.569 -2.009 20
-0.249 0.513 -0.338 20
-0.942 0.324 -0.912 21
-1.837 -2.03 -1.084 20
-3.876 -4.168 2.76 20
-6.315 -4.042 3.476 20
-5.14 -2.461 2.382 20
0.728 -0.662 -1.201 21
1.815 1.158 -2.888 20
0.694 3.327 0.444 20
2.563 4.683 0.374 20
3.546 5.243 -0.583 20
2.102 5.279 0.912 20
0.245 4.699 0.722 21
-1.165 4.093 -0.13 20
-2.439 3.749 0.311 20
-2.949 3.676 -0.448 20
-2.769 3.808 -1.793 20
-2.492 4.05 -3.317 20
-2.469 4.064 -4.005 21
-1.713 2.092 -3.756 20
1.251 -2.029 -3.628 20
7.885 -7.44 -5.738 20
14.746 -12.61 -3.72 20
9.53 -7.434 -2.239 20
0.428 1.861 -2.811 21
-4.407 5.129 3.987 20
-7.527 1.598 7.024 20
-6.16 -5.743 6.225 20
-1.448 -8.297 1.109 20
-1.592 -1.622 -2.866 21
-4.026 6.027 2.301 20
-5.075 8.0 6.958 20
-2.515 3.69 5.072 20
1.196 -1.488 2.963 20
3.036 -4.67 1.623 20
3.147 -3.299 -0.593 21
3.224 0.99 -1.747 20
2.992 2.758 -0.962 20
1.479 0.857 -0.31 20
-0.727 -0.606 -0.507 20
-1.191 -0.289 -0.191 21
-1.423 0.421 0.48 20
-2.426 0.859 0.829 20
-2.515 0.536 0.55 20
-0.998 -0.12 -0.608 20
1.287 -0.149 -1.099 20
2.851 0.029 -0.218 21
3.092 -0.771 1.069 20
1.627 -1.461 1.354 20
0.248 -1.923 0.408 20
0.784 -3.281 -0.643 20
2.583 -4.037 -1.904 20
2.896 -2.396 -2.609 21
1.457 0.158 -1.675 20
0.665 1.072 0.132 20
-0.481 0.816 -0.648 20
-1.668 -1.908 -0.54 20
-2.872 -4.774 3.226 21
-5.881 -4.726 3.403 20
-5.744 -3.287 2.293 20
0.627 -1.98 -2.322 20
1.383 0.483 -3.017 20
-0.181 3.39 1.255 20
1.873 5.093 0.909 21
2.555 5.976 -0.259 20
1.103 6.066 0.728 20
-0.078 5.21 0.739 20
-1.349 4.107 0.025 20
-2.74 3.605 0.704 21
-3.094 3.495 0.109 20
-2.642 3.548 -1.677 20
-2.343 3.64 -3.387 20
-2.273 3.478 -4.154 20
-1.273 1.492 -3.903 20
2.227 -2.737 -3.605 21
9.423 -8.608 -6.054 20
14.774 -12.423 -5.442 20
7.551 -4.761 -3.593 20
-0.385 2.872 -1.158 20
-5.255 3.521 5.371 21
-7.595 -1.608 7.292 20
-4.026 -7.775 6.39 20
-0.651 -4.816 1.726 20
-3.242 4.586 -1.693 20
-4.916 8.812 2.846 20
-3.721 6.071 5.456 21
-0.281 -0.244 3.16 20
2.82 -3.937 1.725 20
3.178 -3.836 -0.538 20
2.03 -0.393 -0.611 20
1.62 2.456 0.84 20
1.594 2.159 1.176 21
0.57 0.089 0.744 20
-1.073 -0.609 0.094 20
-1.826 -0.041 -0.788 20
-2.035 0.38 -0.563 20
-2.123 0.174 -0.127 21
-1.415 -0.569 -0.22 20
0.11 -0.745 -0.659 20
1.634 -0.341 -1.268 20
2.628 -0.608 -1.501 20
2.48 -1.203 0.065 21
2.007 -0.949 1.684 20
1.897 -1.035 2.05 20
1.451 -2.171 0.65 20
1.37 -3.062 -2.32 20
1.188 -2.077 -4.002 20
0.716 -0.084 -1.379 21
0.357 1.034 0.836 20
-0.29 0.536 -0.866 20
-1.302 -3.124 -0.699 20
-3.683 -5.323 2.972 20
-6.879 -4.864 2.239 20
-5.251 -3.655 0.834 21
1.038 -1.675 -0.911 20
1.081 1.081 -2.676 20
0.085 3.75 0.445 20
2.103 5.209 0.922 20
2.423 5.902 0.388 21
1.6 5.573 1.041 20
0.878 4.563 0.784 20
-0.328 3.848 0.193 20
-1.727 3.715 0.275 20
-2.434 3.874 -0.722 20
-2.266 3.948 -2.066 21
-2.326 4.077 -3.304 20
-2.494 3.896 -3.806 20
-1.572 1.882 -3.27 20
1.523 -2.688 -2.389 20
7.403 -9.105 -4.91 21
10.983 -12.318 -5.376 20
7.763 -4.83 -3.456 20
1.575 3.038 -2.578 20
-3.005 5.753 2.428 20
-5.093 2.741 6.599 20
-4.698 -4.547 6.98 21
-1.704 -8.717 2.25 20
-1.268 -3.883 -4.278 20
-2.657 4.333 1.39 20
-3.674 7.871 7.874 20
-2.302 5.424 5.381 20
1.467 -0.624 1.81 21
3.694 -5.21 1.67 20
2.406 -3.585 -0.415 20
1.325 1.007 -2.419 20
0.781 3.45 -0.375 20
-0.323 2.402 0.832 21
-0.868 -0.122 1.154 20
-0.076 -1.166 1.388 20
0.118 -0.526 0.587 20
-1.137 0.177 -0.173 20
-2.146 0.071 -0.557 20
-2.072 -0.313 -1.008 21
-0.452 -0.559 -0.862 20
1.174 -0.268 -0.487 20
1.833 -0.298 -0.115 20
1.565 -1.027 0.519 20
1.549 -1.75 1.041 20
2.062 -2.01 0.915 21
2.296 -2.527 -0.206 20
2.532 -2.975 -2.436 20
2.039 -1.977 -3.693 20
1.038 -0.015 -1.45 20
0.492 1.214 0.326 21
-1.158 1.278 -1.101 20
-2.493 -1.723 -0.182 20
-3.934 -5.043 3.903 20
-7.255 -5.121 1.933 20
-5.126 -4.35 -0.06 20
2.901 -2.703 -0.929 21
1.839 1.143 -2.16 20
0.088 4.308 0.899 20
2.047 5.511 0.412 20
2.112 5.745 0.362 20
0.911 5.269 1.602 20
-0.08 4.598 1.002 21
-1.096 4.22 0.548 20
-1.998 4.05 0.243 20
-2.365 4.025 -0.739 20
-1.988 3.958 -2.168 20
-1.804 4.149 -4.075 21
-1.889 3.751 -4.668 20
-0.657 0.828 -3.097 20
2.866 -4.571 -1.951 20
8.836 -11.314 -3.84 20
9.834 -10.812 -3.937 20
5.356 -1.791 -4.143 21
-0.213 4.476 -2.469 20
-4.546 6.423 3.268 20
-6.444 1.635 6.58 20
-4.018 -6.895 6.172 20
-0.715 -10.077 0.631 21
-1.079 -3.251 -3.39 20
-2.816 4.975 3.921 20
-3.919 7.944 7.918 20
-1.964 4.858 4.022 20
2.298 -0.918 1.561 20
4.062 -4.53 0.965 21
2.524 -2.617 -0.142 20
1.276 1.613 -0.425 20
0.691 3.515 0.479 20
0.113 1.494 0.12 20
-0.576 -1.058 -0.061 21
-0.172 -1.185 0.043 20
-0.193 -0.079 -0.299 20
-1.224 0.21 -0.351 20
-1.834 0.006 0.026 20
-1.494 -0.019 0.192 20
-0.305 0.081 0.237 21
1.089 0.047 -0.098 20
1.767 -0.388 -0.41 20
1.787 -1.128 0.542 20
1.634 -1.588 1.456 20
1.151 -2.227 1.239 21
0.855 -3.166 -0.186 20
1.259 -3.244 -2.892 20
1.198 -1.622 -3.614 20
0.864 0.046 -0.847 20
0.683 0.714 0.516 20
-0.352 0.072 -0.678 21
-1.805 -2.746 -0.815 20
-4.093 -4.425 2.53 20
-6.684 -4.127 2.738 20
-3.748 -3.153 0.8 20
1.02 -1.26 -1.985 21
0.59 1.532 -0.749 20
0.656 3.632 0.664 20
2.759 4.842 0.373 20
3.384 5.162 0.465 20
2.123 4.7 0.518 21
0.49 3.982 0.552 20
-1.089 3.424 0.35 20
-2.539 3.47 0.378 20
-3.041 4.041 -0.231 20
-2.776 4.376 -1.557 20
-2.751 4.672 -2.865 21
-2.818 4.433 -3.622 20
-1.534 2.08 -3.383 20
2.021 -2.178 -2.727 20
8.972 -8.42 -4.981 20
13.236 -12.786 -5.507 20
8.068 -5.45 -3.766 21
1.238 2.571 -2.264 20
-3.195 5.729 1.939 20
-5.665 3.235 5.464 20
-5.368 -4.06 6.362 20
-1.595 -9.628 2.084 20
0.06 -5.384 -3.246 21
-2.274 4.215 2.147 20
-4.608 8.647 7.436 20
-3.623 6.848 4.98 20
0.212 0.241 1.613 20
2.571 -5.357 1.663 21
2.02 -5.102 0.046 20
1.32 -0.422 -1.888 20
1.003 3.008 -0.237 20
0.542 3.005 0.603 20
-0.695 0.831 0.428 20
-0.61 -0.963 0.213 21
0.248 -0.653 -0.349 20
-0.104 0.041 -0.29 20
-0.958 0.075 -0.028 20
-1.17 -0.097 -0.04 20
-0.613 -0.253 -0.038 20
0.238 -0.435 -0.763 21
0.626 -0.258 -1.39 20
0.719 0.319 0.695 20
1.729 -0.119 2.557 20
2.541 -1.871 1.747 20
2.238 -3.941 0.533 21
1.85 -3.931 -1.724 20
1.822 -2.397 -4.583 20
1.062 -1.006 -2.93 20
0.874 -0.047 -0.05 20
-0.446 0.961 0.297 20
-2.365 0.153 -0.916 21
-3.157 -3.397 0.706 20
-5.629 -5.433 2.938 20
-6.627 -5.071 2.066 20
-0.359 -2.949 0.874 20
3.451 0.316 -2.513 21
0.892 3.876 -1.128 20
1.044 5.455 0.661 20
2.313 5.603 0.298 20
1.584 5.511 1.195 20
0.095 5.216 1.392 20
-1.082 4.537 0.848 21
-2.093 3.907 0.526 20
-2.675 3.451 -0.192 20
-2.409 3.246 -1.408 20
-1.614 3.221 -2.882 20
-1.545 3.524 -4.131 21
-1.557 2.618 -3.987 20
0.234 -0.855 -2.549 20
4.389 -5.588 -3.26 20
9.939 -9.744 -4.896 20
11.457 -8.026 -2.611 20
5.135 -1.133 -3.522 21
-0.774 3.462 -1.956 20
-4.814 2.96 4.396 20
-7.295 -3.594 8.492 20
-3.61 -10.122 7.126 20
-1.617 -5.163 -2.328 21
-3.104 4.024 -4.305 20
-4.926 8.416 4.416 20
-4.517 6.775 6.904 20
-1.188 0.541 2.605 20
2.85 -3.619 4.476 20
7.017 -4.954 4.708 21
5.435 -1.813 -1.581 20
-1.469 3.617 -3.492 20
-3.261 3.273 0.887 20
-0.962 -1.579 3.69 20
-3.024 -1.065 0.395 21
-2.728 0.22 -0.713 20
0.649 -0.647 -1.487 20
-0.487 -0.004 -0.182 20
-2.023 0.054 1.271 20
-0.682 0.137 -0.938 20
0.448 1.427 -1.765 21
0.341 1.088 -0.831 20
0.578 -0.734 0.031 20
1.09 0.246 0.983 20
0.888 0.664 1.251 20
1.157 -2.689 1.958 21
0.636 3.962 0.165 20
0.544 -0.042 -3.195 20
0.363 -4.225 3.976 20
-1.074 -4.41 4.912 20
-2.842 -4.624 2.229 20
-1.657 -0.945 -0.255 21
0.991 1.002 -1.143 20
2.289 0.719 -1.993 20
-0.506 -0.411 -2.923 20
-1.937 -0.702 -1.027 20
-2.866 -1.332 0.218 21
-3.959 -2.279 0.041 20
-4.969 -2.126 0.491 20
-5.481 -1.116 2.439 20
-1.82 -6.067 1.013 20
-0.045 -5.218 -3.373 20
0.261 -1.542 -1.546 21
0.377 -1.494 0.166 20
0.167 1.587 0.805 20
1.019 3.105 2.003 20
-1.009 3.862 1.477 20
1.003 4.681 2.136 20
6.495 3.566 2.493 21
9.409 0.952 -1.506 20
3.742 2.295 -0.511 20
-0.966 2.218 -0.619 20
-1.652 2.458 -0.225 20
-0.224 1.507 0.978 21
0.559 0.634 -1.521 20
-2.241 -0.36 -3.578 20
-7.473 -1.324 -5.56 20
-1.931 -4.13 -2.401 20
11.483 -2.029 10.096 20
12.137 -1.63 -4.723 21
11.241 -2.463 -4.673 20
9.381 -2.57 2.394 20
1.438 -2.822 4.949 20
-4.14 -2.803 6.515 20
-5.925 -2.451 7.166 20
-6.442 -0.984 6.479 21
-5.973 -0.314 4.684 20
-5.136 0.077 1.239 20
-6.962 0.582 -3.291 20
-5.748 1.641 -5.571 20
-8.644 4.792 -12.147 21
-5.126 4.589 -3.26 20
1.867 2.765 3.412 20
4.599 2.788 0.725 20
5.532 2.928 -2.295 20
4.218 3.154 -5.921 21
2.86 2.623 -7.681 20
3.389 1.934 -2.984 20
2.185 1.672 0.04 20
2.189 2.22 -4.272 20
2.934 2.253 -6.003 20
3.067 0.9 -5.023 21
3.038 0.169 -5.179 20
2.812 0.739 -4.736 20
2.417 2.047 -2.527 20
2.071 2.786 -0.709 20
1.194 3.135 0.62 20
0.083 4.566 1.084 21
0.6 6.233 1.741 20
0.15 8.492 2.235 20
0.702 8.811 3.495 20
-0.029 8.932 5.594 20
0.311 8.544 4.638 21
2.365 6.874 5.985 20
2.079 5.482 3.104 20
1.312 6.068 3.938 20
3.147 5.004 5.209 20
4.29 3.555 2.109 20
3.471 2.759 2.146 21
3.251 1.612 5.506 20
0.188 3.46 3.925 20
0.658 3.574 2.032 20
2.457 2.819 -2.791 20
1.979 1.466 -1.798 20
1.235 0.763 1.688 21
-0.746 0.857 3.876 20
-1.939 -0.334 3.949 20
-1.35 -0.509 2.543 20
-0.213 -0.31 2.405 20
0.288 0.046 1.458 21
0.04 -0.115 1.228 20
-1.067 0.061 1.18 20
-2.105 0.256 0.98 20
-2.283 -0.222 1.678 20
-2.177 -0.863 2.827 20
-2.462 -1.204 2.881 21
-4.132 -0.698 2.565 20
-6.722 1.527 6.368 20
-4.625 0.307 7.512 20
-2.142 -0.449 5.65 20
-2.318 0.151 3.882 21
-3.244 0.192 3.699 20
-2.741 -0.076 1.563 20
-1.393 -0.148 -1.041 20
-0.747 0.098 -1.86 20
-0.968 0.382 -1.484 21
-1.571 0.852 -0.685 20
-1.871 1.123 -0.211 20
-1.943 1.299 -0.267 20
-1.843 1.208 -0.454 20
-2.161 1.311 -1.073 20
-3.254 2.107 0.36 21
-4.569 3.259 5.595 20
-3.933 2.301 2.496 20
-2.274 0.728 -0.842 20
-1.941 0.146 -0.368 20
-1.734 -0.189 0.931 20
-1.946 -0.396 1.547 21
-2.211 -0.313 1.112 20
-1.979 0.235 0.518 20
-1.785 0.746 -0.169 20
-1.973 1.152 -0.387 20
-2.446 1.369 -0.365 20
-2.174 1.363 -0.484 21
-1.708 1.285 -1.24 20
-1.553 0.822 -1.474 20
-1.147 -0.022 -0.671 20
-1.145 0.214 -0.101 20
-0.883 0.307 -0.438 21
-0.743 0.16 -0.155 20
-1.012 0.446 -0.038 20
-1.189 0.61 -1.852 20
-1.464 0.868 0.577 20
-1.018 0.292 0.883 20
-1.205 0.452 -0.129 21
-0.843 0.37 -1.084 20
-0.552 0.243 -0.756 20
-0.197 0.057 0.128 20
0.1 0.187 0.151 20
0.237 0.052 0.003 21
0.036 0.189 0.017 20
0.028 0.133 -0.134 20
0.004 0.031 -0.004 20
-0.047 -0.003 0.114 20
0.351 -0.24 0.053 20
0.398 -0.317 0.183 21
0.435 -0.376 0.204 20
0.491 -0.185 0.114 20
0.366 0.238 0.008 20
0.412 0.11 0.164 20
0.28 -0.04 0.402 20
0.142 0.082 0.412 21
0.177 0.117 0.077 20
0.175 0.045 0.067 20
0.325 -0.112 0.03 20
0.351 -0.103 -0.133 20
0.195 -0.045 0.032 21
0.201 -0.032 0.262 20
0.205 -0.02 0.009 20
0.148 -0.031 -0.291 20
0.079 0.053 -0.182 20

# Completed @Sun Jan 24 20:48:16 GMT+02:00 2021
