# Accelerometer Data File
# Started @Sun Jan 24 20:41:40 GMT+02:00 2021
#
#
# sensor Vendor: BOSCH
# sensor Name: BMI160 Accelerometer Non-wakeup
# sensor Resolution: 0.0023928226m/sec^2; Max Range: 78.4532; Min Delay: 2500 microseconds
# The sensor's attributes are the result hardware and the Android capabilities.
# It means that the Android may not utilize all features provided by the hardware.
#
# Some devices and Android versions save battery too much so the device may go to sleep.
# It just happens after couple of minutes from turning off the scree and it is easy to find it out.
#
# The following file provides the data from accelerometer in the m/s^2 format.
# The diff value is just a time delta between the samples
#
#
# data format:
# so we have 4 columns with values separated by the " "
# X Y Z time_from_previous_sample(ms)

# sensor speed set to:NORMAL
# units set to: m/sec^2
# gravity  filtered out
# Accuracy: HIGH
-2.463 4.709 6.309 0
-2.217 4.219 5.943 20
-2.21 3.971 6.08 20
-1.892 3.749 5.663 20
-1.362 3.266 4.89 20
-1.159 2.886 4.106 20
-1.47 3.155 3.986 20
-1.627 3.215 3.812 21
-0.697 2.723 3.325 20
0.023 1.785 3.158 20
0.163 1.494 2.851 20
0.168 1.888 1.065 20
0.382 1.727 0.446 20
0.505 1.069 0.946 21
0.418 0.533 1.619 20
0.633 -0.028 1.973 20
0.682 -0.252 2.482 20
-0.377 1.15 2.661 20
-0.596 2.049 0.948 20
0.299 1.143 -1.284 21
0.217 0.988 -0.496 20
0.0 0.794 1.18 20
-0.241 0.374 1.577 20
-0.588 0.345 1.267 20
-0.128 0.304 1.42 20
0.255 0.159 1.407 21
0.311 -0.106 1.148 20
0.314 -0.177 0.583 20
0.718 -0.258 -0.354 20
0.78 -0.021 -0.657 20
0.935 0.221 -0.208 20
1.536 -0.203 0.161 20
1.785 -0.327 0.098 21
1.568 -0.182 -0.058 20
1.029 -0.332 0.307 20
0.993 -0.055 -0.057 20
0.762 0.057 0.155 20
0.063 0.2 1.159 21
-0.417 0.068 1.699 20
-0.19 0.096 0.688 20
0.076 0.246 -0.4 20
-0.146 0.391 -0.735 20
-0.235 0.367 -0.556 20
0.322 -0.024 -0.099 20
0.588 -0.005 -0.229 21
0.447 0.096 -0.517 20
-0.08 0.225 -0.506 20
-0.326 0.148 -0.283 20
0.085 0.291 0.158 20
0.419 0.451 0.147 20
0.336 0.559 0.315 21
0.033 0.57 0.467 20
-0.252 0.634 0.211 20
-0.242 0.516 0.265 20
0.008 0.163 0.631 20
0.003 0.246 0.342 20
-0.081 0.258 0.189 20
-0.323 0.213 0.728 21
-0.159 0.152 0.918 20
-0.069 0.238 0.592 20
0.159 0.189 0.263 20
0.393 -0.183 0.2 20
0.25 -0.626 0.447 20
0.134 -1.081 1.45 21
0.261 -1.326 2.178 20
-0.144 -1.379 1.609 20
0.126 -1.922 0.683 20
-0.138 -2.342 -0.249 20
-1.728 -1.052 -0.25 20
-0.21 -0.353 -2.2 21
0.41 -0.585 -2.571 20
1.24 -0.98 -1.928 20
1.762 -1.524 -0.849 20
2.64 -1.65 0.822 20
3.446 -1.301 0.27 20
3.297 -1.201 -0.362 21
3.573 -0.976 -0.835 20
1.694 -0.805 -1.898 20
0.151 -0.161 -2.879 20
-0.368 -0.111 -0.72 20
3.529 -1.576 0.097 20
3.34 -0.988 -1.265 21
0.622 0.682 -0.828 20
-0.668 1.299 -3.686 20
-2.145 2.021 -0.995 20
-0.786 1.144 3.305 20
3.097 -1.565 1.612 20
3.466 -1.958 -0.868 20
-1.484 -0.199 -0.548 21
1.369 -2.109 1.398 20
4.628 -3.237 -0.15 20
5.066 -3.728 0.288 20
3.55 -4.207 -1.223 20
1.085 -5.032 -1.786 20
0.021 -5.223 -1.929 21
0.48 -4.91 -1.242 20
1.971 -4.173 -0.846 20
5.573 -3.682 -2.588 20
9.662 -2.803 -4.879 20
11.365 -0.429 -6.056 20
11.996 3.235 -5.183 21
11.874 6.199 -1.31 20
10.695 7.013 -0.403 20
8.304 6.309 -2.712 20
4.727 6.351 -9.821 20
2.834 5.481 -19.814 20
-2.612 2.207 -1.355 20
-4.423 -1.039 10.007 21
-4.375 -0.819 6.109 20
-5.639 -0.56 0.162 20
-3.598 -2.119 -4.307 20
-2.235 -1.584 -2.21 20
-2.853 -0.188 2.042 20
-5.001 -1.107 0.376 21
-1.453 -2.171 -3.55 20
-1.038 -0.576 -2.326 20
-2.286 0.438 -0.996 20
0.356 0.728 2.487 20
1.183 0.765 0.205 20
0.405 0.714 -4.335 20
0.474 -0.917 -2.645 21
0.586 -0.976 1.446 20
2.05 -1.031 3.636 20
3.505 -1.2 2.694 20
3.118 -1.209 3.3 20
0.861 -2.246 3.921 20
-3.294 -1.271 4.947 21
-4.256 -2.819 1.904 20
-5.958 -2.134 -0.752 20
-7.057 -0.006 1.416 20
-5.601 1.705 3.672 20
-4.67 1.882 1.379 20
-1.172 1.858 2.214 21
1.318 0.35 1.499 20
-0.615 0.703 -6.067 20
1.601 -2.391 -4.212 20
0.562 0.173 -0.656 20
0.82 0.203 2.207 20
1.579 -1.985 4.696 21
0.183 -2.39 3.574 20
2.049 -1.657 -0.097 20
-1.88 2.888 -3.338 20
-2.125 2.748 -1.499 20
1.924 -0.447 -1.136 20
0.845 -1.702 -0.287 20
2.77 -2.931 2.865 21
6.962 -2.951 -0.096 20
0.801 -0.45 -5.485 20
0.559 -1.067 -8.013 20
8.34 -5.007 -0.694 20
3.91 -3.92 -0.086 20
-1.295 -2.29 -3.35 21
-4.28 -1.552 -4.459 20
-7.254 -3.339 -2.032 20
-9.547 -7.708 -0.408 20
-8.467 -13.771 -1.413 20
-1.028 -14.537 -4.546 20
2.832 -13.053 -2.999 21
3.67 -13.106 -2.677 20
0.955 -5.116 0.463 20
-3.204 2.757 5.544 20
-3.644 2.822 5.03 20
-4.836 5.355 1.475 20
-3.52 3.201 -1.501 20
-2.644 2.786 -2.534 21
-0.519 1.386 -4.335 20
-0.582 -0.94 -2.084 20
-1.571 0.738 -1.796 20
-2.516 4.193 -2.862 20
-4.217 5.744 -3.714 20
-1.786 2.533 -1.998 21
0.31 1.448 -1.037 20
-0.106 2.575 1.101 20
1.609 -3.162 -2.652 20
4.77 -8.195 -8.576 20
2.586 -8.216 -3.676 20
-0.901 -6.855 4.583 21
-3.239 -4.281 6.436 20
-6.746 -6.22 6.332 20
-9.133 -7.062 5.071 20
-8.211 -0.662 -4.716 20
-4.341 4.017 -3.027 20
-1.333 2.414 5.353 20
-2.603 0.183 5.547 21
-4.561 -1.734 3.644 20
-3.126 -3.606 0.18 20
-1.738 -2.812 -4.289 20
-2.379 -1.522 -4.009 20
-0.41 -0.557 -0.191 20
1.588 1.753 3.005 21
-0.055 3.664 3.17 20
-5.228 2.768 1.762 20
-6.333 1.822 0.118 20
-4.775 1.718 -0.557 20
-2.491 1.69 -1.338 20
-1.353 0.719 -1.646 21
-0.448 -3.15 -1.382 20
0.158 -3.952 -0.302 20
0.502 -1.716 -1.591 20
1.55 -2.167 1.133 20
2.798 -4.841 1.742 20
2.497 -4.873 -0.805 20
0.891 -3.948 -2.445 21
-1.405 -2.537 -5.204 20
-3.798 -0.026 -2.907 20
-4.703 0.2 -0.682 20
-6.278 -0.58 -0.222 20
-6.562 0.593 3.366 20
-8.239 1.58 5.021 21
-7.383 3.541 4.471 20
-1.908 3.478 -3.393 20
-0.21 2.809 -7.275 20
-0.335 3.358 -1.52 20
1.377 2.72 -0.406 20
2.496 1.454 0.804 21
3.566 0.045 1.795 20
3.847 -0.288 2.603 20
1.852 1.195 2.554 20
0.778 3.41 2.35 20
0.75 5.784 1.417 20
1.175 7.622 0.154 21
0.443 7.933 -3.159 20
-0.169 6.245 -7.705 20
0.599 2.809 -8.53 20
2.505 -3.464 -4.229 20
3.07 -12.009 -1.926 20
-0.259 -15.594 -3.211 21
-1.244 -8.423 -4.491 20
-1.273 -0.673 3.278 20
-4.892 0.642 8.733 20
-7.189 -1.01 5.106 20
-3.234 1.755 -1.662 20
1.086 5.977 1.759 21
3.325 7.706 5.095 20
3.693 6.133 5.989 20
2.539 1.611 5.06 20
2.098 -3.445 1.585 20
-0.017 -5.0 -0.901 20
1.657 -3.362 -0.306 21
3.645 -0.561 0.614 20
3.067 -0.408 -0.164 20
1.471 -0.507 1.017 20
-0.37 0.383 1.894 20
-1.829 1.153 0.963 20
-2.487 1.596 0.119 20
-2.885 1.281 0.161 21
-2.916 -0.122 -0.592 20
-1.414 -1.763 -2.762 20
1.024 -3.1 -2.574 20
2.504 -3.577 -0.014 20
2.98 -2.81 1.019 20
2.9 -2.259 -0.332 20
1.696 -2.702 -2.351 21
1.007 -3.783 -2.151 20
0.792 -2.016 -1.172 20
0.12 0.894 -0.87 20
-1.877 0.941 -1.423 20
-4.811 -1.125 1.426 20
-6.225 -2.276 6.171 21
-7.679 -1.615 3.596 20
-3.254 -1.777 -3.213 20
1.481 -1.539 -2.24 20
-0.617 1.529 -0.371 20
0.877 3.161 0.904 20
3.146 3.916 1.079 21
3.905 4.075 1.394 20
3.754 3.281 1.524 20
2.764 2.724 1.21 20
1.614 2.991 0.683 20
0.951 3.712 0.255 20
0.832 4.651 0.234 21
0.388 5.652 -0.981 20
-0.173 6.247 -3.097 20
-0.359 5.771 -4.736 20
0.217 3.072 -3.279 20
1.166 -3.031 -2.445 20
3.393 -12.96 -6.805 20
2.439 -19.934 -7.231 21
0.694 -9.421 -4.421 20
0.153 2.742 2.016 20
-2.778 4.932 7.564 20
-7.442 1.302 6.411 20
-8.034 -1.466 0.35 20
-2.033 1.525 -1.92 21
2.283 5.723 7.011 20
3.674 6.432 7.108 20
2.64 3.783 3.346 20
1.509 -0.472 0.397 20
-0.292 -3.297 -0.127 20
-1.77 -2.793 -0.17 21
0.331 -0.105 -0.319 20
2.392 0.592 0.608 20
3.368 -0.734 0.936 20
2.145 -1.262 0.687 20
0.7 -0.581 -0.06 20
-0.242 0.644 -0.742 21
-1.518 1.328 0.149 20
-2.076 0.975 1.201 20
-1.739 0.145 0.464 20
-0.694 -0.889 -1.532 20
0.759 -2.076 -2.686 20
1.591 -2.61 -1.402 21
1.233 -2.015 0.695 20
1.619 -1.746 1.285 20
1.61 -2.464 -0.526 20
0.629 -3.248 -2.125 20
0.075 -2.794 -1.94 20
-0.369 0.175 -1.412 20
-0.481 1.854 -0.521 21
-1.905 0.806 -1.115 20
-4.313 -1.598 -0.4 20
-6.613 -2.061 3.766 20
-7.502 -1.074 3.904 20
-1.873 -1.264 -0.405 20
1.955 -0.504 -3.38 21
0.666 1.518 -1.805 20
2.443 2.125 0.824 20
4.079 2.54 1.19 20
3.858 3.25 0.743 20
3.289 3.17 0.919 20
2.178 3.101 1.025 21
0.886 3.455 1.095 20
0.043 4.045 0.647 20
-0.221 4.436 -0.04 20
-0.288 4.592 -1.064 20
-0.338 4.863 -2.557 20
-0.751 4.754 -4.296 21
-0.962 2.28 -4.103 20
-0.918 -4.024 -3.885 20
0.264 -12.961 -7.151 20
1.904 -16.255 -5.95 20
3.938 -5.695 -2.749 20
2.615 3.937 2.699 21
-0.181 6.022 6.864 20
-4.041 1.376 4.326 20
-7.591 -3.235 1.703 20
-4.952 -3.485 -3.272 20
0.913 2.063 5.139 20
2.917 6.169 7.453 21
3.013 5.513 3.164 20
2.69 1.708 1.041 20
1.46 -2.461 1.633 20
-0.845 -3.987 2.282 20
-0.09 -1.409 -1.97 20
1.261 1.551 -2.683 20
1.169 1.965 0.318 21
0.388 0.622 2.472 20
0.015 -0.632 1.731 20
0.699 -0.616 -0.739 20
0.168 0.27 -1.088 20
-1.107 0.552 0.389 20
-1.669 0.227 0.84 21
-1.06 -0.358 0.066 20
-0.156 -1.003 -0.742 20
-0.041 -1.771 -0.806 20
-0.182 -2.043 -0.089 20
0.65 -2.14 0.24 21
1.081 -2.657 -1.24 20
0.82 -3.211 -2.267 20
1.15 -3.088 -1.773 20
1.078 -0.86 -2.062 20
1.17 1.202 -1.069 20
0.191 1.571 -0.705 20
-2.33 -1.021 -1.434 21
-5.32 -3.485 2.975 20
-8.779 -2.42 4.665 20
-5.95 -2.226 1.568 20
1.056 -1.38 -1.901 20
1.086 1.549 -2.623 20
1.299 2.897 -0.61 21
3.258 3.267 0.595 20
3.581 3.671 0.977 20
3.652 3.737 1.539 20
2.886 3.758 1.413 20
1.636 4.134 1.343 20
0.795 4.305 1.129 21
0.323 4.36 0.52 20
-0.293 4.448 -0.643 20
-0.481 4.173 -2.073 20
-1.356 4.042 -3.806 20
-1.658 2.823 -3.902 20
-1.015 -2.139 -3.361 21
1.517 -10.956 -6.668 20
4.649 -17.997 -5.624 20
3.651 -10.408 -4.788 20
1.947 2.468 0.907 20
-0.478 6.94 8.856 20
-4.802 2.477 6.25 21
-8.716 -3.131 2.04 20
-5.455 -2.995 -4.027 20
0.076 3.556 4.362 20
1.437 7.685 5.681 20
1.358 6.151 2.778 20
1.451 1.666 1.54 21
0.023 -2.223 3.555 20
-1.966 -3.995 5.584 20
0.905 -2.658 -1.254 20
3.531 0.119 -6.214 20
2.861 1.14 -2.251 20
1.227 0.193 2.182 21
0.096 -0.394 1.69 20
0.558 -0.042 -0.636 20
0.112 0.601 -0.51 20
-0.674 0.615 0.458 20
-0.831 0.098 0.214 20
0.307 -0.575 -0.716 21
1.814 -0.955 -0.832 20
1.999 -1.2 -0.089 20
1.178 -1.468 1.264 20
-0.032 -1.897 1.095 20
-1.846 -2.406 -1.681 20
-2.065 -2.81 -2.875 20
-0.424 -2.733 -1.842 21
0.492 -1.567 -2.173 20
0.792 -0.18 -2.24 20
0.4 0.98 -0.653 20
-0.518 0.977 -0.616 20
-2.236 -1.483 0.671 20
-5.71 -2.678 4.903 21
-8.05 -1.567 4.861 20
-3.28 -1.57 -0.231 20
1.195 -0.546 -3.875 20
0.601 1.976 -1.677 20
2.203 2.813 0.355 20
3.669 3.041 -0.234 21
3.906 3.22 0.903 20
3.554 3.059 1.356 20
2.347 3.439 1.055 20
0.918 4.164 1.014 20
0.196 4.42 0.742 20
-0.2 4.362 0.04 21
-0.468 4.092 -0.853 20
-0.335 3.915 -2.527 20
-0.379 3.718 -4.253 20
-0.359 1.697 -4.229 20
-0.323 -3.239 -3.821 20
0.892 -10.874 -7.169 21
1.922 -17.488 -6.67 20
2.271 -9.407 -3.127 20
1.615 3.181 1.978 20
-1.208 7.16 8.302 20
-6.363 3.361 6.844 20
-8.193 -1.7 3.268 21
-3.741 -1.823 -3.84 20
1.528 3.041 3.606 20
3.37 5.225 7.525 20
2.405 4.068 3.959 20
2.113 0.313 1.116 20
1.986 -2.742 1.882 21
-0.361 -3.11 2.935 20
-0.599 -0.425 -2.564 20
0.684 1.638 -3.694 20
1.463 1.052 -0.011 20
1.576 -0.646 2.577 20
1.138 -1.279 1.715 21
1.136 -0.459 -0.961 20
0.115 0.896 -0.955 20
-1.621 1.423 0.657 20
-2.377 1.18 1.094 20
-1.594 0.49 -0.034 20
0.44 -0.914 -1.322 21
1.88 -2.674 -1.688 20
1.191 -3.539 -0.984 20
0.005 -2.335 0.342 20
-0.115 -1.528 -0.105 20
0.329 -2.49 -2.143 20
1.559 -4.14 -2.47 21
1.99 -3.103 -2.119 20
1.047 0.147 -1.541 20
-0.95 1.536 -1.499 20
-3.472 0.298 0.524 20
-5.634 -1.756 5.473 20
-7.692 -2.145 5.764 21
-4.724 -2.161 -0.973 20
0.521 -1.522 -2.811 20
0.072 1.255 -0.771 20
0.888 3.078 0.152 20
3.445 3.536 -0.114 20
3.949 3.913 0.565 21
3.673 3.785 1.59 20
2.717 3.835 1.05 20
1.54 4.148 0.656 20
0.329 4.593 1.086 20
-0.22 4.654 0.824 20
-0.442 4.32 -0.445 20
-0.001 3.862 -2.643 21
0.208 3.48 -4.502 20
0.254 1.433 -4.599 20
0.204 -3.269 -3.518 20
1.562 -10.865 -4.717 20
1.897 -14.507 -4.523 20
1.957 -6.222 -2.674 21
1.798 1.434 -0.261 20
-0.959 3.529 3.809 20
-4.599 0.453 3.917 20
-7.125 -2.985 1.986 20
-3.636 -1.755 -1.905 20
0.163 4.208 3.491 21
1.397 6.84 6.719 20
2.463 5.158 4.544 20
1.352 1.923 2.393 20
0.839 -2.049 3.486 20
0.035 -4.526 3.911 20
1.571 -2.929 -4.924 21
2.597 0.662 -5.729 20
1.622 1.695 0.267 20
0.364 0.654 2.769 20
-0.68 -0.119 2.689 20
-0.42 0.014 1.186 20
-0.574 0.763 0.242 21
-1.556 1.329 0.332 20
-2.314 1.429 0.359 20
-2.122 0.529 -0.415 20
-0.81 -1.495 -1.374 20
0.906 -3.042 -1.67 20
2.086 -3.081 -1.408 21
2.297 -2.048 0.002 20
2.234 -1.88 0.28 20
0.937 -2.932 -1.813 20
-0.34 -3.449 -2.311 20
-0.375 -1.959 -1.444 20
-0.173 0.862 -1.467 21
-0.372 1.702 -1.45 20
-2.617 0.599 -1.363 20
-4.857 -1.506 3.285 20
-6.626 -2.037 6.266 20
-6.589 -1.214 1.51 20
-0.885 -1.399 -3.644 21
0.397 0.001 -1.617 20
-0.14 2.258 -0.086 20
2.98 2.345 0.447 20
4.051 2.968 -0.12 20
3.844 3.474 0.704 20
3.46 3.273 1.433 21
2.323 3.767 0.915 20
1.528 4.339 0.625 20
1.176 4.383 0.306 20
0.709 4.437 -0.759 20
0.438 4.547 -2.737 20
0.461 4.03 -4.98 21
0.421 2.023 -4.814 20
-0.086 -2.674 -2.571 20
0.823 -10.802 -3.849 20
-0.049 -14.372 -3.783 20
1.457 -5.902 -3.62 20
1.721 1.744 -0.682 21
-2.029 3.473 3.915 20
-6.071 0.407 4.377 20
-7.708 -2.325 0.395 20
-3.824 -0.922 -2.739 20
0.88 3.955 5.998 20
3.644 5.22 9.734 20
4.675 3.549 6.639 21
3.558 0.85 1.557 20
2.614 -2.899 -0.298 20
-0.042 -4.666 1.641 20
-1.607 -1.092 -3.365 20
-1.078 2.573 -4.139 20
-0.306 2.348 0.263 21
-0.029 0.71 3.229 20
0.423 -0.662 2.477 20
1.366 -0.846 -0.471 20
1.232 -0.216 -1.026 20
-0.223 0.244 0.214 20
-1.395 0.554 0.995 21
-1.353 0.706 0.854 20
-0.368 0.223 0.152 20
0.813 -0.809 -0.841 20
0.958 -1.972 -1.24 20
-0.07 -2.323 -0.469 20
-0.656 -1.631 0.345 21
-0.261 -1.755 -0.29 20
0.691 -3.218 -1.734 20
2.116 -4.435 -2.129 20
1.911 -2.532 -1.766 20
1.034 0.355 -1.248 21
-0.135 1.606 -1.143 20
-1.982 1.232 -1.197 20
-3.847 -0.787 1.725 20
-6.106 -1.849 5.629 20
-6.323 -1.524 4.225 20
-0.939 -1.492 -1.67 21
1.47 -0.722 -3.178 20
0.458 1.305 -0.907 20
2.344 2.213 0.205 20
3.556 2.71 -0.067 20
3.215 3.213 0.842 20
2.517 3.53 1.247 20
1.687 3.849 0.654 21
0.516 4.158 0.688 20
-0.169 4.411 0.665 20
-0.244 4.328 -0.074 20
-0.306 3.819 -1.5 20
0.015 3.215 -3.251 20
-0.001 2.301 -4.127 21
-0.266 -0.076 -3.619 20
-0.037 -4.281 -3.219 20
1.365 -8.367 -4.861 20
2.559 -9.048 -4.491 20
3.228 -4.909 -1.953 20
1.717 -0.49 0.257 21
-1.425 0.558 4.157 20
-5.135 -1.29 4.828 20
-6.12 -3.802 2.694 20
-2.925 -0.443 -1.091 20
-1.326 6.064 1.798 20
-0.156 7.54 4.044 21
0.811 5.521 3.077 20
0.48 1.385 2.791 20
0.329 -2.393 4.366 20
0.197 -4.401 5.527 20
2.184 -2.975 -2.357 20
3.999 0.191 -6.369 21
2.629 1.653 -1.323 20
0.971 0.679 1.462 20
-0.447 -0.365 2.191 20
-0.758 -0.112 1.619 20
-1.006 0.866 0.502 20
-1.7 1.542 0.576 21
-2.186 1.52 1.086 20
-1.665 0.667 0.516 20
-0.319 -0.619 -1.081 20
0.964 -2.058 -1.729 20
1.452 -3.273 -0.718 20
1.264 -3.079 0.429 21
1.29 -2.586 0.433 20
0.909 -3.452 -0.98 20
0.656 -4.498 -1.658 20
0.472 -2.968 -1.048 20
0.037 0.178 -1.334 20
-0.712 1.467 -1.558 21
-2.831 1.161 -1.745 20
-5.195 -0.112 0.328 20
-6.597 -0.672 4.844 20
-6.901 0.116 4.463 20
-2.071 0.171 -1.624 20
1.311 -0.347 -3.357 21
1.328 0.64 -0.637 20
2.955 1.276 0.968 20
4.099 1.882 0.45 20
3.924 2.659 -0.023 20
3.256 2.973 0.561 20
2.221 3.402 1.061 21
1.186 3.905 0.761 20
0.423 4.23 0.417 20
0.102 4.555 0.009 20
0.096 4.796 -1.015 20
0.207 4.905 -2.856 20
0.305 4.076 -4.332 21
-0.289 1.277 -4.308 20
0.006 -4.668 -4.522 20
2.909 -12.306 -5.441 20
4.177 -14.695 -3.148 20
1.905 -5.253 -2.521 20
-0.438 2.246 2.76 21
-4.34 2.019 6.893 20
-8.483 -1.366 4.298 20
-5.61 -2.588 -1.883 20
-0.092 2.86 -0.315 20
0.567 7.769 5.905 20
1.877 6.716 5.386 21
2.011 2.515 2.913 20
1.145 -1.568 2.488 20
0.796 -4.279 4.262 20
0.984 -3.797 -0.296 20
2.08 0.014 -5.665 20
1.77 2.097 -2.527 21
1.015 1.047 1.246 20
-0.163 -0.432 3.139 20
-0.453 -0.555 1.926 20
-0.224 0.401 -0.083 20
-0.997 1.285 -0.161 20
-2.105 1.342 0.365 21
-2.386 0.552 -0.209 20
-0.817 -0.785 -1.251 20
1.144 -2.181 -1.615 20
1.581 -2.911 -0.889 20
0.934 -2.204 0.747 20
0.685 -1.662 0.793 21
0.31 -2.643 -1.426 20
0.54 -4.282 -2.512 20
0.919 -3.097 -2.022 20
0.961 0.118 -1.863 20
0.548 1.175 -1.834 20
-2.171 0.831 -1.357 21
-4.364 -0.736 2.887 20
-5.693 -1.773 5.772 20
-6.258 -1.443 2.491 20
-1.736 -1.391 -3.113 20
0.795 -0.538 -2.159 20
0.101 1.645 -0.184 21
2.35 2.237 0.552 20
3.493 2.97 -0.057 20
3.573 3.585 0.586 20
3.261 3.727 1.226 20
2.404 3.984 1.188 20
1.411 4.118 1.019 21
0.778 4.245 0.611 20
0.364 4.37 0.017 20
0.229 4.353 -1.331 20
0.059 4.343 -3.035 20
-0.396 3.529 -4.279 20
-1.267 0.464 -3.778 21
-0.122 -6.345 -4.711 20
1.987 -14.955 -5.934 20
2.521 -14.611 -5.229 20
1.635 -2.969 -2.235 20
-0.899 3.674 5.288 20
-4.683 2.138 7.456 21
-6.716 -1.343 3.599 20
-3.149 -0.469 -2.609 20
0.147 4.852 1.144 20
1.661 6.87 6.251 20
2.437 4.792 4.556 20
1.51 1.083 2.273 21
0.85 -2.09 1.664 20
0.18 -3.868 2.745 20
-0.386 -2.072 -1.055 20
0.628 1.095 -2.907 20
1.63 1.947 -0.245 20
1.777 0.944 2.077 21
0.528 -0.459 2.923 20
-0.162 -0.76 1.012 20
-0.409 0.275 -0.856 20
-1.34 0.862 -0.333 20
-2.165 0.711 0.348 20
-2.089 0.359 -0.3 21
-0.599 -0.547 -1.51 20
1.23 -2.169 -1.982 20
1.775 -3.185 -1.346 20
1.181 -2.274 0.224 20
0.925 -1.902 0.602 20
0.682 -3.357 -1.238 21
0.682 -4.806 -2.237 20
0.724 -2.458 -1.587 20
0.936 0.647 -1.029 20
0.271 1.281 -0.754 20
-2.465 0.487 -1.079 20
-4.939 -1.551 2.525 21
-7.196 -1.672 5.547 20
-5.804 -0.694 2.19 20
-0.142 -0.144 -3.326 20
0.578 0.872 -2.275 20
0.219 2.167 0.224 20
2.685 2.224 0.715 21
3.447 2.612 0.089 20
3.563 2.803 0.55 20
3.138 2.831 0.902 20
2.001 3.35 0.698 20
1.093 3.899 0.537 20
0.654 4.309 0.352 21
0.446 4.643 -0.118 20
0.387 4.677 -1.279 20
0.249 4.58 -2.897 20
0.013 3.445 -3.901 20
-0.887 -0.064 -3.726 20
0.13 -7.146 -5.464 21
2.689 -15.695 -6.364 20
3.099 -13.947 -3.824 20
2.244 -1.373 -1.598 20
0.027 5.039 4.239 20
-4.144 3.944 6.961 20
-7.77 -1.561 5.111 21
-4.822 -3.028 -2.552 20
-0.944 2.178 -2.304 20
0.557 5.895 5.526 20
1.265 5.767 4.822 20
1.768 2.549 2.3 20
1.013 -1.161 2.234 21
0.649 -3.735 3.979 20
1.082 -3.569 1.485 20
2.457 -0.295 -3.017 20
2.259 2.204 -1.896 20
0.946 2.174 0.819 20
-0.489 0.426 2.613 21
-1.067 -0.621 2.356 20
-0.421 -0.166 0.402 20
-0.332 0.449 -0.489 20
-1.178 0.589 -0.395 20
-1.735 0.541 -0.597 20
-1.063 0.164 -1.044 21
0.269 -0.656 -1.148 20
0.69 -1.498 -0.632 20
0.375 -1.732 0.266 20
0.566 -1.725 0.897 20
0.939 -2.54 -0.075 20
1.144 -4.293 -1.426 21
1.989 -5.433 -1.719 20
1.898 -2.971 -2.168 20
1.247 0.061 -2.449 20
0.008 1.232 -1.754 20
-2.521 0.848 -1.494 20
-4.998 -1.267 1.619 21
-7.2 -2.056 5.853 20
-7.549 -1.005 4.657 20
-2.045 -0.168 -2.575 20
1.354 0.346 -3.464 20
1.074 1.519 -0.371 20
2.592 1.925 0.693 21
3.665 2.502 0.085 20
3.641 3.287 0.484 20
3.305 3.577 0.882 20
2.459 4.092 1.147 20
1.317 4.524 1.037 20
0.506 4.759 0.741 21
0.086 4.669 0.128 20
-0.126 4.334 -1.078 20
0.09 4.06 -2.954 20
0.04 3.518 -4.39 20
-0.252 0.937 -4.718 20
0.374 -5.154 -5.969 21
2.646 -14.463 -5.728 20
1.601 -16.74 -3.415 20
0.509 -3.814 -2.366 20
0.01 4.651 2.576 20
-3.815 4.757 6.77 20
-8.034 -0.534 6.546 21
-4.594 -3.201 0.085 20
0.312 2.031 -2.098 20
1.374 6.746 4.629 20
1.528 6.647 4.759 20
1.543 3.046 2.457 20
0.455 -1.052 1.717 21
0.543 -4.287 4.051 20
0.497 -4.209 1.295 20
2.289 -0.507 -3.669 20
3.045 1.802 -1.95 20
2.092 1.158 0.691 20
0.168 -0.595 1.581 21
-0.956 -0.941 0.83 20
-0.785 0.543 -0.481 20
-0.995 1.767 0.215 20
-1.741 1.873 1.444 20
-2.008 1.17 1.306 20
-1.366 0.035 0.046 21
0.389 -0.978 -0.913 20
1.967 -2.096 -0.955 20
1.65 -3.208 -0.633 20
0.325 -3.459 -0.145 20
-0.397 -3.072 -0.989 20
-0.426 -2.825 -2.772 21
0.592 -3.487 -2.846 20
1.827 -3.241 -1.831 20
1.739 -0.436 -1.391 20
1.293 1.226 -0.805 20
-0.59 1.321 -1.029 20
-2.812 -0.97 1.621 21
-5.377 -3.025 6.086 20
-8.017 -2.392 5.272 20
-4.007 -1.662 -1.685 20
0.791 -0.476 -3.067 20
0.356 2.326 -0.354 20
1.778 3.1 0.582 21
3.128 3.129 0.094 20
3.374 3.711 0.706 20
3.425 4.366 1.332 20
2.608 4.947 1.287 20
1.599 5.344 1.469 20
0.95 5.373 1.257 21
0.147 4.991 0.689 20
-0.433 4.41 -1.054 20
-0.748 4.221 -4.508 20
-0.947 3.126 -6.866 20
-0.391 -0.877 -5.815 20
2.472 -8.923 -6.398 21
3.121 -16.883 -4.773 20
-0.601 -11.193 -2.696 20
-0.877 -0.109 0.682 20
-3.133 2.727 6.874 20
-6.946 -0.503 6.282 20
-5.143 -2.429 0.257 21
-0.468 2.655 -1.958 20
0.514 7.279 3.799 20
1.37 7.353 4.698 20
2.095 4.085 3.288 20
1.181 0.285 2.871 20
1.324 -2.185 4.071 21
1.325 -4.039 1.965 20
3.187 -3.122 -2.995 20
3.586 0.206 -2.094 20
2.753 1.047 0.434 20
1.311 0.072 1.878 20
-1.009 0.088 1.486 21
-1.958 1.159 -0.398 20
-2.401 1.912 -0.793 20
-2.876 1.458 0.667 20
-2.617 0.435 0.788 20
-1.579 -0.86 -1.737 20
0.074 -2.807 -2.316 21
1.281 -4.236 -0.486 20
1.692 -3.864 -0.097 20
1.973 -2.919 -0.896 20
1.814 -2.906 -1.656 20
1.982 -3.723 -1.656 20
1.782 -1.857 -1.436 21
0.858 0.734 -2.097 20
-0.398 0.216 -1.454 20
-3.568 -1.106 1.112 20
-6.016 -2.412 4.318 20
-8.314 -2.298 5.049 20
-6.254 -1.471 0.219 21
0.094 -0.944 -3.601 20
1.204 1.618 -0.817 20
1.556 3.387 0.354 20
3.157 3.592 0.67 20
3.475 4.263 0.651 20
4.16 4.393 1.306 21
3.507 4.682 1.384 20
2.089 5.305 1.657 20
1.438 5.242 1.298 20
0.658 5.419 0.114 20
-0.275 5.707 -1.706 20
-0.974 5.365 -4.247 21
-1.315 3.903 -5.741 20
-0.827 -0.479 -4.242 20
2.428 -9.589 -4.734 20
4.432 -19.755 -5.02 20
-0.046 -12.909 -4.373 20
-0.283 0.333 0.849 21
-2.997 3.555 7.465 20
-8.079 -0.811 6.098 20
-7.659 -3.266 -1.527 20
-0.63 2.001 -1.49 20
2.134 8.068 6.091 20
3.274 8.437 6.664 21
3.402 4.603 3.175 20
2.018 0.348 1.122 20
-0.882 -2.875 1.861 20
-1.654 -4.64 -0.823 20
1.662 -1.205 -3.679 20
2.296 2.222 0.209 21
2.446 1.873 2.967 20
1.371 0.284 3.188 20
-0.505 -0.164 1.545 20
-1.004 0.522 -0.971 20
-1.218 0.935 -1.75 21
-1.89 0.363 -1.531 20
-1.848 -0.836 -1.221 20
-1.025 -2.404 -0.907 20
0.067 -3.684 -0.991 20
1.146 -3.72 -0.831 20
2.517 -3.581 -0.88 21
3.149 -3.978 -1.535 20
3.104 -4.746 -1.459 20
2.869 -3.918 -1.221 20
1.368 -0.542 -2.062 20
-0.165 0.475 -2.32 20
-3.835 -0.251 0.026 21
-7.192 -1.631 4.081 20
-8.87 -2.24 5.924 20
-7.826 -1.184 3.242 20
-1.94 -0.455 -4.942 20
1.218 1.383 -1.966 20
1.266 3.61 1.05 21
2.877 3.924 0.977 20
3.12 4.529 0.935 20
4.077 4.469 1.491 20
3.672 4.701 1.262 20
2.071 5.251 1.157 20
1.09 5.282 0.884 21
0.233 5.297 0.334 20
-0.805 5.293 -1.736 20
-1.168 4.779 -5.563 20
-0.066 3.076 -7.389 20
1.203 -0.613 -5.816 20
4.159 -7.574 -5.04 21
3.336 -13.116 -4.717 20
-1.947 -10.815 -0.662 20
-3.759 -4.63 3.225 20
-5.537 -2.199 7.049 20
-6.885 -3.591 4.938 20
-1.781 0.014 1.381 21
1.121 8.321 2.133 20
1.686 10.613 3.8 20
2.326 7.394 3.219 20
0.683 2.892 1.125 20
0.253 -0.253 1.096 20
0.102 -2.248 1.884 21
1.418 -3.748 -0.003 20
3.471 -2.747 0.016 20
4.096 -1.002 0.467 20
3.283 -0.548 -0.036 20
0.62 -0.274 0.534 20
-1.914 0.74 0.463 21
-2.917 1.423 0.016 20
-3.535 0.713 -0.157 20
-3.589 -0.799 -1.929 20
-1.494 -1.955 -3.672 20
1.629 -3.29 -1.539 20
2.954 -4.041 0.716 21
3.031 -3.158 0.892 20
2.293 -2.109 -0.015 20
1.033 -2.612 -1.167 20
0.326 -1.868 -1.54 20
-0.581 0.095 -2.073 20
-1.435 -0.332 -1.881 21
-3.253 -0.758 0.46 20
-4.752 -1.314 4.428 20
-6.165 -1.079 6.329 20
-5.206 -0.451 1.192 20
0.329 -1.359 -4.734 20
1.104 -0.044 -1.473 21
0.53 1.969 1.429 20
2.398 2.923 1.327 20
3.391 3.892 -0.377 20
4.197 3.764 0.74 20
3.452 3.784 1.052 20
1.533 4.593 0.33 21
0.61 5.27 0.28 20
0.264 5.823 0.528 20
-0.249 6.243 -0.553 20
-0.59 5.886 -3.276 20
-0.229 4.571 -5.139 20
0.25 1.507 -4.5 21
2.113 -5.569 -6.137 20
5.002 -16.762 -6.845 20
1.613 -17.736 -3.843 20
-0.647 -4.303 -0.692 20
-0.544 2.65 5.434 20
-5.234 2.534 7.506 21
-6.735 -0.743 4.757 20
-2.658 -0.026 -1.121 20
-0.518 6.357 0.0 20
0.414 8.791 3.651 20
1.753 5.855 3.83 20
1.131 1.04 2.877 21
-0.354 -2.543 3.114 20
-0.179 -4.427 2.778 20
3.395 -3.174 -3.233 20
4.567 -0.11 -3.438 20
2.991 1.136 0.169 20
0.946 0.515 1.905 21
-1.375 0.153 1.751 20
-2.322 0.629 0.61 20
-2.137 1.332 0.288 20
-2.216 1.099 0.639 20
-2.577 -0.118 -1.095 20
-1.707 -2.122 -3.118 21
0.865 -4.501 -1.252 20
2.794 -5.627 0.261 20
3.021 -4.553 -0.637 20
2.092 -3.311 -1.554 20
1.574 -3.376 -1.625 21
1.113 -1.745 -1.689 20
0.365 0.699 -2.245 20
-0.83 0.687 -1.789 20
-3.692 -0.672 0.42 20
-6.016 -2.127 4.998 20
-8.156 -1.324 6.641 21
-5.747 -0.486 1.057 20
1.533 -1.324 -5.16 20
2.081 0.74 -0.804 20
1.558 2.714 1.218 20
2.407 3.363 0.673 20
2.91 4.333 0.218 21
4.014 4.648 1.442 20
3.252 5.479 1.332 20
1.998 6.175 1.374 20
1.022 6.297 1.208 20
0.143 6.249 0.41 20
-0.888 5.96 -2.055 21
-1.094 5.179 -5.051 20
-0.25 2.945 -5.359 20
0.18 -1.139 -3.669 20
2.242 -8.918 -5.152 20
2.708 -16.596 -5.014 20
-1.434 -11.2 -2.197 21
-0.719 -2.444 1.031 20
-0.884 -1.022 4.041 20
-5.045 -2.116 3.676 20
-4.437 -1.9 0.238 20
-0.947 2.898 -0.494 20
-0.432 7.599 3.504 21
0.826 7.986 4.559 20
1.992 4.885 3.12 20
1.461 0.772 2.765 20
0.534 -2.124 3.728 20
0.198 -4.652 2.443 20
3.298 -3.027 -2.532 21
3.447 1.583 -1.492 20
2.007 2.561 1.142 20
-0.655 1.382 2.278 20
-2.814 0.493 2.057 20
-2.49 0.384 0.018 20
-1.447 0.634 -1.416 21
-1.275 -0.075 -1.813 20
-1.231 -1.178 -2.059 20
-0.026 -2.589 -1.368 20
1.464 -3.794 -0.645 20
2.356 -3.531 -0.274 20
2.981 -3.149 -0.346 21
1.911 -3.186 -1.173 20
0.758 -3.505 -1.623 20
0.725 -2.012 -2.146 20
0.957 0.665 -2.535 20
0.029 0.948 -1.792 20
-3.25 -0.437 0.665 21
-5.491 -2.778 4.436 20
-7.641 -2.681 5.454 20
-6.726 -1.462 0.329 20
-0.288 -1.133 -4.071 20
1.73 1.064 -0.499 20
1.324 3.25 0.768 21
2.325 3.938 0.53 20
2.884 4.439 0.979 20
3.419 4.564 1.349 20
3.168 4.644 1.425 20
2.159 4.883 1.593 21
1.436 5.127 1.365 20
1.019 5.442 0.403 20
-0.037 5.758 -1.357 20
-0.81 5.489 -3.306 20
-1.207 4.064 -5.155 20
-1.158 -0.261 -4.78 21
0.99 -9.475 -6.201 20
3.258 -20.631 -5.477 20
-1.999 -12.473 -3.884 20
-1.39 -0.344 1.264 20
-2.426 1.856 5.201 20
-5.24 -0.603 5.011 21
-4.065 -0.633 1.433 20
-0.524 4.601 0.466 20
0.524 8.047 4.318 20
2.181 6.833 4.949 20
2.543 3.121 3.628 20
1.361 -0.608 1.982 21
1.245 -3.511 2.0 20
1.907 -4.771 -1.004 20
3.135 -1.502 -3.581 20
2.621 1.677 -0.865 20
1.617 1.811 1.599 20
0.041 0.599 2.424 21
-1.241 -0.027 1.485 20
-1.517 0.501 -0.635 20
-1.594 1.279 -0.878 20
-2.213 1.235 0.423 20
-2.468 0.109 0.739 20
-1.139 -1.367 -1.063 21
1.016 -2.694 -2.839 20
2.341 -3.533 -1.581 20
3.243 -3.481 0.612 20
3.762 -4.019 -0.274 20
2.801 -5.286 -2.666 20
0.824 -4.145 -2.362 21
-0.337 -0.622 -0.984 20
-1.239 1.033 -0.739 20
-4.935 -0.275 -0.803 20
-9.105 -2.175 3.244 20
-10.603 -1.735 5.642 20
-6.563 0.762 3.741 21
1.004 1.546 -3.393 20
3.034 0.796 -3.666 20
3.054 1.378 0.531 20
4.521 1.467 0.963 20
3.939 2.717 1.168 20
3.2 4.151 1.31 21
2.848 5.184 1.106 20
2.065 5.642 1.754 20
0.873 5.962 1.738 20
0.421 5.65 0.84 20
-0.31 5.001 -0.412 20
-0.917 4.695 -2.6 21
-1.414 4.277 -5.539 20
-1.195 1.603 -5.117 20
0.362 -4.772 -5.418 20
2.277 -15.249 -7.288 20
0.611 -17.488 -5.322 21
-1.424 -5.374 -2.179 20
-0.837 1.141 3.544 20
-3.194 0.626 7.784 20
-4.485 -0.798 6.473 20
-2.372 2.694 1.318 20
-0.576 8.137 -0.54 21
1.858 8.05 2.342 20
2.628 4.179 4.188 20
1.608 -0.42 2.605 20
1.562 -3.47 1.499 20
1.134 -4.395 0.401 20
2.823 -2.601 -0.124 21
3.567 0.935 1.311 20
3.208 1.71 0.705 20
2.009 0.509 -0.231 20
-0.957 -0.207 0.214 20
-2.823 0.078 0.059 20
-2.913 1.294 -0.321 21
-2.736 1.928 0.294 20
-2.777 1.218 0.118 20
-1.626 -0.195 -1.773 20
1.17 -2.633 -2.482 20
3.754 -4.797 -1.112 20
4.836 -4.695 0.49 21
3.93 -4.072 -0.436 20
1.443 -4.469 -2.097 20
-0.632 -3.485 -2.069 20
-1.28 -0.446 -1.234 20
-1.238 1.409 -1.087 20
-3.788 0.615 -1.537 21
-7.067 -1.466 3.148 20
-8.085 -1.779 5.778 20
-5.811 -0.559 2.906 20
0.146 -0.456 -4.502 20
1.427 0.664 -2.146 21
1.304 2.323 0.478 20
3.485 2.287 0.796 20
3.444 3.132 0.805 20
3.292 4.09 1.108 20
3.092 4.671 1.129 20
2.194 5.351 1.217 21
1.412 5.62 1.108 20
1.077 5.398 0.508 20
0.314 5.042 -0.487 20
-0.374 4.725 -2.367 20
-0.979 4.317 -4.619 20
-1.185 1.917 -4.842 21
-0.45 -3.791 -4.705 20
1.743 -14.618 -6.248 20
1.429 -18.438 -4.653 20
0.255 -4.939 -2.441 20
0.402 3.884 3.278 20
-3.313 3.793 7.443 21
-7.089 -1.496 5.526 20
-7.164 -4.104 -3.139 20
-1.399 1.441 -0.813 20
3.638 6.068 8.648 20
4.503 5.545 7.209 20
4.051 2.694 2.683 21
2.764 0.137 -0.57 20
0.547 -2.538 1.64 20
-1.238 -2.664 1.066 20
-0.739 1.345 -2.961 20
0.132 3.456 -1.572 20
1.261 1.733 2.581 21
1.053 -0.83 3.142 20
0.995 -1.799 -1.246 20
0.602 -0.996 -3.18 20
-0.625 -0.457 -0.456 20
-1.555 0.021 0.501 20
-1.386 0.114 -0.937 21
-0.219 -1.207 -1.915 20
0.927 -2.58 -1.087 20
1.658 -2.212 0.597 20
2.189 -1.946 -0.286 20
2.274 -3.543 -2.657 21
2.551 -4.659 -3.098 20
1.601 -1.532 -2.01 20
-0.078 0.976 -1.011 20
-3.608 -0.593 -0.058 20
-7.1 -3.403 4.129 20
-9.712 -3.509 5.169 21
-7.212 -2.266 1.222 20
0.045 -0.724 -2.857 20
2.08 1.064 -1.806 20
0.906 3.053 -0.319 20
2.085 3.821 -0.248 20
3.019 4.312 1.041 21
3.375 4.858 1.62 20
3.223 5.262 1.549 20
2.758 5.415 2.079 20
2.09 5.406 2.13 20
1.506 5.197 1.035 20
0.894 4.775 -0.639 21
0.444 4.366 -2.444 20
-0.748 3.919 -4.134 20
-1.928 1.664 -4.701 20
-1.27 -5.06 -4.66 20
-1.24 -16.875 -7.837 20
-1.767 -17.106 -7.532 21
0.651 -3.538 -4.42 20
-0.288 4.111 3.273 20
-3.944 3.07 8.97 20
-4.705 -3.314 6.885 20
-2.59 -3.689 0.034 20
-0.522 5.037 0.969 21
2.199 8.502 6.88 20
3.973 6.559 5.627 20
3.293 3.51 1.518 20
1.843 -0.123 -0.267 20
-0.837 -4.1 1.514 20
-1.415 -3.985 0.069 21
0.099 0.306 -1.77 20
1.682 1.946 0.709 20
2.986 0.624 2.52 20
2.144 -1.177 1.375 20
0.858 -1.184 -1.605 21
-0.231 0.296 -1.681 20
-2.114 1.372 0.327 20
-2.952 1.308 1.062 20
-2.235 0.496 -0.018 20
0.073 -0.997 -1.799 20
2.743 -2.79 -1.893 21
3.678 -3.598 -0.352 20
3.129 -2.602 0.648 20
2.331 -2.353 -0.944 20
1.233 -3.767 -2.12 20
1.013 -4.142 -1.345 20
0.099 -1.255 -1.851 21
-1.292 0.415 -1.53 20
-3.48 -1.43 0.026 20
-6.662 -3.221 2.662 20
-9.08 -2.754 3.577 20
-7.916 -0.5 1.477 20
-2.258 1.287 -2.043 21
1.188 1.557 -2.371 20
1.399 2.408 -0.239 20
3.005 2.674 0.538 20
3.974 3.332 1.955 20
4.045 4.533 1.529 20
4.017 4.453 0.535 21
2.303 4.482 0.969 20
1.663 4.2 1.859 20
1.046 4.392 1.6 20
0.006 4.903 0.5 20
-0.218 5.049 -1.028 21
0.007 5.053 -2.943 20
-0.161 4.55 -5.13 20
0.937 0.848 -7.006 20
3.564 -9.899 -11.678 20
1.252 -23.777 -9.872 20
-4.784 -12.874 -2.195 21
0.825 2.57 -0.149 20
-1.1 7.793 -0.031 20
-4.726 5.945 6.101 20
-3.316 -4.098 5.56 20
-0.746 -7.45 5.18 20
-1.609 2.088 7.372 21
-0.041 6.986 7.178 20
-0.547 6.372 2.925 20
-3.205 2.397 -0.704 20
-2.061 -2.79 -0.075 20
-1.022 -3.804 0.578 20
1.043 -1.908 3.157 21
4.306 0.345 3.88 20
6.866 1.66 1.364 20
7.123 1.235 0.855 20
4.51 0.937 -0.676 20
0.641 0.632 -2.497 20
-3.65 0.437 -2.61 21
-5.76 1.392 -0.863 20
-3.304 0.703 0.738 20
0.954 -1.117 -0.601 20
3.681 -2.633 -0.888 20
3.243 -2.799 0.647 20
1.856 -2.672 1.574 21
1.127 -2.702 0.31 20
0.111 -2.826 -2.205 20
-0.522 -2.956 -3.561 20
0.523 -2.682 -3.36 20
2.045 -0.63 -1.407 20
2.515 1.894 1.876 21
1.067 2.138 1.928 20
-1.583 -2.745 0.055 20
-7.401 -5.527 1.566 20
-11.468 -4.966 -1.378 20
-10.522 -3.555 -1.632 20
-5.02 -2.124 2.163 21
-0.273 0.798 2.054 20
0.506 3.924 -0.683 20
2.344 4.648 -0.016 20
5.677 3.579 -0.788 20
6.166 2.426 -1.054 20
3.335 2.039 2.5 21
0.949 2.178 2.978 20
-0.136 3.286 1.402 20
0.545 4.71 1.376 20
1.506 6.007 0.846 20
1.476 7.146 -0.458 21
0.739 7.406 -1.524 20
-0.183 6.656 -2.269 20
-0.574 4.538 -4.053 20
-1.375 0.365 -6.606 20
-1.77 -6.79 -7.933 20
1.873 -12.399 -5.383 21
4.98 -8.557 -3.247 20
4.488 -1.548 -2.124 20
0.493 -0.162 6.254 20
-3.311 -4.314 9.569 20
-3.959 -8.334 0.638 20
-4.606 -1.154 -1.963 21
-2.869 8.419 6.994 20
-1.065 10.063 5.821 20
-0.62 6.471 1.054 20
-2.916 -0.138 -0.659 20
-3.069 -5.391 1.448 20
-0.14 -4.764 1.439 21
3.068 -0.219 0.572 20
5.9 1.964 1.623 20
7.794 0.677 3.289 20
5.576 -0.099 -0.639 20
1.242 -0.811 -3.611 20
-3.722 -1.282 -2.592 21
-5.266 -0.865 -1.639 20
-3.198 0.753 -1.52 20
-0.407 1.249 -0.234 20
1.758 -0.149 1.278 20
2.238 -1.427 0.307 20
1.19 -1.869 -0.708 21
1.11 -2.01 0.436 20
2.43 -2.507 0.987 20
2.882 -3.843 -0.32 20
1.737 -5.403 -1.525 20
-0.969 -3.337 -2.164 20
-2.583 1.114 -2.058 21
-2.86 2.193 -1.142 20
-4.833 0.162 -2.072 20
-7.92 -0.972 1.416 20
-9.098 -0.666 3.846 20
-6.388 0.939 2.888 21
-1.394 2.531 0.042 20
1.971 1.429 -1.567 20
3.307 0.404 -0.044 20
4.356 0.398 0.859 20
4.423 1.311 0.516 20
2.775 2.62 2.601 21
3.063 3.167 -1.631 20
1.898 3.669 -0.347 20
1.18 3.615 1.368 20
1.534 3.963 0.695 20
0.818 4.338 -0.719 20
1.2 4.708 -2.04 21
1.121 5.024 -3.043 20
1.263 3.83 -5.41 20
0.024 0.219 -4.425 20
0.468 -7.692 -3.769 20
1.273 -13.63 -3.681 20
-0.391 -12.476 -4.451 21
-6.22 -10.748 -2.361 20
-6.657 -3.716 6.069 20
-1.476 9.14 3.149 20
2.128 13.501 6.837 20
4.651 5.355 11.975 20
1.0 -0.08 9.033 21
-5.134 -2.385 3.585 20
-6.535 -3.606 -3.281 20
0.51 -2.103 -10.023 20
1.865 -0.092 -5.312 20
2.978 1.333 1.216 20
3.998 1.473 1.877 21
2.964 1.08 0.389 20
0.626 0.62 0.954 20
-0.574 -1.571 -0.913 20
-0.001 -2.864 -1.669 20
1.166 -1.651 -0.65 20
0.418 -0.05 0.895 21
-0.776 -0.028 0.931 20
-0.438 0.955 2.323 20
0.388 1.7 0.2 20
0.058 1.703 -0.138 20
-1.07 1.401 0.592 21
-0.875 0.812 0.841 20
-1.037 0.209 0.621 20
-1.153 0.512 0.717 20
-0.501 1.422 0.757 20
-0.621 1.01 0.338 20
-0.447 -0.222 0.238 21
-0.129 -0.186 0.253 20
-0.644 0.394 0.133 20
-1.041 0.413 -0.417 20
-2.15 0.238 -0.582 20
-2.957 1.035 2.895 20
-1.275 -0.242 0.848 21
-1.355 0.0 -2.821 20
-1.096 1.137 -1.944 20
-0.12 -1.351 -0.092 20
0.398 1.137 -0.412 20
-0.074 1.493 0.363 20
-3.217 -1.626 0.226 21
-2.617 -2.188 -1.156 20
-0.939 -1.346 0.17 20
-0.789 -1.134 0.875 20
-0.304 -0.943 -1.441 20
0.956 -1.571 -1.872 20
3.318 -2.457 -0.896 21
4.463 -4.632 -1.121 20
2.646 -3.925 2.78 20
3.103 -3.957 1.336 20
0.846 -0.518 1.172 20
0.048 2.431 2.217 20
4.805 2.789 -1.249 21
9.799 -0.335 -1.426 20
9.097 -3.276 -2.305 20
6.831 -4.32 -0.863 20
5.387 -0.214 0.594 20
3.79 2.083 -0.872 21
-0.838 3.214 -1.917 20
-5.027 2.625 -5.899 20
-5.492 -1.037 -10.257 20
-4.471 1.05 -8.888 20
0.27 -2.577 -4.052 20
1.118 -4.59 12.356 21
4.107 -3.831 14.089 20
7.479 -2.603 9.873 20
7.79 -1.993 10.727 20
6.759 -1.826 9.32 20
5.042 -1.527 6.932 20
2.53 -0.967 5.472 21
-0.469 -0.297 4.11 20
-2.688 0.564 2.179 20
-4.473 1.344 -0.47 20
-4.888 1.604 -3.558 20
-4.087 2.916 -4.069 20
-2.898 4.231 -3.427 21
-2.953 4.929 -3.369 20
-2.297 4.425 -3.002 20
-0.526 4.332 -4.54 20
-0.439 4.718 -4.278 20
-1.242 4.49 -2.358 20
-0.639 3.715 -2.461 21
1.198 4.074 -2.939 20
3.894 4.607 -3.84 20
7.368 4.12 -14.479 20
5.652 2.182 -15.685 20
2.825 2.369 -2.962 20
4.367 2.507 -9.538 21
2.927 2.763 -7.034 20
3.277 2.51 0.166 20
5.304 1.951 -0.298 20
5.217 2.411 -1.672 20
4.583 2.963 -1.196 21
3.815 4.344 0.723 20
2.566 6.279 3.255 20
3.762 6.992 5.971 75
3.156 5.961 4.729 20
3.199 4.806 4.417 20
2.996 4.292 4.507 20
1.936 4.559 6.263 20
0.905 5.762 4.115 20
-0.893 6.383 5.834 20
-1.164 5.735 7.702 20
0.65 2.59 5.001 19
2.381 0.939 1.831 20
3.264 1.343 -4.068 20
0.077 3.765 1.521 20
-1.629 0.844 5.754 20
-1.525 0.246 6.027 20
-1.629 1.075 7.375 20
-0.531 0.568 6.569 20
-2.156 0.812 4.302 20
-4.881 2.35 4.641 20
-7.135 3.97 6.85 20
-4.864 2.328 2.49 20
-3.979 0.924 4.256 20
-3.333 0.321 4.53 20
-2.925 0.162 4.312 20
-2.423 -0.234 3.145 20
-1.491 -0.118 2.308 20
-1.121 0.394 0.886 20
-0.929 0.91 -0.487 20
-0.815 0.823 -1.333 20
-1.046 0.733 -1.009 20
-1.285 0.45 -0.911 20
-0.679 0.136 -0.219 20
-0.704 0.008 1.13 20
-1.447 -0.101 2.406 20
-1.835 0.225 3.889 20
-2.008 0.508 3.507 20
-2.584 1.684 0.89 86
-1.987 1.535 -0.276 20
-1.461 0.743 -0.347 20
-1.175 0.108 -0.658 21
-1.036 -0.287 -0.579 20
-1.447 -0.144 0.267 20
-1.305 -0.005 0.053 20
-0.864 -0.022 0.246 20
-1.443 0.15 1.017 20
-1.709 0.458 1.047 21
-1.154 0.716 -0.215 20
-1.12 1.136 -0.06 20
-1.267 1.833 0.98 20
-0.836 1.73 -0.206 20
-1.404 1.759 -0.707 20
-1.203 1.508 -1.069 21
-0.261 0.676 -1.307 20
-0.136 0.201 0.715 20
0.618 -0.493 0.81 20
0.979 -0.597 -0.275 20
0.465 -0.132 -0.614 20
-0.385 0.661 -0.151 21
-0.771 1.172 -0.354 20
-0.689 1.098 -1.545 20
-0.83 0.825 -1.514 20
-1.092 0.891 -0.681 20
-0.842 0.608 -0.919 20
-0.624 0.428 -0.868 21
-0.629 0.582 -0.908 20
-0.462 0.314 -0.466 20
-0.228 0.022 0.162 20
-0.195 0.274 0.641 20
-0.238 0.247 -0.008 20
-0.27 0.024 -1.001 21
-0.359 0.248 -0.55 20
-0.483 0.471 0.901 20
-0.115 0.186 0.805 20
0.016 0.017 0.429 20
0.169 0.032 0.041 20
0.387 -0.054 -0.24 21
0.252 0.006 0.117 20
0.112 0.073 0.345 20
0.127 -0.1 0.42 20
0.049 -0.135 0.471 20
0.079 -0.149 0.367 21
0.181 -0.13 0.147 20
0.1 -0.083 0.098 20
0.211 -0.148 -0.103 20
0.261 -0.094 -0.006 20
0.437 -0.218 0.203 20
0.428 -0.248 0.223 20
0.247 -0.124 0.164 21
0.156 -0.096 -0.118 20
0.25 -0.063 -0.292 20
0.214 0.061 -0.217 20
0.025 0.119 -0.053 20
0.031 0.161 -0.117 20
0.062 0.044 -0.271 21
-0.079 -0.074 0.251 20
-0.058 -0.107 0.04 20
-0.1 0.071 -0.2 20
0.034 -0.011 -0.113 20
-0.046 0.065 0.275 20
0.189 0.021 -0.56 21
0.034 0.09 -1.0 20

# Completed @Sun Jan 24 20:42:13 GMT+02:00 2021
