# Accelerometer Data File
# Started @Tue Jan 26 20:44:07 GMT+02:00 2021
#
#
# sensor Vendor: BOSCH
# sensor Name: BMI160 Accelerometer Non-wakeup
# sensor Resolution: 0.0023928226m/sec^2; Max Range: 78.4532; Min Delay: 2500 microseconds
# The sensor's attributes are the result hardware and the Android capabilities.
# It means that the Android may not utilize all features provided by the hardware.
#
# Some devices and Android versions save battery too much so the device may go to sleep.
# It just happens after couple of minutes from turning off the scree and it is easy to find it out.
#
# The following file provides the data from accelerometer in the m/s^2 format.
# The diff value is just a time delta between the samples
#
#
# data format:
# so we have 4 columns with values separated by the " "
# X Y Z time_from_previous_sample(ms)

# sensor speed set to:NORMAL
# units set to: m/sec^2
# gravity  filtered out
# Accuracy: HIGH
-2.631 5.211 7.167 0
-2.051 4.451 6.023 20
-1.902 4.038 4.996 20
-1.869 3.69 4.548 20
-1.835 3.533 4.29 20
-1.654 3.265 4.29 20
-1.969 3.129 4.246 21
-1.873 2.792 3.604 20
-1.854 2.105 3.017 20
-1.559 1.03 1.86 20
0.677 1.421 0.96 20
2.957 2.048 3.554 20
4.819 1.57 5.148 21
6.049 -0.658 1.776 20
5.25 -2.009 -4.588 20
5.169 0.278 -9.506 20
5.327 1.539 -10.976 20
5.687 0.176 -0.451 20
5.521 -1.089 5.604 21
4.126 -3.464 2.711 20
2.204 -5.331 3.88 20
1.729 -3.401 10.186 20
1.022 -1.435 7.471 20
0.387 -1.88 2.213 20
0.266 -2.615 2.74 21
0.317 -3.345 5.872 20
0.135 -2.845 7.652 20
-2.131 -1.956 5.831 20
-4.169 -0.922 1.707 20
-4.077 -0.709 -1.006 20
-3.29 -0.446 -0.824 21
-3.603 -0.298 1.347 20
-2.508 -0.773 3.644 20
-1.464 -2.103 4.084 20
-2.052 -1.593 2.617 20
-3.395 -0.38 1.04 20
-4.927 1.102 0.216 21
-4.908 1.934 -1.596 20
-4.65 2.273 -3.806 20
-4.567 2.343 -2.619 20
-4.748 2.225 -1.014 20
-2.986 0.332 -0.033 20
-0.269 -1.695 -0.342 21
0.232 -2.364 -1.086 20
0.232 -2.856 -1.941 20
2.55 -4.701 -3.114 20
4.99 -6.386 -2.99 20
5.123 -6.306 -2.993 20
4.774 -5.443 -4.138 21
9.057 -4.868 -5.501 20
14.804 -3.465 -7.18 20
16.545 -0.411 -8.085 20
15.578 1.932 -4.536 20
13.192 0.823 -7.164 20
15.573 8.042 -30.848 21
10.322 11.72 -10.716 20
2.449 4.626 12.423 20
4.783 -1.016 6.918 20
1.357 -1.982 4.637 20
-3.309 -4.492 4.467 21
-7.025 -7.61 2.039 20
-10.529 -7.503 -5.658 20
-13.367 -5.286 -9.083 20
-14.307 -3.563 -9.128 20
-11.898 -1.409 -13.337 20
-9.932 2.081 -18.197 21
-8.678 3.296 -17.971 20
-3.09 2.473 -7.998 20
6.624 0.326 -1.078 20
9.521 -2.193 6.478 20
6.001 -1.623 0.429 20
3.872 0.242 -2.047 21
3.791 -0.92 5.489 20
6.579 -1.914 6.741 20
9.028 -1.807 6.638 20
8.533 -0.378 -1.267 20
8.981 1.19 -4.094 20
7.335 0.81 0.238 21
4.28 1.248 1.15 20
2.672 1.563 2.508 20
0.516 1.364 7.071 20
-2.43 1.896 6.271 20
-8.256 5.326 -5.18 20
-6.052 3.461 -2.476 21
-1.655 0.808 3.76 20
-3.624 2.536 -0.231 20
1.466 2.015 1.751 20
4.913 0.649 4.446 20
-1.737 2.669 -0.124 20
-0.746 2.82 -0.716 21
1.913 2.191 1.101 20
-1.404 2.727 0.75 20
-0.209 1.052 2.632 20
1.411 0.415 3.162 20
-2.595 2.281 -0.639 20
-3.036 2.031 -2.955 21
-2.508 1.326 -5.702 20
-1.179 0.143 -0.796 20
-0.16 0.355 4.946 20
0.062 1.197 5.23 20
0.079 1.97 4.802 20
1.561 2.105 2.819 21
3.194 1.834 0.344 20
2.444 2.155 0.163 20
0.477 2.629 0.248 20
-0.277 2.069 -0.118 20
-0.146 0.924 -0.445 20
0.553 -0.37 -1.024 21
1.841 -1.808 -2.075 20
0.726 -2.22 -2.652 20
-0.713 -2.345 -0.188 20
-3.13 -1.64 -0.317 20
-0.234 -4.467 -7.922 21
4.387 -3.108 -10.592 20
6.309 -5.466 -2.858 20
3.6 -8.992 13.4 20
-3.335 -7.278 8.22 20
-2.182 -4.487 0.003 20
0.017 -2.954 -8.98 21
0.084 -1.613 -6.579 20
-0.021 0.16 0.804 20
-1.758 2.593 4.764 20
-1.311 1.37 -0.405 20
-1.296 -0.135 -4.433 20
-0.248 -0.024 -0.188 21
1.537 -2.288 -0.661 20
-0.845 -0.582 -3.104 20
-1.545 1.586 -1.035 20
-0.218 3.988 1.286 20
-0.013 4.161 -0.801 20
0.393 2.406 -2.083 21
2.227 1.538 -1.246 20
0.131 1.546 -0.073 20
0.096 2.734 -0.329 20
1.052 3.7 1.242 20
-0.837 4.909 3.125 20
-3.105 4.437 0.566 21
-1.258 -0.397 -4.564 20
5.753 -10.857 -5.846 20
3.113 -8.118 0.417 20
-2.687 -0.344 5.961 20
-6.732 0.536 0.822 20
-10.474 -7.745 -3.754 21
-1.456 -7.997 -2.659 20
-2.044 -5.194 -3.542 20
-4.469 -0.917 -4.595 20
-1.407 1.853 -2.07 20
0.733 0.532 -0.749 20
0.47 -0.598 -3.263 21
-0.557 0.51 -2.206 20
-0.053 -0.534 3.744 20
0.21 0.8 1.27 20
0.485 1.731 -1.275 20
0.971 -0.511 -0.943 20
0.313 -0.919 1.294 21
-0.679 -2.983 1.841 20
-1.365 -4.175 1.372 20
-2.688 -3.345 -1.021 20
-2.458 -2.64 -1.958 20
-2.844 -1.598 -1.45 21
-1.874 -2.548 -2.234 20
-1.37 -3.119 -1.506 20
-1.759 -3.993 0.213 20
-2.296 -2.296 -0.818 20
-2.183 -1.449 0.153 20
-2.411 -1.94 -4.365 21
-1.95 -2.494 -1.434 20
-1.164 -1.641 -1.683 20
-0.002 -0.634 -0.642 20
-0.812 1.987 0.137 20
-1.6 8.207 0.083 20
0.769 5.931 0.189 21
0.804 0.718 -1.944 20
0.297 -0.056 -0.357 20
-0.349 0.91 1.446 20
-0.976 -0.407 -4.748 20
-0.406 -1.291 -0.948 20
-0.898 -0.123 -1.015 21
-0.741 0.663 -1.556 20
-0.098 0.316 0.062 20
0.409 0.522 0.371 20
0.366 1.433 -1.593 20
0.465 2.894 -1.252 21
0.66 2.563 0.054 20
0.437 1.764 -0.272 20
0.223 0.893 0.037 20
-0.021 0.569 0.389 20
-0.195 0.447 -0.257 20
-0.486 0.381 -0.704 21
-0.802 0.576 -0.784 20
-0.467 0.449 -0.665 20
-0.216 0.279 -0.066 20
-0.019 0.329 0.121 20
0.113 0.181 0.303 20
0.125 0.051 -1.451 21
-0.169 0.055 -0.099 20
0.891 -0.993 4.069 20
0.429 0.614 -3.178 20
0.215 1.7 -0.883 20
0.506 1.116 0.918 20
0.061 0.349 -0.25 21
-0.006 0.56 0.418 20
-0.467 1.299 -0.701 20
0.391 0.876 -0.909 20
0.311 0.32 -0.449 20
-0.163 0.646 0.207 20
-0.42 0.672 0.279 21
-0.531 0.605 0.335 20
-0.241 0.344 0.017 20
-0.025 0.268 -0.546 20
0.114 0.084 -1.225 20
0.107 0.175 -1.115 20
-0.174 0.845 -0.447 21
-0.198 0.965 -0.142 20
-0.02 0.597 -0.278 20
0.056 0.391 -0.266 20
-0.076 0.664 -0.151 20
-0.338 0.831 0.099 20
-0.632 0.657 0.097 21
-0.959 0.617 0.208 20
-1.242 0.851 0.509 20
-1.652 0.875 0.139 20
-1.811 0.486 -0.508 20
-1.481 0.017 -0.641 20
-1.184 -0.169 -0.346 21
-0.845 -0.141 -0.011 20
-0.351 -0.153 -0.038 20
-0.01 -0.194 -0.084 20
-0.132 -0.125 0.206 20
-0.524 0.012 0.06 20
-0.383 0.06 -0.35 21
0.213 -0.135 -0.399 20
0.717 -0.253 -0.044 20
0.781 -0.212 0.019 20
0.923 -0.424 -0.182 20
1.09 -0.744 0.118 20
0.659 -0.704 0.22 21
0.369 -0.689 0.252 20
0.392 -0.784 0.451 20
0.599 -0.701 0.281 20
0.852 -0.704 0.313 20
1.346 -0.869 0.4 21
1.382 -0.691 0.295 20
0.879 -0.517 0.35 20
0.524 -0.553 0.867 20
0.368 -0.476 1.209 20
0.275 -0.618 1.09 20
0.409 -0.906 0.787 21
1.099 -1.531 0.752 20
1.543 -2.031 0.84 20
1.523 -2.268 0.857 20
1.441 -2.356 1.229 20
1.625 -2.346 1.334 20
1.348 -1.933 0.593 21
1.224 -1.808 0.919 20
0.905 -1.423 0.627 20
-0.189 -1.235 0.357 20
-0.517 -1.702 0.858 20
0.092 -1.853 0.742 20
0.389 -1.776 1.257 21
0.518 -1.751 1.607 20
0.619 -1.727 1.649 20
0.269 -2.076 1.646 20
-0.322 -2.375 1.632 20
-0.976 -2.4 2.062 20
-1.546 -2.397 2.015 21
-2.256 -2.49 0.869 20
-2.528 -2.116 -0.096 20
-2.116 -0.772 -0.498 20
-0.563 0.238 -1.438 20
0.98 0.72 -0.378 20
1.757 1.388 1.522 21
2.441 2.23 1.624 20
2.736 2.647 0.912 20
1.928 2.212 -0.058 20
1.069 1.264 -0.928 20
1.007 0.752 -0.652 20
1.555 0.116 0.672 21
0.098 0.335 0.432 20
-0.728 0.953 -0.167 20
-0.045 0.312 0.164 20
-0.511 0.479 -0.168 20
-0.811 1.561 0.08 21
-0.922 1.346 0.174 20
-0.452 0.44 -0.321 20
1.291 -0.489 -0.895 20
2.544 -1.154 -0.762 20
1.884 -0.575 0.033 20
0.322 0.836 0.286 21
-0.569 1.925 -0.145 20
0.519 1.806 -0.501 20
0.97 0.76 -0.766 20
0.681 -0.479 -1.942 20
0.328 -0.319 -1.928 20
-0.611 0.555 -0.332 21
-1.635 0.989 0.638 20
-1.413 0.843 0.583 20
-0.194 1.112 0.089 20
-0.09 1.22 -0.288 20
-0.116 0.719 -0.834 20
0.777 0.248 -1.525 21
1.661 0.333 -1.303 20
1.568 0.871 -0.259 20
0.896 1.237 0.018 20
0.586 1.152 -0.578 20
0.165 1.317 -1.115 21
-0.245 1.56 -0.77 20
-0.363 1.493 -0.247 20
-0.229 1.115 0.113 20
-0.187 0.602 0.013 20
-0.285 0.352 -0.412 20
0.002 0.237 -0.448 21
-0.103 0.131 -1.242 20
0.301 -0.241 -1.04 20
0.562 -0.43 -0.63 20
0.232 0.024 -0.776 20
0.381 0.422 -0.151 20
0.455 0.755 0.523 21
0.146 1.122 0.397 20
-0.236 1.611 -0.32 20
-0.23 1.756 -0.159 20
-0.496 1.832 0.026 20
-0.39 1.716 0.11 20
-0.297 1.65 -0.131 21
-0.422 1.804 -0.208 20
-0.678 1.736 0.299 20
-0.983 1.581 0.508 20
-1.033 1.514 -0.199 20
-0.611 1.0 -0.121 20
-0.491 0.863 -0.32 21
-0.276 1.172 -0.661 20
-0.397 1.531 -0.032 20
-1.347 1.822 0.477 20
-2.172 2.291 0.36 20
-1.497 2.003 0.233 20
-0.606 1.682 0.551 21
-0.349 1.54 -0.15 20
0.058 1.284 -0.467 20
-0.659 2.016 -0.127 20
-0.972 1.726 0.365 20
-0.853 1.517 0.012 20
-0.457 1.184 0.336 21
-0.265 1.322 -0.253 20
-0.075 1.186 -0.111 20
0.063 0.963 -0.441 20
0.574 0.606 0.504 20
0.487 0.056 0.43 20
0.291 0.156 -0.27 21
0.495 0.063 0.17 20
0.575 -0.344 0.511 20
0.601 -0.602 0.098 20
0.819 -0.596 -0.144 20
0.888 -0.53 -0.192 20
0.912 -0.716 0.589 21
1.073 -1.007 0.492 20
1.088 -1.024 0.039 20
1.057 -1.056 0.044 20
0.889 -1.028 -0.236 20
0.862 -0.921 -0.372 21
1.099 -1.012 0.057 20
1.386 -1.329 0.437 20
1.368 -1.765 0.687 20
1.065 -2.073 0.726 20
0.812 -2.284 0.606 20
0.509 -2.412 0.586 21
-0.108 -2.104 0.159 20
-0.578 -1.486 -0.087 20
-0.221 -1.16 -0.335 20
0.708 -1.208 -0.478 20
1.435 -1.641 0.218 20
1.404 -1.833 0.394 21
0.668 -1.772 0.661 20
-0.032 -1.817 1.127 20
-0.569 -1.577 0.959 20
-0.939 -1.066 0.541 20
-0.701 -0.992 0.429 20
-0.055 -1.214 0.252 21
0.221 -1.411 0.091 20
0.563 -1.647 0.39 20
0.61 -1.711 0.332 20
0.506 -1.553 0.202 20
0.21 -1.216 -0.066 20
0.0 -0.694 -0.436 21
0.236 -0.728 -0.451 20
0.279 -0.463 0.473 20
0.118 -0.009 0.9 20
0.052 0.055 0.851 20
0.351 -0.549 0.557 20
0.242 -0.711 0.042 21
-0.318 -0.11 -0.177 20
0.196 0.094 -0.172 20
0.83 -0.35 -0.045 20
0.486 -0.433 -0.157 20
-0.066 0.18 0.041 20
-0.219 0.708 0.164 21
-0.555 1.648 -0.058 20
-0.467 2.193 -0.729 20
0.025 1.831 -1.055 20
0.578 1.122 -0.907 20
0.499 0.458 -0.471 20
0.361 0.272 -0.368 21
0.381 0.173 -0.258 20
0.136 0.208 -0.046 20
-0.507 0.715 0.093 20
-0.911 1.295 -0.144 20
-0.777 1.551 -0.681 21
-0.065 1.435 -0.518 20
0.085 1.259 -0.826 20
0.23 1.105 -0.819 20
0.403 0.884 -0.211 20
-0.292 1.287 -0.091 20
-0.407 1.642 -0.349 21
-0.213 1.911 0.14 20
-0.494 2.054 0.867 20
-1.072 2.085 0.61 20
-1.512 2.336 -0.323 20
-1.236 2.34 -0.109 20
-1.207 2.315 -0.918 21
-0.59 2.241 -2.111 20
0.479 1.9 -0.964 20
-1.366 1.764 1.374 20
-3.241 1.279 1.249 20
-2.201 0.252 0.689 20
-1.373 0.205 0.758 21
-1.49 0.745 0.533 20
-1.587 1.147 0.264 20
-1.678 1.201 -0.117 20
-1.491 1.057 0.308 20
-1.359 0.804 0.383 20
-1.053 1.06 -0.358 21
0.108 0.935 0.154 20
0.673 0.608 -0.415 20
1.108 0.673 -1.274 20
2.056 0.495 -0.457 20
2.652 -0.254 0.088 20
2.781 -0.927 -0.144 21
2.734 -1.399 0.042 20
2.486 -1.749 0.128 20
2.028 -1.824 0.191 20
1.412 -1.723 0.596 20
0.757 -1.678 1.265 20
-0.089 -1.269 0.794 21
-0.658 -0.885 0.538 20
-0.573 -0.844 0.535 20
-0.22 -1.001 0.243 20
0.098 -1.259 0.048 20
0.483 -1.417 -0.174 20
1.329 -1.793 -0.191 21
2.223 -2.176 -0.241 20
2.613 -2.28 0.024 20
2.149 -2.095 -0.055 20
0.942 -1.653 -0.138 20
-0.333 -1.552 0.052 21
-0.819 -1.405 0.197 20
-0.746 -1.299 -0.233 20
-0.259 -1.361 -0.063 20
0.516 -1.811 0.244 20
1.1 -1.967 0.189 20
1.374 -2.236 0.576 21
0.45 -1.878 0.71 20
-0.079 -0.858 0.594 20
0.247 -0.473 0.683 20
-0.489 -0.072 0.673 20
-0.649 0.504 0.399 20
0.161 -0.145 -0.022 21
0.464 -0.756 0.419 20
0.096 -0.527 0.672 20
-0.285 0.023 0.694 20
-0.403 0.342 0.605 20
-0.421 0.583 0.363 20
-0.504 0.922 -0.267 21
-0.283 1.271 -0.857 20
0.035 1.295 -1.049 20
0.396 0.747 -0.604 20
0.471 -0.016 -0.039 20
0.382 -0.321 0.158 20
0.234 -0.327 -0.144 21
0.066 -0.176 -1.265 20
0.213 0.211 -2.044 20
1.002 0.867 -1.538 20
1.268 1.876 -1.559 20
1.555 2.514 -0.866 20
1.132 2.34 0.703 21
-0.202 1.701 1.152 20
-1.006 0.901 0.923 20
-1.575 0.498 0.585 20
-1.92 0.472 0.772 20
-2.261 0.649 0.337 20
-2.408 1.054 -0.205 21
-2.061 1.408 -0.38 20
-1.551 1.851 -0.929 20
-1.523 2.427 -0.64 20
-2.134 2.993 -0.125 20
-2.308 2.862 0.641 21
-2.004 2.319 0.801 20
-1.756 2.098 0.564 20
-1.458 2.097 0.759 20
-1.515 2.584 0.065 20
-1.022 2.679 -0.003 20
-0.797 2.715 -1.098 21
-0.01 1.777 -0.307 20
0.035 0.897 0.208 20
-0.069 0.218 -0.312 20
0.45 -0.622 0.317 20
0.248 -1.478 0.803 20
-0.071 -1.589 0.537 21
-0.31 -1.158 0.462 20
-0.501 -0.827 0.151 20
-0.431 -0.513 -0.377 20
0.439 -0.283 -0.708 20
1.874 -0.22 -1.208 20
3.821 -0.875 -0.736 21
5.282 -2.016 -0.815 20
5.594 -2.794 -0.594 20
4.643 -2.969 0.215 20
2.134 -2.362 -0.094 20
-0.141 -1.763 -0.044 20
-1.106 -1.589 0.734 21
-1.511 -1.217 1.035 20
-1.765 -0.838 0.843 20
-1.739 -0.726 1.005 20
-1.455 -0.831 1.256 20
-0.827 -1.12 0.91 20
0.316 -1.373 0.299 21
2.386 -1.893 0.136 20
3.357 -2.475 0.023 20
2.803 -2.441 0.003 20
1.566 -2.57 -0.386 20
0.517 -2.218 -0.91 21
0.305 -1.636 -0.593 20
-0.058 -0.655 -0.018 20
-0.63 0.149 0.802 20
-1.417 0.569 1.394 20
-1.726 0.68 1.065 20
-1.368 0.211 0.687 21
-0.446 -0.708 0.599 20
0.229 -1.2 0.591 20
0.64 -0.896 0.161 20
1.24 -0.537 -0.637 20
1.754 -0.384 -1.591 20
2.096 -0.02 -2.199 21
2.611 0.257 -1.141 20
1.804 0.587 0.04 20
-0.003 1.02 0.212 20
-0.311 1.144 0.32 20
-0.189 1.098 0.056 20
-0.173 0.995 -0.236 21
-0.078 0.773 -0.497 20
0.037 0.557 -0.451 20
-0.035 0.655 -0.007 20
-0.406 1.025 0.907 20
-1.37 1.442 1.603 20
-2.425 1.899 1.266 21
-2.683 2.063 0.913 20
-2.561 2.003 0.162 20
-2.21 1.984 -1.115 20
-1.446 1.923 -2.596 20
0.401 1.992 -3.393 20
0.833 2.842 -0.475 21
-1.22 3.705 1.3 20
-2.501 3.391 0.105 20
-2.424 2.963 -0.073 20
-2.261 2.628 0.835 20
-2.451 2.244 1.155 20
-2.251 1.569 1.492 21
-1.894 0.837 1.591 20
-2.132 0.856 -0.085 20
-1.52 1.034 -1.409 20
-0.406 0.426 -0.958 20
-0.098 0.465 -1.377 21
1.043 0.47 -1.369 20
2.156 -0.041 -0.272 20
2.434 -1.102 1.138 20
1.753 -1.609 1.692 20
0.649 -1.342 1.195 20
-0.396 -1.081 1.253 21
-0.945 -0.543 0.336 20
-0.598 0.305 -1.083 20
0.996 0.622 -1.501 20
3.349 0.396 -1.508 20
5.552 -0.885 -1.111 20
5.538 -2.887 0.196 21
3.656 -3.996 1.081 20
0.501 -3.462 1.174 20
-1.87 -2.665 1.196 20
-2.71 -1.825 0.529 20
-2.743 -0.873 0.058 20
-1.819 -0.38 0.046 21
-0.314 -0.288 -0.486 20
1.179 -0.415 -0.399 20
2.971 -1.335 0.19 20
4.146 -2.439 -0.011 20
3.861 -3.027 -0.127 20
2.448 -3.158 0.081 21
0.378 -2.51 0.287 20
-1.093 -1.325 0.486 20
-1.585 -0.591 0.614 20
-1.991 -0.017 0.863 20
-2.09 0.424 0.93 21
-1.501 0.187 0.565 20
-0.377 -0.29 0.013 20
1.023 -0.854 -0.287 20
1.295 -1.063 0.083 20
0.812 -0.923 0.286 20
0.684 -0.759 -0.009 21
0.667 -0.422 -0.685 20
0.865 0.113 -1.047 20
1.742 0.19 -0.936 20
1.991 0.011 -0.383 20
0.884 0.254 0.312 20
-0.598 0.776 0.839 21
-1.668 1.263 0.563 20
-2.094 1.516 0.136 20
-1.988 1.427 0.051 20
-1.065 0.961 -0.274 20
0.125 0.328 -0.521 20
0.692 0.09 -0.21 21
0.707 0.32 -0.301 20
0.52 0.661 -0.674 20
0.248 1.052 -1.137 20
0.353 1.423 -0.876 20
0.444 1.809 -0.172 20
0.012 2.368 0.275 21
-0.683 2.549 0.776 20
-1.468 2.376 0.59 20
-1.867 2.177 -0.442 20
-1.473 2.039 -0.807 20
-1.127 2.079 -0.108 20
-1.862 1.727 0.991 21
-2.475 0.804 1.385 20
-2.575 0.348 1.079 20
-2.529 0.703 0.38 20
-2.358 1.383 0.118 20
-2.71 1.767 -0.066 21
-2.554 1.676 -0.206 20
-1.8 1.437 -0.276 20
-0.926 1.203 -0.472 20
-0.135 0.994 -0.6 20
0.367 0.686 -0.826 20
0.91 0.283 -0.789 21
1.246 0.002 -0.557 20
1.57 0.03 -0.378 20
1.726 0.124 -0.051 20
1.773 0.025 0.524 20
1.608 -0.476 0.946 20
1.223 -0.847 0.793 21
0.702 -1.327 0.91 20
0.121 -1.871 0.89 20
-0.289 -1.837 0.45 20
-0.144 -1.44 0.193 20
0.497 -0.884 -0.416 20
1.797 -0.988 -0.517 21
3.432 -1.986 -0.247 20
4.167 -3.165 -0.132 20
3.22 -3.53 0.042 20
1.303 -3.153 0.448 20
-0.467 -2.301 0.237 21
-1.333 -1.454 -0.278 20
-1.055 -1.039 -0.692 20
0.205 -1.127 -1.017 20
1.761 -1.717 -0.077 20
1.921 -2.104 0.937 20
0.929 -1.945 1.363 20
0.058 -1.707 0.875 21
-0.126 -1.297 0.382 20
-0.331 -0.698 0.286 20
-0.895 -0.043 0.192 20
-0.568 0.329 0.031 20
0.212 0.074 -0.122 20
0.674 -0.567 -0.367 21
1.052 -0.635 -0.326 20
0.923 -0.464 0.094 20
0.607 0.151 0.102 20
0.818 1.263 0.049 20
0.641 0.98 -0.158 20
0.353 0.112 0.01 21
0.399 -0.351 0.242 20
0.055 -0.268 -0.157 20
0.015 0.092 -0.846 20
-0.072 0.384 -0.934 20
-0.56 0.848 -0.127 21
-0.597 1.231 0.271 20
-0.166 1.295 -0.027 20
0.117 1.071 0.249 20
0.047 0.886 0.51 20
-0.226 0.664 -0.109 20
-0.534 0.664 -0.592 21
-0.668 0.719 0.081 20
-1.226 0.983 0.368 20
-1.563 1.434 -0.122 20
-1.161 2.071 -0.483 20
-0.976 2.664 -0.228 20
-1.294 2.792 -0.242 21
-1.367 2.261 -0.825 20
-1.653 1.838 -0.497 20
-2.548 2.133 0.095 20
-3.807 2.446 0.581 20
-3.556 2.328 0.019 20
-2.081 1.722 0.34 21
-1.233 1.503 -0.094 20
-1.174 1.4 0.087 20
-1.136 1.128 0.175 20
-0.958 0.573 0.481 20
-0.933 0.219 0.866 20
-0.829 0.113 0.614 21
-0.123 -0.273 0.554 20
0.518 -0.739 0.438 20
0.768 -0.782 -0.12 20
1.316 -0.755 -0.024 20
1.842 -0.742 -0.446 20
2.479 -0.735 -0.229 21
3.346 -1.004 -0.154 20
4.486 -1.49 -0.262 20
4.926 -2.08 -0.347 20
4.01 -2.405 -0.931 20
2.415 -2.539 0.118 21
0.729 -2.385 0.537 20
-0.505 -1.95 -0.988 20
-1.047 -1.462 -1.072 20
-0.718 -1.639 0.912 20
-1.147 -1.684 1.023 20
-2.427 -0.839 0.638 21
-1.233 -0.548 0.93 20
0.558 -1.015 -0.231 20
1.591 -0.866 -0.984 20
3.018 -1.754 0.006 20
2.839 -2.484 0.549 20
1.48 -1.886 0.304 21
-0.347 -1.167 -0.357 20
-0.685 -0.643 -0.938 20
0.223 -0.578 -0.879 20
-0.094 -0.68 0.411 20
-0.515 -0.399 1.373 20
-1.113 0.015 1.162 21
-1.318 0.518 0.418 20
-1.089 0.372 -0.036 20
-0.631 -0.081 -0.453 20
0.242 -0.195 -0.77 20
1.173 -0.331 -0.801 20
1.756 -0.337 -0.742 21
2.195 -0.103 -0.437 20
2.046 0.06 0.032 20
1.063 0.224 0.212 20
0.077 0.316 -0.039 20
-0.43 0.728 -0.354 20
-0.143 0.998 -0.424 21
0.118 1.271 0.167 20
-0.552 1.748 1.088 20
-1.653 2.015 0.816 20
-2.067 2.068 -0.106 20
-1.878 1.79 0.395 20
-2.294 1.917 0.024 21
-2.439 2.588 -0.116 20
-2.008 2.956 -0.158 20
-2.182 2.844 0.191 20
-2.421 2.402 0.252 20
-1.991 1.996 0.164 20
-1.348 1.565 0.057 21
-1.14 1.674 -0.2 20
-1.289 1.899 -0.506 20
-1.36 1.577 -0.259 20
-1.845 1.282 -0.142 20
-2.159 1.08 0.289 21
-1.93 0.644 1.177 20
-1.549 0.511 0.74 20
-0.568 0.279 0.463 20
0.447 -0.151 0.141 20
1.191 -0.302 -0.491 20
2.21 -0.649 -0.328 21
3.003 -1.138 0.049 20
3.552 -1.932 0.465 20
3.675 -2.549 0.08 20
3.116 -2.827 0.119 20
1.959 -2.682 0.749 20
0.726 -1.918 -0.189 21
-0.118 -0.961 -0.847 20
-0.157 -0.384 -1.209 20
0.696 -0.333 -1.323 20
2.271 -1.246 -0.684 20
3.577 -2.525 0.332 20
2.644 -3.02 0.312 21
0.573 -2.99 -0.003 20
-0.577 -2.85 0.354 20
-1.274 -2.093 0.196 20
-1.342 -1.0 -0.193 20
-0.818 -0.615 -0.213 20
-0.855 -0.355 0.021 21
-0.465 -0.246 -0.228 20
1.415 -0.819 -0.79 20
2.947 -1.392 -1.146 20
3.068 -1.626 0.272 20
1.073 -1.278 1.329 20
-0.726 -0.598 1.065 21
-1.688 0.058 0.971 20
-1.933 0.479 0.6 20
-1.688 0.586 0.018 20
-0.842 0.467 0.148 20
-0.077 0.742 0.413 20
-0.144 1.297 -0.185 21
-0.572 1.62 -1.669 20
0.752 1.404 -2.393 20
3.059 0.72 -2.214 20
3.769 0.329 -1.441 20
3.784 -0.018 -0.21 20
3.552 -0.186 -0.512 21
2.274 0.731 0.06 20
0.458 1.852 1.656 20
-1.504 1.884 1.701 20
-2.998 1.797 1.559 20
-4.292 1.76 2.054 20
-5.538 1.691 1.821 21
-6.124 1.753 0.638 20
-5.609 2.058 -0.183 20
-4.246 1.753 0.942 20
-3.709 1.024 1.1 20
-3.073 0.811 0.488 21
-2.656 1.187 -0.082 20
-2.586 1.651 -0.166 20
-2.263 1.99 -0.574 20
-1.232 2.173 -1.036 20
-0.066 2.781 -2.257 20
1.755 3.79 -1.904 21
4.227 3.111 -0.933 20
6.126 1.472 -0.507 20
6.549 -1.16 1.453 20
5.288 -3.428 2.006 20
2.793 -4.168 2.174 20
-0.515 -3.266 1.085 21
-2.673 -1.941 0.265 20
-3.249 -0.878 -0.739 20
-2.521 -0.208 -1.155 20
-1.462 -0.03 -0.985 20
0.404 -0.363 -0.494 20
2.405 -1.196 -0.844 21
4.109 -2.296 -0.694 20
5.401 -3.748 0.644 20
4.419 -4.117 -0.853 20
3.716 -4.676 -2.549 20
2.543 -5.51 -0.629 20
-0.242 -3.588 1.386 21
-2.389 -1.024 1.952 20
-3.959 0.341 1.766 20
-4.772 1.312 0.893 20
-4.702 1.862 0.174 20
-2.49 0.874 0.077 20
1.977 -0.869 0.177 21
3.739 -2.021 0.579 20
2.281 -1.662 0.605 20
1.837 -1.189 0.04 20
1.893 -1.142 -0.926 20
0.819 0.17 -1.217 20
0.235 1.382 -0.548 21
0.231 1.766 0.26 20
-0.276 1.634 -0.302 20
-0.522 1.227 -1.481 20
1.32 0.861 -2.409 20
4.164 1.072 -1.68 20
4.083 0.827 -0.874 21
2.293 -0.247 0.793 20
-0.507 -0.405 1.494 20
-2.753 0.531 1.146 20
-3.532 0.978 0.896 20
-3.857 1.43 0.347 20
-3.769 1.938 0.735 21
-3.252 2.145 0.415 20
-2.744 2.427 0.598 20
-2.872 2.645 1.241 20
-3.654 2.57 -0.038 20
-3.265 2.21 -1.088 20
-1.529 1.663 0.147 21
-1.117 2.116 -0.244 20
-1.27 2.857 -0.2 20
-1.542 3.061 -0.546 20
-1.524 2.763 -0.464 20
-1.013 2.394 -0.542 21
-0.226 1.732 0.253 20
0.157 0.776 0.566 20
0.325 -0.105 -0.016 20
0.527 -0.793 -0.157 20
0.559 -1.108 -0.162 20
0.936 -1.165 -0.047 21
1.688 -1.428 0.3 20
2.36 -1.785 0.533 20
2.412 -2.297 1.286 20
1.636 -2.399 1.269 20
0.723 -1.702 0.267 20
0.26 -0.909 -0.736 21
0.738 -0.143 -1.13 20
2.353 -0.338 -1.676 20
5.317 -2.024 -0.769 20
6.167 -3.909 0.803 20
2.853 -3.647 0.662 20
-0.633 -2.61 0.477 21
-1.695 -2.086 -0.391 20
-2.013 -1.577 -0.666 20
-1.66 -1.062 -0.326 20
-0.979 -0.624 0.424 20
-1.013 -0.509 1.233 20
-1.562 -0.627 1.017 21
-0.88 -0.92 0.007 20
1.755 -1.645 -0.868 20
3.96 -2.442 -0.643 20
3.445 -2.169 0.733 20
1.41 -1.144 0.593 20
0.271 -0.594 0.297 21
-0.729 -0.106 1.172 20
-1.98 0.579 1.018 20
-3.052 1.629 -0.49 20
-1.977 1.979 -1.239 20
0.511 1.167 -0.677 20
1.62 0.418 -0.536 21
1.87 -0.03 -1.358 20
2.901 -0.585 -1.366 20
3.702 -1.288 -0.031 20
2.538 -1.342 0.948 20
0.529 -0.559 0.926 20
-0.978 1.061 0.564 21
-1.986 2.305 0.225 20
-2.331 2.788 0.043 20
-1.794 2.778 0.263 20
-0.948 2.283 0.635 20
-0.793 1.638 -0.141 20
-0.869 1.567 -1.429 21
-0.668 1.729 -0.822 20
-1.347 2.08 0.606 20
-2.536 2.405 0.761 20
-3.683 2.255 0.707 20
-3.832 2.206 0.095 21
-2.725 1.546 0.803 20
-2.549 1.704 0.186 20
-2.76 2.113 0.361 20
-2.971 2.57 -0.144 20
-1.607 2.449 -0.42 20
0.084 1.835 -0.344 21
0.332 1.029 -0.273 20
0.695 -0.281 -0.351 20
1.244 -1.55 -0.107 20
1.398 -2.005 0.0 20
1.405 -1.591 0.565 20
0.738 -0.986 1.261 21
0.005 -0.236 0.238 20
0.026 0.321 -0.503 20
0.65 0.44 -0.556 20
1.857 -0.243 -0.112 20
3.715 -1.748 0.441 20
4.821 -3.364 0.701 21
3.521 -3.461 0.163 20
2.307 -2.615 -0.333 20
1.811 -2.416 0.495 20
0.039 -1.907 0.109 20
-1.866 -1.19 0.307 20
-2.22 -0.871 -0.635 21
-1.222 -0.497 -1.405 20
0.71 -0.402 -1.282 20
2.711 -0.957 -0.966 20
3.324 -1.609 -0.719 20
3.103 -3.283 0.702 20
0.273 -3.459 1.524 21
-2.004 -1.485 0.861 20
-1.142 -0.17 -0.58 20
0.159 -0.194 -1.201 20
1.208 -0.44 -1.073 20
2.062 -0.629 0.109 20
0.844 -0.939 1.269 21
-0.468 -1.073 1.778 20
-1.704 -0.606 1.031 20
-2.663 0.23 -0.313 20
-1.979 0.823 -1.038 20
-0.274 0.916 -1.394 20
1.624 1.165 -2.082 21
3.299 1.43 -0.977 20
3.684 0.871 2.127 20
1.641 0.072 2.309 20
-1.066 0.255 -0.027 20
-1.468 0.516 -1.232 20
-0.711 0.503 -0.658 21
-0.308 0.414 -0.06 20
-0.247 1.144 -0.465 20
0.288 1.933 0.07 20
-0.081 2.667 0.153 20
-1.142 2.989 0.323 20
-2.709 2.899 0.34 21
-3.445 2.76 0.515 20
-4.032 2.406 0.858 20
-4.144 2.28 0.751 20
-3.376 1.791 1.4 20
-3.125 1.299 1.301 20
-2.89 1.378 0.065 21
-1.577 1.223 -0.206 20
-1.208 1.183 -0.666 20
-1.201 1.017 -0.701 20
-0.764 0.682 -0.648 20
-0.494 0.577 -0.65 20
-0.203 0.862 -1.035 21
0.69 1.115 -0.781 20
1.921 1.167 -0.215 20
3.063 1.037 0.368 20
4.074 0.006 0.605 20
4.354 -1.502 0.156 21
3.397 -2.344 0.945 20
1.719 -2.653 1.281 20
0.012 -2.396 0.362 20
-1.261 -1.982 -0.169 20
-1.363 -1.762 -0.006 20
-0.847 -1.51 0.067 21
-0.398 -1.31 -0.184 20
0.042 -1.353 -0.373 20
0.721 -1.666 -0.372 20
1.636 -2.198 -0.889 20
3.087 -2.685 -1.352 20
4.505 -3.693 -0.343 21
3.619 -4.264 0.408 20
1.222 -3.322 -0.085 20
-0.283 -1.97 -0.339 20
-1.07 -0.829 -0.262 20
-1.482 0.368 0.242 20
-1.884 0.92 1.149 21
-1.825 1.024 1.465 20
-1.075 0.559 1.312 20
-0.502 -0.145 1.642 20
-0.706 -0.066 1.851 20
-1.821 0.841 0.269 20
-0.677 0.518 -3.192 21
4.79 -1.465 -3.892 20
6.521 -3.052 0.299 20
3.65 -1.561 1.147 20
1.493 -0.859 0.331 20
-0.343 -0.219 -0.171 20
-2.061 1.529 -0.369 21
-2.806 2.292 -0.615 20
-2.592 2.319 -0.872 20
-0.574 1.674 -1.443 20
1.798 0.676 -1.602 20
3.524 -0.503 0.534 20
2.26 -1.399 1.763 21
-1.234 -0.481 1.442 20
-3.626 1.457 1.072 20
-4.309 2.672 1.01 20
-3.313 2.792 0.976 20
-1.882 2.615 0.6 20
-2.222 2.372 -1.024 21
-2.647 2.784 -3.759 20
-0.731 3.536 -0.285 20
-1.207 4.219 1.004 20
-1.087 3.519 -0.165 20
-1.047 2.318 0.198 20
-1.751 1.978 0.693 21
-1.916 1.377 1.363 20
-2.244 -0.042 1.699 20
-3.466 0.032 -1.206 20
-2.641 0.79 -1.01 20
-0.999 0.881 -1.094 20
0.527 0.474 -0.181 21
1.703 -0.01 0.876 20
2.378 -1.257 0.79 20
2.28 -2.785 0.485 20
1.453 -3.44 0.214 20
0.997 -2.628 0.805 20
1.242 -0.996 0.052 21
1.799 0.338 -1.442 20
2.868 0.172 -1.143 20
4.168 -1.064 -0.407 20
4.479 -2.243 1.085 20
2.833 -2.81 0.33 20
0.751 -2.61 -0.017 21
-0.293 -2.401 0.146 20
-1.001 -1.747 -0.344 20
-1.285 -1.296 -0.732 20
-0.966 -0.852 -0.976 20
-0.212 -0.859 0.052 21
-0.105 -1.304 -0.056 20
0.194 -1.505 -0.712 20
1.955 -2.922 -0.035 20
2.644 -3.682 1.138 20
0.799 -2.229 0.662 20
-0.339 -0.823 -0.449 21
0.242 -0.898 -0.43 20
0.394 -1.282 0.453 20
-0.494 -0.509 1.014 20
-1.14 0.252 1.175 20
-1.507 0.712 0.777 20
-1.701 1.197 -0.649 21
-0.833 1.258 -1.612 20
1.218 0.563 -1.208 20
2.36 -0.098 0.04 20
2.035 -0.541 0.646 20
1.06 -0.39 0.452 20
0.613 -0.187 0.131 21
0.347 0.463 -0.927 20
0.304 1.617 -1.811 20
1.567 2.098 -0.944 20
1.656 2.071 0.275 20
0.166 2.254 0.163 20
-0.475 2.389 -0.32 21
-0.533 2.184 -0.542 20
-0.449 1.845 -0.883 20
-0.415 1.477 0.425 20
-1.814 1.06 2.064 20
-3.665 0.887 2.569 20
-5.11 1.202 2.435 21
-5.597 1.685 1.603 20
-5.514 2.021 0.539 20
-4.88 1.961 -0.146 20
-3.073 1.927 -0.788 20
-1.67 2.193 -1.315 20
-1.331 2.189 -1.302 21
-0.919 2.132 -1.621 20
0.269 1.634 -0.413 20
1.186 1.07 0.044 20
2.775 0.327 -0.154 20
4.36 -1.057 0.943 20
4.017 -1.878 0.987 21
2.768 -1.636 -0.597 20
2.422 -1.632 -0.229 20
2.107 -1.516 0.934 20
1.094 -1.153 1.545 20
-0.103 -1.208 0.869 20
-1.311 -0.965 -0.567 21
-1.376 -0.51 -0.743 20
-0.546 -0.515 -0.507 20
0.667 -1.419 -0.363 20
1.756 -2.631 -0.575 20
2.865 -3.344 -0.78 20
3.844 -3.792 -0.092 21
3.195 -3.488 -0.283 20
1.379 -2.476 -0.891 20
0.529 -1.603 -1.533 20
0.218 -0.893 -0.668 20
-1.278 -0.137 0.377 21
-2.019 0.126 1.238 20
-1.769 -0.306 1.968 20
-1.159 -0.769 1.831 20
-0.696 -1.061 1.293 20
-0.415 -1.076 0.616 20
-0.067 -0.785 -0.122 21
0.514 -0.667 -0.595 20
1.383 -0.715 -0.906 20
1.685 -0.236 -0.891 20
0.906 0.511 -0.53 20
0.197 0.706 0.128 20
0.035 0.361 0.372 21
-0.233 0.308 -0.361 20
0.255 0.268 -0.648 20
1.305 -0.161 -0.458 20
1.854 -0.492 -0.732 20
1.763 -0.557 -0.656 20
0.938 -0.16 0.135 21
-0.311 0.545 0.404 20
-1.219 1.18 0.538 20
-1.477 1.801 0.4 20
-1.316 2.266 0.11 20
-1.016 2.458 -0.599 20
-0.699 2.505 -0.513 21
-1.295 2.767 -0.328 20
-1.731 2.965 0.006 20
-1.706 2.625 0.245 20
-2.07 1.96 0.744 20
-3.034 1.619 0.818 20
-3.931 1.983 0.585 21
-3.473 2.212 0.786 20
-2.699 2.094 0.379 20
-2.311 1.779 -0.201 20
-1.961 1.485 -0.062 20
-1.776 1.349 -0.151 20
-1.27 1.227 -0.588 21
-0.024 0.891 -0.269 20
1.09 0.308 0.132 20
2.194 -0.369 0.031 20
3.15 -1.004 0.431 20
3.311 -1.605 1.008 20
2.48 -1.53 -0.243 21
2.014 -0.871 -1.756 20
3.029 -1.191 -0.981 20
4.306 -2.292 0.945 20
2.666 -2.559 1.471 20
0.5 -1.975 -0.165 20
-0.537 -1.081 -0.748 21
-0.593 -1.245 -0.947 20
-0.167 -1.689 -1.481 20
1.024 -2.685 -0.615 20
1.583 -2.836 1.097 20
0.631 -2.089 0.472 20
0.777 -1.764 -1.194 21
1.655 -2.687 -0.203 20
0.741 -2.522 0.008 20
-0.524 -0.879 0.952 20
-1.968 -0.261 1.376 20
-2.043 0.506 0.995 20
-1.653 0.175 1.141 21
-1.727 -0.374 0.54 20
1.75 -0.563 -2.361 20
5.615 -2.665 -0.832 20
3.415 -2.461 0.822 20
1.12 -0.932 1.143 21
-1.089 -0.412 0.973 20
-2.771 0.485 0.832 20
-3.622 1.572 0.645 20
-4.025 2.275 -0.513 20
-2.508 1.735 -0.695 20
0.45 0.598 -0.459 21
3.277 0.398 -1.168 20
4.344 0.453 -2.295 20
4.33 0.119 -0.878 20
3.726 -0.395 -0.152 20
1.51 -0.133 0.018 20
-0.015 0.276 1.493 21
-1.697 0.992 0.557 20
-2.491 1.764 -0.141 20
-2.533 2.221 0.148 20
-2.418 2.501 -0.178 20
-1.51 2.34 0.283 20
-1.273 2.388 0.373 21
-1.555 2.406 0.086 20
-1.874 1.829 0.064 20
-2.184 1.118 0.39 20
-2.643 0.801 0.851 20
-2.868 0.964 0.783 20
-2.863 1.351 0.338 21
-2.943 1.755 -0.02 20
-2.606 2.172 -0.359 20
-1.742 2.554 -0.526 20
-0.938 2.476 -1.029 20
0.147 2.394 -1.478 20
0.766 1.82 -0.74 21
0.995 0.933 -0.334 20
1.489 0.139 0.279 20
1.504 -0.59 0.818 20
1.448 -1.007 0.361 20
1.428 -1.064 -0.166 20
0.953 -0.727 -0.684 21
0.53 -0.244 0.082 20
0.341 -0.808 1.176 20
0.26 -0.906 -0.37 20
0.186 -1.236 -0.053 20
0.489 -1.906 0.43 20
1.438 -2.224 -0.08 21
2.43 -2.627 0.511 20
3.108 -2.946 0.962 20
2.002 -2.546 0.513 20
0.374 -2.009 -0.191 20
0.164 -1.34 -0.62 21
0.368 -0.671 -0.929 20
0.402 -0.294 -1.517 20
1.293 -1.027 -0.658 20
2.291 -2.283 0.09 20
1.655 -2.514 0.542 20
0.646 -2.329 1.187 21
-0.886 -1.762 0.874 20
-1.951 -0.667 0.209 20
-1.408 -0.247 0.237 20
-0.81 -0.188 -0.038 20
-0.108 -0.193 0.112 20
0.033 -0.542 0.445 21
0.228 -0.583 0.092 20
1.134 -1.012 -0.347 20
1.823 -1.393 -0.728 20
1.569 -1.883 -0.599 20
0.884 -1.147 -0.007 20
0.33 -0.431 1.269 21
-1.049 0.626 0.92 20
-1.494 1.525 -0.572 20
-0.372 0.827 -0.254 20
-0.296 -0.069 0.344 20
-0.944 0.213 0.23 20
-0.487 0.094 0.653 21
-0.436 -0.009 0.807 20
-1.279 0.547 -0.26 20
-1.284 1.049 -1.568 20
0.678 0.681 -1.877 20
2.49 0.272 -1.782 20
3.336 0.4 -0.543 21
3.041 0.181 0.618 20
1.614 -0.147 0.899 20
-0.396 0.522 0.982 20
-1.678 1.19 0.804 20
-2.45 1.528 0.046 20
-2.184 1.75 0.046 21
-1.5 1.407 0.356 20
-1.278 1.057 -0.737 20
-0.17 0.874 -1.694 20
1.071 0.774 -1.294 20
0.574 0.433 0.247 20
-0.468 0.597 0.468 21
-1.165 1.669 0.41 20
-2.129 2.802 0.207 20
-2.33 3.181 0.079 20
-1.801 2.958 -0.075 20
-1.494 2.363 0.671 20
-1.256 1.275 1.426 21
-1.689 1.046 0.097 20
-1.673 0.93 -0.47 20
-0.665 0.816 0.091 20
-0.723 0.266 0.865 20
-1.873 0.837 -0.463 20
-1.335 1.467 -0.785 21
-0.729 1.467 -0.607 20
-0.46 1.275 -0.493 20
0.111 1.22 -0.517 20
0.863 0.536 -0.062 20
1.234 -0.438 -0.06 21
1.889 -0.676 -0.134 20
1.976 -1.227 1.002 20
1.494 -0.958 0.175 20
0.997 -0.53 0.052 20
0.742 -0.356 0.062 20
0.748 -0.303 0.038 21
0.884 -0.107 -0.43 20
1.063 -0.379 -0.264 20
1.802 -1.05 -0.089 20
2.59 -2.187 0.206 20
2.676 -3.035 0.804 20
1.392 -3.251 2.11 21
-0.759 -2.581 1.797 20
-2.46 -1.566 0.673 20
-3.094 -0.912 -0.245 20
-2.797 -0.169 -1.182 20
-1.172 0.291 -1.613 20
1.76 -0.233 -1.611 21
5.117 -1.654 -1.019 20
6.223 -3.61 1.417 20
3.354 -4.465 0.969 20
0.617 -3.417 0.083 20
-0.889 -2.051 0.338 20
-2.13 -0.621 -0.027 21
-2.426 0.084 -0.247 20
-2.002 0.233 -0.101 20
-1.472 0.225 0.548 20
-0.73 0.062 1.06 20
0.425 -0.7 0.982 20
0.445 -1.317 0.332 21
0.217 -1.233 -0.092 20
0.092 -1.131 0.125 20
-0.277 -0.483 -0.242 20
0.291 -0.114 -0.434 20
0.519 -0.342 0.297 20
-0.099 0.237 0.209 21
0.55 0.256 -0.122 20
0.648 -0.286 0.191 20
-0.151 0.018 -0.396 20
0.24 -0.015 -0.645 20
0.413 -0.232 -0.471 20
0.341 -0.042 -0.352 21
0.419 0.015 0.113 20
0.168 0.175 0.369 20
-0.104 0.552 0.358 20
-0.001 0.758 0.518 20
0.028 0.712 0.167 21
-0.336 0.79 -0.597 20
0.348 0.514 -0.167 20
1.059 -0.004 -0.094 20
0.787 0.239 -0.298 20
1.01 0.433 -0.555 20
1.7 0.448 -1.036 21
1.394 0.739 -0.023 20
0.043 0.849 0.216 20
-0.73 0.846 0.026 20
-0.965 1.125 0.03 20
-1.198 1.315 0.303 20
-1.365 1.425 -0.054 21
-1.638 1.528 -0.243 20
-1.94 1.53 0.031 20
-2.046 1.502 -0.025 20
-1.738 1.589 -0.396 20
-1.454 1.973 -0.516 20
-1.431 2.5 -0.781 21
-1.066 2.634 0.126 20
-1.216 2.463 0.191 20
-1.459 2.178 0.142 20
-1.604 2.001 0.401 20
-1.228 1.605 0.454 20
-0.868 1.671 -0.479 21
-0.503 1.51 -0.815 20
-0.202 1.165 -0.852 20
-0.271 0.807 -0.482 20
0.025 0.567 -0.125 20
0.102 0.475 -0.096 20
0.019 0.486 0.081 21
-0.178 0.185 0.614 20
-0.465 0.052 0.421 20
-0.509 0.174 0.159 20
-0.475 0.282 0.079 20
-0.1 0.232 0.017 21
0.457 -0.131 0.369 20
1.039 -0.366 -0.073 20
1.804 -0.607 -0.322 20
2.63 -1.126 -0.068 20
3.391 -1.716 0.156 20
3.388 -2.086 0.509 21
2.422 -2.192 0.833 20
0.99 -1.951 0.806 20
-0.305 -1.502 0.777 20
-1.068 -1.022 0.423 20
-1.304 -0.641 -0.06 20
-1.104 -0.573 -0.778 21
-0.022 -1.199 -0.731 20
1.886 -2.513 0.394 20
2.184 -3.199 1.074 20
0.883 -2.711 0.456 20
0.125 -1.812 -0.315 20
-0.072 -0.862 -0.637 21
0.38 -0.527 -0.921 20
0.637 -0.731 -0.376 20
0.227 -1.005 0.316 20
-0.392 -1.055 0.591 20
-0.493 -1.09 0.943 20
-0.81 -1.108 0.651 21
-1.331 -0.894 -0.024 20
-0.381 -1.072 -0.258 20
0.508 -1.333 -0.179 20
0.291 -1.088 -0.033 20
0.079 -0.88 -0.11 20
0.459 -1.113 -0.073 21
0.773 -1.198 -0.057 20
0.974 -1.246 -0.036 20
0.926 -1.212 -0.248 20
0.926 -1.317 0.211 20
0.077 -1.356 0.526 21
-0.458 -1.028 0.418 20
-0.658 -0.869 0.723 20
-0.679 -0.455 1.338 20
-1.829 0.293 0.803 20
-2.666 1.272 -0.276 20
-1.543 1.186 -0.943 21
1.031 0.255 -0.777 20
2.105 -0.154 -0.536 20
2.145 0.141 0.315 20
1.534 0.097 0.311 20
0.49 0.115 -0.127 20
0.079 0.3 -0.416 21
-0.15 0.744 -0.773 20
0.226 0.984 -0.65 20
0.391 1.065 0.214 20
-0.395 1.508 0.278 20
-0.85 1.689 0.104 20
-0.702 1.617 0.046 21
-0.666 1.518 -0.197 20
-0.876 1.554 -0.759 20
-0.505 1.629 -1.089 20
0.389 1.789 -1.782 20
1.348 1.72 -0.92 20
1.248 1.313 -0.481 21
0.668 1.087 -0.051 20
-0.2 1.636 0.468 20
-1.525 1.927 0.781 20
-2.528 2.146 0.283 20
-2.542 2.395 -0.074 20
-2.437 2.384 -0.05 21
-2.601 1.807 0.211 20
-2.205 1.15 0.209 20
-1.769 1.156 -0.119 20
-1.454 1.018 0.233 20
-1.377 1.27 -0.199 20
-0.575 1.673 -0.186 21
-0.483 1.433 0.207 20
-0.463 1.555 -0.477 20
-0.054 1.233 -0.127 20
0.056 0.877 -0.091 20
0.21 0.517 -0.215 21
0.462 0.235 -0.002 20
0.686 -0.137 0.547 20
0.645 -0.125 0.089 20
0.55 -0.029 0.175 20
0.45 -0.086 0.5 20
0.461 -0.228 0.398 21
0.857 -0.406 -0.093 20
1.435 -0.687 0.15 20
1.85 -1.06 0.616 20
2.122 -1.443 0.356 20
2.086 -1.775 -0.179 20
1.742 -1.953 0.136 21
1.406 -2.051 0.426 20
0.703 -2.064 0.562 20
-0.057 -1.816 0.213 20
-0.493 -1.503 -0.265 20
-0.23 -1.277 -0.402 20
0.238 -1.378 0.252 21
0.402 -1.533 0.423 20
0.163 -1.359 -0.39 20
0.611 -1.423 -0.071 20
1.418 -1.818 0.198 20
0.796 -1.644 -0.388 20
0.106 -1.521 -0.472 21
0.436 -1.983 0.068 20
0.47 -2.104 0.038 20
-0.311 -1.822 0.573 20
-1.108 -1.539 0.612 20
-0.952 -1.223 0.465 20
-0.786 -0.939 0.371 21
-0.953 -0.511 0.073 20
-0.51 -0.389 -0.233 20
0.631 -0.608 -0.587 20
1.167 -0.705 -0.354 20
1.102 -0.585 -0.019 20
1.024 -0.28 0.519 21
0.296 0.238 0.663 20
-0.239 0.676 0.174 20
-0.23 0.47 -0.327 20
0.158 0.218 -0.139 20
0.563 0.002 0.245 20
0.287 0.095 0.017 21
0.155 0.195 -0.367 20
0.322 0.083 0.014 20
-0.205 0.159 -0.045 20
-0.523 0.675 0.028 20
-0.494 1.073 -0.035 21
-0.494 1.35 -0.423 20
-0.16 1.251 -0.575 20
0.616 0.893 -0.334 20
1.298 0.465 -0.105 20
1.004 0.266 0.088 20
0.496 0.412 -0.7 21
0.537 0.918 -0.654 20
0.089 1.456 0.096 20
-0.626 1.838 -0.04 20
-0.885 1.995 -0.034 20
-1.163 2.203 -0.043 20
-1.353 1.98 0.126 21
-1.883 1.556 0.29 20
-2.331 1.37 0.639 20
-2.566 1.561 0.234 20
-2.352 1.814 0.068 20
-2.143 1.922 0.286 20
-2.26 1.99 0.332 21
-2.183 2.164 -0.079 20
-1.335 2.155 -0.358 20
-0.9 2.047 -0.262 20
-0.661 1.905 -0.35 20
-0.14 1.563 -0.127 20
0.097 1.176 -0.246 21
0.43 0.638 0.049 20
0.26 0.197 -0.056 20
0.542 -0.037 -0.311 20
0.824 -0.413 -0.013 20
0.88 -0.762 -0.16 20
0.876 -1.05 0.694 21
0.146 -1.389 1.715 20
-0.508 -1.218 0.724 20
-0.673 -0.954 0.158 20
-0.418 -0.192 -1.926 20
1.514 0.613 -1.311 20
4.158 0.164 0.311 21
5.487 -1.57 -0.327 20
4.977 -3.202 1.056 20
3.151 -4.003 1.569 20
0.208 -3.141 0.296 20
-1.293 -2.293 0.501 21
-1.645 -1.82 0.274 20
-1.896 -0.758 -1.07 20
-1.594 0.099 -1.228 20
-0.81 -0.179 0.172 20
-0.681 -1.077 1.056 20
-1.245 -1.504 0.513 21
-0.217 -1.923 0.528 20
1.639 -2.733 0.536 20
2.057 -2.425 -0.364 20
1.97 -1.868 -0.985 20
2.18 -1.649 -1.354 20
2.24 -1.385 -1.184 21
0.813 -1.158 -0.232 20
-0.464 -0.891 0.282 20
-0.782 -0.541 0.226 20
-0.777 -0.362 -0.011 20
-0.669 -0.837 0.674 20
-1.426 -0.505 1.051 21
-1.162 0.081 0.879 20
-0.845 -0.051 0.815 20
-1.464 0.085 0.309 20
-0.845 0.316 0.116 20
0.295 -0.166 -0.007 20
0.129 -0.045 -0.871 21
0.233 0.508 -1.066 20
1.003 0.438 -0.502 20
1.502 0.474 -0.771 20
2.242 0.877 -0.59 20
2.628 1.037 -0.21 20
2.091 1.138 -0.157 21
1.227 1.276 0.065 20
0.541 1.323 -0.061 20
-0.185 1.48 0.002 20
-0.884 1.657 0.256 20
-1.509 1.597 0.588 21
-2.037 1.487 0.784 20
-2.375 1.397 0.535 20
-2.773 1.447 -0.091 20
-2.948 1.759 -0.524 20
-2.41 1.859 -0.553 20
-2.212 1.97 -0.595 21
-2.217 2.08 -0.014 20
-1.793 1.992 0.088 20
-1.027 1.752 0.157 20
-0.892 1.842 -0.078 20
-0.736 2.072 -0.488 20
-0.453 1.927 -0.668 21
-0.399 1.613 -0.362 20
-0.495 1.349 0.191 20
-0.376 0.843 0.165 20
0.329 0.379 -0.396 20
0.983 -0.078 -0.444 21
1.329 -0.385 -0.553 20
1.733 -0.838 -0.571 20
2.019 -1.298 -0.315 20
2.069 -1.651 0.286 20
1.494 -1.604 0.838 20
0.732 -1.062 0.329 20
0.34 -0.449 -0.125 21
0.316 -0.061 -0.068 20
0.763 -0.193 -0.097 20
1.413 -0.305 -0.29 20
2.156 -0.258 -0.479 20
2.137 -0.488 -0.47 20
1.83 -1.086 0.066 21
0.823 -1.075 0.128 20
0.137 -0.801 0.294 20
-0.016 -0.848 0.582 20
-0.471 -0.746 0.377 20
-0.838 -0.449 0.115 21
-0.929 -0.409 0.213 20
-0.661 -0.823 0.024 20
-0.086 -1.294 0.463 20
-0.42 -1.018 0.52 20
-0.762 -0.589 -0.227 20
-0.054 -0.323 -0.674 21
1.199 -0.079 -0.337 20
1.644 0.771 -0.53 20
0.69 1.371 -0.384 20
-1.144 1.119 0.49 20
-2.392 0.71 0.95 20
-2.463 0.63 1.012 21
-1.829 0.392 1.006 20
-1.202 -0.429 0.873 20
-0.204 -1.414 -0.919 20
1.806 -2.37 -1.543 20
0.954 -2.258 0.296 20
-1.322 -0.779 1.013 21
-0.963 0.24 0.461 20
0.605 0.949 0.001 20
1.788 1.632 -0.628 20
2.444 2.019 -0.751 20
2.191 1.547 -0.128 20
0.943 0.241 0.41 21
-0.722 -0.588 0.975 20
-2.088 -0.95 1.188 20
-2.731 -1.146 0.515 20
-1.89 -1.693 -0.142 20
-0.451 -2.233 0.361 20
0.005 -2.503 -0.075 21
-0.171 -2.699 -0.492 20
-0.301 -2.891 0.08 20
-0.445 -2.815 0.419 20
-0.58 -2.687 0.504 20
-0.47 -2.642 -0.324 20
0.212 -2.738 -0.558 21
0.366 -2.693 -0.373 20
-0.056 -2.031 0.114 20
-0.581 -0.914 -0.332 20
-0.081 0.059 -0.954 20
0.668 0.717 -0.337 20
0.392 1.395 -0.504 21
1.028 1.747 -0.908 20
2.014 1.784 -1.287 20
2.534 0.952 -1.161 20
2.591 -0.546 -0.277 20
1.787 -1.429 0.894 21
0.83 -2.239 -0.636 20
0.773 -1.711 -1.071 20
0.318 0.811 -0.101 20
-0.301 1.69 0.548 20
-0.868 1.495 1.039 20
-1.351 1.099 1.271 21
-1.862 0.142 1.267 20
-1.967 -0.897 1.136 20
-1.512 -1.429 0.88 20
-0.804 -1.891 0.303 20
0.105 -2.498 0.268 20
0.134 -2.934 0.599 21
-0.189 -2.959 0.423 20
-0.377 -2.377 0.266 20
-0.635 -1.667 0.336 20
-1.089 -0.892 0.462 20
-1.788 -0.346 0.666 20
-2.468 -0.255 0.789 21
-2.449 -0.628 0.868 20
-1.67 -1.374 1.042 20
-0.61 -2.032 0.866 20
0.103 -2.223 0.607 20
0.211 -2.135 0.723 20
-0.283 -1.869 0.92 21
-0.917 -1.76 1.391 20
-1.086 -1.67 1.437 20
-0.938 -1.15 1.173 20
-0.808 -0.866 0.471 20
-0.902 -0.413 -0.202 20
-0.253 -0.594 -0.831 21
0.681 -0.17 -0.248 20
0.876 0.383 -0.301 20
1.019 0.485 -0.01 20
1.275 0.192 0.525 20
0.725 0.229 1.512 20
0.557 0.342 1.986 21
0.398 0.672 -0.04 20
-0.348 0.987 -2.127 20
-6.664 -4.012 -5.674 20
-5.394 -2.927 1.412 20
5.432 -3.753 -3.642 20
1.364 -5.521 -1.096 21
-1.451 -2.004 6.237 20
1.024 4.387 2.117 20
2.532 9.267 1.06 20
0.536 7.92 3.698 20
0.39 2.529 3.367 21
0.771 1.601 1.668 20
-3.705 1.631 -4.511 20
-1.616 -1.787 -3.581 20
5.448 -6.651 -0.936 20
3.377 -5.813 -1.077 20
-3.486 -2.599 -0.613 21
-2.202 -0.513 0.896 20
-0.783 0.497 0.327 20
-1.172 0.33 -1.433 20
1.212 -0.827 3.633 20
-1.23 0.029 2.116 20
-2.304 -1.547 -10.629 21
1.037 -0.53 0.674 20
0.819 1.044 4.899 20
-1.832 2.074 1.979 20
-0.461 0.497 -2.159 20
1.346 -0.466 -3.702 20
1.09 -0.065 1.608 21
-0.652 0.574 3.573 20
-0.423 0.73 -0.414 20
0.315 0.959 -0.012 20
-0.229 -0.324 -0.806 20
-0.005 0.447 -0.508 20
0.376 0.6 0.048 21
-0.101 0.18 -0.033 20
-1.117 -0.076 -0.573 20
-0.725 -0.316 -0.968 20
-0.197 0.307 -1.926 20
0.022 0.762 -1.315 20
0.084 0.284 0.916 21
0.007 -0.513 0.802 20
0.271 -0.114 -1.088 20
0.656 3.246 0.119 20
0.39 2.128 5.756 20
0.538 -2.43 4.21 20
-0.86 -4.817 -3.838 21
-1.511 -2.339 -5.472 20
-0.439 -0.033 -2.997 20
0.225 0.562 -0.457 20
-0.213 -1.117 1.677 20
0.417 -1.143 2.356 20
0.498 0.148 1.907 21
-0.331 1.161 0.498 20
-0.326 -0.972 0.823 20
-1.035 -4.285 0.629 20
-1.623 -3.941 0.404 20
-2.082 -2.893 0.974 20
-2.001 -2.498 1.073 21
-1.264 -1.953 0.17 20
-1.842 -1.568 0.875 20
-1.749 -1.474 2.777 20
-0.813 -2.835 3.054 20
3.821 -2.619 1.097 20
8.171 -3.663 -0.185 21
8.061 -3.023 0.855 20
-2.323 0.782 1.062 20
-8.802 4.19 -2.145 20
0.36 0.923 -2.213 20
0.359 -1.083 -2.473 21
-8.697 2.941 -6.304 20
4.267 -2.319 -4.294 20
6.889 -0.334 5.386 20
1.912 -0.488 8.624 20
1.358 -1.056 6.322 20
3.018 -0.431 7.343 21
5.51 -1.244 7.27 20
3.597 -2.286 9.661 20
-1.598 -1.82 14.106 20
-6.414 0.051 13.448 20
-7.963 2.536 10.952 20
-5.5 2.102 6.092 21
-5.819 2.473 4.11 20
-6.742 3.453 1.614 20
-5.684 3.875 -0.228 20
-3.865 3.733 -0.583 20
-3.304 4.188 -1.324 20
-2.786 4.45 -2.97 21
0.905 3.442 -3.984 20
14.397 0.248 -6.802 20
13.037 -0.509 -5.842 20
5.147 1.376 -5.618 20
3.541 2.605 -8.542 20
1.57 3.401 -7.097 21
-3.221 5.137 -5.715 20
-1.006 6.259 -0.529 20
2.405 6.345 1.394 20
2.951 5.318 1.886 20
2.755 4.797 -0.481 20
1.809 6.126 -2.084 21
-0.725 6.397 0.115 20
-3.02 6.34 5.006 20
-4.248 6.708 9.566 20
-3.168 6.173 9.542 20
-1.903 4.887 6.913 20
-1.109 3.043 4.771 21
-1.679 2.245 2.28 20
-3.486 3.128 1.625 20
-4.948 3.962 3.189 20
-5.646 4.303 4.356 20
-5.633 4.535 3.903 20
-4.794 3.948 1.527 21
-3.698 2.608 -0.227 20
-3.455 2.16 0.088 20
-3.03 1.922 0.293 20
-2.837 1.939 0.74 20
-2.391 1.816 1.235 20
-2.038 1.456 0.877 21
-2.078 1.237 0.09 20
-1.932 1.115 0.127 20
-1.791 1.159 0.498 20
-1.978 1.297 0.29 20
-1.877 1.055 0.268 21
-1.912 0.92 0.058 20
-2.011 0.931 -0.307 20
-1.784 0.819 -0.296 20
-1.826 0.924 -0.838 20
-1.559 0.655 -1.282 20
-1.397 0.497 -0.666 21
-1.6 0.466 0.268 20
-1.431 0.426 -0.083 20
-1.516 0.392 -0.48 20
-1.582 0.553 -0.182 20
-1.252 0.649 0.368 20
-0.846 0.664 0.363 21
-0.41 0.41 -0.037 20
-0.287 0.134 -0.005 20
-0.088 -0.133 0.394 20
0.103 -0.171 0.361 20
0.231 -0.066 0.342 20
0.378 -0.042 0.418 21
0.398 -0.04 0.346 20
0.518 -0.232 0.479 20
0.697 -0.405 0.755 20
0.608 -0.321 0.666 20
0.762 -0.365 0.177 21
0.807 -0.384 -0.055 20
0.489 -0.281 0.219 20
0.229 -0.18 0.447 20
-0.117 -0.032 0.346 20
-0.116 0.099 0.223 20
-0.182 0.163 0.091 21
-0.112 0.108 0.168 20
-0.075 0.211 0.056 20
0.132 0.058 0.216 20

# Completed @Tue Jan 26 20:44:45 GMT+02:00 2021
