# Accelerometer Data File
# Started @Tue Jan 26 20:40:11 GMT+02:00 2021
#
#
# sensor Vendor: BOSCH
# sensor Name: BMI160 Accelerometer Non-wakeup
# sensor Resolution: 0.0023928226m/sec^2; Max Range: 78.4532; Min Delay: 2500 microseconds
# The sensor's attributes are the result hardware and the Android capabilities.
# It means that the Android may not utilize all features provided by the hardware.
#
# Some devices and Android versions save battery too much so the device may go to sleep.
# It just happens after couple of minutes from turning off the scree and it is easy to find it out.
#
# The following file provides the data from accelerometer in the m/s^2 format.
# The diff value is just a time delta between the samples
#
#
# data format:
# so we have 4 columns with values separated by the " "
# X Y Z time_from_previous_sample(ms)

# sensor speed set to:NORMAL
# units set to: m/sec^2
# gravity  filtered out
# Accuracy: HIGH
-2.515 3.916 7.339 0
-2.38 3.574 6.433 20
-2.295 3.423 5.723 20
-2.328 3.264 5.297 20
-1.996 2.976 4.858 20
-1.4 2.545 4.417 20
-1.449 2.457 4.394 20
-1.108 2.297 4.041 21
-0.467 1.826 2.578 20
1.04 0.848 -0.027 20
0.581 1.407 0.848 20
0.908 1.152 5.741 20
3.478 1.675 0.827 21
4.846 1.458 -1.087 20
5.105 -1.218 2.205 20
4.459 -1.691 1.993 20
3.575 0.085 0.64 20
4.988 -0.784 -1.04 20
2.65 -1.905 1.502 21
-2.079 -2.117 6.056 20
-0.399 -1.91 5.411 20
7.029 -2.674 6.278 20
7.604 -6.091 2.453 20
1.109 -5.853 -1.409 20
-6.836 -2.195 -0.296 21
-8.31 1.986 5.877 20
-2.033 0.647 5.0 20
0.176 -1.118 -0.899 20
0.129 -1.981 -2.34 20
-0.254 -3.292 -1.733 20
-1.009 -2.479 1.947 21
-2.079 -2.669 2.994 20
-1.509 -3.646 2.399 20
-1.188 -3.161 3.209 20
-1.252 -2.683 2.787 20
-1.991 -2.052 2.76 20
-3.491 -1.903 1.823 21
-2.872 -1.857 -0.72 20
-3.495 -0.977 -3.379 20
-4.437 1.194 -6.251 20
-5.907 3.221 -2.826 20
-3.322 2.393 -0.803 20
-1.384 1.308 0.453 21
-0.65 0.658 0.317 20
-1.424 1.232 0.271 20
-1.411 1.797 1.054 20
0.081 1.654 0.925 20
2.071 1.238 0.785 20
3.065 0.789 0.54 21
3.261 0.367 0.249 20
3.655 -0.352 -0.204 20
5.139 -1.74 -0.326 20
6.982 -3.877 -0.11 20
8.165 -6.111 -1.231 20
8.116 -7.403 -5.553 21
8.812 -8.043 -12.089 20
10.283 -7.78 -15.968 20
11.07 -6.581 -15.651 20
10.657 -5.55 -15.166 20
8.864 -4.551 -16.097 21
4.494 -2.817 -15.449 20
-2.614 0.359 -34.56 20
-13.773 5.765 -38.048 20
-9.207 -2.335 -2.812 20
3.215 -3.809 12.858 20
8.805 -1.872 9.092 21
5.173 0.857 3.714 20
2.414 2.291 1.016 20
1.401 1.863 4.194 20
1.368 2.009 6.118 20
1.085 3.647 4.169 20
2.485 4.459 1.555 21
5.986 2.7 2.805 20
5.461 2.476 4.226 20
0.566 4.619 0.819 20
-2.706 5.972 -2.653 20
-2.369 5.039 0.227 20
0.987 3.181 1.761 21
1.742 2.904 1.878 20
0.097 2.305 1.112 20
-1.776 1.874 0.856 20
-1.31 1.074 0.881 20
1.64 -2.443 3.0 20
0.269 0.23 3.532 21
1.548 1.074 0.896 20
1.018 0.158 1.365 20
-0.281 0.774 0.422 20
0.134 1.018 -0.656 20
0.399 0.265 1.525 20
1.618 0.094 2.502 21
0.43 1.266 1.364 20
1.292 0.814 0.622 20
1.294 0.631 0.663 20
0.893 1.437 0.661 20
-2.267 2.539 2.16 20
-2.586 1.78 3.016 21
-0.885 2.081 0.209 20
-1.159 1.968 -1.139 20
-1.905 1.144 1.186 20
-2.325 0.921 2.018 20
-1.458 0.747 1.154 20
1.207 -0.249 -0.019 21
2.127 -0.533 -0.215 20
0.679 -0.16 1.032 20
0.115 -0.211 1.341 20
-0.779 0.232 0.217 20
-1.38 0.653 -0.662 20
-0.511 0.557 1.143 21
3.413 0.163 2.493 20
2.643 1.574 -0.903 20
-0.408 3.273 -1.462 20
-0.648 1.861 -2.243 20
2.021 -1.151 -0.209 20
2.351 -4.274 -0.061 21
1.137 -5.606 1.16 20
0.631 -5.399 0.565 20
-0.703 -4.042 -1.222 20
-3.748 -4.657 -2.24 20
-5.003 -6.224 -0.408 20
-4.869 -4.278 3.944 21
-2.64 -4.353 5.65 20
-3.012 -3.439 4.267 20
-2.935 -2.765 0.033 20
-0.723 -4.679 -5.411 20
0.325 -4.929 -6.765 21
-1.401 -3.472 -5.219 20
-1.58 -5.065 -1.272 20
1.414 -8.905 0.047 20
1.989 -9.11 -4.825 20
-1.665 -2.19 -1.548 20
-4.202 1.462 3.131 21
-3.685 6.799 1.511 20
-0.798 7.018 -0.092 20
-2.34 1.314 -1.279 20
-1.886 -4.734 -1.593 20
0.391 -6.481 1.193 20
1.197 -3.225 0.554 21
0.213 0.193 -4.754 20
-3.609 -1.602 -3.966 20
-3.845 -2.418 0.144 20
-3.402 -3.655 -0.07 20
-2.531 -5.316 -0.643 20
-2.498 -3.176 -1.173 21
-3.641 -2.4 -1.828 20
-2.496 -2.435 -0.418 20
-1.822 -0.385 -0.583 20
-1.422 2.183 -2.278 20
-0.769 5.617 0.694 20
1.187 4.307 -1.007 21
3.968 1.087 1.05 20
1.512 -1.179 -4.502 20
-1.428 0.249 -0.401 20
-0.22 -0.122 0.731 20
0.099 -0.806 0.19 20
0.22 -0.719 -0.024 21
0.317 -0.013 -0.031 20
0.417 0.858 -0.116 20
-0.029 1.581 -0.443 20
0.098 1.088 -0.612 20
-0.017 0.606 -0.604 21
-0.28 0.115 -0.544 20
-0.341 -0.549 -0.233 20
-0.179 -0.863 0.52 20
-0.22 -0.714 0.964 20
-0.288 -0.278 0.38 20
-0.376 0.029 0.198 21
-0.83 0.125 -0.011 20
0.171 -1.781 -3.065 20
0.507 -0.346 2.523 20
-1.162 1.526 0.132 20
-1.065 1.322 -1.92 20
0.067 0.711 -1.723 21
1.406 -0.053 -0.337 20
1.593 -0.718 0.506 20
0.735 -0.246 0.011 20
0.599 0.166 -0.511 20
1.084 -0.436 -0.71 20
0.659 -0.897 -1.1 21
0.384 -0.428 -1.048 20
-0.788 0.651 -0.294 20
-1.545 1.017 -0.17 20
-1.274 0.639 0.118 20
-0.662 0.412 -0.346 20
0.315 0.041 -0.654 21
1.204 -0.696 -0.701 20
1.75 -0.971 0.093 20
1.157 -0.005 0.646 20
-0.303 1.458 0.092 20
-0.301 2.298 -0.224 20
0.142 2.941 -0.338 21
1.238 2.86 -0.127 20
2.244 2.432 0.245 20
2.8 2.383 -0.311 20
3.318 1.94 -1.623 20
3.141 0.663 -1.733 21
2.579 -0.381 -2.251 20
2.435 -1.707 -2.334 20
1.463 -1.873 -0.396 20
-0.325 -0.34 0.227 20
-1.164 1.111 -0.275 20
-0.476 1.901 -0.61 21
0.556 2.186 -1.457 20
0.099 2.245 -1.272 20
-0.612 2.284 -0.444 20
-0.262 2.277 -0.085 20
0.045 2.095 -0.285 20
0.17 1.642 -0.49 21
0.026 1.076 -0.561 20
-0.168 0.954 -0.052 20
-0.127 1.384 0.275 20
-0.03 2.035 0.14 20
-0.044 2.625 0.134 20
-0.255 3.186 0.089 21
-0.652 3.811 0.377 20
-1.251 4.254 0.87 20
-1.652 4.134 0.505 20
-1.15 3.126 0.165 20
-0.49 2.255 0.009 20
-0.497 1.837 0.251 21
-0.695 1.71 0.267 20
-0.35 1.444 -0.47 20
0.803 0.549 -0.412 20
1.262 -0.479 -0.541 20
1.5 -1.604 -1.66 20
2.708 -3.153 -2.046 21
3.058 -4.263 -1.136 20
1.467 -3.968 -0.07 20
0.269 -3.645 -0.352 20
0.114 -2.676 -1.265 20
-0.304 -0.792 -1.462 20
-0.512 1.479 -0.606 21
-0.418 2.987 1.021 20
-0.109 2.518 1.535 20
-0.247 1.47 1.634 20
-0.237 0.534 1.917 20
0.215 -0.575 1.238 20
0.566 -1.681 -0.293 21
1.016 -2.492 -0.925 20
1.143 -2.465 -1.292 20
0.938 -1.815 -1.518 20
0.674 -1.17 -1.714 20
0.387 -0.467 -1.728 20
-0.164 0.743 -0.421 21
-0.406 1.249 0.961 20
-0.064 0.816 1.492 20
0.125 0.15 1.255 20
-0.35 -0.455 1.09 20
-1.061 -0.912 1.141 21
-1.531 -1.241 1.201 20
-1.127 -1.608 0.995 20
-0.26 -2.025 0.559 20
-0.01 -1.773 0.326 20
-0.377 -1.272 0.158 20
-0.376 -1.352 0.23 21
-0.073 -1.853 0.602 20
0.021 -2.454 1.283 20
0.28 -2.899 1.728 20
0.653 -2.523 0.96 20
0.519 -1.473 0.174 20
0.393 -0.868 0.681 21
-0.259 -0.62 0.686 20
-0.908 -0.236 0.109 20
-0.932 0.321 0.005 20
-0.59 0.321 0.364 20
-0.016 -0.279 1.089 20
0.051 -0.523 1.245 21
-0.052 -0.576 0.819 20
0.405 -1.297 0.924 20
0.013 -1.667 0.071 20
-0.936 -1.61 -0.793 20
-1.37 -2.133 0.764 20
-2.589 -2.249 0.946 21
-2.645 -1.953 0.004 20
-1.408 -1.07 0.321 20
-0.586 0.22 -0.042 20
1.03 1.521 0.148 20
1.88 2.645 0.448 20
1.222 3.028 -0.486 21
1.029 1.931 -1.134 20
1.124 0.759 -0.802 20
1.589 0.017 -0.2 20
1.428 -0.449 0.338 20
0.223 -0.238 0.181 20
-0.288 -0.1 0.472 21
-0.43 0.549 0.437 20
-0.816 1.475 -0.086 20
-1.206 1.298 -0.004 20
-1.512 0.911 0.159 20
-1.486 0.397 -0.352 21
0.19 -1.034 -0.53 20
0.982 -3.615 -0.246 20
-0.629 -2.988 -1.793 20
0.664 -1.102 -1.668 20
1.926 0.494 -0.496 20
1.241 2.534 -0.168 21
1.581 3.451 -0.522 20
2.996 2.709 -0.082 20
3.031 1.503 0.484 20
1.893 1.033 0.577 20
1.131 0.928 -0.02 20
0.815 0.68 -0.844 21
0.354 0.476 -1.482 20
-0.521 0.433 -1.071 20
-1.157 0.592 -0.252 20
-1.248 0.796 0.242 20
-1.117 1.104 0.326 20
-0.511 1.13 0.0 21
0.155 1.144 -0.698 20
0.368 1.273 -1.145 20
0.448 1.385 -0.612 20
0.834 1.203 -0.228 20
1.307 1.014 -0.444 21
1.791 0.865 -0.484 20
1.995 0.936 -0.476 20
1.936 1.612 -0.174 20
1.438 2.27 0.299 20
0.848 2.06 0.194 20
0.5 1.371 0.168 21
-0.295 0.984 0.763 20
-1.576 1.364 0.831 20
-1.589 1.937 0.354 20
-1.074 2.444 0.083 20
-1.512 3.182 0.206 20
-2.732 3.254 0.399 21
-2.42 2.138 0.159 20
-0.968 1.115 -0.027 20
-0.126 0.773 -0.147 20
-0.003 0.885 0.022 20
0.238 0.978 -0.076 20
0.43 0.964 0.189 21
-0.02 1.217 -0.055 20
-0.227 1.197 -0.373 20
0.116 0.95 -0.355 20
-0.108 0.4 -0.235 20
-0.123 0.077 -0.458 20
0.25 -0.214 -0.707 21
0.909 -0.503 -0.848 20
1.34 -0.849 -0.381 20
0.994 -1.398 -0.011 20
0.574 -1.295 -0.316 20
0.346 -0.805 -0.2 20
0.035 -0.611 -0.148 21
-0.174 -0.582 -0.159 20
-0.362 -0.664 -0.236 20
-0.222 -0.778 -0.341 20
0.202 -1.112 0.076 20
0.866 -1.734 0.851 20
1.053 -1.793 0.86 21
0.85 -1.398 0.464 20
0.731 -1.164 0.303 20
0.738 -1.162 0.191 20
0.698 -1.496 0.271 20
0.462 -1.821 0.097 20
-0.001 -1.977 0.316 21
-0.288 -2.163 1.002 20
-1.139 -1.778 0.369 20
-2.124 -0.861 -0.391 20
-1.703 -0.801 -0.486 20
-0.15 -1.611 -0.517 20
0.681 -2.168 -0.234 21
0.302 -2.195 0.405 20
-0.272 -1.656 0.64 20
-0.73 -1.158 0.63 20
-1.006 -0.846 0.254 20
-1.052 -0.399 -0.087 20
-0.764 -0.073 -0.044 21
-0.23 -0.087 -0.376 20
0.29 -0.471 -0.353 20
0.259 -0.656 0.005 20
0.047 -0.39 0.2 20
-0.086 -0.047 0.096 20
0.038 0.215 -0.236 21
-0.09 0.256 -0.62 20
0.447 0.3 -0.709 20
1.122 0.076 -0.573 20
1.294 0.042 -0.132 20
0.833 0.333 0.447 20
-0.084 0.815 0.67 21
-0.326 1.357 0.292 20
0.672 1.318 -0.066 20
1.495 0.906 -0.796 20
1.723 0.544 -1.15 20
1.773 -0.051 -0.494 20
1.283 -0.266 -0.048 21
0.736 0.021 0.469 20
-0.011 0.484 0.495 20
-0.728 1.113 0.062 20
-0.593 1.502 0.218 20
-0.385 1.97 0.286 21
-0.486 2.351 0.559 20
-0.617 2.424 0.525 20
-0.413 2.32 0.667 20
-0.979 2.366 1.344 20
-2.013 2.677 1.216 20
-2.506 2.668 0.549 21
-2.428 2.3 0.099 20
-1.698 1.944 -0.632 20
-0.549 1.629 -0.286 20
-0.242 1.662 -0.09 20
0.266 1.375 0.095 20
0.708 0.889 0.48 21
0.303 0.761 0.29 20
0.13 0.924 0.144 20
0.182 0.853 -0.494 20
0.485 0.427 -0.587 20
0.464 0.009 -0.645 20
0.696 -0.711 -0.179 21
0.928 -1.371 -0.627 20
1.702 -1.772 -0.176 20
1.734 -2.434 0.627 20
1.358 -2.654 0.412 20
0.582 -1.912 0.411 20
-0.057 -0.861 0.969 21
-0.504 0.091 0.689 20
-0.467 0.884 0.06 20
0.073 0.97 -0.348 20
0.969 0.125 -1.1 20
2.109 -1.598 -1.124 21
3.213 -3.816 0.037 20
2.711 -4.849 1.021 20
0.284 -4.118 0.158 20
-1.132 -3.09 0.301 20
-1.866 -2.347 0.784 20
-2.915 -0.761 -0.291 21
-3.031 0.632 -0.243 20
-2.652 0.404 0.522 20
-2.492 0.416 0.653 20
-0.857 0.463 0.198 20
1.034 -1.057 -0.02 20
2.268 -2.62 -0.49 21
3.343 -3.708 0.47 20
0.749 -2.345 0.803 20
-1.151 -0.625 0.054 20
-1.07 -0.009 0.044 20
-0.847 0.526 0.266 20
-1.335 1.599 -0.145 21
-1.032 2.29 -1.004 20
0.927 1.427 -1.559 20
3.743 0.092 -1.888 20
3.26 -0.696 -1.71 20
2.32 -0.773 -0.564 20
1.989 -1.537 1.647 21
-0.193 -1.068 -0.328 20
-1.551 0.678 -0.942 20
-0.393 0.729 -0.071 20
-0.065 -0.065 0.028 20
-0.386 0.199 -0.354 20
0.18 1.115 -0.154 21
0.418 1.928 1.005 20
-0.153 2.856 0.891 20
-0.881 3.627 -0.197 20
-1.608 4.023 0.21 20
-2.394 4.326 0.784 20
-2.271 4.154 -0.033 21
-0.838 3.228 0.715 20
0.256 1.674 2.075 20
0.105 1.381 0.634 20
0.353 2.142 0.67 20
-0.365 2.187 0.929 20
-1.365 2.179 -0.276 21
-0.862 1.649 0.367 20
-1.354 1.005 0.691 20
-1.818 0.905 -0.033 20
-1.465 0.734 -0.472 20
-0.575 0.363 -0.756 20
0.531 -0.047 -0.655 21
1.53 -0.609 -0.24 20
2.095 -1.728 0.346 20
1.866 -2.78 0.428 20
1.423 -2.724 0.609 20
0.707 -1.942 0.759 20
0.117 -0.94 -0.029 21
0.202 0.072 -0.619 20
1.143 0.187 -0.717 20
2.124 -0.272 -0.809 20
2.873 -1.293 -0.806 20
3.017 -3.007 -0.024 21
1.924 -3.924 0.43 20
0.205 -3.353 0.035 20
-0.687 -2.78 -0.631 20
-0.823 -2.463 -0.419 20
-0.819 -1.812 0.044 20
-1.14 -0.473 0.898 21
-1.658 0.604 1.272 20
-1.906 1.393 0.256 20
-1.394 0.818 -0.303 20
0.351 -1.468 -0.419 20
1.417 -2.662 -0.211 20
0.954 -2.515 0.82 21
0.516 -1.884 0.024 20
0.643 -1.538 -0.587 20
-0.091 -0.955 -0.16 20
-0.523 -0.596 0.215 20
-0.986 -0.175 0.853 20
-1.692 0.993 0.708 21
-1.404 1.842 0.014 20
0.066 1.451 0.032 20
1.23 0.774 0.069 20
0.809 0.75 -0.887 20
0.502 0.895 -1.301 20
1.883 0.48 0.45 21
1.408 0.098 0.661 20
0.528 0.375 -0.9 20
1.837 -0.048 -1.17 20
2.309 -0.565 -1.726 20
2.44 -0.252 -1.178 20
2.356 0.553 0.858 21
0.477 1.824 1.41 20
-1.549 2.963 1.56 20
-3.073 4.05 0.729 20
-3.906 4.609 1.204 20
-3.833 3.788 1.185 20
-2.591 2.67 0.566 21
-1.994 2.558 0.811 20
-2.674 3.026 0.488 20
-2.829 2.482 0.133 20
-1.311 0.803 -0.84 20
-0.418 0.356 -0.94 21
-0.672 0.471 -0.294 20
-0.71 0.542 -0.739 20
0.039 1.016 -0.044 20
-0.158 1.615 0.356 20
-0.211 1.723 0.482 20
0.52 1.393 -0.082 21
1.617 0.465 0.067 20
1.939 -0.934 -0.238 20
2.006 -2.419 -0.227 20
1.566 -3.298 0.78 20
0.961 -2.936 0.493 20
0.759 -1.974 -0.123 21
1.058 -1.369 -0.399 20
1.683 -1.269 -0.458 20
2.129 -1.325 -0.264 20
2.278 -1.195 -0.309 20
2.294 -0.853 -0.047 20
1.84 -1.412 1.026 21
0.173 -1.726 0.0 20
-1.277 -1.627 -0.13 20
-1.244 -2.63 0.195 20
-1.434 -2.637 -0.261 20
-1.504 -2.183 -0.349 21
-1.132 -1.861 -0.743 20
0.125 -1.714 -0.803 20
1.658 -1.862 -0.671 20
1.654 -1.852 0.394 20
0.131 -1.197 0.792 20
-0.395 -0.534 0.034 21
-0.704 0.077 -0.965 20
0.117 -0.436 -0.562 20
0.567 -1.309 0.371 20
-0.101 -0.605 0.54 20
-0.356 0.257 0.808 20
-0.381 0.805 0.72 21
-1.026 1.539 0.715 20
-1.441 2.114 0.995 20
-1.1 2.541 0.367 20
-0.454 2.575 -1.027 20
0.93 2.102 -2.121 20
3.197 1.286 -1.775 21
3.488 0.172 -1.091 20
3.37 -0.53 -1.773 20
3.712 -0.503 0.243 20
1.542 0.308 1.839 20
-0.771 0.775 1.332 20
-2.229 1.797 0.513 21
-2.627 2.602 1.044 20
-3.02 2.773 1.231 20
-3.869 2.66 1.101 20
-4.528 2.426 -0.039 20
-3.609 2.181 0.031 20
-4.098 2.489 0.642 21
-5.044 2.1 0.531 20
-3.903 2.382 0.415 20
-1.842 2.566 -0.857 20
0.98 2.195 -1.61 20
2.456 1.736 -1.304 20
3.775 0.379 0.341 21
4.773 -1.525 0.503 20
4.598 -2.5 1.121 20
3.312 -2.358 1.218 20
1.202 -1.329 0.84 20
-0.881 -0.333 0.516 20
-1.739 0.025 -0.205 21
-1.585 0.041 -0.189 20
-0.585 -0.261 -0.127 20
0.977 -0.464 -0.955 20
2.638 -1.081 -1.04 20
4.186 -3.504 -0.337 21
3.271 -5.219 0.397 20
0.445 -4.359 0.307 20
-1.355 -2.627 -1.853 20
0.165 -2.315 -2.657 20
1.723 -2.775 -1.576 20
0.569 -1.719 0.56 21
-1.207 -0.469 1.023 20
-1.878 -0.284 1.078 20
-2.418 -0.135 1.117 20
-2.338 0.222 0.8 20
-1.082 0.284 0.285 20
0.666 -0.401 -0.471 21
2.162 -1.723 -0.556 20
1.545 -2.541 0.646 20
0.37 -2.036 1.528 20
-0.679 -0.934 1.116 20
-1.87 0.752 -0.512 20
-0.993 1.425 -1.664 21
1.408 0.685 -1.191 20
2.009 0.448 -1.146 20
1.741 0.902 0.3 20
1.841 0.613 1.527 20
1.245 0.748 0.187 20
0.851 1.04 0.213 21
1.354 0.547 -0.215 20
0.632 0.59 -0.323 20
-0.226 0.992 1.311 20
-0.779 1.49 1.496 20
-2.063 2.16 0.827 20
-2.991 3.195 -0.779 21
-2.056 4.026 -1.35 20
-1.348 4.462 -0.9 20
-1.961 4.005 0.401 20
-1.864 2.473 0.738 20
-1.406 1.546 0.159 20
-1.207 1.07 0.312 21
-2.072 1.041 1.233 20
-2.921 1.409 1.08 20
-3.0 1.785 0.142 20
-2.242 1.876 -0.266 20
-1.197 1.697 -0.727 21
0.224 1.551 -1.126 20
1.489 0.422 -0.543 20
2.159 -1.338 -0.071 20
2.762 -2.987 0.584 20
2.682 -3.74 0.983 20
2.149 -3.209 0.572 21
1.645 -1.913 0.586 20
1.817 -1.006 0.316 20
1.823 -0.531 -0.075 20
1.188 -0.421 -0.608 20
0.64 -0.064 -1.638 20
1.188 -0.468 -1.72 21
3.648 -2.958 -0.155 20
3.153 -4.59 0.926 20
0.391 -4.025 1.064 20
-1.995 -2.691 0.505 20
-3.067 -1.519 -0.868 20
-2.739 -0.382 -1.277 21
-1.611 0.175 -0.766 20
-0.4 0.369 -0.383 20
0.967 -0.105 0.111 20
1.797 -1.181 0.95 20
1.6 -1.987 1.348 21
0.2 -1.552 0.767 20
-0.282 -0.978 -0.1 20
-0.325 -1.046 -0.075 20
-0.982 -0.163 -0.209 20
-1.52 0.975 0.171 20
-1.834 1.809 -0.098 21
-0.788 1.997 -1.647 20
2.377 0.534 -1.98 20
4.341 -1.338 -0.353 20
3.467 -2.515 1.152 20
2.031 -2.311 -0.161 20
1.916 -0.845 -0.291 21
0.949 1.05 1.127 20
-1.5 2.601 1.15 20
-3.318 3.733 0.192 20
-2.074 4.147 -1.49 20
1.293 3.038 -0.315 20
2.354 0.544 1.378 21
1.351 -1.105 0.41 20
-0.704 0.453 0.636 20
-3.253 2.096 1.756 20
-5.474 2.813 0.306 20
-5.629 3.22 -0.484 20
-5.161 3.299 0.402 21
-4.729 3.13 0.601 20
-3.353 3.057 0.463 20
-2.078 2.941 -0.212 20
-0.897 2.534 -0.421 20
0.093 1.149 0.396 20
0.581 -0.442 1.34 21
0.215 -1.253 0.88 20
-0.282 -1.641 -2.499 20
0.961 -0.317 -4.44 20
3.946 0.731 -1.12 20
7.264 0.77 0.802 20
9.167 -2.902 0.765 21
5.407 -4.793 0.986 20
1.223 -3.825 0.7 20
-0.309 -2.498 0.313 20
-1.722 -1.511 -0.123 20
-2.462 -0.903 0.044 20
-1.746 -0.894 -0.266 21
-0.659 -1.076 -0.433 20
0.165 -1.193 -0.122 20
0.01 -1.084 -0.145 20
0.003 -1.657 0.162 20
0.789 -2.766 0.295 21
0.967 -3.39 0.082 20
0.618 -3.062 -0.796 20
0.256 -2.281 -0.387 20
-1.459 -0.887 0.593 20
-2.192 0.999 -0.172 20
-0.373 0.987 -0.246 21
-0.345 0.255 0.347 20
-0.586 0.676 -0.803 20
1.38 0.841 -0.822 20
2.634 -0.083 0.803 20
1.556 -0.137 -0.249 20
1.111 0.264 -1.112 21
1.884 -0.297 -0.574 20
1.918 -0.599 -0.001 20
1.219 -0.136 0.567 20
0.61 0.668 0.504 20
0.185 1.175 0.652 20
-0.107 1.113 0.181 21
-0.202 0.976 -0.347 20
0.331 0.848 0.318 20
0.354 0.477 0.931 20
-0.899 0.692 0.252 20
-2.001 1.224 -0.072 20
-2.564 1.977 0.352 21
-2.961 2.823 0.638 20
-3.29 3.357 0.868 20
-3.071 3.203 0.628 20
-2.828 2.522 0.004 20
-3.182 2.009 0.036 20
-3.491 2.084 0.39 21
-3.105 2.171 0.563 20
-2.337 2.034 0.314 20
-1.532 1.585 -0.216 20
-0.618 1.325 -0.654 20
0.504 1.071 -0.744 21
1.839 0.652 -1.096 20
3.471 -0.206 -0.723 20
5.165 -1.714 -0.097 20
6.179 -3.394 0.856 20
5.495 -3.874 1.497 20
3.044 -2.842 1.349 21
0.786 -2.068 0.848 20
-1.016 -1.387 0.164 20
-2.355 -0.492 -0.285 20
-2.896 0.473 -1.237 20
-2.373 0.945 -1.801 20
0.509 -0.694 -1.322 21
3.459 -2.953 -0.163 20
2.893 -3.839 1.443 20
0.907 -3.902 1.732 20
-0.918 -3.261 -0.007 20
-1.603 -2.448 -1.371 20
-1.768 -1.466 -1.269 21
-0.895 -0.289 -1.515 20
2.014 -0.219 -1.208 20
3.188 -1.26 0.915 20
1.08 -1.472 1.332 20
-1.065 -0.982 1.1 20
-1.95 -0.565 0.632 21
-2.494 -0.144 0.198 20
-2.467 0.318 0.428 20
-1.722 0.976 0.402 20
-0.478 1.359 -0.9 20
1.58 1.003 -1.134 21
4.807 0.174 -0.964 20
5.607 -0.398 -1.564 20
4.192 -1.089 -1.129 20
2.684 -1.0 0.022 20
0.609 0.768 1.317 20
-0.945 2.0 1.308 21
-1.65 2.362 0.996 20
-1.819 2.503 0.892 20
-1.862 2.79 0.439 20
-1.88 2.713 0.248 20
-2.16 2.554 0.223 20
-2.679 2.368 0.179 21
-2.676 2.062 0.394 20
-3.174 1.8 0.282 20
-3.812 2.126 -0.921 20
-3.685 2.619 -0.423 20
-2.45 2.337 -0.303 20
-0.562 1.858 0.084 21
0.675 1.875 -0.12 20
1.099 1.786 -0.123 20
1.265 1.519 -0.294 20
0.662 0.852 0.647 20
-0.524 0.351 0.701 20
-1.155 -0.091 0.268 21
-1.184 -0.054 -0.232 20
-0.699 0.308 -0.153 20
-0.015 0.157 -0.213 20
1.165 -0.468 -0.521 20
2.159 -1.741 -0.04 20
3.566 -3.416 0.724 21
4.134 -4.079 0.621 20
3.423 -4.059 1.256 20
2.122 -3.207 1.18 20
-0.075 -1.636 -0.281 20
-0.617 -0.696 -1.54 20
0.209 -0.165 -1.996 21
0.927 -0.269 -0.809 20
1.337 -0.967 0.131 20
1.348 -1.771 0.711 20
1.025 -2.791 0.929 20
0.332 -3.223 0.129 20
-0.239 -3.041 -0.78 21
-0.373 -2.264 -0.959 20
-0.529 -1.311 0.018 20
-1.35 -0.057 0.044 20
-0.745 0.366 -0.336 20
-0.148 -0.493 0.897 21
-0.418 -0.838 1.527 20
-0.551 -0.578 1.137 20
-0.772 -0.35 0.444 20
-0.779 0.154 -0.158 20
-0.319 0.449 -0.726 20
0.488 0.874 -1.441 21
2.183 0.619 -1.109 20
3.407 -0.41 -0.819 20
3.079 -0.462 -0.642 20
1.788 0.081 -0.138 20
1.105 0.78 0.071 20
1.344 1.125 0.846 21
0.795 1.03 0.634 20
-0.607 1.345 0.623 20
-1.527 1.741 1.313 20
-2.513 2.019 1.082 20
-3.003 2.499 0.275 20
-2.789 3.059 -0.146 21
-2.642 3.443 -0.228 20
-2.934 3.263 0.115 20
-3.097 2.645 0.384 20
-2.544 2.476 0.151 20
-1.606 2.441 -0.359 20
-1.122 2.079 -0.403 21
-0.557 1.935 -0.352 20
-0.044 1.699 -0.105 20
-0.106 0.888 -0.112 20
0.074 0.092 -0.187 20
0.553 -0.42 0.195 20
0.142 -0.866 0.113 21
-0.072 -1.122 0.481 20
-0.416 -1.117 0.491 20
-0.484 -0.555 -0.035 20
0.012 -0.267 -0.157 20
1.125 -0.654 -0.111 21
2.371 -1.03 -0.412 20
3.583 -1.647 -0.429 20
4.774 -2.955 0.354 20
4.297 -3.735 0.496 20
2.638 -3.14 0.314 20
1.378 -2.334 0.255 21
0.074 -1.32 -0.442 20
-0.599 -0.358 -0.687 20
-0.94 0.259 -0.909 20
-1.221 0.619 -1.111 20
-0.711 -0.031 -0.231 20
0.093 -1.315 0.88 21
-0.263 -1.895 1.316 20
-1.058 -1.673 0.691 20
-1.15 -1.831 0.083 20
-0.803 -1.958 -0.531 20
-0.608 -1.318 -0.868 20
0.015 -0.783 -0.289 21
0.224 -0.608 0.763 20
-0.403 0.008 0.38 20
-0.201 0.708 -0.603 20
1.099 0.329 -0.286 20
1.105 -0.13 0.088 20
0.061 0.171 -0.238 21
-0.19 0.191 -0.536 20
0.298 -0.302 -0.474 20
0.777 -0.731 0.151 20
0.939 -0.556 0.291 20
0.86 0.177 -0.367 20
0.685 0.929 -0.043 21
0.039 1.421 0.477 20
-0.537 1.746 -0.05 20
-0.285 1.942 -0.177 20
0.029 1.912 -0.31 20
0.643 1.542 -1.126 21
1.613 1.002 -0.744 20
1.172 0.701 0.962 20
-0.995 0.846 1.118 20
-3.187 1.784 0.958 20
-4.365 2.739 0.988 20
-4.523 2.804 1.119 21
-4.489 2.204 1.085 20
-4.124 1.613 0.69 20
-3.224 1.846 -0.135 20
-1.71 2.022 -0.732 20
-0.577 1.97 -1.413 20
0.057 1.512 -1.095 21
0.899 0.861 -0.627 20
1.837 0.035 -0.295 20
2.566 -0.705 -0.839 20
3.596 -0.539 -0.414 20
3.424 -0.716 1.366 20
2.301 -1.129 1.412 21
0.732 -1.525 1.066 20
-0.819 -1.69 1.044 20
-1.738 -1.18 -0.013 20
-2.788 0.095 -0.787 20
-2.136 0.495 -0.282 21
0.064 -0.468 -0.568 20
2.181 -1.486 -1.214 20
3.841 -2.551 -1.468 20
5.738 -4.245 -0.025 20
5.645 -5.571 1.259 20
2.467 -4.923 0.178 20
-0.659 -2.84 -0.091 21
-2.363 -0.932 -0.653 20
-2.582 0.423 -1.599 20
-1.804 1.213 -1.499 20
-1.24 0.995 0.301 20
-0.404 -0.098 1.491 21
-0.118 -1.319 1.67 20
-0.936 -1.243 1.449 20
-1.547 -0.912 1.392 20
-1.768 -0.118 -0.464 20
-0.841 0.773 -2.468 20
1.806 0.368 -2.249 21
3.404 -1.154 0.031 20
2.729 -1.527 0.612 20
2.775 -1.069 0.029 20
3.203 -1.184 -0.796 20
2.816 -1.279 0.054 20
0.932 -0.909 0.338 21
-1.062 0.746 0.218 20
-1.874 2.174 0.552 20
-2.585 2.929 -0.268 20
-2.452 3.121 -0.735 20
-0.773 2.593 -0.109 20
1.157 1.48 0.629 21
0.768 0.496 0.297 20
0.331 0.194 0.062 20
0.011 1.108 -0.488 20
-1.13 2.338 0.189 20
-2.631 2.38 1.121 20
-4.186 2.444 0.925 21
-4.616 3.37 0.576 20
-4.689 3.954 0.725 20
-4.376 3.353 0.838 20
-2.989 2.723 0.422 20
-1.643 2.211 -0.191 20
-0.39 1.22 -0.82 21
0.593 -0.033 -0.781 20
1.616 -1.411 -0.813 20
3.209 -2.745 -0.76 20
4.436 -3.512 -0.535 20
5.122 -2.809 -0.441 20
4.664 -1.532 0.887 21
4.284 -1.346 1.445 20
3.042 -1.481 1.139 20
0.28 -1.124 1.032 20
-2.534 -0.55 0.441 20
-3.816 -0.301 -0.307 21
-3.723 -0.185 -0.065 20
-3.127 -0.181 -0.313 20
-1.471 -0.461 -1.512 20
1.03 -0.647 -2.519 20
4.331 -2.126 -1.64 20
5.808 -4.216 0.686 21
3.815 -5.114 0.854 20
0.348 -4.087 0.53 20
-1.382 -2.583 -0.139 20
-1.123 -1.033 -1.069 20
-0.944 0.268 -0.421 20
-1.059 0.978 0.26 21
-0.899 1.18 0.829 20
-0.734 1.073 1.408 20
-1.423 1.256 0.814 20
-1.231 0.915 -0.083 20
0.482 -0.529 0.284 20
1.729 -1.388 0.163 21
1.423 -1.062 -0.863 20
1.125 -0.611 -1.808 20
2.039 -0.412 -1.745 20
2.471 0.741 -1.105 20
2.648 1.81 -0.093 20
2.703 1.303 1.107 21
1.313 1.306 1.037 20
-0.22 1.943 0.988 20
-1.166 1.947 0.507 20
-1.949 1.785 -0.066 20
-2.26 1.757 0.976 20
-2.834 1.711 1.543 21
-3.583 1.934 0.925 20
-4.547 2.267 0.166 20
-5.06 2.475 -0.255 20
-4.97 2.549 -0.264 20
-4.555 2.749 0.389 21
-3.537 2.694 0.389 20
-2.191 2.705 0.156 20
-1.026 2.258 0.164 20
0.163 1.389 -0.255 20
1.541 0.539 -0.6 20
2.471 -0.551 -0.342 21
2.8 -1.882 -0.256 20
2.97 -2.729 -0.471 20
2.876 -2.411 -0.519 20
3.237 -1.376 -0.627 20
4.192 -1.316 -0.383 20
4.389 -2.342 0.217 21
2.737 -2.548 0.075 20
0.529 -1.872 0.145 20
-0.84 -1.698 0.529 20
-1.634 -1.856 0.605 20
-2.662 -1.664 0.426 20
-2.924 -1.105 0.043 21
-2.015 -0.619 -0.075 20
-0.895 -0.238 -0.408 20
0.601 -0.029 -1.042 20
2.414 -1.289 -1.028 20
3.648 -3.472 -0.667 20
4.085 -4.929 -0.35 21
2.503 -4.889 0.18 20
0.142 -2.518 0.386 20
-0.449 -0.168 -0.738 20
-1.081 1.18 -0.196 20
-1.919 2.058 0.594 20
-2.188 2.098 0.768 21
-1.525 1.597 0.382 20
-0.254 0.575 0.28 20
0.7 -0.281 0.37 20
0.528 -0.275 -0.02 20
0.005 0.105 -0.837 20
0.236 0.302 -0.891 21
0.923 0.218 -0.841 20
2.002 0.15 -1.509 20
3.983 0.168 -0.679 20
5.366 -0.598 0.779 20
3.348 -0.554 0.944 20
0.344 1.038 0.822 21
-1.515 2.752 0.209 20
-3.052 3.574 1.005 20
-4.687 3.859 0.555 20
-5.365 3.947 0.23 20
-5.445 3.337 0.983 20
-5.845 2.052 1.857 21
-6.401 1.396 1.976 20
-6.972 1.515 1.258 20
-4.471 1.838 1.258 20
-1.822 1.725 0.757 20
-0.638 1.326 -2.261 20
0.658 1.041 -4.238 21
3.732 1.094 -3.65 20
8.492 0.872 -0.519 20
10.542 -2.17 0.47 20
7.692 -4.438 1.958 20
2.611 -2.981 2.833 20
0.008 -1.405 1.588 21
-1.121 -0.755 -0.033 20
-2.348 -0.354 -0.58 20
-3.31 0.318 -0.101 20
-3.528 0.823 0.673 20
-3.184 0.7 1.115 21
-2.753 0.242 -0.154 20
-2.204 -0.383 -4.549 20
1.896 -2.065 -6.942 20
11.453 -7.923 4.27 20
7.941 -11.164 4.058 20
0.082 -7.717 -0.82 21
-0.876 -2.804 -3.041 20
-1.22 0.647 -2.062 20
-0.809 1.686 0.034 20
-1.306 2.487 1.753 20
-1.305 3.873 2.893 20
-0.659 3.619 2.192 21
-1.061 1.468 0.114 20
-2.196 -0.304 -0.452 20
-2.386 -0.765 0.392 20
-1.919 -0.805 -0.457 20
-0.487 -1.114 -2.837 20
3.428 -2.777 -2.178 21
5.185 -3.793 1.279 20
3.218 -2.579 2.678 20
-0.352 -0.782 1.002 20
-3.165 0.615 -0.348 20
-4.017 1.845 -1.126 20
-3.997 2.527 -0.319 21
-3.213 2.25 0.822 20
-1.383 1.59 0.865 20
-0.054 0.402 0.028 20
1.474 -1.508 -0.599 20
3.461 -3.71 -0.026 20
3.311 -4.052 -0.094 21
2.374 -2.567 -0.257 20
0.395 0.464 -0.531 20
-1.709 2.972 -1.06 20
-1.715 3.72 -1.685 20
1.377 1.746 -0.253 20
2.498 0.632 1.117 21
2.011 0.215 -0.238 20
2.595 -0.832 -0.611 20
4.021 -1.839 0.079 20
2.673 -1.048 0.269 20
0.15 1.012 0.231 20
-0.994 2.775 -0.274 21
-1.194 4.175 -0.516 20
-0.773 4.805 -0.356 20
-0.603 4.195 0.2 20
-1.208 2.467 1.849 20
-2.485 -0.208 3.024 20
-4.741 -0.817 1.622 21
-6.99 0.948 1.093 20
-7.082 3.436 0.628 20
-5.365 4.806 -0.639 20
-4.507 4.485 -1.638 20
-1.247 4.213 -2.974 20
1.753 4.613 -2.28 21
4.22 2.229 -1.537 20
5.909 -2.066 -0.133 20
5.823 -5.466 3.025 20
3.03 -5.226 3.74 20
0.369 -2.933 1.879 21
-1.366 -0.816 0.043 20
-1.844 0.787 -1.346 20
-0.56 1.948 -3.378 20
2.065 1.984 -3.247 20
5.336 -0.775 1.123 20
4.585 -4.231 3.182 21
0.972 -4.569 2.014 20
-1.028 -3.566 0.109 20
-1.244 -2.669 -0.532 20
-2.187 -1.337 -0.949 20
-1.399 -0.278 -1.322 20
1.484 -0.561 -0.316 21
1.515 -0.845 -0.08 20
-0.048 -0.401 -0.816 20
-0.239 -0.716 -0.462 20
-0.232 -1.268 0.432 20
-0.632 -1.08 1.008 20
-1.265 -0.569 0.111 21
-0.142 -0.56 -1.438 20
2.255 -1.545 -1.145 20
2.291 -1.819 0.602 20
1.551 -1.784 1.726 20
-0.177 -1.127 1.189 20
-1.66 0.498 -0.391 21
-1.498 1.52 -1.18 20
-0.536 1.519 -1.109 20
0.828 0.856 -0.504 20
1.463 0.643 -0.051 20
1.398 0.639 0.844 20
0.776 0.366 1.309 21
-1.006 0.461 -0.117 20
-1.044 0.686 -1.248 20
0.47 0.499 -0.948 20
1.486 0.199 -0.362 20
1.08 0.643 0.23 20
-0.35 2.169 0.625 21
-2.206 3.412 0.935 20
-3.919 3.599 0.596 20
-4.349 3.332 0.207 20
-3.5 2.744 0.639 20
-3.432 1.87 0.698 20
-3.537 1.317 0.919 21
-3.57 1.155 0.933 20
-3.152 1.514 0.585 20
-1.774 1.819 0.636 20
-0.435 1.525 0.04 20
0.766 1.064 -1.183 20
2.66 0.389 -1.822 21
4.647 -1.156 -1.532 20
5.762 -2.992 0.283 20
4.725 -3.16 1.488 20
2.65 -2.006 1.309 20
1.447 -1.369 0.908 20
0.932 -1.31 0.171 21
0.159 -1.076 -1.143 20
-0.36 -0.336 -1.294 20
0.494 -0.54 -0.324 20
1.529 -1.874 0.02 20
1.01 -2.584 0.1 20
-0.345 -2.457 -0.075 21
-1.102 -1.98 -0.779 20
-0.504 -1.795 -1.675 20
0.845 -1.995 -1.504 20
1.739 -2.595 0.287 20
1.35 -1.971 0.471 20
0.365 -0.851 0.137 21
-0.216 -0.62 0.3 20
-0.729 -0.144 0.376 20
-1.425 0.803 0.069 20
-1.395 1.04 -0.539 20
0.432 0.304 -1.106 20
2.952 -0.95 0.267 21
2.81 -1.318 1.245 20
0.623 -0.561 -0.491 20
0.03 -0.111 -0.58 20
0.12 -0.013 -0.354 20
0.045 0.602 -0.805 21
1.252 0.977 -0.52 20
2.492 0.985 0.322 20
1.995 1.061 0.648 20
0.182 1.5 0.814 20
-1.59 1.896 0.916 20
-2.198 2.202 0.817 21
-2.573 2.348 1.053 20
-3.368 2.411 0.38 20
-3.6 2.349 -0.094 20
-3.115 2.428 0.255 20
-2.819 2.324 1.012 20
-3.028 1.923 0.928 21
-2.92 2.157 0.387 20
-3.309 2.742 -0.41 20
-2.818 3.187 -0.96 20
-1.558 2.968 -0.965 20
-0.07 2.276 -0.778 20
1.424 1.367 -0.521 21
2.651 -0.381 0.423 20
3.425 -2.522 0.792 20
2.752 -3.87 0.881 20
0.776 -2.916 0.428 20
-0.527 -0.259 0.12 20
0.35 0.816 -0.119 21
1.869 0.139 -0.573 20
2.879 -0.93 -0.912 20
3.078 -2.06 -0.06 20
2.54 -3.121 0.579 20
1.266 -3.859 0.502 20
-0.39 -3.991 0.076 21
-1.485 -3.24 -0.817 20
-1.695 -1.851 -1.403 20
-0.947 -0.903 -1.209 20
-0.098 -0.551 -0.67 20
0.353 -0.414 -0.383 20
1.266 -1.16 0.5 21
1.864 -2.378 1.586 20
0.022 -2.054 1.701 20
-1.765 -0.721 0.763 20
-1.217 -0.17 -0.795 20
-0.46 0.074 -1.134 20
0.176 0.144 -0.206 21
0.409 0.313 0.562 20
0.568 0.484 0.139 20
1.104 0.22 -0.408 20
1.395 -0.35 -0.585 20
0.654 -0.453 -0.369 21
0.377 -0.093 0.014 20
0.682 0.126 -0.614 20
0.998 0.297 -0.751 20
1.381 0.481 -0.273 20
1.523 1.069 -0.209 20
1.207 1.66 0.393 21
0.424 1.774 0.574 20
-0.297 1.869 0.243 20
-0.34 2.029 -0.052 20
-0.209 1.975 -0.187 20
-0.947 1.889 0.324 20
-2.088 2.054 0.676 21
-3.2 2.2 0.651 20
-3.687 2.161 0.92 20
-3.919 2.296 0.783 20
-4.23 2.554 0.181 20
-4.01 2.751 -0.119 20
-3.055 2.788 -0.206 21
-1.783 2.426 -0.619 20
-0.978 2.01 -0.753 20
-0.205 1.27 -0.46 20
0.468 0.367 0.238 20
1.182 -0.434 0.208 20
1.997 -1.255 0.416 21
2.028 -1.662 0.314 20
1.804 -1.457 -0.482 20
2.016 -1.16 -0.376 20
2.793 -1.402 0.256 20
2.815 -1.663 0.032 20
2.18 -1.962 -0.134 21
1.402 -2.257 0.652 20
0.28 -2.178 0.518 20
-0.822 -1.687 -0.943 20
-0.68 -1.615 -2.289 20
0.987 -2.346 -2.049 20
3.104 -3.875 0.201 21
2.104 -3.679 1.192 20
-0.076 -1.58 0.409 20
-1.194 -0.534 -0.351 20
-1.848 0.025 -0.583 20
-2.358 0.557 0.367 20
-2.577 0.995 1.412 21
-2.334 1.426 1.553 20
-1.486 1.135 0.337 20
0.335 -0.558 -2.362 20
3.722 -3.85 -2.087 20
5.142 -6.257 1.971 20
3.153 -4.267 2.086 21
0.958 -0.949 0.192 20
-1.407 1.122 -1.025 20
-2.515 2.185 -2.371 20
-1.593 2.143 -2.509 20
0.76 0.976 -1.049 20
2.036 0.042 1.118 21
2.447 -0.979 2.332 20
1.346 -1.474 1.791 20
-0.879 -0.522 0.422 20
-1.877 0.615 0.608 20
-2.677 1.563 0.622 21
-3.207 2.456 0.511 20
-2.899 2.896 1.009 20
-2.43 3.021 -0.164 20
-0.887 2.785 -3.382 20
3.068 2.556 -3.673 20
4.314 3.458 -0.415 21
3.35 2.392 0.919 20
1.536 0.711 0.582 20
-0.549 2.164 -0.027 20
-1.483 3.316 1.039 20
-2.003 3.209 0.899 20
-2.473 2.34 0.345 21
-2.679 1.634 0.242 20
-2.098 1.139 0.405 20
-2.041 0.637 0.444 20
-2.762 0.375 0.693 20
-3.385 0.048 0.874 20
-3.387 -0.072 0.655 21
-2.899 0.098 0.846 20
-2.167 0.353 0.664 20
-1.017 0.76 -0.499 20
1.209 1.203 -2.283 20
6.325 -0.089 -1.876 20
11.453 -4.474 0.898 21
10.431 -7.202 1.711 20
4.026 -4.88 1.536 20
-0.037 -2.214 0.119 20
-1.139 -1.098 -1.574 20
-1.342 0.117 -1.408 20
-1.76 1.44 -0.456 21
-1.814 1.509 0.158 20
-2.187 0.75 0.517 20
-2.22 -0.635 0.515 20
-1.142 -2.848 0.431 20
0.146 -4.704 0.452 20
1.106 -5.648 1.015 21
1.364 -5.432 0.653 20
0.503 -3.043 -0.731 20
-0.271 -0.456 -1.691 20
-0.535 0.988 -1.511 20
-0.363 1.24 -0.178 20
-0.494 0.631 0.891 21
-0.428 -0.138 1.088 20
-0.202 -0.674 0.583 20
0.0 -1.092 -0.029 20
0.085 -1.351 -0.442 20
0.277 -1.324 -0.264 20
0.525 -1.012 0.385 21
-0.428 0.164 0.389 20
-0.861 1.135 0.003 20
-0.286 0.872 0.095 20
-0.21 0.6 -0.286 20
0.149 0.568 -0.395 21
1.335 0.194 -0.05 20
2.038 -0.111 -0.282 20
1.851 -0.15 -0.57 20
1.532 -0.122 -0.468 20
1.071 -0.025 -0.029 20
0.108 0.47 0.273 21
-0.678 1.035 0.332 20
-0.888 1.149 0.029 20
-0.502 1.075 -0.279 20
0.233 0.933 -0.266 20
0.354 1.06 -0.623 20
-0.36 1.475 -0.546 21
-0.684 1.947 -0.151 20
-1.051 2.44 -0.023 20
-1.196 2.694 -0.495 20
-1.305 2.541 0.051 20
-1.625 2.345 0.432 20
-2.057 2.283 0.486 21
-2.332 2.143 0.37 20
-2.705 1.939 0.488 20
-2.777 1.872 0.403 20
-2.273 1.782 0.089 20
-1.498 1.658 0.073 20
-0.324 1.281 0.0 21
1.178 0.76 -0.131 20
2.131 -0.171 0.148 20
2.617 -1.197 0.37 20
2.713 -1.629 0.864 20
1.896 -1.544 0.87 20
0.881 -1.088 -0.186 21
0.555 -0.785 -0.767 20
0.862 -0.637 -0.682 20
1.351 -0.567 -0.777 20
1.264 -0.631 -0.294 20
0.948 -0.999 0.153 20
1.03 -1.975 0.715 21
1.485 -3.017 0.915 20
1.211 -3.177 0.69 20
0.756 -3.113 0.908 20
-0.244 -2.683 0.418 20
-1.321 -1.68 -0.412 20
-1.245 -0.981 -0.908 21
-0.551 -0.584 -1.192 20
0.387 -0.441 -1.484 20
1.629 -1.374 0.569 20
0.698 -1.657 1.325 20
-1.227 -0.687 0.923 20
-1.9 -0.478 0.669 21
-2.447 -0.415 0.147 20
-2.174 -0.309 -0.473 20
-0.915 -0.59 -0.716 20
0.676 -0.995 -0.755 20
1.893 -1.221 -0.086 20
1.878 -1.297 0.236 21
1.113 -1.178 -0.009 20
0.359 -0.901 0.278 20
-0.478 -0.246 -0.15 20
-0.62 -0.176 0.007 20
-0.773 -0.238 0.312 20
-0.631 -0.188 0.583 21
-0.26 -0.486 0.858 20
-0.863 -0.47 0.682 20
-1.159 0.085 -0.353 20
-0.288 0.1 -0.482 20
-0.052 0.2 -0.395 20
0.478 0.329 -0.793 21
1.612 -0.063 -0.718 20
1.886 -0.115 -0.277 20
1.182 0.266 -0.043 20
0.464 0.707 -0.939 20
1.358 0.693 -0.641 20
1.858 0.498 0.162 21
0.376 0.791 -0.291 20
-0.329 1.46 -0.111 20
-0.395 1.974 0.512 20
-1.065 2.076 0.557 20
-1.411 2.099 0.422 20
-1.089 2.342 -0.15 21
-0.68 2.338 -0.365 20
-0.353 2.085 -0.217 20
0.132 1.797 -0.268 20
0.304 1.634 -0.183 20
-0.034 1.583 -0.245 20
-0.209 1.511 -0.104 21
-0.57 1.592 -0.154 20
-0.797 1.565 -0.104 20
-1.873 1.497 -0.229 20
-2.214 1.625 -0.221 20
-2.062 1.719 -0.022 20
-1.858 1.668 -0.249 21
-1.501 1.322 -0.187 20
-0.683 1.155 -0.162 20
-0.063 0.904 -0.001 20
0.43 0.691 0.0 20
1.049 0.305 -0.117 20
1.302 -0.143 0.159 21
1.355 -0.42 0.386 20
1.493 -0.559 0.425 20
1.1 -0.512 0.562 20
0.796 -0.245 0.488 20
0.527 -0.201 0.015 21
0.493 -0.148 -0.536 20
0.828 -0.625 -0.098 20
1.637 -1.707 0.314 20
1.81 -2.608 -0.092 20
1.338 -3.028 0.434 20
0.712 -2.93 0.992 21
-0.13 -2.333 0.002 20
-0.287 -1.593 -1.138 20
0.405 -1.518 -0.894 20
0.875 -2.045 0.436 20
-0.485 -1.64 1.386 20
-2.211 -0.687 0.879 21
-2.413 -0.202 -0.198 20
-1.565 -0.009 -0.551 20
-0.587 -0.405 -0.55 20
1.048 -1.296 -0.831 20
2.354 -2.371 0.446 20
1.588 -2.645 1.309 21
-0.25 -1.372 0.471 20
-0.679 -0.394 -0.317 20
-0.859 -0.033 -0.042 20
-1.53 0.541 0.127 20
-1.084 0.683 -0.035 20
-0.201 0.065 0.362 21
-0.315 -0.288 0.311 20
0.395 -0.604 -0.45 20
1.502 -1.512 -0.05 20
1.089 -1.255 0.185 20
0.404 -0.551 -0.436 21
0.446 -0.266 -0.837 20
0.697 -0.459 -0.41 20
0.383 -0.495 -0.112 20
-0.077 -0.241 -0.515 20
0.1 -0.001 -0.213 20
0.097 0.078 0.109 21
-0.384 0.389 -0.667 20
-0.262 0.922 -1.081 20
0.083 1.334 -0.285 20
-0.175 1.703 0.331 20
-0.181 2.015 0.063 20
0.632 2.17 -0.274 21
1.668 1.97 -0.012 20
1.559 1.568 0.67 20
0.44 1.215 0.786 20
-0.151 1.024 0.149 20
-0.356 1.116 -0.091 20
-0.945 1.349 0.089 21
-1.868 1.542 0.018 20
-2.011 1.655 0.191 20
-1.474 1.781 0.316 20
-0.79 1.874 -0.122 20
-1.219 1.626 0.256 20
-2.469 1.42 0.612 21
-2.784 1.815 0.581 20
-2.402 2.395 0.199 20
-1.476 2.278 0.011 20
-1.253 1.968 -0.177 20
-0.494 1.646 -0.131 20
0.583 0.908 -0.014 21
1.473 0.076 -0.718 20
2.714 -0.653 -0.228 20
2.984 -1.633 1.092 20
2.2 -2.132 1.088 20
0.587 -1.85 0.348 20
-0.406 -0.884 -0.316 21
-0.165 -0.324 -0.502 20
0.674 -0.606 -0.527 20
1.092 -1.214 -0.451 20
1.254 -1.676 0.288 20
1.366 -1.91 0.74 20
1.413 -2.141 0.616 21
0.691 -1.921 0.347 20
-0.224 -1.506 -0.357 20
-0.687 -1.25 -1.151 20
0.278 -1.584 -0.26 20
0.722 -1.577 0.311 20
0.208 -0.557 -0.243 21
-0.01 -0.367 -0.792 20
0.249 -1.143 -0.909 20
0.67 -2.26 0.726 20
-0.024 -2.599 -0.009 20
0.515 -3.068 -0.095 20
-0.424 -4.046 1.79 21
-3.251 -2.199 1.373 20
-3.463 0.236 -0.011 20
-2.459 1.731 -1.439 20
-2.073 2.631 -1.619 20
-0.067 2.471 -1.099 20
2.974 1.161 0.073 21
3.416 -0.424 1.995 20
1.979 -1.259 1.356 20
1.425 -1.993 0.073 20
0.679 -1.902 -0.798 20
-0.192 -0.834 -0.942 21
-0.177 0.195 -0.637 20
0.284 0.85 -0.258 20
0.242 1.207 -0.058 20
0.009 1.535 0.283 20
-0.56 1.847 -0.018 20
-0.972 2.38 -0.865 21
0.101 2.118 -1.503 20
2.182 1.283 -1.275 20
3.221 0.189 0.151 20
2.241 -0.512 1.132 20
0.301 0.331 0.963 20
-1.056 1.812 0.957 21
-2.074 2.764 0.549 20
-2.526 3.094 0.009 20
-2.289 3.455 0.336 20
-2.392 3.706 0.436 20
-3.024 3.413 -0.127 20
-2.887 2.438 -0.019 21
-2.566 1.53 0.256 20
-1.913 1.313 -0.181 20
-1.193 1.093 0.127 20
-0.319 0.876 0.078 20
0.033 0.497 0.115 20
0.265 0.264 0.02 21
0.458 0.138 0.242 20
0.113 0.163 -0.053 20
0.196 0.391 -0.149 20
-0.023 0.58 0.439 20
-0.191 0.552 0.377 20
0.254 0.406 -0.047 21
1.069 0.174 -0.957 20
2.29 -0.444 -0.861 20
4.2 -2.267 -0.199 20
5.345 -4.511 0.507 20
3.239 -4.577 1.864 20
-0.214 -2.897 1.682 21
-2.23 -1.156 -1.012 20
-1.619 -0.09 -2.006 20
0.439 -0.676 -0.872 20
0.522 -0.559 -0.306 20
0.285 -0.587 0.552 21
0.847 -1.634 1.016 20
0.398 -1.988 0.347 20
-0.234 -2.227 0.082 20
-0.741 -2.776 0.194 20
-1.186 -2.556 0.071 20
-1.037 -1.395 -0.071 21
-0.979 -0.251 0.074 20
-1.051 0.306 -0.067 20
-0.588 0.284 -0.446 20
0.925 -0.421 -0.841 20
1.889 -1.189 0.221 20
1.361 -1.538 0.438 21
0.091 -1.654 0.004 20
-0.281 -1.413 -0.444 20
0.054 -1.028 -0.005 20
-0.062 0.035 -0.72 20
0.792 0.722 -0.648 20
1.468 0.673 0.724 21
-0.271 1.341 1.327 20
-2.467 2.175 0.683 20
-2.826 1.88 -0.24 20
-0.668 0.099 -0.343 20
0.886 -1.558 0.455 20
-0.088 -1.807 1.8 21
-1.25 -0.908 1.284 20
-1.22 0.191 -0.676 20
-0.276 0.538 -1.691 20
0.688 0.32 -0.991 20
0.365 0.607 -0.14 20
0.374 0.288 0.622 21
0.157 0.005 0.493 20
-0.442 0.103 0.105 20
-0.436 -0.089 0.435 20
-0.69 -0.387 0.342 20
-0.559 -0.486 -0.431 20
0.755 -0.927 -0.67 21
2.085 -1.726 0.163 20
1.217 -1.603 1.076 20
-0.734 -0.285 0.695 20
-1.958 1.161 -0.736 20
-0.775 1.5 -1.736 20
2.453 -0.051 -1.457 21
3.215 -1.882 0.723 20
0.733 -1.763 1.927 20
-0.568 -0.793 0.706 20
-0.365 -0.529 -0.246 20
-0.667 -0.223 -0.84 20
-0.44 0.035 -0.868 21
0.676 -0.2 -0.108 20
0.428 -0.057 0.311 20
-0.522 0.534 0.377 20
-0.707 0.724 0.557 20
-0.41 0.317 1.12 20
-0.604 -0.03 1.036 21
-1.018 -0.376 1.169 20
-1.34 -0.981 1.475 20
-1.75 -1.206 1.274 20
-2.286 -1.015 0.484 20
-2.055 -1.012 -0.348 20
-1.242 -1.284 -0.361 21
-0.568 -1.492 -0.562 20
0.051 -1.328 -0.691 20
0.343 -1.05 0.007 20
-0.199 -0.779 0.381 20
-0.822 -0.317 -0.035 20
-0.81 0.007 -0.081 21
-1.016 0.012 0.197 20
-0.82 -0.158 -0.513 20
0.529 -0.203 -1.387 20
2.764 -0.398 -1.134 20
4.02 -0.966 -0.447 20
2.708 -2.267 -0.874 21
0.814 -3.471 -0.711 20
-0.125 -3.133 1.148 20
-1.738 -2.705 1.275 20
-2.368 -1.779 0.938 20
-1.909 0.017 0.969 20
-1.99 0.953 1.472 21
-1.864 0.332 1.572 20
-1.617 -0.561 1.215 20
-1.443 -0.869 0.959 20
-1.816 -1.121 0.715 20
-2.199 -1.433 0.522 20
-1.8 -1.221 0.571 21
-0.921 -1.043 0.547 20
0.108 -1.214 0.815 20
1.259 -0.987 0.378 20
1.967 0.012 -0.825 20
2.001 1.162 -1.122 20
1.542 1.964 -1.07 21
1.084 2.283 -0.672 20
0.706 2.294 -0.072 20
0.446 1.743 -0.009 20
0.252 1.075 0.135 20
0.331 0.702 -0.347 21
0.541 0.507 -0.739 20
0.008 0.387 -0.228 20
-0.49 0.262 0.025 20
-0.436 0.378 -0.018 20
-0.149 0.405 0.005 20
-0.007 0.324 -0.21 21
-0.181 0.19 -0.282 20
-0.355 0.089 -0.045 20
-0.129 0.149 -0.333 20
0.417 0.13 -0.651 20
0.617 0.136 -0.392 20
0.747 0.004 -0.183 21
0.153 0.506 0.16 20
0.023 0.328 0.218 20
0.478 -0.122 -0.485 20
0.34 0.217 -0.99 20
-0.151 0.689 0.098 20
-0.252 0.439 0.392 21
0.212 0.337 -0.017 20
0.484 0.357 -0.598 20
0.332 0.162 -0.954 20
-0.325 0.025 -0.58 20
-0.84 0.156 0.033 20
-0.711 0.065 0.504 21
-0.161 -0.913 0.902 20
-0.68 -1.38 1.872 20
-0.586 2.019 -2.199 20
-0.693 -5.588 0.064 20
0.565 1.578 0.59 21
3.699 6.008 -5.005 20
1.609 2.072 -2.628 20
-0.623 0.364 -1.596 20
0.46 -0.432 -2.861 20
-0.451 -0.969 3.314 20
-1.667 -0.169 4.748 21
-2.184 1.384 0.854 20
-0.543 1.429 -2.018 20
0.541 1.482 -1.708 20
0.093 1.853 -1.156 20
0.456 0.543 -0.411 20
-0.526 1.461 1.059 21
0.358 0.571 0.729 20
1.691 -1.01 -1.525 20
0.603 -1.778 -1.631 20
0.15 -1.125 0.172 20
0.291 -0.424 0.683 20
-0.13 -0.352 0.75 21
-0.429 -0.381 0.466 20
-0.552 -0.216 -0.729 20
-1.349 -0.104 -1.348 20
-1.074 0.253 -0.316 20
2.517 0.534 2.468 20
5.158 0.265 0.127 21
-0.673 0.691 -1.447 20
-2.005 0.119 1.189 20
0.355 0.53 3.959 20
-0.868 0.266 -0.533 20
-0.72 -1.476 -2.611 20
-0.116 -2.234 -1.059 21
0.274 0.308 2.683 20
0.43 -0.291 0.996 20
-0.347 -0.337 0.547 20
-0.481 0.772 1.04 20
0.181 1.175 -0.984 20
0.531 0.913 -0.819 21
0.002 -0.445 1.194 20
-1.026 -1.317 1.491 20
-1.695 -1.855 -1.404 20
-1.206 -1.78 -2.173 20
-0.245 -1.089 -0.848 20
0.378 -0.296 1.012 21
2.048 0.981 3.975 20
-0.532 0.984 9.883 20
-4.422 -2.059 -10.143 20
2.66 -2.646 -5.763 20
1.333 0.351 1.465 20
-1.195 1.347 -0.039 21
-1.127 0.369 -0.341 20
-1.366 3.206 -0.619 20
-0.263 3.924 1.585 20
1.761 -1.223 2.97 20
1.19 -1.864 -2.015 20
-0.403 -1.005 -0.341 21
-1.229 -4.884 -0.464 20
-1.968 -5.612 -1.009 20
-3.24 -1.87 2.168 20
-1.592 -0.873 0.728 20
-0.01 3.077 -3.478 20
1.646 1.719 2.573 21
0.102 -4.544 2.382 20
-0.884 -4.364 -0.847 20
-1.934 -4.805 1.377 20
-1.042 -4.913 0.979 20
-0.875 -1.946 5.6 20
-1.954 -0.475 3.348 21
-0.359 -0.704 -1.315 20
0.838 -0.858 1.094 20
-1.306 -3.902 -6.028 20
5.464 -2.895 5.143 20
6.291 -2.278 5.342 20
-0.456 -1.058 -1.73 21
-5.177 0.275 -4.851 20
1.146 -1.676 -2.93 20
7.9 -2.882 6.82 20
7.534 -1.624 15.132 20
5.951 -1.642 12.528 21
0.345 -0.616 12.562 20
-5.291 0.54 12.774 20
-7.834 1.029 9.3 20
-8.946 1.638 6.47 20
-10.229 2.714 4.357 20
-10.78 4.199 2.565 21
-9.352 5.26 1.449 20
-6.147 5.295 -1.403 20
-4.228 5.419 -4.331 20
1.769 3.822 -6.515 20
16.306 -0.89 -9.196 20
2.439 2.384 -2.581 21
-0.355 4.222 -4.522 20
4.539 4.125 -13.538 20
1.703 5.621 -8.493 20
1.138 3.642 -1.601 20
1.229 3.446 0.401 20
1.462 6.424 1.068 21
2.547 5.723 2.415 20
3.598 4.758 1.572 20
2.676 6.139 -1.055 20
1.919 6.197 -3.418 20
0.358 4.588 -1.815 20
0.236 2.165 -0.168 21
-0.47 2.138 1.821 20
-5.263 6.603 14.111 20
-7.471 8.394 19.872 20
-3.22 2.831 4.999 20
-2.833 1.948 1.772 20
-3.863 2.786 8.108 21
-3.261 2.393 7.629 20
-3.066 1.513 4.063 20
-3.588 1.237 2.368 20
-3.013 1.674 -0.638 20
-3.061 2.425 -2.01 21
-3.527 2.917 -0.706 20
-3.776 2.889 1.0 20
-3.844 3.016 0.551 20
-3.884 3.182 -0.876 20
-2.976 2.405 -0.386 20
-2.284 1.403 0.269 21
-2.373 1.459 -0.967 20
-2.396 1.481 -0.991 20
-2.26 1.413 -0.529 20
-2.375 1.707 -0.504 20
-2.642 2.038 -0.866 20
-2.308 1.287 -0.389 21
-1.099 0.693 -1.051 20
-2.427 1.921 -2.368 20
-3.049 1.854 0.69 20
-1.625 0.933 0.342 20
-1.704 0.892 -1.858 20
-1.518 0.729 -2.215 21
-0.993 0.704 -0.778 20
-0.642 0.713 -0.014 20
-0.194 0.381 -0.519 20
-0.304 0.194 -0.476 20
-0.48 0.263 -0.014 20
-0.615 0.359 0.458 21
-0.248 0.179 0.361 20
-0.165 0.099 -0.004 20
-0.254 -0.02 -0.002 20
-0.515 0.101 -0.236 20
-0.748 0.096 -0.187 20
-0.919 0.039 0.128 21
-1.071 0.05 0.184 20
-0.903 -0.26 -0.359 20
-0.671 -0.055 -0.681 20
-0.541 0.275 0.19 20
-0.131 0.264 0.975 20
0.334 0.154 0.854 21
0.712 -0.085 0.419 20
1.143 -0.324 0.332 20
1.268 -0.27 0.788 20
1.202 -0.381 0.925 20
1.0 -0.589 0.61 20
0.895 -0.767 0.547 21
0.775 -0.738 0.535 20
0.59 -0.664 0.322 20
0.438 -0.524 -0.42 20
0.041 -0.075 -0.214 20
-0.005 -0.067 1.274 20
0.44 -0.095 -0.624 21
0.284 0.34 -0.15 20
0.665 0.287 0.539 20
1.028 0.23 0.116 20

# Completed @Tue Jan 26 20:40:49 GMT+02:00 2021
