# Accelerometer Data File
# Started @Tue Jan 26 20:39:28 GMT+02:00 2021
#
#
# sensor Vendor: BOSCH
# sensor Name: BMI160 Accelerometer Non-wakeup
# sensor Resolution: 0.0023928226m/sec^2; Max Range: 78.4532; Min Delay: 2500 microseconds
# The sensor's attributes are the result hardware and the Android capabilities.
# It means that the Android may not utilize all features provided by the hardware.
#
# Some devices and Android versions save battery too much so the device may go to sleep.
# It just happens after couple of minutes from turning off the scree and it is easy to find it out.
#
# The following file provides the data from accelerometer in the m/s^2 format.
# The diff value is just a time delta between the samples
#
#
# data format:
# so we have 4 columns with values separated by the " "
# X Y Z time_from_previous_sample(ms)

# sensor speed set to:NORMAL
# units set to: m/sec^2
# gravity  filtered out
# Accuracy: HIGH
-0.749 3.896 6.106 0
-0.445 3.487 6.94 20
-0.09 3.238 6.688 20
0.562 2.931 5.269 20
0.961 2.711 4.399 20
1.294 2.106 3.817 20
1.145 1.464 3.955 21
0.513 1.54 3.641 20
0.813 1.224 2.52 20
1.398 0.808 2.775 20
1.847 0.49 3.351 20
2.518 0.631 2.393 20
2.154 0.32 1.382 21
2.424 -0.427 1.649 20
3.623 -1.9 -0.236 20
4.542 -2.117 2.079 20
3.467 -1.619 4.232 20
0.947 -0.763 0.51 20
-0.818 0.574 4.564 21
0.942 -0.289 4.972 20
0.346 -0.288 5.126 20
-3.155 -1.635 3.162 20
-0.959 -3.284 1.992 20
4.696 -3.148 2.177 20
1.637 -2.742 1.452 21
-2.305 -1.116 1.083 20
-2.478 -0.938 0.272 20
-2.323 -1.053 -0.02 20
-2.763 -0.974 0.63 20
-3.383 -1.005 0.571 21
-3.726 -0.622 0.21 20
-3.975 0.198 0.073 20
-3.159 0.318 -0.835 20
-2.8 0.461 -0.801 20
-2.882 0.859 -0.624 20
-2.645 1.051 -1.057 20
-1.883 1.161 -0.762 21
-1.041 0.978 -0.241 20
-1.086 1.021 0.349 20
-0.44 1.408 0.754 20
1.34 1.17 0.381 20
2.703 1.023 0.479 21
3.215 0.817 1.039 20
2.997 0.295 1.407 20
3.378 -0.755 2.139 20
4.369 -2.432 2.816 20
4.835 -4.285 1.866 20
6.111 -6.217 -1.634 21
8.617 -6.861 -7.453 20
10.582 -6.049 -15.532 20
11.184 -4.535 -18.791 20
9.55 -3.991 -17.088 20
6.935 -3.975 -15.369 20
3.436 -3.127 -14.763 21
0.924 -2.372 -14.664 20
-3.275 -0.66 -16.3 20
-15.691 7.608 -22.934 20
-15.288 6.673 -20.244 20
-5.375 2.118 -11.228 20
1.668 -0.665 1.137 21
4.311 -1.823 9.746 20
4.998 -1.574 10.691 20
1.95 0.31 6.103 20
-4.628 2.749 -0.299 20
-6.933 6.014 -7.41 20
-2.258 4.078 -3.922 21
5.34 1.275 3.073 20
9.168 2.241 5.922 20
7.07 3.297 2.781 20
2.631 3.744 -2.754 20
-1.488 4.128 -2.714 21
-0.906 3.42 -1.045 20
1.736 1.651 1.602 20
1.998 0.662 3.341 20
1.371 0.824 0.83 20
0.844 0.567 -0.05 20
0.373 -0.224 1.799 21
-0.534 -0.333 1.208 20
-0.537 -0.479 0.179 20
0.907 -0.545 0.698 20
2.314 -0.861 -3.445 20
1.656 -0.346 -0.134 20
1.13 -0.764 4.179 21
1.308 -0.468 1.355 20
1.136 -0.061 -0.219 20
0.816 -0.145 -0.148 20
0.21 -0.049 0.677 20
-1.317 -0.367 4.74 20
-0.157 -0.854 7.03 21
1.555 0.23 1.178 20
1.921 1.098 -1.58 20
1.101 1.607 -0.816 20
-0.023 1.153 1.692 20
-0.426 0.501 3.573 20
-0.2 0.125 3.287 21
0.457 -0.229 2.646 20
1.015 -0.09 1.818 20
1.737 0.338 0.604 20
1.27 0.926 0.117 20
1.343 0.921 0.0 20
2.636 1.191 -2.928 21
1.581 1.674 -1.563 20
1.71 0.308 0.927 20
1.718 -2.484 1.591 20
-0.544 -3.602 0.02 20
-5.748 -2.069 -2.588 21
-5.425 -1.099 -3.806 20
0.868 -3.024 1.28 20
2.29 -3.617 6.072 20
0.483 -4.609 8.022 20
-0.692 -6.698 7.217 20
-0.834 -6.729 -0.657 21
-0.362 -5.808 -6.408 20
0.669 -5.296 -7.102 20
1.678 -4.141 -1.689 20
1.059 -2.3 2.148 20
-0.52 -2.176 0.845 20
-1.66 -2.092 -0.964 21
-1.835 -1.402 0.427 20
-1.261 -1.936 1.788 20
0.99 -4.569 -0.748 20
-0.137 -2.211 -2.933 20
-1.654 -0.198 -0.525 20
-1.518 1.119 1.112 21
-0.485 1.468 1.246 20
1.827 1.296 0.462 20
3.39 0.439 0.569 20
2.247 0.844 0.751 20
0.459 1.055 0.581 21
-0.498 0.32 -0.627 20
-1.052 0.441 -1.248 20
-0.714 1.002 -0.492 20
0.06 1.316 0.464 20
0.274 1.428 0.567 20
0.197 0.748 0.473 21
0.556 -0.585 -0.364 20
0.076 -0.306 0.219 20
0.349 -1.028 0.425 20
0.391 -0.785 -0.291 20
-1.361 4.23 0.308 20
-5.412 8.882 3.44 21
-5.649 5.406 1.626 20
-2.1 -3.196 0.553 20
4.607 -13.283 0.209 20
-1.969 -6.19 -5.408 20
-5.178 1.506 -5.393 20
0.446 -3.13 1.051 21
0.641 -7.071 4.996 20
-3.898 -7.804 -4.652 20
-5.533 -4.749 -10.025 20
-2.957 -1.752 -5.515 20
-1.303 0.214 0.809 20
-2.732 0.568 0.226 21
-2.84 -0.609 -1.928 20
-1.86 -2.098 -2.518 20
-0.742 -2.509 -0.91 20
-1.78 -1.797 0.066 20
-3.133 -1.039 -0.278 20
-3.587 -1.712 -1.572 21
-2.45 -2.135 -2.395 20
-1.897 1.046 -2.244 20
-1.297 4.33 -0.282 20
0.795 4.309 0.299 20
3.482 2.328 0.146 20
2.881 0.73 -1.905 21
0.291 -0.064 -1.307 20
0.126 -0.974 0.871 20
-0.082 -1.816 -1.487 20
-0.389 -0.789 0.185 20
-1.436 0.811 0.058 20
-1.702 1.411 -0.483 21
-1.006 1.052 -0.948 20
-0.562 0.942 0.008 20
-0.45 0.419 0.4 20
0.433 -0.879 0.342 20
1.422 -0.308 0.209 20
0.568 1.602 0.154 21
-0.451 0.241 -0.074 20
0.852 -0.765 -0.543 20
0.868 -0.598 -0.577 20
0.492 -0.448 0.208 20
0.202 -0.274 0.651 21
-0.15 -0.033 0.424 20
-0.383 0.405 -0.021 20
-0.178 0.485 -0.394 20
0.082 0.212 -0.272 20
0.042 -0.192 0.157 20
-0.065 -0.541 0.454 21
-1.794 0.672 1.163 20
1.398 -3.967 -2.296 20
-0.806 1.637 2.568 20
-0.984 3.082 0.082 20
1.06 -0.073 -2.474 20
0.644 0.718 -0.894 21
0.553 0.571 -0.613 20
0.759 -0.341 -0.267 20
0.636 -0.292 -0.216 20
0.749 -0.121 -0.509 20
0.687 -0.124 -0.674 20
0.506 0.037 -0.236 21
0.225 -0.07 -0.091 20
-0.202 -0.129 -0.386 20
-0.536 -0.11 -0.729 20
-0.538 -0.422 -0.857 20
-0.805 -0.44 -0.659 20
-0.817 -0.25 -0.791 21
-0.076 -0.238 -1.169 20
0.489 0.546 -0.789 20
1.046 1.936 0.156 20
0.232 2.797 1.492 20
-1.123 2.411 2.416 20
-0.594 0.736 0.846 21
-0.106 0.001 -0.701 20
-0.349 0.024 -1.12 20
-0.653 0.725 -0.855 20
-0.764 1.612 -0.642 20
-0.852 2.076 -0.712 21
-0.288 1.993 -0.841 20
1.051 1.227 -0.755 20
1.023 0.729 -0.863 20
0.037 0.511 -1.199 20
-0.99 0.484 -0.891 20
-0.611 0.291 -1.009 21
0.631 -0.073 -1.579 20
1.243 -0.482 -1.727 20
1.217 -0.809 -0.907 20
0.992 -0.778 -0.109 20
0.673 -0.443 -0.189 20
0.515 0.159 -0.276 21
0.41 0.613 -0.106 20
0.084 0.954 0.038 20
-0.199 1.189 0.04 20
-0.505 1.406 0.04 20
-0.797 1.421 -0.098 20
-0.886 1.276 -0.449 21
-0.797 1.168 -0.473 20
-0.892 1.239 -0.716 20
-0.766 1.16 -0.587 20
-0.599 0.973 -0.088 20
-0.504 0.776 0.133 20
-0.71 0.863 0.215 21
-0.825 0.852 -0.412 20
-1.072 0.9 -0.577 20
-1.471 1.388 -0.468 20
-1.244 1.695 -0.367 20
-0.618 1.877 0.001 21
-0.157 2.364 0.374 20
0.06 2.652 0.959 20
-0.167 2.759 1.176 20
-0.241 2.639 0.765 20
-0.053 2.084 0.665 20
-0.388 1.658 0.818 21
-0.754 1.429 0.956 20
-0.569 1.163 0.895 20
-0.077 0.846 0.523 20
0.478 0.647 0.391 20
0.973 0.537 0.817 20
1.298 0.303 0.826 21
1.414 -0.16 -0.965 20
1.187 -1.151 0.573 20
0.402 -1.928 1.557 20
-0.653 -2.121 0.616 20
-0.637 -2.168 -0.921 20
0.773 -3.493 -0.611 21
1.437 -4.247 1.639 20
1.593 -4.799 -2.335 20
4.618 -9.401 -7.597 20
4.777 -9.594 -4.636 20
-0.091 -2.926 -1.601 20
-1.966 1.824 0.999 21
-1.354 3.593 2.257 20
-0.347 4.124 2.469 20
0.851 3.015 1.953 20
1.083 1.329 1.018 20
0.293 -0.288 1.211 20
-0.095 -2.309 1.894 21
-0.89 -3.551 2.145 20
-1.907 -4.222 2.64 20
-1.621 -4.58 1.979 20
-0.161 -3.549 -0.171 20
0.872 -1.046 -0.801 20
1.28 0.769 -0.128 21
0.451 1.908 0.632 20
0.452 1.909 1.06 20
0.678 0.653 1.426 20
1.207 -0.774 1.025 20
1.953 -1.563 0.379 21
1.993 -1.612 -0.341 20
1.362 -1.347 -0.135 20
0.353 -0.746 0.587 20
-0.969 -0.219 0.968 20
-2.068 -0.076 1.074 20
-2.392 -0.235 1.115 21
-2.099 -0.623 1.312 20
-1.44 -0.847 1.81 20
-0.949 -0.691 1.53 20
-0.119 -0.739 1.099 20
0.888 -1.249 0.206 20
1.944 -1.669 0.026 21
2.248 -1.707 0.963 20
1.699 -1.541 1.831 20
0.637 -1.098 1.503 20
-0.051 -0.759 1.144 20
-0.986 -0.397 0.484 20
-2.302 0.157 -0.57 21
-2.453 0.471 -1.669 20
-1.345 0.426 -2.39 20
0.024 0.435 -1.724 20
1.33 0.661 -0.364 20
2.648 1.309 0.588 20
3.237 1.896 0.365 21
3.18 1.473 0.0 20
2.591 0.44 0.462 20
1.379 -0.267 0.52 20
0.564 -0.456 0.646 20
-0.236 -0.249 0.981 21
-1.04 0.532 0.975 20
-1.386 1.376 0.58 20
-1.138 1.85 0.145 20
-0.694 1.896 0.137 20
-0.321 1.508 0.336 20
-0.312 0.874 0.301 21
-0.046 0.252 -0.431 20
1.113 -0.973 -1.322 20
1.569 -1.997 -1.256 20
0.836 -1.187 -0.831 20
-0.257 0.179 -1.16 20
-0.102 0.696 -0.804 21
1.151 0.829 0.603 20
0.279 1.199 0.508 20
-0.768 0.328 -0.721 20
-0.072 -0.363 -0.588 20
0.984 0.034 -0.441 20
0.59 0.376 -0.33 21
-0.257 0.623 -0.12 20
-0.061 1.03 -0.367 20
0.617 1.046 -0.688 20
0.784 0.558 -0.585 20
0.498 0.293 -0.254 20
-0.074 0.291 0.315 21
-0.576 0.228 0.221 20
-0.656 0.129 -0.496 20
-0.618 0.144 -1.022 20
-0.419 0.311 -0.998 20
-0.178 0.459 -0.82 20
0.074 0.773 -0.419 21
-0.101 1.215 -0.243 20
-0.242 1.482 -0.471 20
0.129 1.469 -0.648 20
0.497 1.542 -0.857 20
0.294 1.673 -0.965 21
0.282 1.645 -0.75 20
0.375 1.545 -0.886 20
0.251 1.52 -1.095 20
0.249 1.163 -0.902 20
-0.169 0.663 -0.859 20
-0.376 0.209 -0.49 21
-0.026 -0.16 -0.411 20
0.355 -0.343 -0.532 20
1.057 -0.306 -0.373 20
1.033 0.17 -0.314 20
0.345 1.097 -0.136 20
0.166 1.681 0.196 21
0.32 1.949 0.219 20
0.394 1.931 0.262 20
0.531 1.362 -0.132 20
0.189 0.745 -0.229 20
-0.385 0.815 -0.314 20
-0.431 0.587 -0.508 21
-0.28 0.196 -0.511 20
-0.472 0.149 -0.6 20
-0.866 0.757 -0.428 20
-1.187 1.796 -0.137 20
-1.15 2.47 0.134 20
-0.742 2.695 0.047 21
-0.056 2.378 0.306 20
0.191 2.17 1.142 20
0.199 2.1 1.209 20
0.298 1.569 0.939 20
0.014 1.334 0.705 21
0.237 0.976 -0.231 20
0.439 0.568 -0.241 20
0.018 0.406 -0.335 20
0.163 0.27 -0.056 20
-0.387 0.26 0.488 20
-1.172 0.359 0.566 20
-1.464 0.496 0.947 21
-1.902 0.744 0.699 20
-2.115 1.316 -0.204 20
-1.494 1.443 -0.209 20
-0.689 1.23 -0.311 20
-0.036 0.945 -0.073 21
0.946 0.684 -0.801 20
2.714 -0.17 -0.05 20
3.216 -1.203 0.553 20
2.472 -1.479 0.556 20
1.632 -0.846 0.468 20
0.869 -0.192 0.216 21
0.297 0.18 0.339 20
-0.1 0.213 0.372 20
-0.39 0.72 -0.425 20
0.163 0.937 -0.456 20
1.152 -0.292 0.242 20
1.698 -2.106 0.325 21
2.074 -3.474 0.388 20
1.966 -3.49 0.78 20
1.347 -2.796 0.943 20
0.604 -1.863 0.569 20
0.106 -1.153 0.357 20
-0.389 -0.824 -0.008 21
-0.604 -0.481 -0.772 20
-0.195 -0.914 -0.564 20
1.161 -2.258 0.147 20
1.152 -3.119 0.124 20
0.131 -2.775 0.532 20
-0.299 -2.495 1.41 21
-0.724 -2.181 0.816 20
-1.596 -1.329 0.232 20
-2.109 -0.756 0.504 20
-1.247 -0.898 0.357 20
-0.111 -1.53 0.092 20
0.05 -1.884 0.368 21
-0.032 -2.12 0.443 20
-0.005 -2.462 0.373 20
-0.278 -2.238 0.269 20
-0.513 -1.442 -0.053 20
-0.322 -0.884 -0.435 21
0.352 -0.66 -0.914 20
0.961 -0.751 -0.936 20
1.01 -0.456 -0.407 20
0.991 0.002 0.424 20
0.6 0.306 1.004 20
-0.565 0.903 0.949 21
-1.278 1.311 0.38 20
-1.057 1.361 -0.435 20
-0.589 1.403 -1.304 20
0.45 1.239 -1.171 20
1.612 0.967 -0.489 20
1.638 0.969 0.081 21
1.015 0.926 0.266 20
0.196 0.954 -0.253 20
-0.23 1.139 -1.055 20
-0.237 1.342 -1.646 20
0.378 1.152 -0.996 20
0.97 0.737 -0.55 21
0.976 0.952 -0.868 20
1.096 1.402 -0.604 20
0.456 1.896 -0.061 20
-0.483 2.116 0.272 20
-0.696 2.15 0.325 20
-0.779 2.278 0.458 21
-1.259 2.317 1.182 20
-1.89 2.262 1.447 20
-2.225 2.062 1.106 20
-2.306 1.59 1.207 20
-2.994 1.552 0.931 21
-3.029 1.453 0.402 20
-2.67 1.639 -0.103 20
-1.972 2.372 -0.019 20
-1.207 2.553 0.407 20
-0.558 2.044 -0.717 20
1.118 1.501 -1.167 21
1.5 0.796 -0.08 20
1.309 0.529 -1.189 20
1.581 -0.29 -0.501 20
1.487 -1.246 0.633 20
1.377 -1.672 0.994 20
1.235 -1.578 0.483 21
0.972 -1.418 0.598 20
0.353 -0.948 0.566 20
-0.165 -0.127 -0.371 20
0.062 0.37 -0.588 20
0.897 -0.149 -0.01 20
1.717 -1.117 -0.246 21
2.285 -1.835 -0.616 20
2.895 -2.682 0.264 20
2.452 -2.968 -0.801 20
1.567 -2.613 -1.665 20
1.565 -3.221 -1.155 20
1.053 -3.836 -0.408 21
-0.222 -3.498 0.968 20
-1.403 -2.596 1.546 20
-2.179 -1.698 1.206 20
-2.539 -0.907 0.605 20
-1.94 -0.472 -0.171 20
0.058 -1.401 -0.74 21
1.324 -2.634 -0.577 20
0.795 -2.804 0.635 20
-1.099 -1.963 2.05 20
-1.88 -0.456 2.266 20
-1.521 0.539 1.625 21
-1.386 0.986 0.777 20
-0.711 1.251 -0.188 20
0.683 0.792 -0.855 20
1.915 0.116 -1.468 20
2.204 -0.369 -1.151 20
1.274 -0.746 -0.46 21
0.207 -0.51 0.047 20
-0.216 0.249 0.309 20
-0.218 1.175 -0.275 20
0.271 1.765 -0.892 20
1.218 1.672 -1.365 20
1.588 1.561 -1.58 21
1.666 1.517 -0.758 20
1.667 0.688 -0.484 20
1.337 -0.352 0.042 20
0.684 -0.463 0.424 20
-0.332 0.197 0.664 20
-1.325 1.253 0.806 21
-1.844 2.104 0.818 20
-1.959 2.452 1.194 20
-2.436 2.739 0.865 20
-2.151 2.883 -0.107 20
-1.513 2.655 0.311 21
-2.636 3.179 0.435 20
-3.093 3.04 0.434 20
-2.561 2.177 0.024 20
-1.762 2.014 -0.266 20
-0.988 2.325 -0.054 20
-0.56 2.668 0.058 21
-0.187 2.492 -0.671 20
0.312 1.732 -0.738 20
0.121 0.987 0.247 20
-0.311 0.615 0.494 20
-0.292 0.292 0.005 20
0.169 -0.234 0.438 21
0.338 -0.631 0.836 20
0.19 -0.835 0.569 20
0.36 -1.14 0.59 20
0.762 -1.463 0.735 20
1.315 -1.632 0.39 20
1.815 -1.736 -0.228 21
2.505 -1.778 -0.789 20
3.377 -2.089 -0.984 20
3.941 -2.622 -0.838 20
3.394 -3.185 -0.968 20
2.276 -3.07 -1.067 20
1.333 -2.711 0.468 21
-0.158 -1.855 -0.197 20
-1.229 -1.004 -1.397 20
-0.56 -1.171 -0.643 20
0.939 -1.735 -0.673 20
1.158 -1.725 -0.037 20
0.682 -1.762 1.854 21
-0.828 -1.357 2.277 20
-2.327 -0.404 1.331 20
-2.424 0.049 0.707 20
-1.606 -0.414 0.129 20
0.125 -0.909 -0.926 21
1.71 -1.086 -1.207 20
2.391 -1.21 -0.355 20
1.507 -0.91 0.466 20
0.377 -0.036 0.441 20
-0.226 0.508 0.253 20
-0.846 0.647 -0.239 21
-0.798 0.627 -0.386 20
-0.272 0.711 -0.533 20
0.548 1.008 -0.484 20
1.459 0.985 -1.116 20
1.936 0.335 -2.624 20
3.036 -0.582 -1.23 21
2.264 -1.229 1.217 20
-0.462 -0.353 1.129 20
-1.285 1.052 1.361 20
-1.542 2.234 1.197 20
-2.106 3.39 -0.345 20
-0.89 3.202 -1.638 21
0.769 2.102 -1.334 20
0.938 1.007 -1.037 20
0.282 1.129 0.396 20
-2.059 2.728 3.353 20
-4.878 3.533 3.337 20
-5.791 3.432 2.609 21
-4.915 2.886 1.692 20
-3.58 2.282 0.865 20
-3.024 2.328 -1.029 20
-1.553 2.397 -2.539 20
-0.427 1.939 -2.162 21
0.33 1.161 -0.618 20
1.336 0.862 -0.15 20
2.063 0.079 1.073 20
1.777 -0.818 0.358 20
1.573 -0.825 -0.02 20
1.004 -0.399 0.986 21
0.183 0.411 0.12 20
0.881 0.601 -0.549 20
2.285 -0.081 -0.537 20
2.914 -1.367 0.134 20
2.252 -2.746 0.671 20
1.097 -3.571 0.787 21
0.214 -3.468 0.365 20
-0.488 -2.489 0.212 20
-0.39 -1.546 -1.114 20
1.056 -1.555 -2.187 20
3.359 -2.874 -1.254 21
3.301 -3.516 -0.087 20
1.39 -2.623 -0.176 20
0.238 -2.316 -0.061 20
-0.608 -2.67 0.707 20
-1.778 -1.808 0.908 20
-2.26 -0.077 0.783 21
-1.435 0.462 1.425 20
-1.231 0.674 1.23 20
-1.039 0.734 -0.121 20
0.819 -0.466 -0.617 20
1.856 -1.749 -0.027 20
0.965 -1.495 0.326 21
0.233 -0.966 0.386 20
-0.257 0.201 -0.887 20
0.326 0.934 -2.59 20
3.316 0.204 -2.152 20
3.829 -0.803 -1.784 20
3.339 -1.031 -0.09 21
1.92 -1.365 1.66 20
-1.225 -0.008 1.583 20
-2.835 1.143 1.151 20
-2.845 1.464 0.3 20
-2.218 1.712 -0.257 20
-1.55 1.674 0.199 21
-0.901 1.462 0.593 20
-0.936 1.712 -0.06 20
-0.469 1.752 -1.71 20
1.002 0.84 -2.233 20
1.51 0.406 -0.753 20
1.402 1.405 -0.32 21
0.513 2.952 0.015 20
-0.839 4.048 1.247 20
-2.019 3.6 1.859 20
-3.41 3.205 2.292 20
-4.673 2.893 2.731 21
-5.258 2.638 1.783 20
-4.65 2.269 0.984 20
-2.902 1.936 0.791 20
-1.793 1.298 0.599 20
-1.18 0.681 -0.091 20
-0.773 0.408 -1.121 21
0.265 0.001 -1.291 20
1.297 -0.703 -0.44 20
2.605 -0.922 -0.737 20
4.149 -1.304 -1.014 20
5.362 -1.904 0.02 20
4.692 -1.985 -0.014 21
3.682 -0.571 -1.84 20
3.641 -0.249 0.141 20
2.611 -0.782 -0.127 20
0.916 -0.952 -0.08 20
0.137 -1.809 0.307 20
-0.499 -2.077 1.505 21
-1.596 -1.735 2.148 20
-2.743 -1.118 1.135 20
-3.35 -0.536 0.095 20
-2.373 -0.478 -0.505 20
0.444 -1.385 -1.073 21
2.888 -2.797 -2.197 20
4.224 -3.903 -2.32 20
5.52 -5.423 0.354 20
3.483 -6.032 1.043 20
-0.336 -3.551 -0.205 20
-1.885 -0.686 -0.471 21
-1.935 0.541 -0.161 20
-1.975 1.382 0.18 20
-1.445 1.492 0.808 20
-0.831 0.801 1.76 20
-0.545 0.454 2.153 20
-1.049 0.773 1.793 21
-1.933 1.331 0.961 20
-1.755 1.522 -0.646 20
-0.333 1.07 -2.853 20
2.521 -0.132 -4.89 20
5.037 -1.162 -3.099 20
4.4 -1.326 -0.036 21
3.115 -0.803 0.407 20
2.165 0.4 -0.066 20
1.431 1.569 -0.133 20
0.462 2.574 0.119 20
-0.545 3.218 0.626 20
-1.497 3.215 1.777 21
-2.376 2.71 1.6 20
-2.649 2.176 1.211 20
-2.867 1.943 -0.054 20
-2.224 1.682 -0.635 20
-1.418 1.402 0.564 21
-3.658 1.801 0.928 20
-4.679 1.534 1.064 20
-4.068 1.159 0.815 20
-3.14 1.56 0.345 20
-2.172 2.495 -0.346 20
-1.671 3.686 -1.171 21
-0.385 3.936 -0.617 20
0.244 2.156 0.24 20
0.372 0.981 0.31 20
0.439 0.219 0.762 20
0.518 -0.619 0.522 20
0.382 -1.017 -0.247 21
0.404 -0.816 -0.591 20
0.846 -0.557 -0.308 20
1.227 -0.538 0.095 20
1.555 -0.752 0.096 20
2.059 -0.765 -0.229 21
2.601 -0.988 -0.133 20
2.969 -1.501 -0.176 20
3.034 -2.216 -0.339 20
2.752 -2.969 -0.141 20
1.584 -3.159 0.512 20
-0.082 -2.392 0.849 21
-1.206 -1.129 0.611 20
-1.435 -0.359 -0.769 20
-1.041 0.054 -1.739 20
0.893 -0.802 -1.302 20
2.431 -2.231 -0.135 20
2.244 -2.823 1.451 21
1.217 -3.263 1.573 20
0.007 -3.404 0.5 20
-0.297 -3.191 -0.364 20
-0.278 -2.148 -0.63 20
0.65 -1.215 0.066 20
-1.027 -0.216 0.62 21
-1.823 0.816 0.431 20
-0.851 0.467 0.793 20
-1.368 0.024 1.509 20
-1.255 0.485 0.686 20
-0.375 0.337 -0.367 21
0.971 -0.323 -1.236 20
3.098 -1.298 -1.349 20
2.801 -1.968 0.595 20
0.286 -1.044 1.09 20
-1.432 0.426 0.395 20
-1.675 1.791 -1.037 21
-0.904 2.888 -1.718 20
0.66 2.772 -1.533 20
2.067 1.548 -1.535 20
2.576 0.809 -0.752 20
2.279 0.431 -0.013 20
1.364 -0.094 0.406 21
-0.121 -0.048 0.458 20
-0.944 0.245 1.024 20
-1.323 0.731 1.424 20
-1.965 1.591 1.14 20
-1.922 2.085 0.476 20
-1.311 2.116 -0.407 21
-1.568 2.31 0.018 20
-3.509 2.71 -0.36 20
-3.992 2.737 -1.059 20
-3.291 2.269 0.042 20
-2.404 1.867 0.191 20
-0.818 1.732 0.435 21
-0.339 2.109 0.396 20
-0.622 2.433 0.259 20
-0.704 1.879 0.369 20
-0.561 1.275 0.453 20
-0.63 0.876 0.127 20
-0.59 0.514 -0.253 21
-0.404 0.098 -0.282 20
-0.241 -0.359 0.077 20
-0.391 -0.478 0.41 20
-0.244 -0.596 0.384 20
0.262 -0.873 0.208 21
1.163 -1.062 -0.217 20
2.72 -1.419 -0.077 20
4.524 -2.053 0.098 20
5.402 -2.725 0.118 20
4.527 -2.987 0.173 20
2.514 -2.404 -0.059 21
1.042 -1.581 0.028 20
0.345 -1.121 -0.245 20
-0.105 -0.694 -0.555 20
-0.504 -0.418 -0.849 20
-0.663 -0.327 -0.975 20
0.179 -0.736 -0.474 21
1.407 -1.85 0.146 20
1.82 -2.857 1.049 20
0.966 -3.104 1.44 20
-0.583 -2.319 0.803 20
-1.409 -1.516 -0.111 20
-0.901 -1.388 -0.477 21
-0.233 -1.335 -0.134 20
0.406 -0.93 0.195 20
0.693 -0.673 0.361 20
0.335 -0.425 0.45 20
-0.429 0.164 0.448 21
-0.912 1.077 -0.137 20
-0.301 0.849 -0.475 20
0.183 0.195 -0.108 20
0.734 -0.046 0.309 20
0.57 -0.337 0.002 20
-0.049 0.058 -0.517 21
0.339 0.376 -0.583 20
1.087 0.373 -0.719 20
1.416 0.299 -0.477 20
0.813 0.469 -0.211 20
-0.285 1.095 0.035 20
-0.463 1.442 -0.032 21
0.395 1.335 -0.691 20
1.272 1.188 -1.048 20
1.431 1.281 -0.245 20
0.387 1.633 0.71 20
-0.802 1.683 1.406 20
-2.393 1.744 1.259 21
-4.126 2.08 0.75 20
-4.334 2.17 0.457 20
-3.95 2.082 1.114 20
-4.09 2.303 1.235 20
-3.963 2.551 0.016 20
-2.718 2.427 -0.592 21
-2.437 1.889 -0.477 20
-2.174 1.769 -0.638 20
-0.84 1.987 -1.122 20
0.407 1.536 -0.921 20
0.768 1.05 -0.137 21
0.676 0.732 -0.225 20
1.718 0.115 0.392 20
2.467 -0.965 0.723 20
2.925 -1.897 0.625 20
2.622 -2.377 0.839 20
1.493 -2.099 0.731 21
0.274 -1.462 0.22 20
-0.207 -1.007 -0.499 20
0.261 -0.667 -0.523 20
1.106 -0.736 -0.68 20
2.065 -1.049 -1.463 20
3.406 -2.213 -0.573 21
4.667 -4.333 0.445 20
3.166 -4.424 0.006 20
1.433 -3.621 0.436 20
-0.18 -2.686 0.229 20
-1.322 -0.99 -0.599 20
-1.142 -0.367 -0.378 21
-1.571 -0.294 0.655 20
-1.543 -0.256 0.857 20
-1.02 -0.691 0.836 20
-0.159 -1.717 0.651 20
0.634 -2.802 0.797 21
0.553 -2.046 0.368 20
0.463 -0.88 -0.036 20
0.65 -0.33 -0.244 20
0.414 0.243 -0.168 20
0.03 0.87 0.083 20
0.077 0.845 -0.306 21
0.733 0.526 -0.704 20
1.528 0.014 -0.569 20
1.507 -0.291 0.084 20
0.919 -0.402 -0.029 20
0.329 -0.003 -0.533 20
0.132 0.699 -0.098 21
0.093 0.995 0.765 20
-0.366 1.368 0.531 20
-0.763 2.182 -0.565 20
0.005 2.427 -1.153 20
1.045 1.945 -0.044 21
0.691 1.632 0.697 20
-0.218 1.574 0.442 20
-1.382 2.215 0.29 20
-2.615 3.026 0.321 20
-3.455 3.12 0.806 20
-3.552 2.579 0.228 21
-2.498 2.032 -0.146 20
-1.748 1.702 -0.295 20
-2.215 1.381 -0.489 20
-2.55 1.061 -0.509 20
-2.504 1.126 -0.67 20
-2.213 1.035 -0.396 21
-2.147 0.832 0.753 20
-2.322 0.794 1.238 20
-2.096 0.788 1.16 20
-1.712 1.0 0.852 20
-1.183 1.185 0.2 20
0.051 0.814 -0.026 21
1.603 -0.058 0.083 20
3.475 -1.43 -0.228 20
5.368 -3.374 -0.971 20
6.748 -5.248 -0.028 20
5.07 -4.497 1.202 21
2.651 -2.381 0.146 20
2.118 -0.97 -2.575 20
3.547 -0.411 -3.402 20
3.992 -0.76 -1.335 20
1.713 -1.307 -0.029 20
-1.034 -1.797 1.325 21
-2.314 -2.665 1.441 20
-3.232 -2.425 0.635 20
-3.264 -1.313 1.002 20
-2.511 -0.979 1.245 20
-1.79 -0.357 0.152 20
-0.664 0.35 -1.134 21
1.093 0.449 -1.618 20
2.733 -0.52 -1.275 20
4.139 -1.503 -1.596 20
5.976 -2.592 0.326 20
4.557 -3.517 1.508 20
1.65 -2.234 0.503 21
-0.813 -0.65 0.569 20
-2.478 0.32 0.478 20
-3.295 1.389 0.208 20
-3.157 1.994 0.114 20
-2.703 2.133 -0.108 21
-1.674 1.765 -0.565 20
0.655 0.844 -0.899 20
2.943 -0.188 -0.759 20
2.8 -0.736 0.534 20
0.638 -0.473 0.953 20
-0.904 0.647 0.685 21
-1.355 1.775 -0.204 20
-0.648 2.6 -1.755 20
0.682 3.439 -1.625 20
0.693 4.423 0.593 20
-0.762 3.774 1.541 20
-2.796 2.187 1.376 21
-4.467 1.986 1.527 20
-5.428 2.018 1.396 20
-5.567 1.684 1.25 20
-4.965 1.203 0.933 20
-3.705 1.423 -0.024 20
-1.838 1.523 -0.578 21
-0.865 1.023 -1.106 20
-0.065 0.845 -1.39 20
1.111 0.756 -0.604 20
2.196 0.59 -0.22 20
2.977 -0.451 0.042 20
3.473 -1.137 0.219 21
3.651 -1.023 -0.817 20
4.72 -1.218 -0.742 20
5.919 -3.248 1.86 20
4.264 -4.303 1.879 20
0.554 -2.426 1.508 21
-2.588 -0.911 1.202 20
-4.442 0.091 -1.186 20
-4.966 0.953 -2.078 20
-2.283 0.381 -1.114 20
1.465 -1.277 -0.614 20
3.324 -2.128 0.291 21
3.006 -2.508 1.493 20
2.339 -3.206 1.031 20
1.907 -3.709 -1.052 20
0.69 -3.459 -1.768 20
-1.211 -1.897 -0.688 20
-0.945 -0.403 -1.003 21
1.921 -0.33 -2.606 20
5.144 -2.468 -0.681 20
2.894 -3.006 0.988 20
0.972 -1.97 1.648 20
-0.745 -1.767 3.542 21
-4.273 0.244 2.362 20
-6.09 2.295 0.207 20
-5.654 3.487 -1.753 20
-2.607 3.17 -3.229 20
2.978 1.454 -3.809 20
9.4 -1.752 -0.093 21
4.886 -3.209 3.399 20
-0.129 -1.536 3.62 20
-1.173 0.408 0.899 20
-1.92 1.596 -1.805 20
-1.499 1.827 -2.008 20
0.12 1.821 -1.762 21
1.527 2.525 -1.146 20
2.342 3.659 0.531 20
1.562 3.327 2.42 20
-0.678 2.031 1.223 20
-2.555 1.84 0.143 20
-4.099 1.956 0.047 21
-4.565 1.601 0.784 20
-4.591 1.725 0.697 20
-3.837 1.837 0.036 20
-2.069 1.509 -1.053 20
0.172 1.084 -1.545 20
0.437 0.909 -1.254 21
-0.655 0.762 -0.506 20
-1.941 0.697 0.978 20
-2.709 1.093 1.05 20
-2.914 1.884 0.428 20
-2.084 2.535 0.143 20
-1.017 2.477 -0.116 21
0.621 1.848 -0.074 20
2.661 0.094 0.325 20
4.296 -1.674 0.238 20
4.686 -4.26 1.032 20
3.355 -5.276 1.353 21
0.917 -3.425 0.97 20
-0.648 -1.34 0.439 20
-0.484 -0.792 -0.209 20
0.098 -0.683 -1.366 20
0.799 -0.045 -3.314 20
2.164 0.467 -3.491 21
5.296 -1.767 -0.488 20
5.51 -4.712 1.142 20
2.611 -5.301 2.022 20
-1.153 -4.517 1.843 20
-3.476 -2.614 0.355 20
-3.393 -0.518 -0.236 21
-2.513 0.581 -0.34 20
-1.953 1.264 -0.355 20
-1.143 1.623 0.158 20
-0.138 1.044 1.337 20
-0.441 0.241 1.694 20
-0.264 -0.138 -0.66 21
3.444 -1.896 -3.108 20
6.558 -5.033 -1.15 20
4.281 -5.379 1.077 20
1.134 -2.664 1.256 20
-1.014 -0.429 0.352 20
-2.195 1.327 0.267 21
-2.778 2.546 -0.518 20
-2.385 2.83 -0.17 20
-1.36 2.09 0.928 20
-0.734 1.478 0.46 20
-0.113 1.112 -0.801 21
2.021 0.324 -1.383 20
4.253 -0.846 -1.057 20
3.769 -1.634 -0.261 20
1.508 -0.932 0.299 20
0.232 0.232 1.58 20
-1.024 1.157 1.417 21
-1.728 2.322 0.068 20
-2.107 3.61 -1.277 20
-1.993 4.827 -0.948 20
-1.572 4.758 0.702 20
-2.087 3.763 0.869 20
-2.611 1.985 0.778 21
-3.016 1.295 0.109 20
-3.342 1.282 0.152 20
-3.43 1.453 0.348 20
-3.109 1.489 0.18 20
-2.384 1.431 -0.128 20
-1.76 1.68 -0.506 21
-1.441 1.975 -0.643 20
-0.997 1.812 -0.126 20
-0.645 1.476 -0.367 20
0.492 0.981 -0.637 20
1.723 0.327 -0.297 20
2.86 -0.988 0.406 21
3.871 -2.872 1.239 20
3.741 -3.665 0.524 20
2.707 -2.816 -0.375 20
1.947 -1.478 -0.21 20
1.597 -1.0 0.285 21
0.866 -1.038 0.196 20
0.025 -0.665 -0.64 20
-0.126 -0.346 -0.863 20
0.339 -0.654 -0.516 20
0.829 -1.669 -0.184 20
1.621 -3.384 -0.111 21
2.142 -4.874 0.772 20
0.984 -4.669 1.505 20
-1.207 -2.768 -0.121 20
-1.438 -1.782 -1.139 20
-0.317 -1.979 -0.443 20
0.513 -0.729 0.202 21
0.742 0.861 0.36 20
0.194 0.721 0.111 20
-0.256 -0.014 0.298 20
-0.97 -0.744 1.126 20
-0.092 -0.512 -0.372 21
1.714 -1.273 -0.604 20
1.857 -1.765 -0.268 20
1.523 -0.98 0.092 20
0.864 -0.041 0.135 20
0.109 0.622 0.035 20
-0.28 1.021 -0.049 21
-0.908 1.391 0.043 20
-0.836 1.148 0.321 20
-0.076 0.132 -0.029 20
1.024 -0.445 -1.55 20
2.474 -0.047 -1.818 20
3.591 0.054 0.297 21
2.359 -0.388 0.61 20
-0.086 0.243 1.228 20
-1.841 1.354 1.51 20
-2.83 2.351 0.605 20
-2.674 2.497 0.447 20
-2.38 2.155 0.165 21
-1.959 2.295 -0.532 20
-1.168 2.315 0.428 20
-2.036 2.897 -0.47 20
-2.63 2.838 0.012 20
-2.915 2.847 -0.956 20
-2.257 2.763 -1.13 21
-2.199 1.997 -0.558 20
-1.897 1.521 -0.754 20
-0.882 2.089 -1.347 20
-0.707 2.202 -0.445 20
-0.253 1.8 -0.562 20
0.595 1.159 0.472 21
0.288 0.461 1.225 20
-0.452 -0.371 1.54 20
-1.478 -0.515 0.756 20
-2.05 -0.287 0.29 20
-1.729 0.174 0.57 20
-0.571 0.224 0.176 21
0.919 -0.145 -0.459 20
2.837 -0.633 -1.668 20
5.045 -2.428 0.05 20
5.379 -4.464 1.753 20
2.711 -4.444 1.659 21
-0.271 -2.989 0.379 20
-1.432 -1.429 -0.749 20
-0.278 -0.669 -1.368 20
1.655 -0.468 -1.758 20
2.749 -0.853 -1.599 20
2.726 -1.621 -0.456 21
2.281 -2.668 1.585 20
1.218 -3.277 0.515 20
0.898 -3.585 0.401 20
-0.191 -3.317 0.649 20
-1.271 -1.394 0.485 20
-1.584 -0.047 0.102 21
-1.24 0.644 -0.422 20
0.0 0.131 0.762 20
-1.692 -0.625 2.447 20
-3.163 -0.968 2.269 20
-1.008 -1.145 0.335 20
0.5 -1.177 -0.621 21
1.207 0.137 -1.013 20
2.078 -1.09 -1.667 20
2.663 -1.498 -1.89 20
2.718 -1.734 0.773 20
1.821 -1.145 1.163 21
0.932 0.234 0.073 20
-1.135 1.349 0.005 20
-1.962 1.988 1.406 20
-2.602 2.348 0.735 20
-3.331 2.751 -0.819 20
-1.304 1.827 -0.84 21
1.973 0.806 -1.668 20
4.068 0.404 -0.546 20
3.258 -0.496 0.145 20
2.611 -1.419 -0.524 20
1.683 -0.175 0.714 20
0.569 1.109 0.332 21
-0.132 1.688 -0.867 20
-0.155 1.985 0.101 20
-1.041 1.853 0.558 20
-2.146 1.989 -0.702 20
-2.69 2.245 -0.636 20
-3.118 1.654 1.065 21
-3.483 1.072 0.594 20
-3.324 1.649 0.147 20
-3.214 2.161 -0.242 20
-2.619 1.955 -0.41 20
-2.361 1.163 1.023 20
-3.352 1.842 -0.57 21
-1.654 1.987 -0.483 20
-1.807 1.978 0.306 20
-1.446 2.401 -0.588 20
-0.245 2.672 0.089 20
1.103 2.683 -0.741 21
2.588 2.096 -0.669 20
3.428 0.515 0.061 20
3.159 -0.689 0.008 20
2.511 -1.69 0.604 20
1.63 -2.624 0.919 20
0.62 -2.539 0.784 21
-0.258 -1.78 0.587 20
-0.435 -1.018 -0.392 20
0.108 -0.636 -0.305 20
0.752 -0.777 -0.249 20
1.285 -1.204 -0.676 20
1.698 -1.834 -0.264 21
2.709 -3.22 1.098 20
2.348 -4.09 0.242 20
1.082 -3.043 -0.501 20
1.278 -2.611 0.486 20
0.34 -1.567 -0.586 20
-0.806 0.123 -1.62 21
0.326 -0.101 -1.072 20
0.259 -0.563 0.138 20
-0.598 -0.399 1.172 20
-0.991 -1.017 1.574 20
-0.659 -1.577 0.744 21
0.257 -2.182 0.047 20
-0.005 -2.38 -0.244 20
0.135 -1.429 -0.265 20
0.397 -0.477 -0.07 20
0.125 0.141 -0.367 20
0.589 -0.237 -0.296 21
0.551 -0.635 1.048 20
-0.111 -0.184 1.07 20
-0.345 0.33 0.487 20
-0.58 0.695 -0.098 20
-0.563 0.77 -0.252 20
-0.645 0.34 -0.483 21
-0.207 0.191 -0.26 20
0.576 -0.161 -0.21 20
0.848 -0.149 -0.155 20
1.121 -0.013 -0.253 20
1.201 0.498 -1.526 20
2.529 0.892 -1.179 21
3.348 0.471 0.188 20
1.562 0.646 -0.231 20
0.16 1.75 0.453 20
-0.998 2.159 1.122 20
-2.164 2.021 0.156 20
-2.271 1.823 0.077 21
-1.959 1.815 0.384 20
-2.229 1.847 0.262 20
-3.181 1.996 0.281 20
-3.818 2.4 0.602 20
-4.072 2.701 0.057 20
-2.981 2.239 -0.364 21
-1.545 1.961 -1.076 20
-0.118 1.972 -0.045 20
-1.044 1.473 0.197 20
-0.854 1.768 -0.891 20
-0.246 1.705 0.163 21
-0.987 1.496 0.464 20
-1.08 1.374 0.282 20
-0.47 1.187 0.374 20
0.195 0.557 -0.02 20
0.699 -0.172 -0.247 20
0.961 -0.763 0.18 21
1.12 -1.085 0.3 20
1.555 -1.199 0.074 20
2.592 -1.445 0.176 20
3.555 -1.924 0.26 20
3.391 -2.318 0.279 20
2.078 -2.192 0.344 21
0.494 -1.658 0.221 20
-0.485 -1.294 0.339 20
-0.543 -1.022 -0.418 20
-0.076 -0.726 -1.247 20
0.954 -1.101 -1.319 20
2.648 -2.457 -0.376 21
2.965 -3.574 0.4 20
1.468 -3.456 0.067 20
0.961 -2.994 -0.129 20
0.652 -2.539 -0.446 20
-0.601 -1.272 -0.27 20
-1.349 -0.325 0.358 21
-1.613 0.045 0.861 20
-1.568 0.105 0.74 20
-1.478 0.215 0.459 20
-0.77 -0.174 0.254 20
0.27 -0.946 -0.029 21
0.847 -1.065 -0.425 20
0.725 -0.766 -0.355 20
0.375 -0.614 -0.047 20
-0.099 -0.408 -0.413 20
0.313 -0.033 -0.905 20
1.193 -0.215 -0.197 21
1.011 -0.155 0.168 20
0.479 0.578 -0.179 20
0.481 0.85 0.275 20
0.392 0.607 0.075 20
-0.142 0.766 -0.71 20
-0.245 1.153 -0.486 21
0.208 1.154 -0.534 20
1.149 0.942 -0.131 20
1.543 0.647 0.25 20
0.817 0.578 -0.141 20
-0.074 0.828 0.344 20
-0.763 1.136 0.743 21
-1.325 1.762 0.085 20
-1.505 2.528 0.24 20
-2.105 3.055 0.85 20
-3.216 2.674 1.261 20
-4.358 2.239 0.617 20
-4.757 2.088 0.775 21
-4.412 1.974 0.135 20
-2.389 1.729 -0.048 20
-0.102 1.573 -0.694 20
0.651 1.683 -1.328 20
0.532 1.662 -1.182 21
0.496 1.25 -0.309 20
0.466 0.978 -0.078 20
0.978 0.79 0.727 20
0.244 0.611 0.023 20
-0.174 0.721 0.139 20
-0.801 0.293 0.955 21
-0.853 -0.046 0.476 20
-0.177 -0.511 0.202 20
0.91 -1.359 0.071 20
2.127 -2.224 0.053 20
2.995 -3.006 0.315 20
2.893 -3.251 0.916 21
1.772 -2.688 1.039 20
0.392 -1.68 -0.316 20
-0.134 -0.533 -1.421 20
1.146 -0.079 -1.266 20
2.586 -0.455 -1.393 20
3.332 -1.185 -0.849 21
4.09 -2.768 0.658 20
2.993 -3.845 0.961 20
0.52 -3.613 1.02 20
-1.771 -2.327 0.655 20
-3.032 -0.859 0.389 21
-3.239 0.198 0.003 20
-2.523 0.724 0.373 20
-2.788 0.796 0.064 20
-2.423 1.257 -0.838 20
1.35 -0.349 -0.776 20
4.641 -3.772 0.674 21
3.571 -4.623 0.993 20
0.976 -3.174 1.221 20
-0.55 -1.539 -0.047 20
-1.547 0.365 -0.959 20
-1.949 1.492 -0.792 20
-1.504 1.863 -0.734 21
0.051 1.478 0.061 20
0.538 0.293 0.682 20
-0.171 0.19 0.178 20
0.667 0.331 0.046 20
1.374 -0.482 -0.77 21
0.801 -0.188 -0.814 20
0.697 -0.328 -0.601 20
1.169 -0.371 -0.532 20
1.423 0.023 1.312 20
0.041 0.266 1.133 20
-1.2 1.251 -0.445 21
-0.591 2.445 -0.985 20
0.05 2.994 -0.822 20
0.362 2.669 -1.182 20
1.039 2.121 -0.897 20
1.47 1.853 0.968 20
-0.123 1.075 0.668 21
-2.064 1.056 0.166 20
-3.226 1.735 0.831 20
-3.65 2.26 0.474 20
-3.735 2.53 0.359 20
-3.92 2.389 0.546 20
-2.765 2.014 0.096 21
-1.783 2.007 0.328 20
-2.385 1.912 -0.182 20
-1.959 1.664 -0.235 20
-1.686 1.634 0.081 20
-1.25 1.621 -0.099 20
0.084 1.571 -0.882 21
1.421 1.22 -0.648 20
1.999 0.57 -0.126 20
2.668 -0.426 -0.533 20
2.75 -1.492 0.041 20
2.186 -2.0 0.347 20
1.694 -1.535 0.33 21
1.492 -1.004 0.12 20
1.655 -1.164 0.198 20
1.278 -1.777 0.717 20
0.254 -2.185 -0.259 20
-0.545 -1.615 -0.798 21
0.069 -1.074 0.76 20
0.871 -1.54 0.078 20
0.639 -1.492 -1.104 20
1.83 -2.229 -0.657 20
3.932 -3.841 0.406 20
2.64 -3.765 1.262 21
0.091 -2.28 0.793 20
-0.905 -0.991 0.317 20
-1.856 -0.547 -0.526 20
-2.535 0.72 -1.798 20
-0.446 0.616 -0.671 20
0.93 -0.743 0.826 21
0.308 -0.776 1.66 20
-0.265 -1.192 0.946 20
0.278 -1.717 -0.829 20
0.904 -2.108 -1.188 20
0.783 -1.895 -0.925 20
0.452 -1.074 -0.11 21
0.601 -0.052 -0.205 20
0.45 -0.325 1.132 20
-1.036 -0.243 1.668 20
-2.04 0.591 0.602 20
-1.052 0.706 -0.119 20
-0.062 -0.275 0.174 21
-0.472 -0.248 -0.763 20
1.467 -0.335 -0.995 20
2.931 -2.052 1.178 20
-0.52 -1.146 0.042 20
-1.576 0.686 -1.684 21
1.523 -0.052 0.278 20
0.834 -0.276 0.299 20
-1.527 1.653 0.093 20
-0.458 1.796 0.933 20
0.768 1.144 0.206 20
-0.155 1.788 -0.646 21
0.036 2.411 0.265 20
-0.027 2.073 -0.177 20
-0.453 1.67 -1.485 20
0.04 1.615 -0.901 20
0.247 2.02 0.16 20
0.205 1.911 0.134 21
0.469 1.517 0.301 20
0.375 1.245 0.094 20
-0.3 1.441 0.195 20
-2.014 1.92 1.171 20
-3.412 2.258 0.621 20
-3.632 2.177 0.625 21
-3.656 1.879 0.145 20
-2.165 1.278 -0.494 20
-0.959 1.217 -0.897 20
-1.012 1.349 -0.918 20
-1.525 1.225 -0.39 20
-1.623 1.32 0.314 21
-1.71 1.451 0.44 20
-0.711 1.716 -0.123 20
0.721 1.486 -0.669 20
1.397 0.921 -0.669 20
1.501 0.398 -0.656 21
1.972 -0.462 -0.305 20
2.227 -1.632 0.636 20
1.539 -1.812 1.086 20
0.369 -0.928 0.699 20
-0.546 0.046 0.213 20
-0.563 0.492 -0.551 21
0.426 0.16 -0.47 20
1.304 -0.698 0.041 20
2.237 -2.075 0.716 20
2.479 -3.215 0.429 20
2.177 -3.479 -0.02 20
1.726 -3.084 1.475 21
0.851 -2.493 0.515 20
-0.327 -1.317 -1.541 20
0.093 -1.273 -0.501 20
1.149 -1.726 -0.093 20
0.711 -1.417 0.084 21
-0.343 -1.353 1.013 20
-1.082 -1.446 0.992 20
-1.41 -1.382 0.375 20
-1.471 -0.769 -0.47 20
-0.466 -0.177 -0.665 20
1.669 -1.127 -0.406 21
2.819 -2.26 0.078 20
2.046 -2.789 1.34 20
-0.417 -2.378 1.04 20
-1.26 -1.418 0.06 20
-0.948 -1.266 -0.341 20
-1.159 -0.566 -0.534 21
-0.291 -0.089 -0.165 20
-0.13 -0.004 0.133 20
-0.335 0.336 -0.033 20
0.497 -0.035 0.129 20
0.402 -0.418 0.694 20
-0.036 -0.065 0.0 21
1.051 -0.945 -0.263 20
0.698 -1.598 0.519 20
-0.541 -0.468 0.278 20
0.087 0.052 0.267 20
0.204 -0.127 -0.317 20
-0.422 0.7 -1.033 21
0.476 0.636 -0.139 20
0.745 0.389 -0.453 20
0.315 0.439 -0.297 20
0.158 0.285 0.473 20
-0.07 0.375 0.137 20
-0.462 0.945 -0.294 21
-0.364 1.448 -0.737 20
0.264 1.629 -1.114 20
1.195 1.569 -0.875 20
1.457 1.182 -0.38 20
1.027 0.608 -0.107 20
0.512 0.427 0.161 21
-0.426 0.85 0.173 20
-1.177 1.519 -0.145 20
-1.57 2.174 -0.273 20
-1.713 2.387 -0.321 20
-1.735 2.271 -0.511 21
-1.607 1.885 -0.662 20
-1.701 1.612 -0.245 20
-1.925 1.617 0.122 20
-2.062 1.789 0.222 20
-2.014 2.02 -0.043 20
-2.008 2.225 -0.267 21
-1.644 2.249 -0.116 20
-0.744 1.97 -0.294 20
-0.137 1.684 -0.523 20
-0.246 1.399 -0.458 20
-0.004 0.837 -0.147 20
0.041 0.423 0.102 21
-0.01 0.187 0.327 20
-0.071 0.151 0.199 20
0.071 0.22 0.089 20
0.258 0.267 0.261 20
0.639 0.236 -0.057 20
1.121 0.085 -0.226 21
1.602 -0.574 0.349 20
1.97 -1.426 0.565 20
1.936 -2.18 0.825 20
1.396 -2.521 0.995 20
0.48 -2.131 0.309 20
-0.223 -1.275 -0.264 21
0.135 -0.882 -0.329 20
0.911 -1.053 -0.048 20
1.326 -1.232 -0.047 20
1.53 -1.486 -0.241 20
2.058 -2.245 0.405 21
2.464 -3.247 1.059 20
1.226 -3.086 0.841 20
-0.512 -2.077 0.5 20
-1.388 -1.207 -0.165 20
-1.264 -0.597 -0.666 20
-0.746 -0.527 -0.453 21
-0.136 -0.871 -0.164 20
0.025 -1.143 0.567 20
0.061 -1.641 0.905 20
0.021 -1.829 0.446 20
-0.196 -1.538 0.332 20
-0.558 -1.151 0.165 21
-0.379 -0.818 -0.361 20
0.906 -0.928 -0.312 20
0.296 -0.825 0.352 20
-0.703 -0.145 0.414 20
0.108 -0.441 -0.429 20
0.515 -1.121 -0.742 21
0.535 -0.942 0.356 20
-0.423 -0.197 1.415 20
-1.564 0.978 0.424 20
-1.25 1.936 -1.01 20
0.493 1.283 -0.913 20
1.351 -0.159 -0.348 21
1.151 -0.596 0.012 20
0.974 -0.935 0.062 20
0.898 -1.374 -0.133 20
0.523 -0.991 -0.126 20
0.288 -0.316 -0.626 20
0.334 0.187 -0.82 21
0.215 0.774 -0.471 20
-0.054 1.268 -0.053 20
-0.249 1.352 0.161 20
-0.183 1.2 0.17 20
-0.139 1.067 0.017 21
-0.207 0.945 -0.233 20
-0.165 0.779 0.084 20
-0.594 0.915 -0.262 20
-0.433 1.166 -0.835 20
-0.155 1.422 -0.262 20
-0.76 1.718 0.065 21
-0.794 1.934 -0.19 20
-0.836 2.226 0.336 20
-1.334 2.531 0.288 20
-1.408 2.573 -0.003 20
-1.278 2.609 -0.203 21
-1.124 2.656 -0.088 20
-1.136 2.341 -0.043 20
-1.163 1.954 0.017 20
-0.937 1.868 0.099 20
-0.877 1.792 -0.02 20
-0.54 1.444 -0.048 21
-0.639 1.209 -0.192 20
-0.691 1.125 -0.285 20
-0.383 1.06 -0.414 20
-0.079 0.885 -0.394 20
-0.011 0.604 -0.324 20
0.235 -0.063 0.281 21
0.36 -0.533 0.712 20
0.219 -0.422 0.707 20
-0.029 0.001 0.035 20
0.021 0.165 -0.233 20
0.036 0.032 0.025 20
0.442 -0.276 0.624 21
0.721 -0.859 1.346 20
0.776 -1.241 0.608 20
0.927 -1.037 0.017 20
0.94 -0.608 0.636 20
1.372 -0.458 -0.05 20
1.73 -0.376 -0.782 21
2.047 -0.875 0.134 20
2.265 -1.773 0.485 20
1.924 -2.367 0.395 20
1.563 -2.803 0.375 20
0.997 -2.805 0.385 20
0.49 -2.492 0.107 21
0.249 -1.889 -0.61 20
0.332 -1.683 0.617 20
-0.589 -1.858 0.477 20
-2.009 -1.111 -1.23 20
-0.728 -1.104 0.041 20
0.392 -1.761 0.755 21
-0.653 -0.968 0.067 20
0.187 -1.022 0.196 20
1.223 -1.817 0.496 20
0.534 -1.667 0.28 20
-0.886 -1.242 0.407 20
-1.407 -1.346 0.595 21
-1.148 -1.13 0.115 20
-0.304 -0.848 -0.514 20
0.089 -0.876 -0.154 20
-0.501 -0.363 0.492 20
-0.586 -0.047 0.716 21
-0.491 -0.197 0.871 20
-1.132 -0.095 0.262 20
-0.697 0.032 -0.865 20
1.277 -0.88 -1.026 20
1.835 -1.223 -0.529 20
1.555 -0.719 -0.595 21
1.181 -0.318 -0.876 20
1.152 -0.249 -0.184 20
0.536 0.105 0.674 20
-0.543 0.946 0.74 20
-1.616 1.651 -0.053 20
-1.81 2.023 -0.119 21
-1.086 1.432 0.121 20
-1.003 1.028 -0.936 20
-0.103 0.639 -1.345 20
1.799 -0.319 -0.594 20
2.016 -0.746 -0.293 21
1.125 -0.195 0.035 20
0.814 0.617 -0.291 20
0.355 1.374 -0.078 20
-0.574 2.009 0.235 20
-1.172 2.429 -0.329 20
-0.906 2.641 -0.494 21
-0.468 2.532 0.076 20
-0.314 2.095 -0.021 20
-0.466 1.793 -0.213 20
-0.706 1.939 0.046 20
-0.624 2.066 -0.218 20
-1.043 1.976 0.014 21
-1.831 1.669 0.282 20
-2.18 1.644 -0.058 20
-1.652 1.546 0.111 20
-1.683 1.318 -0.102 20
-1.633 0.904 -0.012 20
-1.465 0.708 -0.144 21
-1.252 0.762 -0.322 20
-1.185 0.871 -0.449 20
-0.639 1.129 -0.736 20
0.262 0.9 -0.44 20
1.422 0.506 0.61 20
1.624 0.125 1.157 21
1.277 -0.009 0.502 20
0.726 -0.319 0.497 20
0.005 -0.009 0.749 20
-0.161 0.159 0.305 20
0.428 -0.207 -0.313 21
1.525 -0.775 -0.391 20
2.789 -1.56 0.112 20
3.166 -2.395 0.765 20
2.22 -2.397 0.702 20
0.973 -1.649 0.11 20
0.413 -1.244 1.267 21
-0.287 -1.7 -0.079 20
-1.074 -1.219 -2.27 20
0.193 -1.464 0.049 20
1.885 -3.251 1.174 20
0.338 -2.898 -0.454 20
0.216 -2.479 -0.693 21
1.796 -3.156 -0.35 20
1.263 -2.773 -0.185 20
-0.542 -1.353 0.49 20
-1.072 -0.241 0.238 20
-1.2 0.332 0.13 21
-0.935 -0.205 -0.089 20
-0.21 -1.105 0.43 20
0.246 -1.495 1.025 20
0.788 -1.625 0.89 20
0.776 -1.448 0.711 20
-0.159 -0.734 -0.075 21
-0.654 -0.037 -0.324 20
-0.774 0.11 -0.05 20
-0.856 0.194 -0.006 20
-0.831 0.097 0.496 20
-1.209 0.093 0.457 20
-0.859 -0.062 0.314 21
-0.349 -0.193 0.214 20
0.235 -0.372 -0.197 20
0.709 -0.637 -0.149 20
0.541 -0.545 0.266 20
-0.167 -0.18 0.649 20
-1.043 0.527 0.047 21
-0.27 0.664 -0.317 20
0.692 -0.165 0.361 20
-0.14 -0.196 0.639 20
-1.064 0.112 0.246 20
-0.513 -0.452 0.102 20
-0.158 -0.804 -0.066 21
-0.377 -0.348 -0.29 20
0.307 -0.201 -0.641 20
1.886 -1.003 -0.835 20
2.163 -1.478 -0.241 20
0.955 -0.979 -0.325 20
-0.122 -0.266 -0.053 21
-0.487 0.775 0.174 20
-0.122 1.713 0.352 20
-0.036 1.72 0.421 20
-0.707 1.303 0.734 20
-1.089 0.758 1.135 21
-1.487 0.014 1.011 20
-1.856 -0.413 0.612 20
-1.817 -0.555 0.879 20
-2.027 -0.801 0.622 20
-1.574 -0.842 -0.133 20
-0.412 -0.859 -0.534 21
0.413 -1.107 -0.312 20
0.611 -1.454 0.029 20
0.757 -1.487 -0.29 20
0.808 -1.379 0.145 20
0.313 -1.377 0.398 20
0.282 -0.946 -0.697 21
0.469 -0.858 -0.509 20
0.207 -1.298 -0.208 20
0.35 -1.513 -0.217 20
0.339 -1.476 0.539 20
-0.184 -1.229 0.17 20
-0.37 -1.035 -0.383 21
0.552 -1.503 -0.316 20
1.426 -2.032 0.12 20
1.492 -1.572 0.465 20
0.877 -0.639 0.285 20
-0.238 -0.607 0.39 21
-1.486 -0.952 0.961 20
-2.346 -0.8 1.611 20
-2.875 -0.638 1.383 20
-2.503 -0.995 0.665 20
-1.619 -1.395 0.391 20
-1.073 -1.877 0.458 21
-0.688 -2.418 0.427 20
-0.496 -2.48 0.427 20
-0.625 -1.801 0.242 20
-0.856 -0.594 0.069 20
-0.887 0.393 -0.142 20
-0.914 1.272 -0.546 21
-0.745 1.913 -0.683 20
-0.151 2.159 -0.662 20
0.602 1.913 -0.544 20
0.898 1.474 -0.408 20
1.11 1.29 -0.449 20
1.551 0.822 -0.762 21
1.592 0.367 -0.644 20
1.165 0.343 -0.323 20
0.63 0.47 -0.241 20
0.091 0.663 -0.303 20
-0.135 0.73 -0.208 20
-0.201 0.678 -0.123 21
-0.349 0.583 -0.244 20
-0.299 0.268 -0.125 20
-0.396 0.088 -0.14 20
-0.383 -0.231 -0.044 20
-0.301 -0.787 0.347 21
-0.937 -0.497 0.591 20
-0.464 0.338 -0.453 20
0.306 0.598 -0.873 20
0.64 0.816 -1.564 20
1.296 0.687 -1.421 20
1.192 1.049 -0.621 21
1.178 1.063 0.995 20
0.838 1.549 1.792 20
-0.715 1.14 0.168 20
-0.167 -0.364 -0.578 20
0.209 -0.681 -0.331 20
0.352 -0.272 0.587 21
0.34 0.231 1.43 20
4.784 -7.896 -3.598 20
2.18 -13.248 -6.642 20
-7.597 9.609 16.12 20
-4.946 8.562 -0.941 21
1.388 3.875 0.983 20
2.422 11.848 -10.599 20
-0.245 2.125 -3.358 20
-1.199 -3.676 1.187 20
2.576 -5.508 0.846 20
3.403 -2.713 3.028 21
-1.929 0.766 2.253 20
-1.137 1.396 0.891 20
0.644 1.867 -0.122 20
0.802 1.145 -0.83 20
2.481 0.015 -0.167 20
2.28 0.755 1.011 21
0.948 2.389 1.615 20
-0.124 1.618 0.871 20
-2.522 -1.529 -0.573 20
-5.476 -3.612 -1.768 20
-0.427 -2.776 -4.496 20
1.521 -1.168 -0.129 21
0.778 -2.138 3.848 20
0.67 -0.814 3.953 20
-0.388 1.293 -0.437 20
-1.617 1.472 -1.372 20
0.836 -0.714 -0.148 21
2.57 -1.052 -0.474 20
-0.261 1.135 1.567 20
-0.547 0.101 0.531 20
-0.234 -0.779 -0.561 20
-0.286 -0.346 -0.701 20
0.348 -0.279 -0.24 21
-0.357 -0.184 0.529 20
-1.196 0.198 0.133 20
-1.913 0.674 -0.61 20
-0.905 -0.427 -1.983 20
-0.232 -0.906 -0.564 20
0.047 -1.154 0.334 21
-0.515 -2.778 -0.468 20
-1.559 -2.248 0.861 20
-0.722 -0.786 -0.195 20
-0.343 -1.091 -0.138 20
-0.844 -3.431 1.929 20
-1.583 -4.959 0.637 21
-2.718 -4.806 -1.573 20
-2.235 -4.278 -2.015 20
-1.119 -2.112 0.455 20
-1.485 0.78 1.751 20
-1.878 2.127 1.759 20
-1.037 2.548 0.169 21
0.732 1.405 -1.704 20
1.44 2.114 -1.82 20
1.875 1.995 -1.118 20
1.916 2.121 -0.101 20
0.653 1.172 -0.171 20
-0.948 0.421 -0.744 21
-0.666 1.163 -0.799 20
-0.181 0.715 -1.155 20
-0.109 -0.289 -1.707 20
-0.805 0.017 -0.122 20
0.016 -0.939 1.23 21
2.222 -2.462 -0.705 20
0.956 -2.052 -1.676 20
0.578 -2.405 -0.042 20
3.606 -6.338 1.032 20
4.183 -8.208 1.61 20
-0.128 -8.021 2.685 21
-6.273 -6.02 3.1 20
-11.014 0.76 -3.369 20
-16.505 8.469 -11.069 20
-11.241 8.797 -11.323 20
-2.427 5.022 -7.185 20
0.756 0.846 -1.801 21
2.603 -1.26 2.177 20
3.686 -2.442 -0.157 20
5.18 -2.058 -9.244 20
5.833 -0.757 -11.816 20
5.327 -1.119 -6.678 20
5.87 -1.826 -8.02 21
4.168 -1.359 -8.35 20
0.395 -0.083 -6.271 20
-1.99 0.05 -3.164 20
-2.739 -0.888 0.933 20
-3.349 -1.504 4.03 20
-3.898 -1.431 4.27 21
-4.584 -0.801 4.42 20
-5.607 0.324 6.007 20
-5.305 2.116 7.51 20
-4.466 4.45 7.71 20
-4.011 7.006 6.644 21
-3.629 8.412 7.204 20
-2.475 8.543 6.826 20
-0.673 7.811 3.863 20
4.24 5.689 -1.49 20
6.668 4.605 -5.985 20
2.213 5.71 -1.609 21
2.031 5.249 -0.256 20
0.336 6.172 3.473 20
-0.835 7.487 4.634 20
1.789 6.831 1.504 20
3.292 4.858 1.8 20
3.053 3.564 -2.064 21
2.138 0.685 -3.507 20
1.236 -1.305 8.563 20
3.93 -0.198 10.507 20
3.526 2.048 7.128 20
1.449 5.394 3.862 20
1.821 8.371 3.83 21
1.676 7.309 1.355 20
-0.616 5.039 0.286 20
-4.244 2.222 0.598 20
-8.472 1.047 11.077 20
-6.915 -4.729 13.28 21
-3.544 -3.769 18.388 20
-2.62 -0.684 22.784 20
-2.168 -1.019 13.313 20
-2.154 0.419 4.977 20
-1.499 2.358 4.296 20
-1.209 2.105 1.07 21
-0.551 1.653 -1.474 20
-2.609 1.986 0.462 20
-3.279 2.13 2.097 20
-2.084 1.762 2.726 20
-2.217 0.732 3.167 20
-1.96 0.309 1.356 21
-1.758 0.681 -0.934 20
-1.897 1.107 -1.087 20
-2.171 1.542 -0.204 20
-2.421 2.045 -0.406 20
-2.14 1.952 -1.111 20
-1.853 1.473 -0.892 21
-1.928 1.095 -0.068 20
-1.57 0.759 -0.115 20
-1.316 0.92 -0.532 20
-1.16 0.972 -0.733 20
-0.708 0.619 -0.224 20
-0.859 0.729 0.31 21
-0.784 0.721 -0.078 20
-1.012 1.099 -1.157 20
-1.245 1.067 -0.043 20
-1.077 0.889 0.127 20
-0.982 0.854 -0.806 21
-0.517 0.633 -0.913 20
-0.442 0.462 -0.522 20
-0.158 0.264 -0.26 20
0.027 0.173 -0.092 20
0.251 -0.005 0.0 20
0.284 0.044 -0.037 21
0.247 0.053 0.075 20
0.282 -0.016 0.191 20
0.377 -0.204 0.316 20
0.311 -0.199 0.202 20
0.209 -0.084 0.07 20
-0.057 0.018 0.274 21
-0.073 -0.006 0.223 20
0.087 0.002 0.569 20
-0.134 0.148 0.377 20
-0.026 0.151 0.326 20
0.049 0.092 0.382 20
0.085 0.137 0.136 21
0.113 0.143 0.162 20
0.074 0.165 0.206 20
-0.03 0.205 0.358 20
0.024 0.134 0.08 20
0.11 0.035 -0.306 20
0.125 -0.026 -0.239 21

# Completed @Tue Jan 26 20:40:07 GMT+02:00 2021
