# Accelerometer Data File
# Started @Wed Jan 06 21:53:55 GMT+02:00 2021
#
#
# sensor Vendor: BOSCH
# sensor Name: BMI160 Accelerometer Non-wakeup
# sensor Resolution: 0.0023928226m/sec^2; Max Range: 78.4532; Min Delay: 2500 microseconds
# The sensor's attributes are the result hardware and the Android capabilities.
# It means that the Android may not utilize all features provided by the hardware.
#
# Some devices and Android versions save battery too much so the device may go to sleep.
# It just happens after couple of minutes from turning off the scree and it is easy to find it out.
#
# The following file provides the data from accelerometer in the m/s^2 format.
# The diff value is just a time delta between the samples
#
#
# data format:
# so we have 4 columns with values separated by the ";"
# X;Y;Z;time_from_previous_sample(ms)

# sensor speed set to:NORMAL
# units set to: m/sec^2
# gravity  filtered out
# Accuracy: HIGH
-2.183;8.606;6.798;0
-1.603;7.275;5.275;19
-0.613;5.607;5.234;20
0.017;4.407;4.856;20
1.145;2.548;4.19;20
1.589;2.074;2.599;20
2.043;1.481;1.877;20
2.578;0.597;1.346;20
2.528;-0.599;3.431;20
1.425;0.83;5.784;20
0.507;2.375;3.92;20
0.323;1.898;0.921;20
0.414;1.374;0.441;20
0.523;1.161;1.408;20
0.1;1.446;1.276;20
0.219;0.652;1.423;20
0.498;-0.503;1.509;20
0.233;0.014;2.619;20
-0.307;1.385;-0.205;20
-0.48;1.352;-0.857;20
0.072;0.952;1.777;20
0.672;0.714;2.033;20
0.666;0.718;2.435;20
0.28;1.172;2.953;20
0.508;0.557;2.096;20
0.919;-0.707;0.718;20
1.304;-2.109;0.703;20
0.978;-3.937;3.194;20
-0.92;-1.858;1.389;20
-1.476;-2.065;-1.589;20
-2.015;-1.367;-5.366;20
-1.994;-1.101;-6.389;20
-2.152;-1.881;-4.504;20
-3.099;-1.727;-2.588;20
-4.83;-1.273;-2.154;20
-6.095;-0.948;-3.143;20
-7.617;-0.087;-3.766;20
-8.214;0.673;-4.803;20
-8.087;0.808;-4.505;20
-8.012;0.613;-2.709;20
-7.822;0.304;-1.311;20
-12.858;5.347;-2.388;20
-4.976;-1.515;-1.352;20
-4.278;-1.641;2.931;20
-4.001;-1.076;-0.62;20
-0.774;-3.729;2.077;20
-0.518;-3.308;0.687;20
2.876;6.508;2.255;95
-1.677;6.474;0.779;20
-1.583;1.172;-4.959;20
-0.049;1.671;-4.711;20
-0.857;4.093;-4.322;20
1.211;4.081;-5.504;20
2.259;5.408;-1.517;20
2.024;6.911;3.665;20
-1.763;7.005;8.54;20
-1.252;4.972;7.365;20
-1.261;2.036;5.639;20
-0.675;-0.54;5.493;20
-1.063;-0.454;3.626;20
-1.379;-0.221;2.406;20
-0.402;-1.268;2.478;20
0.696;-2.12;1.441;20
0.902;-3.674;0.408;20
-1.033;-3.543;-1.259;20
-2.352;-3.329;-2.431;20
-1.561;-2.563;-5.023;20
1.078;-2.899;-4.189;20
1.457;-3.795;-3.063;20
0.844;-2.059;-1.023;20
1.624;-0.86;-4.045;20
0.496;1.353;-5.227;20
-0.086;1.367;-2.085;20
0.84;-0.757;-1.62;20
0.782;-0.879;-1.66;20
1.163;1.2;-3.094;20
2.114;1.929;-4.102;20
1.189;3.015;-3.019;20
0.772;3.011;-2.376;20
0.962;1.494;-1.395;20
-0.321;1.258;1.963;20
-0.299;1.371;4.093;20
-0.88;1.12;2.633;20
1.305;-1.673;3.569;20
1.957;-4.203;-0.608;20
0.802;-3.47;-1.071;20
1.511;-4.05;0.439;20
0.926;-3.007;-0.281;20
0.678;-3.146;-0.514;20
-5.337;-5.151;3.411;19
-8.759;-0.602;2.729;20
-1.611;0.307;-2.26;20
-2.019;0.177;0.619;20
-0.106;-0.103;5.309;20
3.698;-0.733;-1.305;20
7.856;-6.263;-2.233;21
4.541;6.768;-4.362;20
2.824;0.884;-7.949;19
7.422;1.921;-4.189;20
4.518;9.885;0.64;20
2.337;8.066;-0.126;20
2.819;7.031;-0.732;20
-0.894;8.831;3.268;20
-0.822;-1.16;-2.611;20
1.23;-2.204;-2.943;20
1.113;-0.442;-0.605;20
0.413;0.41;-2.754;20
0.064;1.113;-0.515;20
1.454;1.174;-0.179;20
2.132;0.625;-0.904;20
1.522;0.612;-1.359;20
1.527;0.973;-0.24;20
1.704;-3.644;1.413;20
-5.646;-14.167;0.609;20
-3.803;7.316;-1.781;20
-5.005;8.1;-1.883;20
2.143;5.479;-6.24;20
10.371;3.075;2.401;20
9.968;1.314;1.775;20
8.305;1.144;11.741;20
6.938;2.58;17.634;20
14.658;2.153;-3.318;20
4.666;-3.681;-20.714;20
-7.177;-6.955;5.362;20
-10.062;-6.462;3.045;20
-10.808;-3.903;-8.157;20
-1.599;-0.811;-3.057;20
-0.627;1.821;-1.38;20
-0.689;1.421;-4.896;20
-0.443;0.184;-4.987;20
-0.427;-0.058;-4.253;20
-1.268;-0.481;-3.067;20
-2.116;-1.228;-2.626;20
-1.272;-1.8;-4.006;20
-0.654;-2.366;-3.075;20
-0.868;-1.471;-2.666;20
-0.734;-2.131;-1.843;20
-0.372;-1.355;-2.424;20
0.29;0.405;-0.63;20
0.86;0.641;-0.09;20
1.567;-0.88;-2.36;20
2.182;3.849;5.21;20
1.46;9.246;5.32;20
0.009;6.644;-0.122;20
1.91;0.605;3.212;20
2.092;-3.456;3.707;20
1.699;-3.861;1.918;20
0.568;-1.784;0.957;20
-1.176;0.153;-1.359;20
-3.971;-0.004;-3.286;20
-4.145;1.196;-1.487;20
-2.935;2.713;-1.39;20
-3.502;3.188;-1.773;20
-3.115;3.302;-1.591;20
-3.207;3.021;-1.783;20
-2.235;2.204;-0.327;20
-0.793;1.593;0.065;20
1.542;0.246;1.706;20
2.016;-0.517;4.547;20
3.159;-1.772;6.751;20
4.609;-3.781;6.845;20
4.493;-5.166;4.617;20
3.938;-5.57;2.616;20
5.405;-3.489;0.882;20
5.436;0.246;4.139;20
2.184;2.528;6.037;20
-1.468;1.68;1.164;20
-3.248;4.259;-0.989;20
-3.018;7.591;-2.28;20
-1.914;8.091;-5.569;20
-3.894;7.047;-5.574;20
-5.374;5.561;-4.323;20
-1.178;-8.989;-1.937;75
1.776;-11.001;0.388;20
5.25;-11.903;0.596;20
6.144;-10.993;3.158;20
4.91;-9.279;4.666;19
4.077;-8.57;1.111;20
3.718;-6.232;0.829;20
2.192;-1.409;5.913;20
-0.48;7.095;-0.74;20
-8.615;28.033;-14.063;20
-14.38;16.165;-2.506;20
-10.824;-2.519;-1.843;20
-1.549;-2.045;-2.364;20
1.614;0.339;-0.088;20
0.689;5.062;-1.901;20
1.59;4.35;1.277;20
2.068;0.336;2.207;20
1.316;-0.764;4.419;20
2.097;-3.515;5.445;20
2.128;-6.322;5.037;20
3.96;-6.502;5.962;20
5.361;-6.439;1.996;20
3.042;-5.799;1.279;20
3.646;-4.174;0.274;20
4.92;-2.278;0.812;20
3.193;1.701;5.839;20
-4.293;4.622;1.139;20
-7.057;10.006;-4.99;20
-7.927;24.361;-7.125;20
1.128;9.98;-6.971;20
-1.647;2.576;-4.325;20
-4.653;-1.321;-3.268;20
-5.574;-3.761;-4.297;20
-4.632;-6.235;-3.766;20
-1.764;-8.361;0.734;20
2.587;-10.589;0.83;20
5.62;-12.533;1.004;20
7.431;-13.055;3.135;20
7.682;-12.825;2.686;20
6.569;-10.008;1.185;20
3.599;-2.93;4.628;20
1.893;6.129;4.947;20
-4.486;30.825;-13.49;20
-15.657;27.675;0.092;20
-13.732;-1.483;-2.928;20
-4.717;-4.201;-2.064;20
2.593;-1.794;0.037;20
3.582;2.32;-0.605;20
2.735;4.625;0.181;20
2.638;-1.025;4.267;20
2.831;-1.833;4.559;20
1.81;-3.135;4.434;20
2.469;-7.846;2.957;20
4.261;-7.026;4.43;20
4.279;-7.391;1.223;20
1.631;-5.974;1.444;20
2.998;-4.104;0.759;20
4.844;-0.893;1.971;20
1.554;4.47;4.733;20
-7.068;10.062;-3.924;20
-10.91;26.59;-3.612;20
1.154;15.701;-3.805;20
3.029;3.314;-8.59;20
-2.132;-1.01;-2.083;20
-5.053;-3.496;-4.05;20
-4.368;-4.375;-4.082;20
-2.287;-6.613;0.036;20
-0.113;-10.357;0.759;20
3.792;-14.026;0.254;20
6.241;-15.049;4.216;20
6.225;-14.189;4.016;20
6.292;-11.598;1.998;20
1.818;-4.082;4.049;20
1.568;5.415;6.56;20
-2.939;34.153;-16.914;20
-9.925;28.196;3.561;20
-14.571;-5.893;-5.148;20
-3.421;-11.982;-8.584;20
1.812;-5.467;0.074;20
0.007;6.238;0.01;20
-1.449;14.087;-0.325;20
3.115;1.879;7.59;20
2.519;-0.557;3.04;20
1.636;-2.223;3.44;20
2.459;-8.632;2.335;20
3.263;-8.859;5.602;20
5.265;-7.007;1.967;20
2.092;-6.643;0.758;20
2.411;-5.152;2.555;20
3.559;-3.619;-0.354;20
4.446;-0.201;4.076;20
-1.411;4.122;2.474;20
-6.407;12.638;-2.164;20
-5.41;27.376;-2.703;20
2.498;12.812;-5.715;20
0.806;4.355;-9.437;20
-3.528;-0.918;-2.349;20
-6.775;-3.534;-5.901;20
-7.017;-4.446;-2.327;20
-4.538;-7.018;1.361;20
0.85;-10.709;1.63;20
5.323;-13.235;1.521;20
8.48;-13.916;2.048;20
7.655;-12.757;3.009;20
5.591;-10.242;3.513;20
4.117;-4.061;3.846;20
2.415;2.243;3.799;20
-3.557;17.683;-9.126;20
-11.979;32.465;-3.221;20
-13.342;2.507;-3.469;20
-6.176;-5.013;-3.523;20
2.058;-3.967;-1.468;20
0.859;2.74;-1.479;20
-0.96;10.12;0.109;20
2.744;4.022;3.703;20
1.956;-0.797;5.653;20
2.858;-5.171;1.657;20
3.849;-9.134;4.804;20
5.665;-6.667;6.757;20
2.556;-6.711;1.57;20
0.538;-5.613;0.59;20
2.077;-4.302;1.316;20
4.4;-1.736;2.521;20
4.349;3.696;6.485;20
-3.441;6.857;-3.023;20
-4.873;26.834;3.071;20
2.496;19.388;-4.577;20
2.69;3.693;-10.168;20
-4.057;-0.241;-4.37;20
-8.737;-3.737;-3.959;20
-9.321;-5.494;-5.136;20
-6.474;-7.997;-0.429;20
-1.564;-10.703;1.753;20
4.518;-13.651;0.062;19
7.889;-14.041;2.594;20
8.378;-12.794;4.991;20
8.655;-11.403;3.335;20
5.311;-7.324;0.405;20
1.06;0.342;7.301;20
1.144;10.98;-1.785;20
-9.079;41.91;-14.385;20
-12.843;9.82;1.023;20
-15.468;-6.707;-7.443;20
-1.292;-6.269;-3.326;20
1.359;1.377;0.71;20
0.641;8.638;-0.277;20
3.269;7.219;2.935;20
3.854;0.314;4.03;20
0.826;-0.443;0.392;20
0.529;-5.328;2.964;20
2.961;-10.206;4.588;20
7.282;-7.686;6.478;20
3.489;-7.811;1.673;20
2.12;-6.002;1.126;20
2.16;-3.608;1.251;20
2.387;-2.53;2.436;20
2.977;2.381;6.423;20
-1.267;8.632;-3.213;20
-7.714;27.015;0.343;20
0.128;22.949;-3.822;20
4.415;3.785;-8.811;20
-1.9;-1.278;-5.48;20
-6.302;-3.881;-1.372;20
-8.508;-6.186;-4.499;20
-5.49;-7.56;-0.465;20
-1.016;-9.643;-0.141;20
2.911;-12.573;-1.538;20
6.499;-14.219;2.245;20
7.214;-14.29;3.729;20
6.87;-13.34;1.804;20
5.149;-6.529;2.786;20
1.124;3.825;9.113;20
1.305;21.608;-13.534;20
-12.853;33.486;-2.508;20
-14.344;3.798;-3.385;20
-6.835;-6.081;-5.583;20
0.587;-3.783;0.151;20
1.725;2.269;0.736;20
0.938;8.831;0.56;20
3.423;4.199;4.292;20
4.297;-0.096;2.326;20
2.594;-1.734;2.799;20
1.95;-8.284;2.659;20
0.383;-10.58;5.305;20
2.818;-7.6;2.952;20
1.972;-6.737;-0.009;20
1.659;-4.179;1.752;20
2.518;-2.968;0.804;20
4.273;0.086;3.564;20
0.377;6.388;2.687;20
-6.255;13.385;-0.365;20
-0.491;29.229;0.868;20
5.201;11.656;-5.424;20
1.442;1.049;-9.578;20
-3.784;-2.435;-1.863;20
-7.997;-4.357;-3.797;20
-6.571;-5.398;-1.268;20
-3.045;-7.476;1.742;20
0.002;-10.206;0.209;20
3.206;-12.588;-0.492;20
6.881;-14.088;1.784;20
6.103;-13.941;1.724;20
4.709;-11.648;2.975;20
3.762;-4.939;4.31;20
3.159;4.179;3.781;20
-3.173;31.261;-13.471;20
-12.686;29.567;-2.047;20
-16.893;-1.995;-3.347;20
-6.043;-6.394;-5.288;20
1.855;-3.124;-0.783;20
1.281;4.017;0.905;20
1.946;7.593;0.544;20
4.984;3.021;4.728;20
4.553;-0.326;1.478;20
2.742;-3.918;3.011;20
2.098;-8.131;3.956;20
5.229;-6.91;7.463;20
4.318;-7.409;1.1;20
1.389;-7.698;0.919;20
0.124;-5.532;0.569;20
1.893;-4.191;-0.333;20
2.35;-0.57;3.162;20
-5.039;3.34;-1.345;20
-9.068;11.781;-2.337;20
-3.128;29.512;0.238;20
5.713;9.044;-5.829;20
4.662;2.428;-7.543;20
-2.319;-0.124;-1.163;20
-6.887;-1.859;-5.902;20
-6.648;-3.113;-3.458;20
-4.501;-6.336;0.801;20
-1.211;-10.442;-0.233;20
4.263;-14.28;0.226;20
7.58;-14.677;2.661;20
6.533;-13.854;4.767;20
6.872;-11.841;4.911;20
4.078;-3.36;5.381;20
1.886;5.738;6.35;20
-3.264;38.618;-19.567;20
-8.845;25.139;2.15;20
-19.694;-5.334;-10.07;20
-5.953;-11.394;-1.314;20
-0.117;-4.164;-0.025;20
0.785;6.321;-0.527;20
1.757;10.534;0.719;20
3.294;0.613;5.814;20
2.436;-1.525;2.361;20
0.61;-2.271;-2.034;20
2.995;-10.119;3.44;20
5.745;-9.624;8.544;20
5.66;-5.969;3.924;20
2.862;-6.317;2.515;20
1.622;-4.383;1.344;20
3.067;-1.648;0.063;20
3.327;4.024;7.008;20
-4.713;8.061;-1.069;20
-7.837;17.859;4.592;20
3.973;23.736;-1.505;20
5.493;5.461;-7.336;20
-0.298;1.18;-8.571;19
-5.525;-1.305;-2.181;20
-7.793;-3.06;-5.546;20
-5.714;-5.086;-1.623;20
-2.873;-7.953;2.1;21
0.82;-11.825;-1.568;20
4.902;-14.678;1.209;19
6.915;-14.705;3.078;20
6.289;-13.701;2.868;20
5.456;-10.995;3.089;20
2.941;-3.615;3.684;20
3.564;7.027;3.937;20
-2.767;33.309;-21.276;20
-11.31;33.306;2.299;20
-17.983;-2.605;-4.046;20
-7.461;-9.317;-1.303;20
1.706;-4.99;0.971;20
2.625;1.52;-0.302;20
2.256;7.482;3.731;20
5.887;0.859;6.166;20
4.159;0.116;2.702;20
2.428;-1.708;1.494;20
1.588;-6.047;3.786;20
4.758;-6.435;5.994;20
3.025;-7.868;-0.588;20
0.631;-8.726;0.385;20
0.768;-6.426;0.64;20
2.542;-4.554;0.811;20
3.499;-1.698;6.292;20
-0.966;4.384;5.283;20
-7.401;14.113;-8.869;20
-5.672;44.459;-8.903;20
4.026;8.483;-4.837;20
0.22;-0.649;-8.428;20
-4.295;-3.731;-1.496;20
-8.891;-5.547;-3.135;20
-7.898;-7.673;-1.568;20
-2.021;-8.997;1.304;20
3.956;-11.574;1.258;20
7.515;-14.083;2.88;20
8.464;-14.046;5.529;20
7.77;-13.051;5.426;20
5.81;-9.398;1.269;20
1.629;-4.267;-0.743;20
1.081;4.591;10.374;20
0.713;25.582;-15.553;20
-10.486;36.297;-0.32;20
-14.627;1.821;-5.304;20
-9.754;-9.222;-5.695;20
0.155;-6.18;-0.129;20
0.167;0.029;-1.421;20
-1.194;10.775;-0.691;20
4.795;6.268;4.435;20
4.833;-0.912;4.692;20
2.491;-3.486;3.375;20
2.139;-8.518;3.77;20
3.563;-8.462;5.458;20
5.379;-7.706;2.939;20
2.625;-7.04;0.59;20
1.954;-5.474;1.833;20
3.498;-3.407;0.424;20
3.883;0.558;5.111;20
-2.307;6.242;1.47;20
-8.644;13.575;-4.177;20
-6.815;32.068;-5.991;20
5.515;7.419;-5.409;20
0.305;1.113;-5.84;20
-3.998;-2.371;-2.48;20
-6.923;-4.034;-4.817;20
-4.942;-5.785;-2.536;20
-1.489;-7.941;0.85;20
2.507;-11.06;1.369;20
5.37;-13.409;2.765;20
6.579;-12.705;5.062;20
7.281;-12.653;3.723;20
6.304;-10.659;0.367;20
2.713;-2.881;2.522;20
2.474;3.858;1.893;20
-4.566;24.007;-15.828;20
-19.874;38.234;0.236;20
-15.113;-3.881;-2.057;20
-6.222;-5.011;-5.386;20
2.169;-3.217;-0.201;20
1.132;2.042;-1.625;20
1.421;5.317;1.191;20
3.499;1.996;2.989;20
2.702;0.298;9.166;20
3.609;-3.37;3.071;20
4.483;-6.593;4.802;20
6.866;-6.574;5.592;20
4.647;-8.592;1.539;20
1.541;-7.195;1.093;20
1.798;-5.476;0.952;20
4.057;-3.1;1.546;20
2.123;2.343;5.589;20
-7.487;8.87;-3.835;20
-10.909;27.008;-3.071;20
0.925;19.642;-7.004;20
6.739;0.596;-7.626;20
-0.399;0.223;-3.425;20
-4.683;-3.02;-2.853;20
-6.332;-4.532;-3.227;20
-4.638;-7.573;0.898;20
-2.072;-10.568;-0.109;20
2.931;-12.859;2.192;20
7.3;-14.3;6.968;20
7.952;-13.897;4.771;20
6.136;-11.452;2.043;20
1.865;-3.73;2.317;20
3.799;6.057;-1.316;20
-0.956;29.516;-17.499;20
-15.347;31.708;2.653;20
-18.748;0.43;-4.489;20
-4.747;-6.937;-2.778;20
3.127;-3.615;-0.339;20
1.918;3.221;-1.525;20
1.614;6.347;2.879;20
5.606;-1.175;5.72;20
4.507;-3.506;7.042;20
2.601;-5.967;5.321;20
4.223;-6.48;5.68;20
5.801;-8.722;1.496;20
2.964;-8.306;0.367;20
0.73;-5.774;1.648;20
2.061;-4.682;-0.24;19
3.821;-1.621;2.892;20
-2.251;5.507;3.719;20
-9.301;13.495;-8.086;20
-7.235;37.32;-5.067;21
4.959;6.239;-8.01;20
1.204;0.675;-6.608;19
-4.339;-2.684;-1.723;20
-6.253;-5.463;-1.969;20
-4.501;-8.642;-0.837;20
-2.161;-9.935;-0.883;20
2.594;-12.418;1.851;20
5.393;-14.206;2.963;20
7.265;-14.067;5.594;20
6.516;-11.185;2.591;20
3.49;-5.383;1.926;20
3.125;2.842;10.128;20
5.191;19.51;-17.095;20
-8.431;34.666;0.892;20
-17.389;6.718;-1.868;20
-13.817;-8.054;-8.241;20
-2.179;-5.565;-0.834;20
-0.501;1.214;-1.084;20
-0.062;8.399;0.643;20
6.28;4.252;6.714;20
7.086;-0.339;6.871;20
4.987;-2.978;5.601;20
3.189;-6.619;3.852;20
3.463;-5.847;6.21;20
3.911;-7.704;-1.631;20
1.776;-6.263;1.02;20
1.33;-4.773;2.266;20
3.354;-3.23;0.017;20
3.824;0.967;4.958;20
-4.199;5.498;-0.947;20
-8.417;14.144;-1.716;20
-1.19;26.695;-4.294;20
5.44;7.71;-9.239;20
0.672;1.692;-5.729;20
-4.138;-2.796;-2.832;20
-6.816;-5.176;-4.034;20
-5.924;-7.669;-0.433;20
-2.702;-9.146;0.064;20
2.477;-12.037;-0.726;20
4.592;-13.076;3.255;20
5.425;-13.707;4.724;20
5.817;-14.007;2.815;20
2.523;-6.734;2.457;20
0.903;1.334;7.743;20
3.672;20.546;-11.143;20
-7.511;47.39;-8.428;20
-12.956;2.494;-6.32;20
-12.82;-7.553;0.349;20
-1.779;-6.708;-1.948;20
0.367;0.334;0.103;20
0.777;7.313;-1.446;20
3.585;3.026;3.621;20
4.933;-3.752;7.115;20
2.81;-3.824;1.924;20
1.198;-4.677;4.628;20
3.568;-5.748;7.138;20
6.385;-7.348;2.193;20
3.693;-8.556;-0.228;20
1.879;-5.576;1.638;20
1.607;-4.3;1.859;20
3.476;-2.801;1.739;20
3.619;1.922;8.171;20
-5.837;7.872;-2.865;20
-4.302;27.416;0.412;20
-1.696;32.09;-6.898;20
3.717;2.381;-8.766;20
-1.695;-3.146;-5.014;20
-5.189;-5.413;-2.03;20
-7.024;-6.093;-3.421;20
-3.998;-7.687;-0.91;20
-1.646;-9.801;-1.275;20
2.528;-12.968;-0.131;20
5.184;-15.111;6.788;20
5.48;-16.106;5.398;20
5.44;-12.897;4.513;20
2.8;-6.899;0.808;20
1.15;1.398;7.953;20
5.514;21.119;-10.505;20
-1.195;37.754;-7.176;20
-12.751;7.558;-4.436;20
-17.59;-7.871;-6.065;20
-5.987;-5.858;0.135;20
-1.174;0.664;-0.336;20
0.634;8.736;-1.853;20
4.566;7.211;6.002;20
6.748;-0.313;5.23;20
5.083;-1.541;1.073;20
3.08;-6.938;2.208;20
2.096;-9.042;3.494;20
4.583;-5.764;4.27;20
1.56;-6.996;1.642;20
-0.478;-5.418;1.441;20
0.882;-3.836;0.784;20
3.088;0.343;2.955;20
-0.328;6.215;5.429;20
-7.778;10.793;-1.849;20
1.678;28.194;3.549;20
9.219;12.486;-5.631;20
4.745;3.307;-8.407;20
-2.821;-0.917;-2.635;20
-8.668;-3.269;-6.033;20
-9.028;-3.613;-2.273;20
-6.879;-7.312;1.84;20
-2.464;-11.699;-1.167;20
3.628;-14.846;-0.902;20
6.341;-15.417;2.124;20
6.289;-14.489;4.797;20
5.264;-12.085;3.409;20
2.25;-6.945;-0.65;20
1.465;0.346;6.496;20
3.426;13.388;-9.634;20
-8.972;38.982;-6.594;20
-14.356;13.842;-5.942;20
-14.591;-5.34;-3.948;20
-2.983;-5.345;-1.014;20
-0.502;-0.481;-1.822;20
-1.046;5.791;-0.434;20
3.756;4.517;6.52;20
8.082;-1.824;6.364;20
5.013;-4.004;2.922;20
3.563;-5.774;5.101;20
6.312;-4.106;5.777;20
3.205;1.938;7.831;105
-5.73;4.784;-1.967;20
-4.187;22.278;-0.173;20
5.637;25.88;-1.458;20
8.732;1.941;-7.989;20
2.558;-4.105;-3.408;20
-7.291;-4.82;-1.476;20
-10.716;-5.614;-5.238;20
-6.652;-7.707;-1.208;20
-1.69;-9.883;0.518;20
2.878;-13.541;-2.058;20
6.827;-15.442;1.657;20
7.092;-14.844;5.348;20
6.114;-14.14;4.417;20
3.963;-9.328;2.52;20
0.337;-0.684;4.682;20
1.232;14.544;-11.86;20
-9.967;41.181;-14.671;20
-15.703;13.602;2.409;20
-9.983;-11.765;-3.473;20
3.058;-6.928;0.025;20
4.218;2.582;1.348;20
1.146;9.628;-0.79;20
2.601;4.021;3.867;20
5.224;-4.454;4.722;20
3.645;-6.745;3.075;20
0.624;-7.812;5.529;20
2.659;-6.88;6.923;20
4.843;-8.266;1.444;19
2.739;-6.926;0.638;20
1.956;-4.491;1.408;20
3.703;-2.574;1.49;20
3.339;2.292;5.868;20
-4.072;6.275;-3.786;20
-5.182;22.108;-2.693;20
-2.118;29.028;-2.657;21
1.92;6.241;-9.333;20
-2.872;-0.458;-7.139;19
-7.022;-2.76;-3.534;20
-6.324;-5.338;-3.254;20
-2.423;-8.17;0.861;20
0.768;-10.822;-0.298;20
4.074;-13.113;0.585;20
6.333;-14.65;8.204;20
6.452;-15.076;6.902;20
6.609;-13.665;4.673;20
1.662;-7.228;0.689;20
-0.758;1.139;5.221;20
2.328;15.955;-10.534;20
-6.614;42.876;-13.118;20
-14.358;13.657;1.788;20
-16.005;-12.139;-7.546;20
-4.373;-7.898;-0.739;20
0.244;1.605;-2.61;20
-1.927;9.435;-1.073;20
4.418;5.529;6.071;20
6.975;-3.696;5.576;20
3.291;-6.634;4.682;20
5.112;-5.895;7.982;20
7.416;-5.051;5.964;20
5.279;-7.879;-1.535;20
2.953;-7.499;0.004;20
1.082;-4.778;2.722;20
2.703;-3.981;1.544;20
3.655;-0.711;4.805;20
-2.74;4.281;2.75;20
-8.304;11.644;-4.36;20
-0.016;31.657;0.742;20
4.048;19.525;-8.0;20
3.734;2.19;-10.705;20
-3.734;-2.521;-1.36;20
-10.587;-4.31;-5.853;20
-10.373;-5.837;-2.418;20
-4.903;-8.811;0.755;20
1.151;-11.933;-0.891;20
5.05;-13.732;1.334;20
7.345;-14.239;5.404;20
6.949;-14.229;6.129;20
6.151;-11.642;3.887;20
3.477;-4.948;2.347;20
2.101;3.853;4.759;20
0.267;26.032;-15.255;20
-11.293;34.676;-7.602;20
-18.91;0.995;-5.958;20
-8.048;-9.728;-0.669;20
1.701;-2.831;-0.468;20
-1.357;5.622;-1.478;20
0.041;9.169;1.461;20
7.125;1.256;6.412;20
6.527;-5.015;5.837;20
3.356;-7.31;4.945;20
4.801;-5.981;7.374;20
5.852;-7.433;3.062;20
2.695;-8.139;-1.1;20
0.659;-4.447;2.204;20
1.326;-3.12;2.889;20
3.783;-0.674;3.851;20
0.481;4.608;4.013;20
-8.323;8.808;-3.86;20
-5.16;26.274;-3.04;20
4.77;18.878;-3.769;20
5.899;0.974;-8.163;20
-1.518;-1.093;-4.201;20
-6.944;-3.362;-3.658;20
-6.135;-4.643;-2.865;20
-4.433;-7.36;1.215;20
-2.047;-10.74;-1.855;20
2.723;-13.469;-1.532;20
5.398;-14.856;5.558;20
6.479;-14.849;4.726;20
5.53;-11.838;3.581;20
1.609;-4.042;5.155;20
2.929;6.218;3.695;20
0.206;28.758;-20.613;20
-9.075;33.18;1.534;20
-16.06;-2.097;-7.753;20
-9.744;-9.648;-3.658;20
-0.281;-1.91;-1.101;20
-0.949;6.561;-0.495;20
1.492;9.327;1.89;20
5.797;-0.296;6.19;20
5.148;-6.732;4.605;20
2.35;-9.89;5.287;20
4.483;-7.079;7.332;20
5.459;-6.047;2.997;20
3.732;-6.965;-0.023;20
2.992;-5.49;2.096;20
3.072;-3.684;1.485;20
3.867;-0.707;4.12;20
-0.195;3.808;5.208;20
-8.799;10.402;-3.894;20
-4.83;35.364;-5.32;20
3.765;20.936;-6.647;20
3.158;-1.183;-9.931;20
-4.582;-4.042;-3.016;20
-10.083;-4.977;-3.801;20
-8.387;-6.762;-0.338;20
-2.255;-9.412;1.325;20
2.881;-12.179;-2.144;20
7.45;-14.695;2.319;20
7.802;-14.509;7.293;20
5.48;-13.09;6.95;20
4.615;-9.929;3.918;20
0.301;-2.485;2.176;20
1.31;6.416;3.405;20
-0.344;28.642;-21.316;20
-11.902;30.857;0.559;20
-19.562;-3.857;-9.743;20
-9.855;-11.509;-2.1;20
2.105;-2.939;-0.435;20
1.802;5.542;-1.599;20
2.499;10.274;2.156;20
4.895;2.037;10.064;20
5.132;-2.855;5.155;20
2.723;-6.407;2.344;19
1.688;-7.691;6.298;20
5.895;-6.312;4.966;20
4.508;-7.703;0.92;20
2.951;-6.113;2.139;20
2.048;-3.913;2.406;20
2.71;-2.925;3.232;20
3.612;2.052;6.604;20
-2.403;6.495;-3.28;20
-6.537;22.778;-2.655;20
-1.143;32.351;-4.263;20
4.464;8.163;-12.611;20
-0.675;-1.55;-6.344;20
-7.112;-4.694;-0.529;20
-9.171;-4.298;-5.829;20
-6.85;-6.345;-2.646;20
-0.247;-8.992;1.078;20
4.33;-11.376;-0.021;20
6.066;-14.145;2.195;20
6.61;-14.503;6.112;20
5.227;-15.624;5.359;20
4.653;-13.146;2.803;20
0.608;-3.945;5.243;20
-0.976;7.289;10.342;20
0.705;31.5;-22.664;20
-9.454;32.116;-5.791;20
-17.259;-2.036;-6.902;20
-9.671;-9.795;-1.874;20
0.83;-3.412;-0.257;20
-1.552;4.991;-1.215;20
-2.328;9.558;-0.162;20
4.104;1.865;6.013;20
7.654;-2.128;4.551;20
4.836;-6.14;6.938;20
4.637;-8.691;6.979;20
7.349;-5.946;6.109;20
4.159;-7.421;-1.734;20
1.664;-6.466;0.646;20
0.767;-3.655;2.511;20
2.253;-2.537;2.656;20
1.855;2.444;5.445;20
-4.728;6.177;-1.613;20
-7.056;18.605;-2.401;20
0.746;30.665;-3.915;20
6.234;7.109;-10.024;20
1.794;-2.3;-6.359;20
-5.602;-3.955;-2.069;20
-9.16;-5.448;-2.381;20
-6.066;-7.576;0.764;20
-0.999;-10.113;-0.611;20
3.433;-12.883;0.143;20
6.751;-13.97;4.507;20
7.305;-14.173;5.193;20
6.029;-13.051;2.934;20
2.789;-7.38;-0.89;20
0.305;2.226;6.172;20
0.367;18.21;-12.107;20
-12.868;43.327;-13.251;20
-16.66;8.296;3.678;20
-11.025;-11.938;-6.013;20
2.462;-7.409;-0.975;20
2.345;0.769;-0.727;20
-2.187;10.562;-2.693;20
2.692;6.244;4.39;20
5.68;-2.294;6.016;20
4.321;-6.758;4.339;20
1.776;-9.674;6.412;20
5.158;-6.618;7.183;20
5.653;-6.497;-0.306;20
2.71;-5.267;0.741;20
2.829;-3.542;3.748;20
4.049;-1.87;2.176;20
3.402;2.309;6.771;20
-4.252;5.607;-0.794;20
-5.0;18.413;-5.498;20
-2.404;30.784;-5.017;20
1.647;6.489;-7.734;20
-1.171;-1.796;-7.353;20
-5.743;-4.022;-3.211;20
-7.152;-5.61;-4.893;20
-4.33;-6.832;1.774;20
-1.836;-9.91;0.859;20
2.505;-13.917;-2.311;20
8.091;-15.66;5.702;20
7.913;-15.81;5.009;20
5.611;-13.026;5.672;20
2.676;-6.206;2.953;20
-0.089;3.74;5.342;20
2.516;18.302;-6.122;20
-7.798;38.029;-18.344;20
-12.701;15.323;4.999;20
-18.067;-10.424;-7.95;20
-2.275;-10.354;-0.761;20
4.497;-0.772;-1.032;20
1.967;9.31;1.815;20
6.276;5.427;5.639;20
5.459;-2.141;6.74;20
3.481;-6.258;0.15;20
1.671;-7.273;5.326;20
3.878;-5.144;7.137;20
3.71;-7.296;0.684;20
1.243;-7.071;0.827;20
0.246;-5.092;2.702;20
2.105;-2.338;1.615;20
5.038;2.127;7.983;20
-3.573;6.493;2.297;20
-5.695;18.07;-3.481;20
3.003;31.572;0.066;20
5.954;11.301;-8.887;20
1.513;-1.804;-9.768;20
-7.162;-2.475;-1.0;20
-11.797;-2.433;-4.709;20
-9.268;-4.662;-3.253;20
-3.447;-9.422;0.23;20
2.739;-13.41;-1.946;20
7.424;-15.909;0.981;20
8.107;-15.493;5.333;20
6.556;-14.151;6.604;20
5.586;-10.521;4.355;20
0.509;-4.892;-0.808;20
-0.244;1.294;5.971;20
2.879;16.278;-7.399;20
-7.172;40.754;-8.639;20
-10.176;11.834;-4.241;20
-15.244;-9.75;-7.745;20
-5.732;-7.954;-1.453;19
-0.959;1.29;-2.543;20
-2.176;11.024;-2.884;20
2.779;7.822;3.168;20
6.072;0.71;4.089;20
5.227;-2.834;5.728;20
2.725;-10.096;5.804;20
2.83;-11.024;6.399;20
6.216;-6.986;3.944;20
3.544;-5.369;-0.253;20
2.545;-3.853;2.956;20
3.166;-2.228;2.272;20
4.555;0.799;5.085;20
-0.628;4.235;3.328;20
-5.189;7.921;-1.971;20
-4.037;23.951;-4.467;20
-0.091;19.855;-6.898;20
0.976;2.731;-10.531;20
-4.226;-2.17;-3.264;20
-7.264;-4.732;-4.423;20
-5.203;-4.742;-2.442;20
-2.587;-7.312;1.15;20
-0.11;-10.567;-2.591;20
2.766;-13.19;-0.096;20
6.053;-14.872;6.219;20
6.472;-15.172;4.717;20
5.014;-12.098;4.983;20
2.13;-4.988;4.562;20
1.197;5.499;6.594;20
2.11;27.534;-16.18;20
-6.125;31.559;-6.723;20
-13.888;-0.102;-5.139;20
-9.791;-9.095;-2.637;20
-0.492;-3.822;-0.608;20
-2.278;4.515;-1.247;20
-1.166;10.988;-1.373;20
5.323;3.562;5.919;20
6.871;-2.216;5.924;20
5.114;-5.273;3.338;20
1.83;-9.185;5.925;20
3.016;-7.296;7.236;20
3.943;-7.927;-0.174;20
1.109;-7.05;-0.021;20
1.248;-3.622;1.181;20
3.604;-0.63;2.488;20
0.978;3.559;6.088;20
-6.885;5.98;-1.919;20
0.749;21.616;0.095;20
4.402;31.165;-1.407;20
4.684;5.362;-5.988;20
-0.216;-3.707;-3.992;20
-7.766;-5.017;-3.246;20
-9.908;-4.925;-4.488;20
-6.218;-6.804;0.72;20
-3.031;-10.364;-1.794;20
1.721;-13.996;-3.688;20
4.809;-14.849;3.3;20
5.921;-15.41;5.087;20
6.801;-13.752;3.777;20
3.398;-6.709;4.33;20
2.205;3.626;6.282;20
2.01;26.394;-17.584;20
-9.147;35.966;-7.344;20
-12.16;0.209;-1.692;20
-12.082;-9.564;-3.5;20
-0.413;-5.777;0.005;20
-0.363;3.909;-1.654;20
-2.42;12.812;0.09;20
4.256;5.158;6.155;20
6.303;0.841;5.554;20
4.871;-2.051;3.395;20
3.828;-9.178;4.012;20
3.833;-11.016;5.004;20
4.551;-9.526;0.929;20
0.414;-8.787;-0.5;20
-1.173;-5.793;0.673;20
1.173;-3.817;-1.106;20
3.119;-1.333;3.23;20
-2.821;0.998;4.545;20
-8.168;5.894;-5.905;20
0.694;25.143;-2.249;20
4.132;29.239;-1.505;20
4.432;8.115;-6.371;20
0.184;0.059;-2.793;20
-6.392;-2.645;-4.185;20
-9.043;-3.476;-4.663;20
-6.741;-6.446;0.112;20
-1.257;-9.68;-2.684;20
2.925;-13.241;0.589;20
6.513;-14.974;5.89;20
7.679;-14.738;5.932;20
8.479;-13.391;5.369;20
4.929;-9.045;1.096;20
0.599;-1.838;7.799;20
3.814;12.321;3.77;20
-1.418;40.246;-21.218;20
-10.216;19.537;-0.997;20
-19.252;-11.2;-8.15;20
-9.033;-11.738;-2.199;20
-0.623;-3.245;-1.727;20
-3.456;9.37;-0.655;20
0.384;13.247;-0.646;20
6.242;2.76;4.566;20
5.74;-0.859;6.117;20
4.856;-5.743;6.926;20
1.932;-10.709;5.349;20
5.783;-8.808;6.326;20
4.875;-7.371;-0.175;20
1.326;-5.746;0.465;20
1.603;-3.25;1.699;20
4.25;-1.004;4.453;20
2.143;1.657;6.715;20
-6.683;4.755;-3.92;20
-4.031;25.27;-3.948;20
0.452;33.147;-7.777;20
5.083;3.364;-9.103;20
-1.263;-1.195;-3.832;20
-7.458;-1.772;-1.756;20
-8.71;-5.939;-2.027;20
-4.161;-8.928;-2.236;20
-0.054;-12.515;-2.579;20
4.549;-16.625;0.985;19
5.461;-17.065;4.784;20
4.882;-15.856;7.462;20
6.201;-11.959;5.142;20
1.896;-6.626;-0.078;20
-0.83;-1.962;-0.443;20
1.272;5.41;10.018;20
5.765;22.483;-8.786;20
-3.02;34.326;-5.633;20
-9.266;3.834;-3.319;20
-16.586;-7.953;-10.082;20
-7.81;-2.663;-0.235;20
-2.161;2.363;-2.344;20
-2.766;10.007;0.136;20
4.275;7.311;3.533;20
8.004;0.192;3.902;20
4.896;-4.278;6.606;20
0.931;-9.208;4.576;20
4.197;-8.6;5.127;20
4.084;-8.458;2.51;20
1.513;-7.478;1.375;20
1.732;-4.635;2.534;20
3.495;-3.598;1.976;20
4.767;-1.011;4.193;20
1.091;3.395;3.12;20
-3.495;8.417;-5.383;20
-5.248;24.952;-6.589;20
-2.371;20.465;-7.913;20
-0.353;4.301;-9.899;20
-4.862;-0.679;-4.474;20
-8.464;-4.095;-4.081;20
-8.277;-5.447;-1.948;20
-2.064;-7.617;-0.968;20
3.728;-9.983;0.561;20
5.923;-11.906;4.136;20
7.971;-12.695;5.958;20
7.629;-12.841;4.12;20
5.756;-12.95;4.534;20
3.126;-6.067;7.148;20
1.838;4.139;7.41;20
-0.328;30.959;-17.285;20
-11.016;35.913;-4.608;20
-18.886;-2.25;-8.438;20
-9.096;-11.097;-4.767;20
2.317;-6.395;0.203;20
-1.353;1.936;0.828;20
-1.974;8.406;-0.3;20
3.403;3.627;4.83;20
5.962;-1.101;7.952;20
6.645;-4.419;7.676;20
4.587;-7.323;5.867;20
7.287;-7.082;5.807;20
5.53;-8.487;-2.172;20
1.51;-7.914;-0.088;20
0.053;-4.721;1.86;20
0.981;-4.602;1.663;20
3.062;-2.419;2.661;20
2.042;3.871;3.367;20
-6.366;9.833;-2.503;20
-7.808;34.258;-5.611;20
2.1;25.019;-6.639;20
6.038;-2.506;-8.163;20
-2.52;-3.451;-2.94;20
-8.471;-3.522;-3.166;20
-8.251;-4.121;-3.317;20
-5.171;-6.119;0.248;20
-0.909;-10.586;-1.663;20
3.993;-13.288;1.006;20
6.871;-14.197;5.008;20
6.395;-14.584;2.662;20
4.977;-12.694;4.012;20
3.212;-6.099;5.506;20
2.593;3.515;7.642;20
4.822;18.468;-8.933;20
-5.56;34.621;-8.452;20
-12.649;10.893;-2.13;20
-17.056;-6.19;-6.201;20
-3.286;-3.96;-0.146;20
2.38;1.044;-0.681;20
0.661;7.912;0.449;20
3.356;4.4;3.882;20
5.407;-0.429;4.073;20
5.343;-2.257;4.548;20
3.073;-8.051;3.931;20
0.882;-10.441;3.342;20
2.356;-9.513;1.925;20
1.142;-6.069;0.575;20
0.883;-3.507;0.953;20
1.383;-3.51;2.306;20
2.614;1.368;4.402;20
-0.6;6.453;2.981;20
-3.657;15.714;1.01;20
2.778;27.783;-0.513;20
9.098;10.155;-4.608;20
3.581;-0.154;-8.306;20
-4.803;-1.439;-3.267;20
-9.59;-3.619;-3.388;20
-7.387;-4.145;-3.263;20
-3.653;-6.257;0.145;20
-1.762;-10.89;-0.39;20
0.727;-13.283;-2.839;20
4.425;-13.854;0.96;20
5.586;-13.71;4.215;20
4.316;-12.828;4.453;20
2.274;-7.87;3.691;20
0.037;0.628;7.761;20
5.475;13.723;-5.359;20
-1.317;39.78;-12.085;20
-9.527;11.048;-2.668;20
-15.667;-7.327;-6.194;20
-7.225;-1.761;-3.574;20
-3.234;2.612;-3.369;20
-2.464;7.215;-1.834;20
2.576;3.943;3.111;20
5.207;-0.416;3.214;20
4.842;-2.17;4.451;20
3.193;-7.948;6.11;20
3.014;-9.409;7.401;20
6.751;-7.474;4.306;20
3.79;-7.449;-0.513;20
2.062;-5.634;1.394;20
1.607;-4.219;2.082;20
2.389;-3.299;2.516;20
3.913;1.027;4.88;19
-1.673;5.68;0.035;20
-6.296;13.874;-1.856;20
-2.939;29.719;-7.643;20
5.38;15.26;-9.381;20
1.574;2.204;-6.458;20
-5.266;-1.172;-2.017;20
-9.282;-2.447;-4.45;20
-10.809;-4.669;-1.56;20
-3.187;-9.963;0.591;20
4.517;-12.364;0.875;20
7.208;-13.577;1.941;20
7.775;-12.98;5.024;20
6.997;-11.41;7.104;20
6.42;-10.515;5.559;20
3.075;-7.226;0.299;20
-0.578;-0.413;6.185;20
-1.186;12.417;-1.985;20
-7.343;37.982;-16.112;20
-6.238;11.469;-1.091;20
-18.425;-8.99;-8.123;20
-8.008;-6.03;-1.729;20
2.398;-0.531;-3.75;20
-1.926;8.798;-1.353;20
2.711;9.178;4.171;20
5.79;2.65;5.267;20
3.558;0.098;5.594;20
3.124;-5.353;4.229;20
4.0;-10.401;5.192;20
5.372;-8.186;4.998;20
2.629;-8.941;0.277;20
1.325;-6.967;1.021;20
1.44;-4.373;0.962;20
3.961;-2.618;1.914;20
3.673;1.974;7.379;20
-2.515;5.01;-1.044;20
-5.952;18.454;-7.577;20
-1.379;36.391;-6.418;20
6.64;7.657;-4.97;20
-0.905;-1.678;-4.59;20
-8.168;-1.889;-2.63;20
-10.646;-4.941;-4.387;20
-8.333;-8.105;-1.079;20
-2.756;-10.865;-0.544;20
3.87;-14.329;0.505;20
9.323;-16.163;4.499;20
9.408;-13.885;6.059;20
8.026;-11.097;5.806;20
4.748;-6.514;0.647;20
0.08;-0.91;2.563;20
2.745;7.81;5.636;20
-2.567;33.081;-20.346;20
-9.06;25.608;0.617;20
-17.964;-6.51;-7.436;20
-10.202;-9.949;-3.577;20
2.093;-2.902;-0.017;20
1.191;6.873;-0.637;20
2.293;11.44;1.315;20
5.767;2.793;5.506;20
4.427;-1.381;6.018;20
1.559;-5.505;5.371;20
-0.692;-10.133;4.278;20
3.764;-8.893;4.352;20
4.09;-7.844;-0.267;20
2.461;-5.342;1.169;20
2.355;-4.064;1.554;20
3.325;-3.082;1.131;20
2.369;1.085;5.802;20
-5.704;4.98;-2.808;20
-4.305;20.457;-2.335;20
1.277;36.614;-2.434;20
6.435;6.555;-8.826;20
1.95;-3.559;-5.568;20
-4.966;-5.407;-1.221;20
-8.217;-5.468;-2.983;20
-5.922;-6.156;1.447;20
-3.745;-9.471;0.035;20
-0.066;-13.377;-2.115;20
4.562;-14.781;3.988;20
5.826;-14.739;5.012;20
5.343;-11.758;3.236;20
3.015;-6.098;2.583;20
3.774;0.694;4.496;20
3.864;15.348;-11.571;20
-9.345;37.142;-9.234;20
-13.048;13.701;-0.957;20
-11.965;-9.055;-4.03;20
-1.388;-5.819;-1.264;20
0.337;2.808;-2.117;20
-1.682;11.257;0.062;20
5.88;4.068;5.263;20
6.528;-4.144;4.799;20
2.716;-8.464;4.509;20
1.677;-8.316;6.912;20
5.3;-6.159;4.723;20
3.879;-7.073;0.415;20
1.428;-5.717;0.285;20
1.261;-3.899;2.287;20
1.976;-3.24;1.884;20
1.916;0.789;3.364;20
-4.207;4.022;0.568;20
-8.075;10.9;-3.099;20
2.651;32.904;1.121;20
6.844;15.391;-7.996;20
4.709;-0.523;-7.796;20
-3.438;-2.926;-2.068;20
-9.625;-4.117;-2.788;20
-9.238;-5.91;-0.183;20
-4.849;-9.271;0.229;20
1.826;-13.119;-1.785;20
7.368;-14.908;1.624;20
8.332;-14.43;4.542;20
6.615;-12.118;4.539;20
3.161;-8.065;4.52;20
0.926;-2.511;4.959;20
1.845;4.906;-4.6;20
-6.255;30.898;-14.652;20
-11.819;31.916;2.199;20
-16.659;-7.115;-5.477;19
-8.577;-9.588;-3.196;20
4.25;-0.277;-3.607;20
0.759;8.93;-3.18;20
2.302;6.883;3.702;20
5.088;-0.962;5.559;20
3.242;-4.097;3.574;20
1.855;-8.439;6.03;20
4.475;-7.427;7.822;20
5.318;-8.092;0.132;20
2.708;-7.643;0.022;20
2.308;-5.065;1.94;20
4.369;-3.423;1.19;20
3.578;1.097;7.968;20
-3.343;4.73;0.503;20
-3.712;20.12;-5.26;20
-2.586;36.806;-4.734;20
3.519;4.359;-7.47;20
-0.59;-2.845;-7.663;20
-7.512;-2.856;-3.568;20
-9.18;-5.97;-3.418;20
-7.024;-8.32;0.187;20
-2.271;-11.235;-3.08;20
3.843;-14.967;-0.778;20
9.217;-16.872;7.045;20
7.826;-15.45;7.93;20
5.342;-10.445;5.291;20
1.776;-4.629;3.434;20
2.972;5.015;8.308;20
2.584;28.817;-19.182;20
-3.438;37.351;-1.853;20
-12.895;4.466;-6.974;20
-18.699;-11.654;-3.441;20
-2.026;-9.152;0.239;20
1.008;1.061;-2.479;20
-0.777;11.698;-0.105;20
5.31;5.393;6.489;20
6.821;-1.465;5.519;20
5.296;-4.175;5.812;20
1.289;-8.386;5.942;20
1.418;-9.205;5.434;20
4.763;-8.753;0.219;20
1.354;-7.465;-0.095;20
-0.324;-4.856;1.0;20
1.232;-3.95;-0.802;20
3.506;-0.287;2.108;20
-1.074;3.393;1.632;20
-7.268;8.884;-5.386;20
1.54;26.114;-0.512;20
4.976;22.284;-4.508;20
3.265;6.02;-7.252;20
-1.81;-1.24;-1.894;20
-8.455;-3.33;-3.759;20
-9.878;-3.862;-2.486;20
-5.46;-7.348;-1.172;20
-0.794;-10.394;-1.92;20
2.721;-12.634;0.548;20
5.627;-13.751;3.803;20
6.886;-13.796;5.509;20
7.786;-13.124;6.202;20
4.047;-8.858;4.487;20
1.304;-1.584;5.735;20
3.422;12.839;6.722;20
-4.588;43.806;-24.544;20
-4.319;17.137;4.615;20
-19.472;-13.045;-8.794;20
-14.084;-13.793;-3.2;20
0.406;-4.553;-0.618;20
0.233;10.07;-1.658;20
4.442;12.968;1.829;20
7.432;4.054;5.257;20
2.228;2.866;1.92;20
1.984;0.915;0.693;20
2.721;-8.194;4.106;20
3.482;-11.839;7.149;20
4.076;-6.842;3.961;20
1.488;-7.03;-0.453;20
0.747;-6.612;-0.886;20
2.006;-4.761;0.931;20
4.169;-2.78;2.539;20
2.794;1.609;5.685;20
-5.388;5.298;-2.185;20
-4.739;13.461;-3.003;20
1.012;26.73;-3.699;20
6.374;13.747;-6.043;20
3.164;2.419;-4.874;20
-5.546;-0.28;-1.248;20
-9.64;-1.914;-6.267;20
-8.327;-3.348;-3.107;20
-4.443;-7.112;-0.099;20
1.164;-10.434;-0.758;20
4.477;-13.537;1.352;20
6.61;-14.96;2.582;20
6.369;-13.569;5.282;20
5.254;-11.924;6.702;20
3.049;-8.418;2.746;20
0.579;-1.878;3.649;20
2.425;7.254;1.656;20
-4.366;35.088;-13.404;20
-6.711;24.667;-1.68;20
-12.792;-7.604;-5.029;20
-10.284;-7.057;-2.294;20
1.137;-1.483;-3.087;20
-1.845;7.827;-3.306;20
0.214;10.241;2.226;20
5.766;2.532;5.992;20
3.805;0.812;4.642;20
3.213;-5.039;3.339;20
3.679;-10.516;5.29;20
5.676;-7.675;7.903;20
3.036;-7.567;0.877;20
0.732;-7.535;-0.818;20
0.236;-5.93;0.766;20
1.17;-4.716;2.034;20
4.25;-2.222;4.08;20
1.861;2.009;4.208;20
-3.561;6.698;-5.269;20
-4.009;27.4;-7.327;20
0.295;31.005;-6.165;20
3.579;3.907;-7.762;20
-4.44;-1.851;-4.856;19
-7.812;-3.52;-2.958;20
-9.568;-7.085;-2.559;20
-6.028;-9.205;-0.669;20
0.19;-11.357;-1.106;20
5.457;-14.298;2.468;20
8.51;-14.011;6.276;20
7.557;-12.655;8.007;20
6.972;-10.932;6.905;20
3.442;-5.971;4.252;20
1.627;2.748;4.64;20
0.1;23.326;-13.282;20
-9.387;36.509;-11.219;20
-11.79;4.784;-1.518;20
-9.513;-11.402;-3.05;20
-1.465;-6.236;-0.389;20
-0.747;2.79;-3.37;20
-3.313;13.353;-2.996;20
2.748;8.627;0.502;20
5.789;-0.613;4.541;20
4.63;-5.758;5.956;20
1.853;-12.161;5.173;20
3.708;-10.723;8.567;20
5.404;-7.723;4.092;20
2.106;-5.752;0.507;20
0.826;-2.743;0.924;20
0.901;-2.244;2.733;20
3.415;-1.571;2.999;20
5.717;3.222;4.889;20
-1.526;5.036;0.326;20
-7.775;13.874;-3.037;20
-0.545;27.044;-6.236;20
4.276;10.593;-9.543;20
-1.715;1.619;-6.719;20
-5.657;-1.245;-2.88;20
-8.174;-3.969;-2.724;20
-8.15;-7.597;-0.502;20
-2.657;-11.056;-0.713;20
3.554;-13.529;-0.308;20
6.691;-14.55;3.215;20
6.688;-13.345;4.638;20
5.914;-11.232;5.735;20
2.849;-7.824;2.624;20
1.305;-2.842;2.952;20
2.68;6.294;0.634;20
-5.075;32.859;-11.544;20
-5.428;27.146;3.461;20
-13.381;-7.264;-6.508;20
-10.944;-7.42;-3.615;20
2.704;-0.88;-3.609;20
-0.963;7.326;-3.464;20
1.687;9.165;2.476;20
4.786;4.174;4.249;20
2.637;1.053;6.206;20
3.281;-7.164;3.662;20
3.735;-9.746;6.819;20
3.247;-9.263;2.832;20
0.693;-9.505;-1.98;20
-0.492;-6.084;-0.57;20
2.172;-3.216;1.256;20
3.416;1.343;5.677;20
-1.34;7.582;4.195;20
-5.813;17.993;-1.984;20
4.055;34.942;2.135;20
10.294;8.582;-3.666;20
2.924;-3.991;-7.917;20
-3.79;-5.556;-0.77;20
-7.481;-6.6;-3.194;20
-7.975;-8.339;-2.374;20
-4.97;-11.815;-1.761;20
-1.073;-16.937;-3.228;20
2.16;-17.475;3.939;20
5.837;-15.958;6.399;20
7.558;-10.934;3.185;20
5.614;-5.49;1.534;20
3.988;0.709;7.504;20
4.708;15.589;1.991;20
-0.787;43.597;-23.458;20
-11.176;30.109;14.113;20
-23.776;-9.707;-10.139;20
-13.592;-12.305;-6.131;20
2.457;-5.697;1.79;20
3.983;3.875;-0.268;20
8.149;9.088;5.527;20
11.383;-0.663;7.339;20
5.057;-2.36;-0.148;20
1.143;0.486;-1.938;20
0.856;-4.014;0.771;20
0.096;-9.22;0.888;20
0.078;-10.327;2.054;20
1.557;-7.567;2.202;20
0.449;-5.359;2.066;20
-0.609;-5.285;-0.061;20
2.2;-3.254;-2.706;20
0.85;2.094;2.384;20
-4.647;8.704;-3.105;20
-7.973;22.606;-0.359;20
3.909;23.055;-1.325;20
6.31;0.57;-6.123;20
0.484;-5.357;-4.73;20
-2.431;-4.237;0.332;20
-4.529;-3.927;-0.727;20
-3.749;-4.095;-1.779;20
-1.921;-5.585;-1.509;20
-0.836;-7.689;-0.101;20
0.877;-9.205;-0.531;20
2.822;-9.91;-0.344;20
2.96;-10.208;1.117;20
3.115;-9.256;0.455;20
2.667;-5.936;1.164;20
4.405;1.813;8.428;20
4.472;22.872;-4.886;20
-3.975;55.461;-3.591;20
-2.597;-1.391;11.626;20
-12.798;-11.163;-7.603;20
-5.003;-2.503;-3.126;20
-1.115;-1.485;2.108;20
1.955;2.918;4.193;20
7.458;7.469;3.349;20
7.831;3.171;0.677;19
-1.284;-1.319;1.739;20
-4.905;-4.065;0.55;20
-0.417;-4.974;0.844;20
-0.494;-4.951;0.988;20
-0.983;-5.559;0.695;20
-0.117;-5.342;0.798;20
-0.192;-4.26;0.742;20
-0.358;-3.541;0.791;20
-0.978;-2.329;0.627;20
-1.348;-1.132;1.483;20
-1.614;-0.698;1.768;20
-1.832;-1.19;1.253;20
-2.097;-1.709;0.202;20
-2.241;-1.64;-0.498;20
-2.133;-1.54;-1.615;20
-1.376;-0.798;-2.516;20
-0.489;0.991;-1.814;20
-0.422;3.198;-3.357;20
-0.863;4.442;-4.888;20
-0.602;4.508;-4.162;20
1.014;3.432;-4.246;20
2.743;1.688;-4.988;20
1.886;0.603;-4.461;20
-0.412;-0.183;-3.002;20
-2.229;-0.682;-4.081;20
-1.829;-1.106;-4.234;20
-0.43;-1.715;-1.922;20
0.476;-2.626;-0.798;20
1.112;-3.163;1.238;20
1.505;-3.345;0.47;20
1.48;-2.441;-0.628;20
1.299;-1.567;-0.572;20
1.001;-0.475;-0.042;20
0.267;0.348;-0.114;20
-0.082;0.811;-0.296;20
-0.093;1.075;-0.234;20
-0.002;1.532;0.064;20
0.47;2.252;0.711;20
0.815;3.439;2.259;20
1.359;3.477;2.863;20
1.775;1.807;2.156;20
1.629;-0.194;2.559;20
1.074;-2.109;1.629;20
0.579;-2.743;0.629;20
-0.384;-2.76;0.101;20
-0.953;-2.05;-0.506;20
-0.647;0.443;-0.093;20
-0.237;2.238;1.463;20
0.624;1.971;2.664;20
1.394;1.701;2.622;20
1.369;1.349;1.286;20
0.564;0.535;0.55;20
-0.29;-0.024;-0.179;20
-0.631;-0.269;-0.11;20
-0.245;-0.477;0.45;20
0.447;-0.339;1.035;20
0.874;0.013;1.261;20
0.983;0.318;1.046;20
0.887;0.476;0.582;20
0.803;0.353;0.672;20
0.729;0.352;0.711;20
0.542;0.524;0.536;20
0.334;0.396;0.428;20
0.236;0.011;0.293;20
0.236;-0.276;0.123;20
0.258;-0.285;0.055;20
0.303;-0.051;0.03;20
0.316;0.227;0.04;20
0.289;0.316;0.107;20
0.201;0.291;0.2;20
0.302;-0.078;0.272;20
0.323;-0.09;0.051;20
0.237;0.22;-0.126;20
0.058;0.276;0.052;20
0.044;0.048;0.129;20
-0.037;-0.001;0.122;20
-0.053;0.192;0.101;20
0.12;0.308;0.193;20
0.146;0.122;0.238;20
0.091;0.007;0.218;20
0.069;-0.032;0.149;20
0.107;-0.052;0.02;20
0.049;-0.004;0.016;20
-0.039;-0.019;0.064;20
-0.13;-0.068;-0.011;20
-0.281;-0.115;-0.066;20
-0.356;-0.082;-0.076;20
-0.34;0.011;-0.062;20
-0.252;0.047;-0.034;20
-0.179;0.066;0.005;20
-0.103;0.089;0.084;20
-0.028;0.018;0.138;20
-0.036;-0.041;0.15;20
-0.08;-0.009;0.053;20
-0.083;0.004;0.056;20
-0.057;-0.11;-0.011;20
-0.153;-0.062;-0.137;20
-0.107;-0.002;-0.102;20
-0.081;-0.079;-0.122;20
-0.207;-0.091;-0.258;20
-0.296;-0.077;-0.226;20
-0.335;-0.022;-0.041;20
-0.349;0.156;-0.169;20
-0.295;0.235;-0.098;20
-0.235;0.162;0.101;20
0.764;-0.159;-0.189;20
0.463;-0.197;0.338;20
-0.285;0.1;0.382;20
0.271;0.264;-0.119;20
0.673;0.033;0.153;20
0.543;-0.06;0.045;20
0.202;0.074;0.07;20
0.175;-0.102;0.001;20
-0.568;0.213;-0.074;20
-0.362;-0.016;-0.441;20
-0.546;-0.092;-0.292;20
-0.537;-0.258;-0.463;20
-0.582;-0.314;-0.46;19
-0.752;-0.349;-0.558;20
-0.565;-0.222;-0.457;20
-0.394;-0.201;-0.446;20
-0.327;-0.073;-0.229;20
-0.236;-0.109;-0.111;20
-0.531;-0.219;-0.126;20
-0.142;-0.022;-0.128;20
-0.11;0.076;-0.094;20
-0.088;-0.062;-0.002;20
-0.041;-0.25;0.016;20
0.016;-0.199;-0.051;20
0.01;0.01;-0.072;20
0.037;0.147;0.059;20
0.204;-0.044;0.206;20
0.032;0.145;0.197;20
-0.244;0.43;0.198;20
-0.107;0.4;0.142;20
0.254;0.308;0.052;20
0.013;0.394;-0.036;20
-0.177;0.05;0.025;20
-0.597;-0.447;-0.121;20
-0.427;-0.478;-0.152;20
0.179;-0.185;-0.105;20
0.383;0.59;0.45;20
0.671;0.181;1.481;20
-0.182;0.034;0.115;20
-0.563;-0.15;-0.907;20
0.176;-0.421;0.3;20
0.462;-0.677;0.597;20
-0.323;-0.863;-0.414;20
-1.043;0.324;-1.298;20
-0.923;2.225;-0.556;20
-0.303;2.281;0.622;20
0.244;0.33;0.036;20
0.539;-2.537;-1.338;20
0.616;-2.148;-0.296;20
-0.43;0.757;2.576;20
-0.234;0.047;-0.805;20
0.104;-0.588;-0.851;20
0.846;-1.224;-0.585;20
0.567;-0.67;-0.817;20
0.342;-0.834;-0.492;20
6.036;-4.277;0.244;20
-0.899;3.378;0.733;20
-4.666;4.662;2.703;20
-3.705;1.908;0.033;20
-1.867;0.447;-1.336;20
-0.675;1.127;-0.56;20
-1.642;1.769;-0.288;20
-1.491;1.135;1.717;20
-0.298;-0.504;0.769;20
-0.857;-0.257;1.058;20
-0.81;-0.788;2.373;20
-0.686;-0.752;2.701;20
-0.779;1.666;2.525;20
-0.453;3.463;-0.214;20
1.187;3.089;-1.154;20
2.648;0.546;0.741;20
3.3;-1.081;1.133;20
3.649;-2.157;0.334;20
3.816;-2.489;0.387;20
3.98;-0.963;2.172;20
2.985;0.581;2.511;20
1.764;1.448;3.92;20
0.63;2.504;-0.259;20
-1.541;0.132;2.795;20
-2.859;-2.407;1.959;20
-2.539;-5.411;2.438;20
-1.625;-6.595;2.369;20
-3.605;-5.73;-2.283;20
-2.977;-0.436;-3.826;20
-1.632;2.832;-2.482;20
-1.091;3.243;1.158;20
-0.34;0.347;2.834;20
0.204;-6.058;1.656;20
0.936;-9.057;2.652;20
-1.966;-1.808;2.736;20
0.317;5.945;7.557;20
-0.481;4.657;3.061;20
-1.83;8.166;-2.287;20
0.118;3.939;1.91;20
0.61;1.385;6.953;20
2.354;0.677;7.661;20
2.877;1.791;6.555;20
3.1;1.243;3.517;20
3.456;-1.127;-0.117;20
2.593;-3.707;-1.235;20
1.989;-5.067;-0.558;20
1.762;-6.128;-0.974;20
1.81;-6.464;1.35;20
1.819;-5.85;4.22;20
2.025;-5.939;1.618;20
1.689;-6.704;-5.008;20
1.039;-4.278;-4.003;20
0.06;-1.069;6.784;20
0.086;-0.755;6.228;20
0.187;-1.098;2.686;20
1.156;-0.548;0.404;20
0.723;1.017;-0.386;20
0.127;1.29;-0.791;20
0.673;0.687;0.628;20
1.078;1.269;-0.17;84
1.228;0.704;1.324;20
1.0;0.342;0.433;20
1.009;0.664;-0.489;20
0.81;-0.862;-2.108;20
0.077;-0.154;-1.18;20
0.3;0.346;-0.033;20
0.309;0.2;1.755;20
0.439;0.181;1.522;20
0.287;-0.181;-0.43;20
0.508;-0.405;-2.71;20
0.174;-0.258;-2.182;20
-0.955;0.423;-1.009;20
-1.741;2.074;4.217;20
-1.199;2.467;8.232;20
-1.151;0.926;-2.815;20
-0.377;0.636;-2.27;20
0.32;-0.418;-0.335;20
-0.026;-1.017;1.515;20
0.085;-0.348;0.59;20
0.037;0.433;-0.674;20
-0.373;0.475;-0.754;20
-0.62;0.289;0.375;20
-0.713;0.532;0.091;20
-0.929;0.547;-0.544;20
-1.055;0.539;0.215;20
-0.836;0.455;0.69;20
-0.587;0.695;0.603;20
-0.433;0.165;0.081;20
-0.163;0.177;-0.448;20
-0.154;0.208;-0.643;20
-0.242;0.271;-0.451;20
-0.073;0.153;-0.364;20
-0.04;0.321;-0.716;20
0.0;-0.15;0.013;20
-0.421;0.192;-0.145;20
-0.541;0.025;0.006;20
-0.466;0.0;-0.022;20
-0.317;0.146;0.073;20
-0.169;0.1;-0.05;20
-0.25;-0.061;-0.098;20
-0.371;-0.087;-0.246;20
-0.43;-0.023;-0.159;20
-0.358;0.116;-0.078;19
-0.503;0.132;-0.034;20
-0.648;-0.097;0.235;20
-0.496;-0.005;0.264;20
-0.541;0.061;-0.668;20
-1.26;0.099;-0.426;20
-0.854;0.568;0.542;20
-0.556;0.331;0.279;20
-0.134;0.015;-0.877;20
-0.295;-0.369;-1.443;20
-0.411;-0.371;0.176;20
-0.197;0.159;0.291;20
-0.21;0.283;0.168;20
-0.082;0.052;0.174;20
-0.077;0.064;0.116;20
0.011;0.069;0.321;20
0.003;0.193;0.435;20
0.054;0.163;0.185;20
0.121;-0.094;0.146;20
0.189;-0.067;-0.023;20
0.196;-0.115;-0.039;20
0.266;-0.187;0.132;20
0.179;-0.176;-0.222;20
0.002;-0.22;-0.192;20
-0.008;-0.198;0.041;20
0.016;-0.1;0.147;20
0.037;-0.093;0.148;20
0.1;-0.118;-0.154;20
0.091;-0.08;-0.03;20
0.071;-0.002;0.212;20
0.096;0.04;0.126;20
0.016;-0.078;-0.03;20
0.028;0.005;-0.196;20
0.015;0.053;-0.169;20
0.02;-0.037;0.003;20
-0.037;-0.014;0.083;20
-0.138;-0.057;-0.008;20
-0.181;-0.023;0.083;20
-0.133;0.03;-0.081;20
-0.354;0.003;-1.237;19
-0.294;0.219;0.757;20
-0.225;0.396;0.887;20

# Completed @Wed Jan 06 21:54:33 GMT+02:00 2021
