# Accelerometer Data File
# Started @Wed Jan 06 21:31:15 GMT+02:00 2021
#
#
# sensor Vendor: BOSCH
# sensor Name: BMI160 Accelerometer Non-wakeup
# sensor Resolution: 0.0023928226m/sec^2; Max Range: 78.4532; Min Delay: 2500 microseconds
# The sensor's attributes are the result hardware and the Android capabilities.
# It means that the Android may not utilize all features provided by the hardware.
#
# Some devices and Android versions save battery too much so the device may go to sleep.
# It just happens after couple of minutes from turning off the scree and it is easy to find it out.
#
# The following file provides the data from accelerometer in the m/s^2 format.
# The diff value is just a time delta between the samples
#
#
# data format:
# so we have 4 columns with values separated by the ";"
# X;Y;Z;time_from_previous_sample(ms)

# sensor speed set to:NORMAL
# units set to: m/sec^2
# gravity  filtered out
# Accuracy: HIGH
-1.966;4.444;9.175;0
-1.552;3.88;7.537;19
-0.721;3.545;5.619;20
-0.161;3.351;4.663;20
0.105;2.787;4.237;20
-0.226;2.834;4.476;20
0.023;2.555;4.189;20
-0.255;2.434;4.137;20
-0.246;2.006;4.258;20
-0.324;1.732;3.364;20
-0.48;0.98;2.371;20
-0.42;1.396;2.303;20
-0.058;1.143;2.684;20
0.149;0.864;2.604;20
0.34;0.425;2.207;20
0.528;-0.443;1.309;20
0.509;-0.149;0.789;20
0.483;0.28;0.891;20
0.277;0.385;0.533;20
-0.045;0.508;0.738;20
0.007;0.568;1.755;20
-0.038;0.72;2.101;20
-0.141;1.185;0.464;20
-0.108;1.162;-0.724;20
0.257;0.49;-0.062;20
0.455;-0.279;0.0;20
0.373;0.038;0.462;20
0.506;0.137;0.077;19
0.733;-0.085;-0.348;20
0.77;-0.391;0.21;20
0.607;-0.421;1.125;20
0.283;-0.22;1.582;20
0.112;-0.628;0.78;20
-0.006;-0.904;1.204;20
-0.233;-0.586;1.347;20
-0.066;-0.689;0.805;20
0.083;-0.653;0.668;20
-0.171;-0.213;-0.003;20
0.188;-0.328;-0.487;20
0.511;-0.712;-1.258;20
-0.583;1.634;0.431;20
-0.986;1.424;1.861;20
-0.358;-1.401;1.156;20
-0.329;-1.333;0.537;20
-0.157;-1.284;-0.03;20
0.505;-0.656;-0.734;20
0.593;-0.553;-1.199;20
0.325;-0.107;-0.498;20
-0.235;-1.073;0.792;20
-0.576;-1.847;-0.542;20
-1.001;-1.309;-0.611;20
-1.156;-0.776;0.021;20
-0.945;-0.691;-0.497;20
-0.441;-1.72;4.322;20
-0.294;-2.634;-1.593;20
-0.175;-2.128;-7.004;20
1.107;-2.266;-9.426;20
1.172;-1.447;-3.622;19
1.053;-1.355;3.096;20
-0.363;0.441;4.366;20
-2.894;3.147;1.763;21
-4.257;5.72;-0.418;19
-7.14;7.762;13.644;20
-5.965;6.252;-8.929;20
-5.647;5.954;-6.176;20
-4.896;4.716;-4.566;20
-3.259;0.08;-2.507;70
-2.099;0.806;-0.719;20
-2.6;1.235;1.046;21
-1.535;0.773;-0.766;19
-0.114;0.593;-2.541;20
-0.323;2.961;1.515;20
-1.15;2.994;-2.133;20
-1.828;-1.301;-3.956;20
-4.848;-0.599;-4.159;20
-6.0;-0.207;-0.552;20
-0.313;1.49;3.332;20
-1.102;1.418;5.815;20
-4.952;-2.151;-1.403;20
-2.772;-7.615;2.136;20
-6.432;-2.935;-7.123;20
1.233;-2.292;-0.087;20
-0.161;-1.82;-0.566;20
3.099;-1.129;-0.716;20
2.836;1.91;-1.715;20
1.192;4.11;-1.578;20
2.809;2.222;-1.686;20
2.896;0.633;-0.546;20
2.208;-2.118;-0.022;20
-2.106;1.093;-0.418;20
-9.122;1.887;5.152;20
0.304;-5.29;0.584;20
-0.482;-8.061;-0.921;20
-2.812;-1.201;-2.163;20
-2.454;0.932;-2.537;20
-1.023;-0.003;-1.059;20
1.411;-4.487;-0.348;20
0.695;-3.549;-2.295;20
1.191;-1.28;-2.856;20
2.167;-0.241;-6.98;20
3.483;-1.568;-4.231;20
0.624;-1.627;-3.263;20
-1.393;-1.044;-2.858;20
-1.884;0.493;-1.005;20
-6.181;2.335;-0.706;20
-9.419;5.133;1.068;20
-2.227;0.775;3.3;20
-0.646;3.216;4.257;20
3.139;7.358;1.772;20
6.054;-1.571;-5.252;20
1.298;-0.11;-4.443;20
0.11;0.451;-5.477;20
4.602;-5.859;13.17;20
-6.768;-5.72;-6.09;20
-10.692;-5.195;6.087;20
-3.407;-2.014;0.484;20
3.786;-1.613;-7.165;20
-1.803;1.326;4.924;20
-5.273;-0.052;0.86;20
8.415;0.273;-3.073;20
1.755;2.526;2.931;20
4.697;-0.007;0.172;20
8.859;-0.367;0.185;20
6.415;7.677;-0.453;20
-0.125;11.52;-6.226;20
0.327;6.858;-7.702;20
0.273;5.646;-2.89;20
0.817;4.58;-1.903;20
-0.681;7.707;-0.874;20
-3.026;3.664;-5.794;20
2.64;-1.514;8.365;20
-4.188;4.6;7.985;20
3.681;4.253;-4.071;20
6.939;1.547;-8.491;20
7.909;-2.115;-0.378;20
4.586;-1.165;5.917;20
-0.176;0.829;1.126;20
-1.067;-2.122;-3.472;20
1.829;-17.045;-4.042;20
0.141;1.355;-4.813;20
0.95;6.715;-0.976;20
1.874;5.048;2.626;20
3.001;1.548;3.246;20
4.163;-1.094;0.941;20
4.694;-2.546;-0.89;20
4.675;-2.828;-0.454;20
4.833;-2.296;0.056;20
4.305;-1.495;-0.711;20
2.082;-1.024;-3.002;20
-0.474;0.052;-4.634;20
-3.219;1.29;-5.628;20
-4.956;0.715;-5.174;20
-6.075;0.14;-5.542;20
-3.573;-0.957;-5.833;20
0.122;0.481;-3.022;20
0.082;1.296;0.676;20
1.843;1.267;2.589;20
2.951;0.799;2.296;20
2.271;2.077;0.388;20
0.636;2.469;-1.099;20
-0.863;2.258;-1.463;20
-2.411;3.425;-0.931;20
-4.071;5.145;-0.867;20
-3.295;4.998;-1.709;20
-2.917;4.378;-2.381;20
-2.476;3.621;-1.395;20
-1.311;1.756;1.896;20
0.756;0.161;1.656;20
2.851;-3.189;5.119;20
4.311;-7.36;4.812;20
3.058;-8.176;4.671;20
3.077;-6.273;4.696;20
4.655;-6.532;2.188;20
5.287;-7.179;0.909;20
4.334;-5.034;0.625;20
2.532;1.928;2.574;20
-0.194;6.509;4.743;20
-2.096;11.698;4.909;20
-0.864;15.889;-4.41;20
3.931;9.319;-3.303;20
4.54;5.121;-6.851;20
0.055;5.222;0.386;20
-7.858;4.552;-6.062;20
-9.984;1.393;-8.233;20
-9.278;-2.042;-4.375;20
-3.518;-6.38;-2.214;20
1.7;-10.133;1.555;20
4.085;-13.218;3.277;20
7.856;-15.26;2.845;20
7.936;-12.144;5.673;20
6.348;-8.517;5.708;20
5.669;-8.235;1.595;20
4.445;-5.081;2.382;20
1.777;1.327;11.694;20
-3.635;12.294;-9.581;20
-13.465;36.727;-10.38;20
-10.82;3.941;0.225;20
-12.789;-8.485;-6.434;20
-3.084;-4.326;0.062;19
2.143;1.812;-0.382;20
1.575;8.046;-2.298;20
-0.889;8.137;-1.33;20
0.949;3.659;0.711;20
0.267;0.763;0.169;20
0.058;-2.301;5.291;20
0.338;-9.559;3.167;20
2.802;-11.5;5.41;20
3.715;-6.638;4.282;20
4.376;-6.172;2.091;20
3.821;-5.082;2.123;20
3.752;-3.096;0.573;20
4.957;-0.161;2.538;20
2.121;4.318;6.794;20
-5.712;6.773;-2.057;20
-7.627;15.575;-1.862;20
-4.852;20.696;-2.069;20
3.769;8.756;-6.291;20
-0.777;5.993;-2.492;20
-4.296;2.667;-4.114;20
-5.759;-1.494;-7.222;20
-4.496;-5.523;-4.318;20
-3.727;-10.372;0.606;20
0.322;-13.105;-0.156;20
5.354;-15.114;-1.277;20
8.164;-14.673;4.166;20
7.064;-11.893;7.624;20
8.714;-9.226;5.217;20
3.366;-5.338;0.053;20
0.63;-1.434;4.231;20
2.31;6.617;3.756;20
-2.329;24.803;-16.813;20
-17.413;24.662;1.556;20
-14.482;-1.222;-7.357;20
-3.471;-3.71;-1.367;20
0.857;0.754;0.05;20
1.395;4.216;-0.713;20
-0.328;6.846;0.118;20
1.998;2.138;2.204;20
1.863;-2.209;7.587;20
1.462;-6.366;0.85;20
2.222;-5.521;6.638;20
5.809;-6.092;4.692;20
4.878;-9.126;1.533;20
2.117;-7.289;-1.206;20
0.828;-4.077;-0.259;20
2.483;-3.385;2.207;20
4.688;0.844;3.922;20
-0.522;6.178;5.543;20
-6.955;11.822;-3.049;20
-10.606;32.931;0.783;20
4.585;15.566;-4.737;20
5.208;2.721;-9.903;20
-3.352;-0.776;-1.993;20
-7.244;-4.123;-4.893;20
-7.697;-5.307;-5.319;20
-5.085;-9.64;-0.305;20
0.368;-13.531;-0.356;20
5.38;-16.326;-1.005;20
8.26;-16.844;4.474;20
8.916;-15.449;5.155;20
7.679;-9.682;4.171;20
2.091;-1.983;5.499;20
4.365;9.376;0.85;20
-1.426;33.064;-13.778;20
-14.719;23.387;1.263;20
-17.116;-3.093;-4.267;20
-3.431;-6.311;-2.925;20
2.369;-2.137;-1.24;20
-0.622;3.445;-1.183;20
-0.82;4.641;1.637;20
3.408;1.15;4.705;20
5.667;-2.753;6.338;20
0.962;-5.701;7.034;20
2.827;-6.944;5.067;20
5.027;-7.042;2.099;20
4.257;-7.465;-0.865;20
3.28;-5.638;0.344;20
4.261;-3.18;0.757;20
4.379;0.82;3.615;20
-3.644;7.265;-1.297;20
-11.775;17.732;-8.752;20
-13.742;25.764;-5.072;20
2.894;5.075;-7.105;20
-0.303;-0.287;-4.597;20
-4.105;-3.396;-3.125;20
-2.716;-5.353;-3.685;20
-0.389;-7.511;-0.546;20
1.951;-10.146;1.278;20
5.999;-12.418;0.511;20
8.477;-12.548;4.145;20
7.882;-12.211;4.693;20
6.51;-10.757;2.66;20
1.893;-3.337;4.31;20
1.076;3.634;4.004;20
-4.929;28.526;-16.623;20
-18.691;32.178;2.211;20
-15.557;-5.824;-8.647;20
-2.089;-8.546;-0.79;20
4.676;-4.084;0.611;20
1.057;4.16;1.739;20
-0.492;9.35;-0.694;20
2.722;3.096;2.609;20
4.606;-1.651;8.17;20
3.935;-5.78;5.411;20
1.887;-8.308;2.324;20
6.089;-8.296;3.559;20
3.963;-8.674;0.458;20
0.764;-6.168;-0.7;20
1.113;-4.243;1.24;20
4.309;-1.2;-0.181;20
2.401;4.758;7.811;20
-8.713;6.917;-1.868;20
-8.245;23.978;2.979;20
-1.58;25.75;-0.074;20
5.625;5.474;-10.438;20
1.286;-1.589;-2.896;20
-5.153;-5.065;-3.327;20
-9.614;-5.238;-7.074;20
-6.401;-7.236;0.654;20
-0.938;-10.491;1.266;20
5.076;-13.156;-1.575;20
8.876;-13.674;1.822;20
9.47;-13.082;6.134;20
11.37;-11.81;4.368;20
5.62;-4.393;3.485;20
2.277;5.49;3.038;20
-2.889;33.971;-16.971;20
-18.068;30.6;4.205;20
-23.763;-5.353;-6.963;20
-6.192;-10.833;-3.524;20
6.909;-6.031;-0.145;20
6.233;1.251;1.216;20
2.075;6.646;1.832;20
2.937;1.594;4.289;20
3.428;-2.072;6.606;20
1.27;-3.907;1.73;20
2.018;-4.873;5.705;20
5.415;-6.279;1.825;20
4.076;-9.352;-1.089;19
2.055;-6.572;0.76;21
3.202;-2.967;0.829;20
4.106;0.361;4.762;20
-2.686;3.897;5.625;20
-10.649;10.593;-5.934;20
-4.684;31.658;2.501;20
1.371;14.048;-4.235;19
3.38;2.724;-9.513;20
-3.635;-1.938;-2.152;20
-9.772;-5.554;-6.723;20
-9.5;-6.251;-4.203;20
-4.402;-7.603;-0.936;20
2.064;-10.681;-1.162;20
8.19;-13.302;-0.371;20
10.872;-13.535;6.513;20
11.838;-13.565;7.806;20
9.543;-9.958;2.552;20
2.087;-3.097;3.542;20
1.148;5.659;4.676;20
-5.664;39.114;-17.609;20
-18.222;24.553;-2.971;20
-18.661;-7.719;-3.836;20
-4.144;-9.371;-2.177;20
3.67;-2.679;-1.474;20
0.451;5.065;0.093;20
0.591;6.029;1.587;20
3.267;1.46;0.622;20
2.86;-3.401;11.612;20
2.429;-6.651;4.357;20
3.97;-8.71;1.549;20
7.719;-8.572;2.621;20
5.559;-8.506;0.639;20
2.513;-5.116;0.485;20
2.287;-3.301;2.28;20
4.572;-0.986;3.401;20
1.276;3.835;7.559;20
-9.465;8.935;-5.183;20
-8.698;30.743;-0.661;20
-2.684;24.05;-3.025;20
2.277;4.557;-11.819;20
-2.913;-2.546;-3.24;20
-7.9;-6.139;-5.139;20
-9.559;-6.848;-5.848;20
-5.347;-8.069;-0.5;20
2.192;-10.727;0.904;20
9.294;-12.857;1.43;20
12.188;-12.712;5.302;20
13.014;-13.014;8.211;20
11.545;-10.394;6.026;20
3.361;-4.829;2.251;20
0.201;4.946;6.733;20
-3.29;34.756;-18.736;20
-15.339;28.721;1.039;20
-22.416;-6.953;-11.717;20
-8.278;-12.685;-1.739;20
2.159;-5.264;-1.91;20
0.161;3.718;0.192;20
-0.367;8.149;0.83;20
3.932;2.3;4.349;20
6.718;-1.515;5.672;20
5.105;-3.881;5.969;20
1.847;-6.04;5.949;20
6.018;-7.221;4.633;20
6.305;-8.502;-0.879;20
4.052;-6.471;0.978;20
3.433;-3.244;0.568;20
5.621;-0.311;4.231;20
0.351;3.484;7.877;20
-9.926;10.06;-5.943;20
-10.082;33.172;-2.811;20
-4.454;19.21;-5.402;20
2.579;1.438;-10.006;20
-2.626;-4.229;-2.335;20
-6.648;-6.184;-5.041;20
-5.533;-6.917;-4.136;20
-1.724;-9.304;-0.369;20
3.569;-13.037;-1.857;20
9.015;-16.278;2.46;20
9.883;-16.721;7.045;20
9.587;-13.379;5.756;20
5.329;-6.991;1.958;20
-0.183;0.906;6.09;20
2.097;19.697;-3.722;20
-8.24;42.32;-13.375;20
-18.598;10.83;3.742;20
-15.52;-11.859;-9.665;20
0.641;-10.221;-0.722;20
3.921;-2.521;0.107;20
0.049;7.274;-0.197;20
1.02;9.034;2.992;20
5.606;-0.185;4.635;20
3.548;-3.218;7.232;20
0.975;-7.989;6.032;20
3.829;-9.554;1.648;20
6.973;-7.07;2.054;20
4.323;-5.47;0.776;20
3.388;-3.509;0.776;20
5.09;-0.293;2.741;20
0.865;3.439;4.996;20
-10.359;8.874;-8.061;20
-17.902;33.005;-2.699;20
-1.547;14.281;-6.549;20
2.917;-1.0;-7.714;20
-2.333;-4.56;-2.603;20
-4.31;-6.339;-3.503;20
-1.174;-7.466;-1.253;20
1.462;-8.967;-0.964;20
4.159;-11.598;-1.103;20
8.105;-14.774;6.245;20
9.694;-15.7;5.926;20
7.307;-10.843;3.389;20
2.056;-3.229;5.407;20
4.263;6.814;-2.361;20
-7.032;35.225;-18.304;20
-19.65;27.771;6.512;20
-18.983;-9.207;-9.296;20
0.052;-12.207;-2.052;20
4.468;-5.01;2.42;20
0.827;4.006;0.638;20
0.287;8.576;-1.061;20
5.362;2.96;12.799;20
7.613;-1.957;11.407;20
2.9;-3.083;2.082;20
4.295;-6.462;2.235;20
2.239;-9.522;-2.312;20
0.663;-8.088;-0.33;20
2.397;-5.668;-0.078;20
5.762;-2.326;1.158;20
2.434;4.303;10.072;20
-10.468;10.578;-6.008;20
-16.785;40.195;-3.455;20
1.655;14.521;-6.267;20
6.72;-2.924;-8.977;20
-1.461;-5.1;-2.307;20
-5.462;-8.757;-3.498;20
-5.237;-9.875;-2.038;20
-1.135;-10.893;0.398;20
2.849;-12.681;-1.34;20
7.034;-13.325;4.825;20
9.457;-13.685;7.256;20
9.445;-10.742;4.68;20
3.943;-4.193;2.926;20
3.487;4.054;8.561;20
6.072;24.766;-17.002;20
-7.935;33.54;3.132;20
-23.984;3.435;-7.543;20
-16.158;-10.445;-7.286;20
-1.778;-4.898;0.2;19
1.095;1.92;0.769;20
-0.378;7.521;2.017;20
3.548;2.514;4.403;20
7.09;-2.836;4.275;20
6.031;-4.976;5.519;20
3.246;-7.199;1.541;20
5.875;-6.905;5.954;21
5.994;-6.956;0.477;19
3.297;-5.244;1.465;20
2.798;-3.464;0.84;20
3.875;-0.22;2.174;20
-0.597;5.637;6.681;20
-8.959;9.08;-3.837;20
-9.639;27.323;-3.866;20
-1.477;16.152;-6.624;20
0.924;3.329;-10.026;20
-5.797;-1.599;-4.005;20
-8.724;-6.351;-5.011;20
-6.511;-7.596;-1.883;20
0.248;-9.645;-0.705;20
6.568;-10.931;-0.541;20
8.394;-11.142;1.842;20
9.355;-11.025;7.95;20
12.863;-12.467;4.743;20
7.422;-8.974;2.772;20
-0.097;-1.324;4.397;20
-0.003;5.829;3.48;20
-9.452;31.41;-19.469;20
-20.255;25.508;0.424;20
-12.887;-10.859;-8.402;20
-1.935;-9.329;-2.4;20
4.042;-3.594;-0.79;20
2.058;4.741;-1.192;20
-0.114;9.778;0.775;20
3.287;1.556;7.396;20
4.683;-2.933;8.176;20
2.788;-6.655;1.402;20
4.641;-3.604;10.167;20
5.547;-6.267;1.256;20
3.433;-7.738;-1.333;20
1.623;-4.136;0.527;20
3.372;-2.072;1.422;20
3.11;2.411;7.218;20
-7.065;4.775;2.413;20
-10.729;17.972;-3.553;20
-5.877;36.946;0.249;20
8.517;3.691;-5.77;20
5.668;-2.511;-5.285;20
-4.049;-5.219;-1.492;20
-8.736;-6.262;-5.884;20
-6.173;-7.781;-1.152;20
-2.442;-10.457;-1.301;20
3.036;-14.001;-2.559;20
7.131;-15.755;2.578;20
9.156;-15.542;5.974;20
9.22;-11.255;4.56;20
2.817;-5.292;0.694;20
2.479;2.588;5.735;20
4.396;19.122;-13.613;20
-12.587;37.453;-1.924;20
-23.744;10.254;-1.525;20
-12.111;-10.428;-3.886;20
1.831;-5.412;-5.5;20
3.664;1.263;2.699;20
2.746;6.644;-0.065;20
4.018;2.411;6.527;20
6.835;-4.705;5.875;20
0.471;-6.246;-1.98;20
-0.23;-5.893;7.73;20
5.959;-7.254;3.007;20
5.466;-7.665;0.635;20
2.018;-4.222;-0.596;20
3.338;-2.597;1.813;20
5.319;-0.615;2.358;20
0.644;4.294;7.041;20
-8.369;7.454;-5.517;20
-3.531;31.547;4.152;20
-3.833;20.386;-2.799;20
0.704;4.738;-12.559;20
-4.174;-1.584;-3.068;20
-9.13;-6.523;-5.634;20
-9.19;-6.632;-4.263;20
-2.007;-8.468;2.705;20
4.402;-11.036;-1.759;20
7.457;-13.146;-1.332;20
9.592;-14.436;5.817;20
10.971;-16.676;4.976;20
7.459;-10.646;5.305;20
2.028;-1.958;5.446;20
0.397;11.761;-1.532;20
-8.839;35.258;-19.439;20
-22.822;20.667;-1.094;20
-12.926;-7.634;-5.161;20
3.739;-8.027;-0.856;20
6.217;-4.062;0.421;20
1.16;3.511;-0.368;20
-2.263;6.371;0.592;20
1.538;0.32;9.013;20
4.907;-5.103;4.782;20
3.262;-4.557;6.057;20
4.613;-4.697;4.75;20
5.788;-7.306;1.214;20
2.955;-5.74;-0.973;20
1.953;-3.81;3.93;20
-3.502;32.174;2.06;95
4.007;10.997;-10.498;20
1.175;2.05;-7.372;20
-6.966;-2.503;-0.993;20
-9.932;-6.4;-3.923;20
-6.516;-7.972;-0.312;20
0.495;-11.103;-0.483;20
5.977;-13.488;-2.468;20
7.389;-13.898;2.666;20
9.483;-15.263;7.157;20
9.533;-10.648;4.329;20
1.672;-3.913;0.127;20
-1.467;3.107;7.44;20
0.498;25.078;-7.81;20
-10.568;45.733;-5.8;20
-16.716;2.666;-4.783;20
-13.471;-13.407;-7.042;20
0.809;-6.196;1.239;20
3.257;2.598;0.33;20
-0.744;10.214;-0.969;20
1.067;6.597;4.909;20
5.671;-1.961;6.365;20
4.483;-6.59;3.49;20
1.694;-6.946;5.465;20
4.829;-6.235;5.139;20
5.122;-9.492;-1.297;20
2.269;-7.303;-1.747;20
1.022;-3.129;0.954;20
2.662;-3.28;1.46;20
4.187;0.865;3.433;20
-3.464;6.039;3.193;20
-8.589;14.954;-3.164;20
-7.443;36.111;2.205;20
2.773;16.382;-6.899;20
3.196;-0.578;-12.06;20
-3.862;-3.454;-1.595;20
-8.35;-7.841;-4.585;20
-9.143;-8.519;-4.545;20
-4.828;-9.749;-0.873;20
3.88;-13.632;0.502;20
10.749;-14.935;1.974;20
11.69;-14.923;6.522;20
10.353;-13.424;8.159;20
7.5;-7.72;3.87;20
-1.183;-0.049;4.136;20
0.94;10.618;6.129;20
-0.934;40.393;-17.399;20
-18.573;22.491;-5.466;20
-21.254;-9.999;-7.704;20
-5.245;-12.056;0.136;20
3.415;-3.19;0.127;20
0.142;6.713;-0.357;20
1.147;9.901;-0.537;20
4.435;1.893;5.081;20
6.604;-2.435;3.501;20
4.807;-7.109;6.421;20
2.897;-9.306;5.96;20
6.842;-6.989;4.073;20
4.896;-6.648;0.779;20
1.817;-4.358;0.586;20
2.168;-1.27;0.644;20
4.133;1.939;4.898;20
-3.491;3.588;2.31;20
-10.705;9.788;-6.826;20
-9.007;30.476;-0.878;20
2.336;15.14;-3.475;20
3.612;-1.32;-10.901;20
-3.757;-2.068;-2.356;20
-6.611;-3.541;-3.052;20
-3.822;-6.004;-1.985;20
0.183;-9.804;-0.172;20
4.524;-13.465;-1.364;20
9.317;-16.329;3.161;20
8.816;-15.981;7.527;20
8.04;-13.503;7.339;20
4.673;-7.147;-0.424;20
-0.959;-1.67;1.616;19
3.588;10.817;6.997;20
-3.19;43.422;-20.981;21
-17.98;28.19;2.13;20
-14.658;-10.358;-9.002;19
-3.404;-14.512;-2.254;20
1.935;-4.672;2.17;20
-1.601;7.622;-2.468;20
-5.082;12.198;-1.32;20
2.57;2.083;4.13;20
6.749;-4.176;4.982;20
5.736;-9.825;3.225;20
2.304;-11.9;5.134;20
6.428;-9.817;5.97;20
3.925;-5.932;-1.154;20
1.26;-2.081;-0.075;20
1.33;-1.946;4.789;20
3.247;0.274;4.086;20
4.309;5.408;5.501;20
-3.684;11.337;-0.134;20
-8.529;27.074;-0.789;20
-2.67;25.791;-4.101;20
2.622;1.409;-13.015;20
-1.572;-4.849;-3.041;20
-7.055;-6.203;-1.876;20
-7.897;-8.261;-5.035;20
-4.828;-10.597;-1.864;20
1.274;-14.227;-2.549;20
8.923;-17.277;0.624;20
11.094;-17.302;9.179;20
9.635;-12.513;10.536;20
5.675;-6.303;3.741;20
-1.032;-1.568;-1.783;20
1.375;8.046;8.974;20
1.104;35.327;-14.228;20
-8.498;32.245;-3.742;20
-18.227;-3.555;-7.677;20
-12.746;-15.984;-9.093;20
-1.597;-10.024;2.545;20
1.101;2.335;2.724;20
1.731;13.582;-0.424;20
5.007;10.106;1.504;20
7.553;-1.48;5.929;20
5.775;-3.984;5.4;20
0.955;-9.251;2.853;20
-1.822;-12.093;2.18;20
4.166;-9.693;3.154;20
2.981;-6.585;-0.957;20
0.066;-3.891;0.737;20
2.239;-2.071;1.058;20
5.553;0.589;6.006;20
-1.909;3.287;3.098;20
-8.195;13.225;-7.048;20
-10.758;43.33;1.242;20
2.651;18.642;-3.818;20
6.131;-5.543;-10.413;20
-2.512;-4.142;-1.138;20
-9.207;-4.51;-3.109;20
-8.847;-6.827;-3.296;20
-2.374;-10.053;0.465;20
4.462;-12.907;0.382;20
8.379;-15.139;-0.684;20
10.1;-14.992;3.95;20
9.213;-12.602;8.63;20
7.569;-8.309;4.887;20
1.19;-4.216;-0.87;20
-0.004;3.391;6.979;20
1.05;26.092;-6.403;20
-9.123;35.306;-9.881;20
-19.389;1.79;-6.17;20
-13.496;-14.344;-9.261;20
-2.91;-7.11;0.797;20
1.968;2.215;-0.89;20
-0.942;9.371;-2.666;20
-0.257;7.486;2.25;20
4.909;-0.187;9.019;20
5.117;-4.439;1.597;20
1.184;-8.9;3.182;20
6.089;-6.501;11.216;20
8.638;-6.791;3.676;20
6.129;-7.222;-0.067;20
2.373;-1.97;1.327;20
0.51;-1.568;4.51;20
2.046;-0.797;2.425;20
2.734;5.987;3.681;20
-3.06;11.623;-0.828;20
-12.596;29.312;-3.136;20
-1.613;21.179;-5.179;20
2.506;-0.775;-11.426;20
-4.16;-3.836;-4.982;20
-5.932;-5.177;-2.505;20
-4.606;-8.245;-3.026;20
-1.336;-9.874;-0.365;20
3.136;-12.114;-0.902;20
6.891;-14.324;0.431;20
9.054;-14.698;5.552;20
7.97;-13.56;6.491;20
6.563;-10.296;2.211;20
-0.289;-3.898;0.478;20
-1.98;4.735;7.088;20
0.7;26.405;-9.975;20
-11.127;37.107;-8.436;20
-17.536;0.428;-4.917;20
-9.839;-14.227;-6.411;20
1.225;-6.375;0.691;20
3.808;3.151;1.777;20
1.159;12.313;-0.784;20
4.411;7.74;4.067;20
6.322;-1.353;6.228;20
2.975;-3.798;2.421;20
-1.489;-8.864;4.537;20
0.977;-8.2;6.446;20
4.965;-8.777;-1.377;20
2.0;-7.278;-0.754;20
1.56;-3.849;0.523;20
3.103;-3.348;2.398;20
5.401;-0.025;2.946;20
-0.372;5.119;4.811;20
-8.428;10.383;-2.477;20
-7.172;36.694;0.566;20
2.979;21.31;-4.789;20
6.402;-1.877;-9.832;20
-3.094;-2.972;-1.876;20
-8.922;-5.027;-2.721;20
-7.301;-7.547;-3.542;20
-2.587;-9.83;-1.176;20
1.476;-13.995;-1.49;20
6.468;-17.595;0.051;20
8.835;-18.298;5.97;20
7.876;-14.338;7.745;20
5.692;-7.848;0.998;20
-0.264;-1.536;0.905;20
1.04;7.545;6.594;20
-2.526;35.188;-19.597;20
-17.602;32.786;-3.371;20
-15.236;-7.457;-3.575;20
-1.857;-13.697;-3.651;20
5.272;-4.859;0.154;20
0.446;4.362;-1.318;20
-4.084;12.31;-1.973;20
1.735;4.958;8.859;20
5.297;-3.796;7.283;20
2.491;-9.33;2.687;20
2.462;-9.083;5.982;20
6.745;-5.738;5.142;20
4.169;-5.175;-0.351;19
1.87;-2.504;1.718;20
2.453;-1.395;3.092;20
4.529;2.827;4.779;20
-0.429;5.922;-0.176;20
-5.441;15.767;2.782;20
-4.229;28.24;1.826;20
1.645;9.859;-10.204;20
-0.543;-1.686;-10.335;20
-5.208;-3.492;-1.046;20
-5.653;-6.56;-2.662;20
-2.185;-8.28;-1.512;20
0.425;-10.304;-1.824;20
2.746;-13.079;-1.219;20
6.591;-15.296;4.149;20
8.974;-16.53;5.526;20
8.072;-13.318;2.891;20
2.908;-5.682;0.676;20
-1.334;3.226;7.531;20
1.168;17.769;-6.504;20
-8.04;35.488;-17.678;20
-21.613;14.543;-0.664;20
-14.955;-14.164;-6.058;20
1.802;-10.753;-0.341;20
5.202;0.515;0.68;20
0.594;10.488;0.883;20
2.997;10.123;2.289;20
5.552;1.23;4.069;20
3.574;-4.777;13.534;20
0.465;-10.979;0.405;20
3.553;-7.473;3.282;20
5.313;-6.74;3.094;20
3.964;-6.638;-1.371;20
1.638;-3.111;1.455;20
2.07;-2.0;3.341;20
3.549;2.114;4.867;20
-3.758;4.292;-0.963;20
-6.084;19.883;-0.63;20
-4.096;40.722;2.99;20
4.322;9.603;-11.214;20
1.98;-5.014;-9.265;20
-7.125;-5.961;-0.879;20
-10.582;-7.288;-3.27;20
-6.596;-7.861;-0.371;20
-0.105;-11.598;-0.549;20
5.881;-14.819;-2.418;20
9.124;-16.006;1.594;20
10.292;-17.724;7.628;20
8.724;-13.17;6.398;20
3.753;-6.383;0.633;20
-0.703;1.558;5.309;20
1.497;19.532;-6.355;20
-9.341;44.362;-13.608;20
-21.399;16.956;0.121;20
-16.622;-13.79;-4.655;20
0.713;-9.912;-4.922;20
6.029;-1.116;1.853;20
3.466;5.73;-0.83;20
1.8;5.652;1.382;20
4.464;-2.173;7.169;20
5.421;-5.957;4.882;20
1.043;-7.192;3.48;20
4.104;-6.533;7.351;20
5.78;-7.885;0.094;20
1.509;-6.63;-0.617;20
1.212;-3.686;1.511;20
3.518;-1.962;1.172;20
2.422;2.459;6.087;20
-5.966;8.246;-2.821;20
-6.385;33.381;-2.302;20
-1.764;24.252;-4.335;20
3.087;-2.632;-10.727;20
-3.44;-3.742;-5.129;20
-7.8;-4.698;-3.87;20
-8.282;-6.906;-2.694;20
-3.769;-8.753;-1.666;20
3.18;-11.881;-3.058;20
7.838;-14.418;3.49;20
9.956;-14.832;8.559;20
9.513;-14.804;8.395;20
4.596;-8.333;5.781;20
-0.754;0.084;5.057;20
2.222;19.378;-9.41;20
-8.608;48.871;-18.005;20
-17.307;10.414;-3.721;20
-15.925;-18.664;-3.83;20
1.646;-12.954;0.191;20
2.005;-1.896;-0.417;20
-2.373;7.438;-2.594;20
1.751;6.53;3.209;20
6.075;-2.882;8.119;20
4.42;-6.067;10.62;20
2.73;-5.803;6.378;20
7.407;-4.524;4.805;20
6.72;-5.928;0.944;20
3.161;-4.341;1.61;20
3.545;-2.531;4.026;20
3.879;2.119;6.906;20
-0.115;8.015;1.32;20
-5.181;17.486;-4.346;20
-7.864;32.828;-3.812;20
0.154;6.576;-8.115;20
-1.641;-4.746;-9.8;20
-5.366;-6.197;-2.415;20
-4.558;-8.041;-2.348;20
-2.819;-9.236;0.294;20
0.793;-11.466;-2.108;20
4.465;-13.577;-1.087;20
8.244;-15.693;7.901;20
8.741;-14.253;7.892;20
6.957;-9.19;1.889;20
1.566;-2.252;1.269;20
1.586;11.889;-7.021;20
-6.654;34.551;-16.254;20
-25.157;29.807;5.283;20
-16.359;-8.729;-0.628;20
3.599;-10.245;-6.942;20
6.807;-0.43;0.051;20
2.845;5.006;-0.387;20
-0.036;4.311;1.322;20
3.515;-4.38;9.923;20
2.228;-9.582;7.247;20
2.949;-7.415;6.188;20
6.352;-5.938;2.081;20
4.882;-5.997;-0.72;20
4.172;-3.712;2.941;20
4.938;-1.34;2.981;20
3.349;3.993;5.912;20
-4.339;7.759;-2.422;20
-10.12;27.105;-4.771;20
-5.344;22.167;-4.466;20
1.812;-0.864;-9.47;20
-3.637;-3.82;-6.35;20
-6.708;-5.413;-3.186;20
-4.995;-7.417;-0.733;20
-1.969;-9.703;-1.548;20
2.362;-11.835;-3.745;20
7.97;-14.586;3.512;20
11.341;-16.574;8.743;20
9.402;-14.346;5.294;20
3.685;-7.191;3.594;20
-0.671;2.776;4.78;19
0.542;24.467;-15.818;20
-16.817;42.913;-11.287;20
-22.511;4.058;1.058;20
-9.226;-15.61;-5.836;20
3.955;-6.535;0.784;20
3.516;2.98;0.75;20
-0.135;9.708;-0.807;20
1.481;3.826;4.193;20
4.218;-3.01;8.734;20
4.602;-8.42;5.489;20
3.838;-9.219;5.274;20
9.072;-5.156;8.181;20
7.984;-5.552;-0.975;20
3.208;-3.794;1.56;20
2.367;-2.604;2.812;20
3.623;-0.121;4.613;20
0.335;4.235;3.856;20
-5.933;9.46;-2.966;20
-8.526;28.322;-7.354;20
-2.758;17.53;-7.175;20
0.477;-0.559;-10.875;20
-3.53;-2.228;-4.061;20
-5.02;-4.577;-2.741;20
-5.51;-7.858;-0.296;20
-2.678;-10.828;-0.743;20
3.046;-13.899;-1.975;20
9.071;-15.87;3.538;20
9.183;-14.426;6.548;20
6.853;-11.368;6.011;20
3.567;-6.896;1.875;20
-0.102;-0.286;4.996;20
1.11;15.003;-3.346;20
-6.906;44.287;-14.381;20
-14.944;19.739;0.481;20
-15.371;-13.305;-9.591;20
-2.892;-10.836;-0.002;20
3.767;-2.157;0.885;20
-1.494;7.954;0.523;20
0.543;8.458;1.465;20
4.721;0.179;4.173;20
5.206;-5.836;6.689;20
2.005;-11.093;2.5;20
4.696;-7.942;8.217;20
7.482;-7.04;2.827;20
4.392;-6.213;-0.065;20
2.263;-2.804;2.432;20
2.991;-1.264;1.596;20
3.498;3.337;4.502;20
-2.111;6.647;0.98;20
-6.61;15.259;-0.831;20
-2.879;29.275;-3.747;20
2.935;10.435;-9.301;20
1.458;-1.614;-7.36;20
-4.784;-4.63;-1.505;20
-7.05;-5.724;-2.405;20
-4.76;-6.441;0.269;20
-0.725;-9.854;-1.281;20
4.239;-13.088;-2.289;20
6.896;-14.073;2.076;20
5.988;-14.317;6.057;20
4.963;-12.683;4.184;20
1.489;-7.406;1.939;20
0.122;-1.192;4.498;20
3.712;13.427;-12.208;20
-14.613;45.01;-8.657;20
-15.57;16.733;1.041;20
-9.63;-14.044;-9.118;20
-0.598;-8.179;1.055;20
2.822;0.169;0.975;20
0.58;9.353;-1.963;20
2.771;6.939;2.163;20
4.387;-2.197;7.14;20
4.161;-7.149;6.592;20
0.548;-10.149;3.356;20
5.447;-7.321;7.29;20
8.542;-6.399;2.162;20
4.167;-4.864;1.403;20
1.838;-2.599;2.636;20
3.353;-0.25;3.028;20
1.853;3.758;4.909;20
-4.393;7.412;-3.504;20
-4.07;26.531;-2.054;20
-3.435;23.541;-6.033;20
0.264;2.465;-11.717;20
-4.269;-2.767;-4.511;20
-7.583;-6.438;-0.638;20
-5.072;-7.292;-1.924;20
-1.382;-8.268;-2.466;20
4.166;-11.264;-2.78;20
6.746;-12.265;0.474;20
4.61;-12.401;7.608;20
5.496;-13.597;7.781;20
5.143;-12.639;3.504;20
0.692;-4.336;2.491;20
0.263;4.218;7.832;20
2.129;36.416;-20.253;20
-8.681;39.746;-5.919;20
-17.627;-6.9;-5.422;20
-13.288;-14.672;-4.487;20
0.191;-6.823;1.262;20
-0.291;3.213;1.246;20
1.044;10.133;-0.57;20
7.485;1.921;6.628;20
6.831;-6.16;6.392;20
2.996;-8.39;3.895;20
2.114;-4.869;9.279;20
5.805;-5.262;2.478;20
4.239;-8.0;-0.429;20
1.592;-5.518;1.794;20
0.95;-3.548;2.872;20
2.873;-3.428;2.315;20
3.028;1.61;3.66;20
-2.5;5.92;-0.355;20
-4.08;17.3;-1.807;20
-2.424;36.39;-4.873;20
4.195;15.122;-7.907;20
1.285;-2.443;-5.831;20
-7.455;-5.221;-1.641;20
-9.817;-5.988;-1.835;20
-6.377;-8.593;-1.847;20
1.504;-12.272;-1.419;20
6.864;-15.277;-2.036;20
7.492;-15.946;2.453;20
6.581;-13.308;6.879;20
5.455;-12.29;6.338;20
1.128;-7.803;1.299;20
-2.668;-1.266;3.494;20
0.444;11.12;-2.074;20
-8.036;46.23;-20.046;20
-12.982;25.634;3.974;20
-13.262;-13.39;-5.632;20
-5.427;-10.141;-1.432;20
4.894;-1.079;1.821;20
2.115;6.505;-0.126;20
4.238;7.23;0.904;20
7.482;-1.777;5.095;20
2.512;-4.297;4.033;20
-0.606;-7.816;0.086;20
1.021;-9.482;5.689;19
6.076;-7.997;5.642;20
3.813;-7.71;-0.111;20
0.495;-5.402;0.816;20
0.948;-3.725;2.344;20
3.805;-1.648;2.444;20
3.724;3.992;7.376;20
-2.937;8.709;-2.129;20
-3.775;30.148;-4.132;20
-0.444;33.081;-6.519;20
2.433;3.08;-9.151;20
-3.62;-4.751;-6.203;20
-8.766;-4.231;-2.989;20
-10.164;-5.927;-2.382;20
-6.157;-7.891;-0.52;20
0.912;-11.787;-0.308;20
7.66;-15.631;0.047;20
9.8;-15.804;4.578;20
8.121;-14.575;8.57;20
7.999;-12.772;8.05;20
3.04;-7.791;0.826;20
-1.974;-1.337;0.666;20
0.193;12.712;1.253;20
-4.251;37.579;-17.508;20
-13.612;27.793;2.149;20
-15.551;-7.602;-8.715;20
-7.929;-12.094;-1.281;20
2.864;-4.91;2.005;20
2.241;5.202;0.616;20
3.08;11.162;1.253;20
6.556;3.134;3.862;20
3.585;-1.053;5.981;20
2.722;-4.718;3.317;20
1.041;-10.464;1.472;20
3.147;-8.148;6.048;20
3.893;-8.281;0.342;20
1.315;-7.684;0.108;20
1.145;-4.969;0.873;20
2.811;-3.021;1.59;20
4.315;1.021;5.357;20
-0.623;5.785;2.917;20
-5.229;18.377;-4.768;20
-3.332;41.638;-4.574;20
4.252;10.564;-5.212;20
1.027;-3.934;-9.179;20
-6.757;-3.26;-2.934;20
-9.804;-5.937;-2.231;20
-6.855;-7.775;-0.477;20
-1.623;-9.69;-1.675;20
4.581;-12.662;-1.76;20
6.633;-13.74;2.442;20
7.289;-14.073;6.262;20
6.053;-13.912;5.25;20
4.094;-10.901;3.526;20
-0.538;-3.397;3.857;20
-1.374;6.891;2.678;20
-4.749;32.856;-18.704;20
-16.72;32.371;-4.12;20
-11.159;-6.865;0.348;20
-0.475;-11.099;-3.366;20
4.265;-2.309;0.247;20
1.478;6.215;-0.745;20
-2.597;13.208;-1.636;20
2.801;4.205;3.936;20
4.487;-2.24;3.803;20
1.969;-5.966;-1.867;20
1.371;-13.878;4.636;20
5.666;-10.654;12.11;20
6.083;-6.723;0.654;20
1.473;-6.525;-2.036;20
0.623;-4.137;0.853;20
0.931;-2.897;3.743;20
3.18;-1.305;3.761;20
4.183;3.832;6.718;20
-1.051;6.853;1.078;20
-3.789;24.506;-1.956;20
1.716;28.666;-6.189;20
2.9;4.531;-7.469;20
-2.507;-1.775;-5.804;20
-8.595;-0.5;-1.548;20
-14.117;-1.648;-5.291;20
-11.041;-4.59;-6.044;20
-1.352;-9.086;-2.378;20
5.927;-11.764;1.342;20
7.656;-14.106;1.588;20
7.52;-13.256;5.165;20
7.38;-13.017;5.552;20
5.791;-13.306;1.239;20
-0.078;-8.343;-0.484;20
-1.459;2.425;7.577;20
1.804;22.815;-9.181;20
-11.701;48.588;-11.6;20
-9.199;6.542;3.633;20
-7.453;-11.49;-7.44;20
-2.469;-6.428;-0.164;20
0.021;-1.224;3.06;20
-2.071;6.101;-0.339;20
1.341;5.648;0.787;20
6.101;-2.352;5.893;20
3.701;-3.699;3.407;20
3.527;-5.724;3.982;20
3.994;-10.078;2.933;20
4.081;-11.543;3.12;20
5.424;-9.035;3.078;20
3.016;-5.934;1.183;20
1.745;-2.963;0.355;20
3.59;-0.474;2.329;20
2.382;4.423;5.511;20
-3.981;9.379;-0.996;20
-4.139;24.065;-3.962;20
-2.974;27.736;-5.952;20
-0.282;5.094;-8.416;20
-2.672;-2.762;-4.686;20
-6.711;-3.156;-2.829;20
-8.021;-3.048;-3.52;20
-5.067;-4.541;-1.98;20
0.818;-7.782;-0.433;20
2.924;-11.031;-0.053;20
5.124;-12.534;0.762;20
6.328;-13.174;4.506;20
6.866;-13.883;4.931;20
5.058;-12.842;5.156;20
1.616;-6.04;3.523;20
1.359;3.113;2.453;20
-1.848;27.116;-11.93;20
-14.914;44.53;-3.303;20
-11.404;3.131;-0.341;20
-9.326;-13.478;-4.194;20
1.706;-8.004;0.315;20
4.416;1.931;0.96;20
2.883;12.187;-0.931;20
6.064;6.629;3.822;20
4.558;-1.581;6.217;20
1.602;-3.228;0.52;20
2.105;-7.777;1.872;20
2.975;-11.997;2.469;19
4.279;-8.814;3.781;20
3.051;-7.99;0.964;20
0.245;-7.713;1.038;20
-0.063;-5.92;1.148;20
1.256;-4.692;1.026;20
3.193;-2.823;0.033;20
2.897;2.02;4.745;20
-3.971;10.696;-0.668;20
-8.606;32.121;0.965;20
-0.387;31.809;-7.957;20
3.932;3.632;-11.013;20
-4.321;-0.518;-2.722;20
-10.682;-1.223;-1.1;20
-11.573;-3.08;-4.519;20
-5.94;-6.036;-5.087;20
1.11;-8.992;-1.97;20
3.866;-11.701;1.585;20
5.454;-14.073;1.938;20
6.875;-14.9;1.418;20
6.095;-14.641;4.771;20
5.904;-12.409;6.728;20
2.161;-6.82;2.345;20
0.457;-0.353;-2.796;20
0.041;9.736;7.079;20
-2.791;30.727;4.448;20
1.67;31.891;-3.956;20
-1.553;-5.908;0.74;20
-13.786;-11.46;-8.394;20
-11.094;-4.346;-4.963;20
-1.622;-2.508;-1.962;20
0.025;5.337;-1.235;20
5.369;9.564;1.742;20
6.938;5.285;1.695;20
1.322;1.865;0.337;20
-1.37;2.213;-1.08;20
-0.595;0.752;-0.665;20
-0.111;-3.884;1.841;20
0.79;-9.219;1.264;20
2.395;-11.523;2.345;20
5.779;-7.727;4.611;20
4.923;-5.215;2.152;20
3.78;-5.092;1.486;20
3.613;-3.401;0.197;20
2.594;-1.326;3.609;20
-0.463;2.995;4.011;20
-5.282;8.346;-1.464;20
-4.717;22.152;3.789;20
0.218;25.032;-0.069;20
5.131;2.67;-4.468;20
2.413;-6.787;-5.065;20
-2.724;-6.317;1.891;20
-4.941;-4.351;-4.012;20
-5.409;-1.253;-5.345;20
-3.87;-0.324;-3.529;20
-1.564;-2.15;-2.739;20
0.217;-4.026;-0.425;20
1.51;-5.555;-0.829;20
1.435;-7.114;-2.24;20
0.179;-7.293;-1.609;20
-0.623;-6.228;-0.734;20
-0.946;-4.639;-0.63;20
-1.596;-2.295;-1.361;20
-2.328;0.551;-1.419;20
-2.887;3.809;-0.419;20
-1.822;4.496;-1.44;20
0.739;1.429;-0.877;20
3.246;3.192;5.087;20
2.229;4.461;2.424;20
0.474;6.162;5.271;20
3.938;7.974;8.176;20
1.371;7.146;-1.997;20
-1.326;-0.9;-1.228;20
-1.291;-3.66;3.88;20
-1.015;-2.184;-0.331;20
-0.329;-2.853;-0.281;20
0.57;-0.664;1.335;20
0.683;1.827;1.462;20
0.765;2.629;2.478;20
2.032;0.807;1.219;20
2.249;-0.331;-0.26;20
0.966;-1.365;0.172;20
-0.191;-2.744;0.153;20
-0.601;-3.274;-0.226;20
-0.771;-2.983;-0.41;20
-0.61;-2.111;-0.772;20
-0.642;-0.54;-0.417;20
-0.422;0.419;-0.164;20
0.184;0.364;-0.102;20
0.584;0.291;-0.18;20
0.325;0.6;-0.283;20
-0.099;0.583;-0.05;20
-0.253;0.048;0.267;20
-0.016;-0.085;0.708;20
-0.081;0.477;0.316;20
-0.53;2.078;0.541;20
-0.324;3.483;1.103;20
0.697;2.926;1.217;20
1.295;1.471;0.515;20
1.308;0.071;0.311;20
1.218;-0.64;0.157;20
1.152;-1.031;-0.412;20
0.936;-1.092;-1.227;20
0.592;-0.493;-1.55;20
0.026;0.122;-1.641;20
-0.383;0.326;-1.462;20
-0.355;-0.055;-1.093;20
-0.18;-0.94;-0.598;20
0.236;-1.566;-0.413;20
0.67;-1.554;-0.247;20
0.863;-1.017;0.001;20
0.835;-0.182;-0.218;20
0.519;0.31;-0.694;20
0.154;0.095;-1.011;20
-0.373;-0.284;-1.015;20
-0.625;-0.667;-1.194;20
-0.629;-0.642;-1.014;20
-0.458;-0.319;-0.637;20
-0.421;-0.028;-0.112;20
0.002;-0.187;-0.493;20
-0.043;-0.494;-0.383;20
-0.196;-0.55;-0.709;20
-0.592;-0.335;-0.69;20
-1.031;0.381;-0.315;20
-1.249;0.912;-0.378;20
-1.1;1.428;-0.107;20
-0.669;1.635;-0.12;20
0.022;0.967;0.124;20
0.535;0.191;0.532;20
0.704;-0.299;0.472;20
0.351;-0.425;0.14;20
-0.231;-0.13;-0.231;20
-0.367;-0.235;0.065;20
-0.07;-0.481;0.199;19
-0.033;-0.517;0.569;20
-0.046;-0.427;0.458;20
0.0;-0.16;0.257;20
-0.111;-0.279;0.54;20
-0.208;-0.351;0.257;20
-0.217;-0.169;0.011;20
-0.337;-0.217;0.29;20
-0.401;-0.26;0.123;20
-0.473;-0.005;0.072;20
-0.494;0.13;0.313;20
-0.376;0.119;0.258;20
-0.179;0.138;0.118;20
-0.021;0.042;-0.001;20
-0.26;-0.071;-0.091;20
-0.385;-0.187;-0.134;20
-0.331;-0.188;-0.215;20
-0.246;0.0;-0.198;20
-0.166;0.048;-0.131;20
-0.222;0.021;-0.038;20
-0.202;0.019;-0.028;20
-0.096;0.026;0.009;20
0.044;0.053;0.036;20
0.085;0.102;0.065;20
0.077;0.169;0.121;20
0.162;0.122;0.177;20
0.204;0.058;0.196;20
0.224;0.123;0.166;20
0.31;0.124;0.164;20
0.294;0.219;0.191;20
0.279;0.182;0.118;20
0.204;0.017;0.05;20
0.117;-0.001;-0.06;20
0.111;0.074;-0.09;20
0.072;0.008;-0.174;20
0.086;-0.093;-0.047;20
0.123;-0.094;-0.016;20
0.137;-0.003;-0.047;20
0.131;0.016;0.037;20
0.06;0.04;0.014;20
-0.053;0.098;-0.077;20
-0.08;0.084;-0.132;20
-0.055;-0.007;-0.134;20
-0.114;-0.013;-0.168;20
-0.189;0.009;-0.121;20
-0.15;0.062;-0.109;20
-0.008;0.079;-0.061;20
0.147;0.082;0.03;20
0.193;0.042;0.062;20
0.178;0.022;0.068;20
0.201;-0.033;0.087;20
0.297;-0.053;0.15;20
0.239;0.05;0.247;20
0.36;0.041;0.287;20
0.35;0.045;0.183;20
0.282;-0.044;0.197;20
0.222;-0.128;0.153;20
0.012;-0.053;-0.118;20
-0.29;0.005;-0.352;20
-0.313;-0.102;0.293;20
-0.525;-0.133;-0.426;20
-0.535;-0.154;-0.366;20
-0.38;-0.078;-0.152;20
-0.2;-0.031;-0.092;20
-0.035;-0.015;-0.074;20
-0.01;-0.005;-0.008;20
0.029;-0.056;0.022;20
0.037;-0.12;-0.007;20
0.087;-0.172;-0.069;20
0.065;-0.118;-0.11;20
-0.031;0.0;-0.183;20
-0.065;0.084;-0.121;20
-0.082;0.052;-0.111;20
0.029;0.01;-0.081;20
0.032;0.039;-0.085;20
0.01;0.033;0.002;20
0.123;0.03;0.079;20
0.024;0.044;0.02;20
-0.081;0.029;-0.031;20
0.032;0.047;-0.028;20
-0.018;-0.006;-0.029;20
-0.003;-0.055;-0.07;20
0.413;0.01;0.012;20
0.123;0.031;0.106;20
-0.048;0.107;0.06;20
-0.142;0.103;0.11;20
0.048;-0.003;0.147;20
0.246;-0.029;0.104;20
0.236;0.036;0.061;20
0.066;0.101;0.023;20
-0.228;0.076;0.044;20
-0.397;-0.058;-0.054;20
-0.459;-0.085;-0.174;20
-0.305;-0.186;-0.102;20
-0.152;-0.182;-0.178;20
-0.126;-0.158;-0.189;20
-0.145;-0.14;-0.066;20
-0.254;-0.076;-0.12;20
-0.265;-0.015;-0.093;20
-0.292;0.033;0.049;20
-0.239;0.024;0.031;20
-0.202;0.0;-0.023;20
-0.083;-0.051;-0.035;20
-0.01;-0.048;-0.075;20
0.042;-0.033;-0.041;20
-0.013;-0.027;0.005;20
-0.143;-0.059;0.026;20
-0.222;-0.046;0.09;20
-0.191;-0.115;0.029;20
-0.113;-0.106;-0.068;20
-0.117;-0.125;-0.097;20
-0.159;-0.085;-0.062;20
-0.225;0.026;-0.004;20
-0.164;0.037;0.054;20
-0.027;-0.035;0.029;20
-0.011;-0.077;0.071;20
-0.059;-0.095;0.051;20
-0.09;-0.023;-0.024;20
-0.1;0.035;-0.086;20
-0.205;0.016;-0.086;20
-0.318;-0.064;-0.065;20
-0.344;-0.056;-0.024;20
-0.288;-0.057;0.0;20
-0.32;-0.04;0.008;20
-0.296;-0.036;0.074;20
-0.258;-0.017;0.151;20
-0.161;-0.005;0.217;20
-0.041;0.021;0.306;20
0.037;0.087;0.355;20
0.062;0.105;0.408;20
0.116;0.032;0.408;20
0.119;0.054;0.365;20
0.122;0.129;0.41;19
0.27;0.176;0.477;20
0.391;0.221;0.474;20
0.434;0.259;0.578;20
0.434;0.181;0.63;20
0.526;0.18;0.422;20
0.489;0.184;0.374;20
0.526;0.217;0.442;20
0.506;0.195;0.404;20
0.453;0.165;0.267;20
0.36;0.151;0.203;20
0.251;0.099;0.146;20
0.148;0.063;0.093;20
0.094;0.033;0.053;20
0.093;-0.006;0.044;20
0.121;-0.064;0.078;20
0.063;-0.027;0.083;20
0.055;0.048;0.129;20
0.073;0.104;0.148;20
0.135;0.169;0.157;20
0.162;0.091;0.109;20
0.172;0.028;0.078;20
0.144;-0.015;0.036;20
0.071;-0.108;0.069;20
-0.036;-0.11;0.041;20
-0.151;-0.011;0.032;20
-0.194;0.048;0.066;20
-0.201;0.024;0.141;20
-0.142;0.086;0.144;20
-0.069;0.004;0.099;20
-0.073;-0.058;0.005;20
-0.133;-0.033;-0.033;20
-0.162;-0.001;-0.002;20
-0.148;-0.012;-0.014;20
-0.146;0.003;-0.022;20
-0.095;-0.018;0.012;20
-0.036;-0.005;0.009;20
-0.052;0.027;0.07;20
-0.021;0.024;0.05;20
0.024;-0.042;0.06;20
-0.006;-0.018;0.058;20
0.031;0.0;0.007;20
0.008;-0.068;-0.014;20
-0.029;-0.081;0.014;20
-0.071;-0.021;-0.018;20
-0.103;0.015;-0.017;20
-0.084;0.011;-0.015;20
-0.041;-0.032;-0.065;20
-0.039;-0.014;-0.061;20
-0.039;-0.047;-0.059;20
-0.042;-0.046;-0.087;20
-0.029;0.002;-0.111;20
-0.043;0.0;-0.044;20
-0.039;0.009;0.001;20
-0.002;0.014;-0.001;20
0.023;-0.001;-0.016;20
0.01;-0.042;-0.044;20
-0.044;-0.051;-0.07;20
-0.04;-0.037;-0.074;20
-0.07;-0.01;-0.062;20
-0.076;0.021;-0.025;20
0.004;0.008;-0.032;20
0.025;-0.029;-0.061;20
0.037;-0.056;-0.022;20
0.034;-0.033;-0.031;20
-0.001;0.006;-0.015;20
-0.042;0.04;0.016;20
-0.042;0.038;0.001;20
-0.023;0.038;-0.026;20
0.043;-0.003;-0.03;20
0.123;-0.042;-0.018;20
0.156;-0.001;-0.005;20
0.13;0.041;0.0;20
0.082;0.07;0.059;20
0.087;0.063;0.081;20
0.061;0.007;0.036;20
0.052;-0.032;0.002;20
0.028;-0.074;0.006;20
0.014;-0.032;-0.075;20
-0.047;0.067;-0.02;20
0.002;0.073;0.084;20
0.088;0.019;0.046;20
0.123;-0.002;0.022;20
0.115;-0.01;0.022;20
0.069;-0.039;-0.003;20
0.008;-0.037;-0.029;20
-0.003;0.024;0.01;20
-0.009;0.043;0.039;20
-0.008;0.025;0.026;20
-0.007;-0.026;-0.029;20
-0.024;-0.012;-0.046;20
0.001;0.0;-0.007;20
0.04;0.001;0.002;20
0.047;0.031;0.008;20
0.074;0.021;0.044;20
0.108;-0.001;0.029;20
0.047;0.011;0.024;20
0.015;0.027;-0.015;20
0.011;0.009;-0.05;20
-0.039;0.032;-0.036;20
0.042;0.018;0.008;20
0.068;0.033;0.013;20
0.057;0.041;0.102;20
0.068;-0.047;0.073;20
0.042;-0.059;0.031;20
-0.007;0.017;0.075;20
-0.01;0.022;0.124;20
-0.005;0.024;0.122;20
0.031;0.026;0.103;20
0.056;0.008;0.082;20
0.014;0.007;0.078;20
-0.021;-0.001;0.062;20
0.002;-0.01;0.103;20
0.001;-0.009;0.077;20
-0.037;-0.031;0.042;20
-0.225;-0.164;0.087;20
-0.554;-0.139;0.0;20
-0.763;-0.032;-0.153;20
-0.637;0.134;-0.039;20
-0.352;0.129;0.139;20
0.073;-0.01;-0.014;20
-0.087;-0.326;0.297;20
-0.134;-0.33;0.142;20
-0.187;-0.2;0.119;20
-0.427;-0.158;0.075;20
0.134;-0.13;0.125;20
-0.622;0.227;0.042;20
-1.235;0.278;-0.358;20
-1.635;-0.176;-0.428;20
-2.069;-0.404;-0.223;20
-2.345;-0.542;-0.076;20
-1.789;-0.758;-0.144;19
-1.399;-0.647;0.057;20
-1.226;-0.255;0.556;20
-0.037;-0.001;0.714;20
0.984;-0.072;1.371;20
1.612;0.538;1.191;20
2.052;0.323;1.296;20
2.343;-0.133;0.772;20
2.326;-0.538;0.263;20
8.124;-2.623;0.252;20
9.211;-1.817;-0.527;20
-12.322;4.452;4.208;20
-10.952;1.715;0.154;20
2.08;1.599;-4.202;20
0.261;3.237;-0.177;20
-0.43;0.658;-0.897;20
2.287;-1.759;-1.051;20
0.45;-1.268;-0.801;20
-0.305;-2.163;-0.359;20
-0.115;-1.522;-0.431;20
3.138;-0.988;-0.556;20
2.078;-0.652;-0.658;20
-2.507;1.262;1.141;20
-2.496;0.284;-0.253;20
-3.249;1.256;0.084;20
-2.389;1.712;0.073;20
0.003;0.431;0.363;20
2.044;-1.42;0.245;20
0.311;-0.075;0.277;20
3.971;-0.525;1.312;20
0.236;0.991;-0.742;20
-0.321;1.181;1.207;20
0.271;0.759;1.248;20
-0.195;-0.532;-1.931;20
1.104;-0.921;-0.302;20
0.073;1.697;1.944;20
-0.106;2.318;-1.471;20
-0.49;1.595;-0.92;20
-2.019;1.977;-1.656;20
-2.462;1.505;-1.4;20
-1.075;1.326;0.639;20
-0.183;2.058;1.581;20
0.619;0.223;1.106;20
0.881;0.289;1.55;20
0.838;0.758;1.408;20
0.793;0.803;1.243;20
-0.553;2.652;2.018;20
-1.341;3.046;1.253;20
0.226;2.52;2.005;20
0.846;0.588;3.67;20
3.34;-3.575;3.145;20
4.823;-7.173;0.996;20
3.869;-7.258;1.082;20
3.68;-9.604;2.905;20
2.096;-11.664;6.064;20
1.438;-12.078;9.153;20
2.282;-12.144;14.595;20
2.206;-9.949;6.623;20
2.322;-6.893;-1.231;20
2.566;-3.763;-1.407;20
3.323;-1.063;0.257;20
2.663;0.632;-0.73;20
2.146;-0.274;-2.446;20
1.699;0.13;1.04;20
1.072;1.898;4.459;20
0.414;1.97;2.308;75
0.225;2.218;2.655;20
-0.13;2.159;2.255;20
-0.429;1.692;2.446;20
-0.438;1.242;2.546;20
-0.691;0.72;1.417;20
-1.088;0.012;0.165;20
-1.378;-0.214;0.406;20
-1.781;-0.228;-1.506;20
-1.827;-0.137;2.56;20
-1.082;0.0;4.106;20
-0.337;-0.079;0.884;20
-0.396;0.447;0.373;20
-0.305;0.599;1.169;20
0.038;-0.065;2.513;20
-0.847;-0.281;4.656;20
-0.963;-0.355;-1.672;20
-1.129;0.689;-2.329;20
-0.913;1.099;-2.141;19
-0.318;0.306;-0.409;20
-0.352;0.123;0.699;20
-0.384;0.445;0.697;20
-0.407;0.902;0.145;20
-0.544;1.104;-0.12;20
-0.466;1.075;-0.49;20
-0.418;0.813;-1.531;20
-0.42;0.573;-1.316;20
-0.296;0.747;-1.378;20
-0.1;1.145;-0.72;20
0.001;1.138;-0.016;20
0.142;0.908;-0.453;20
0.111;0.743;-0.121;20
0.062;0.758;-0.372;20
0.064;0.723;-0.471;20
0.225;0.765;-0.729;20
0.379;0.525;-0.725;20
0.455;0.317;-0.144;20
0.278;0.412;-0.122;20
0.272;0.6;-0.331;20
0.171;0.562;-0.022;20
0.016;0.656;-0.337;20
-0.135;0.746;-0.194;20
-0.133;0.59;-0.367;20
-0.057;0.301;-0.315;20
-0.516;0.301;-1.743;20
-0.696;0.546;1.562;20
-0.506;0.618;1.481;19
-0.416;0.81;0.041;20
-0.547;0.593;-1.628;20
-0.189;-0.041;-1.181;20
0.095;-0.299;-0.285;20
0.262;-0.137;-0.368;20
0.331;-0.141;0.085;20
0.387;-0.376;0.467;20
0.213;-0.329;1.043;20
0.133;-0.052;1.143;20
-0.08;-0.002;0.349;20
-0.205;0.118;-0.049;20
-0.207;0.121;-0.11;20
-0.123;0.044;0.024;20
-0.153;0.112;0.199;20
-0.209;0.077;-0.219;20
-0.191;-0.048;-0.314;20
-0.066;-0.105;-0.342;20
-0.042;-0.094;-0.234;20
-0.038;-0.164;-0.093;20
-0.096;-0.07;0.183;20
-0.174;0.165;-0.043;20
-0.198;0.088;-0.003;20
-0.193;0.011;-0.195;20
-0.153;0.058;-0.17;20
-0.158;-0.039;-0.198;20
-0.179;0.001;-0.154;20
-0.223;0.201;0.071;20
-0.174;0.227;0.25;19

# Completed @Wed Jan 06 21:31:51 GMT+02:00 2021
