# Accelerometer Data File
# Started @Wed Jan 06 21:03:52 GMT+02:00 2021
#
#
# sensor Vendor: BOSCH
# sensor Name: BMI160 Accelerometer Non-wakeup
# sensor Resolution: 0.0023928226m/sec^2; Max Range: 78.4532; Min Delay: 2500 microseconds
# The sensor's attributes are the result hardware and the Android capabilities.
# It means that the Android may not utilize all features provided by the hardware.
#
# Some devices and Android versions save battery too much so the device may go to sleep.
# It just happens after couple of minutes from turning off the scree and it is easy to find it out.
#
# The following file provides the data from accelerometer in the m/s^2 format.
# The diff value is just a time delta between the samples
#
#
# data format:
# so we have 4 columns with values separated by the ";"
# X;Y;Z;time_from_previous_sample(ms)

# sensor speed set to:NORMAL
# units set to: m/sec^2
# gravity  filtered out
# Accuracy: HIGH
-2.211;5.373;7.908;0
-2.02;5.625;6.657;19
-1.25;4.589;5.427;20
-0.295;2.405;5.994;20
0.261;0.474;5.871;20
0.605;0.852;5.594;20
0.891;-0.017;4.087;20
1.279;-1.628;3.819;20
1.262;-1.951;3.622;20
0.739;-0.604;3.461;20
-0.233;1.55;2.837;20
-0.872;2.879;2.44;20
-0.981;2.844;2.399;20
-0.769;2.012;2.455;20
-0.386;0.988;2.402;20
0.062;0.38;1.864;20
0.359;0.162;1.339;20
0.424;-0.018;1.256;20
0.28;0.248;1.404;20
-0.038;0.666;1.689;20
-0.857;1.387;0.926;20
-0.875;2.626;0.294;20
-0.375;1.579;0.583;20
0.337;-0.782;1.106;20
0.461;-0.917;0.279;20
0.285;0.14;-0.376;20
0.215;0.109;-0.756;20
0.189;-0.256;-0.432;20
-0.162;-0.269;-0.339;19
-0.456;-0.339;0.788;20
-0.605;0.421;1.844;20
-0.555;0.308;1.371;20
-0.44;-0.312;2.131;20
-0.398;0.011;2.157;20
-0.008;-0.571;0.339;20
0.226;-0.651;-0.001;20
0.2;-0.312;-0.718;20
0.143;-0.165;-0.05;20
0.287;-0.687;0.302;20
0.085;-1.082;1.267;20
-0.045;-0.78;0.594;20
-0.027;-0.525;-0.143;20
-0.261;-0.494;-0.406;20
-0.435;-0.914;0.233;20
-0.525;-0.74;1.349;20
-0.321;-0.538;0.916;20
0.019;-0.106;1.068;20
0.535;-0.236;0.865;20
0.785;-1.456;0.694;20
0.929;-0.635;1.128;20
0.879;0.123;0.224;20
0.847;0.588;-1.435;20
0.67;0.803;-0.577;20
1.181;-1.455;2.707;20
1.71;-3.691;1.836;20
1.64;-2.678;-2.505;20
1.622;-0.668;-2.753;20
1.636;0.023;-1.628;20
0.905;0.295;-2.033;20
-0.522;1.417;-3.836;20
-1.736;2.385;-3.999;20
-2.61;3.088;-2.809;20
-3.039;3.151;-3.237;20
-3.457;3.505;-2.529;20
-3.635;9.365;-2.82;80
-2.52;6.419;-3.918;20
-1.789;3.598;-1.591;20
-2.886;1.76;-2.928;20
-3.09;2.075;0.347;20
-3.079;0.269;-0.931;20
-2.856;1.591;-4.424;20
-3.487;3.998;-7.163;19
-3.873;2.003;-3.19;20
-3.285;1.66;-4.945;20
-2.095;2.769;-3.039;20
-1.204;2.251;0.598;21
-0.97;1.34;-2.04;19
-1.613;0.753;-2.686;20
0.14;0.519;0.373;20
0.355;-0.93;0.147;20
3.331;1.696;-2.591;20
14.113;-2.732;-8.869;20
5.74;-0.643;-11.164;20
-2.535;5.287;2.078;20
-5.254;7.338;11.869;20
-4.265;3.801;7.383;20
-1.272;-0.976;-0.026;20
0.778;-2.896;-1.683;20
-0.851;-0.509;-2.985;20
-2.394;3.984;-1.935;20
-2.267;2.323;2.247;20
-0.296;-1.509;3.181;20
0.178;-3.529;5.601;20
1.197;-3.897;2.97;20
1.089;-3.416;-0.044;20
-1.571;2.226;-3.792;20
-1.655;2.199;-1.881;20
-5.208;3.378;3.49;20
2.672;-4.923;-0.717;20
2.092;-6.146;-2.414;20
0.539;-3.712;-3.283;20
-5.964;2.49;2.983;20
-7.184;1.147;-4.682;20
-2.276;-1.256;-4.04;20
-1.463;-2.165;-2.633;20
-1.511;-2.276;-2.091;20
-1.495;-2.959;-2.674;20
-0.236;-6.451;-4.061;20
0.01;-4.953;-0.796;20
0.54;-1.029;-1.233;20
2.271;1.274;-1.391;20
-0.976;-0.929;0.164;20
-3.212;-1.897;0.647;20
-3.815;1.368;-1.029;20
-0.96;4.969;2.135;20
1.166;6.064;1.665;20
1.284;3.131;1.138;20
1.5;2.41;1.721;20
0.824;2.928;0.94;20
1.13;-0.509;0.84;20
0.175;-4.754;2.409;20
-4.196;-1.476;-0.327;20
-7.785;1.316;-2.266;20
-2.974;-1.632;-2.512;20
-1.4;-3.253;2.948;20
-4.97;-2.104;-3.458;20
-6.229;-3.609;-1.038;20
-5.173;-5.914;-1.372;20
-2.052;-7.472;-0.459;20
-4.845;-6.011;8.14;20
3.833;-3.397;2.395;20
4.634;2.132;-3.051;20
8.131;7.167;-4.865;20
4.514;5.648;-4.552;20
1.767;0.374;-1.932;20
-2.713;-0.555;1.015;20
0.162;1.422;-1.428;20
-6.754;3.417;1.639;20
1.574;2.294;2.65;20
-1.66;2.641;-3.083;20
8.594;-1.931;9.327;20
-1.081;-4.697;5.265;20
-0.355;-1.46;2.675;20
-5.896;0.801;-4.237;20
-4.071;-0.308;-0.246;20
-0.007;-2.39;1.024;20
-0.114;-3.574;0.005;20
4.233;-2.434;-5.042;20
10.139;3.44;-5.414;20
14.828;8.812;1.603;20
5.44;13.01;1.456;20
5.672;2.356;-1.855;20
0.176;1.486;-2.29;20
-0.558;0.316;-4.488;20
-2.602;1.013;1.69;20
3.137;0.114;-0.936;20
6.341;-0.1;-2.9;20
0.636;1.928;1.428;20
1.355;2.312;1.69;20
3.257;0.112;4.323;20
1.225;1.823;0.26;20
-2.181;2.568;-1.217;20
-0.32;-15.255;-5.958;20
-2.65;-9.934;-3.005;20
8.332;9.903;-2.947;20
6.846;5.634;0.494;20
-2.159;-0.032;5.457;20
-2.53;7.221;5.109;20
-1.583;6.156;3.786;20
1.601;6.185;3.587;20
3.559;4.638;2.906;20
3.494;2.385;1.482;20
3.279;1.115;1.493;20
3.564;0.333;-2.17;20
1.428;-1.989;-7.723;20
-1.341;-3.394;-9.735;20
-1.168;-1.625;-4.244;20
-1.077;-5.187;0.116;20
-5.205;-6.189;2.567;20
-3.27;-0.571;0.34;20
-0.568;0.264;-1.86;20
-0.192;0.207;-0.641;20
0.207;0.587;-0.04;20
0.625;1.057;1.372;20
1.008;0.892;1.359;20
1.01;0.387;0.571;20
1.013;0.296;0.61;20
0.811;1.72;1.296;20
0.593;-0.246;-2.525;20
0.001;0.785;-1.081;20
-0.613;2.172;0.025;20
-1.14;-1.257;6.532;20
-2.923;2.741;-3.34;20
-1.667;2.059;-0.793;20
1.053;1.54;-2.158;20
1.952;0.94;-1.339;20
2.422;0.062;-0.056;20
2.913;-0.779;0.048;20
2.008;-0.538;0.208;20
0.947;0.665;0.291;20
1.201;3.441;-0.214;20
0.939;6.096;-2.605;20
0.941;7.205;-3.023;20
-0.449;6.296;-3.359;20
-0.913;2.26;-3.126;20
-1.726;-0.346;-0.227;20
-2.445;-2.006;-2.635;20
-1.735;-3.378;-3.919;20
-1.615;-4.754;-3.728;20
-1.941;-6.369;-0.635;20
-0.616;-8.835;1.579;20
1.759;-10.89;1.387;20
2.794;-11.497;0.813;19
2.855;-10.377;1.626;20
3.006;-8.509;1.77;20
3.899;-4.901;5.368;20
3.516;0.089;5.258;20
2.354;6.926;0.107;20
-3.034;19.248;-5.219;20
-3.918;8.945;2.504;20
-6.071;-2.451;-2.23;20
-3.072;-0.147;-0.53;20
-2.159;3.989;-1.173;20
0.393;5.73;0.845;20
2.227;5.922;0.232;20
2.677;4.407;-1.178;20
-0.321;5.228;-2.496;20
-2.075;5.195;0.868;20
-0.538;2.756;2.507;20
1.652;-1.553;5.494;20
1.62;-5.789;2.987;20
1.32;-7.738;2.593;20
1.956;-8.307;2.241;20
1.578;-9.239;-0.361;20
1.442;-7.959;0.127;20
1.86;-5.457;0.074;20
3.84;-2.964;3.112;20
2.259;0.809;3.894;20
-2.492;6.052;-0.952;20
-3.721;16.252;-0.771;20
2.83;13.122;-3.665;20
4.697;5.56;-1.375;20
0.82;6.354;-3.332;20
-3.964;4.508;-4.159;20
-6.103;2.611;-6.793;20
-5.726;-0.395;-4.13;20
-4.038;-3.935;-1.86;20
-2.637;-6.173;1.035;20
0.396;-9.279;0.721;20
1.864;-11.482;0.291;20
2.736;-12.189;2.476;20
3.391;-11.625;2.767;20
3.848;-9.933;1.851;20
4.118;-6.106;4.003;20
2.67;-0.795;5.975;20
2.175;8.032;1.974;20
-2.835;24.882;-8.103;20
-3.228;7.409;-0.096;20
-9.314;-2.531;-3.373;20
-6.27;-1.769;-2.392;20
-0.62;2.569;-2.068;20
1.055;6.037;-1.016;20
1.82;5.865;-1.074;20
1.918;5.425;0.195;20
0.742;5.846;3.187;20
0.428;2.712;4.622;20
1.343;-2.891;4.548;20
3.085;-6.905;4.175;20
2.971;-7.968;3.947;20
2.253;-9.386;1.345;20
1.339;-9.477;-0.097;20
1.852;-6.911;-0.345;20
2.851;-3.89;1.717;20
1.977;-0.491;2.919;20
-2.385;4.272;-0.462;20
-5.641;16.664;-2.841;20
-0.363;22.524;-5.935;20
5.024;7.286;-2.818;20
1.387;4.548;-3.921;20
-4.29;1.085;-2.894;20
-5.38;-1.449;-5.646;20
-4.792;-4.895;-3.03;20
-4.438;-8.125;1.245;20
-1.482;-11.354;0.121;20
1.629;-12.823;-0.281;20
3.185;-13.367;2.139;20
3.57;-12.104;3.422;20
3.711;-9.612;1.59;20
1.816;-4.881;2.824;20
3.7;2.535;9.01;20
1.034;24.522;-7.531;20
-1.594;23.336;-2.983;20
-6.466;-0.012;-3.896;20
-9.447;-4.956;-2.292;20
-2.887;-1.596;0.33;20
-0.722;5.607;0.095;20
1.654;11.189;-2.274;20
4.331;5.17;2.435;20
1.994;2.605;4.402;20
0.81;1.147;0.627;20
0.936;-4.634;2.736;20
1.156;-9.396;2.406;20
3.021;-8.539;5.683;20
1.441;-8.658;0.957;20
0.908;-8.123;0.679;20
1.538;-5.964;0.326;20
2.962;-3.241;1.051;20
3.203;1.286;6.507;20
-2.846;5.191;0.06;20
-5.781;15.499;-0.808;20
3.67;20.929;-0.935;20
7.619;6.672;-4.289;20
2.878;4.092;-4.656;20
-3.891;2.531;-2.689;20
-7.85;1.465;-6.106;20
-7.406;-1.431;-5.056;20
-4.996;-5.578;0.303;20
-2.039;-9.12;0.575;20
-0.009;-11.999;-1.675;20
2.166;-14.051;-0.749;20
2.95;-14.238;2.125;20
3.016;-12.537;2.48;20
3.251;-8.55;0.083;20
1.891;-2.794;4.277;20
4.184;7.959;8.51;20
0.214;33.572;-10.248;20
-3.094;13.798;-1.594;20
-12.143;-2.658;-3.424;20
-7.683;-2.391;-0.743;20
-1.885;0.685;0.648;20
1.348;5.064;0.626;20
3.777;3.231;0.402;20
2.715;2.733;2.326;20
3.84;3.737;3.35;20
1.743;3.709;1.191;20
2.706;-1.57;5.234;20
2.018;-8.288;0.662;20
0.356;-10.78;1.117;20
0.035;-10.086;1.54;20
1.797;-9.082;1.849;20
1.382;-6.699;-0.598;20
2.332;-4.176;-0.3;20
3.829;0.34;6.163;20
-1.484;6.591;1.976;20
-6.763;18.286;-4.183;20
-0.825;30.363;-4.412;20
9.799;5.814;-2.567;20
3.782;1.297;-4.708;20
-3.586;-0.937;-2.072;20
-7.614;-0.411;-6.233;20
-7.21;-1.528;-5.041;20
-4.42;-5.286;1.799;20
-1.509;-8.943;2.836;19
0.685;-12.091;-1.106;20
2.597;-13.847;-0.599;20
4.218;-13.152;3.213;20
4.373;-11.702;2.602;20
2.85;-8.632;1.211;20
1.29;-2.951;4.06;20
2.934;4.668;6.155;20
-0.411;24.27;-9.902;20
-3.465;19.069;-3.306;20
-10.264;0.11;-2.036;20
-9.249;-0.948;-2.6;20
-2.388;1.452;-1.27;20
-0.364;5.024;-2.153;20
2.972;6.574;-2.067;20
5.246;4.387;4.08;20
3.46;1.257;4.74;20
0.84;0.172;1.318;20
-0.015;-6.499;2.933;20
1.11;-7.682;6.362;20
1.994;-6.154;4.65;20
2.177;-8.313;1.201;20
1.891;-7.814;-0.816;20
2.065;-5.864;1.522;20
2.195;-4.087;1.464;20
3.846;-0.618;6.203;20
-0.738;3.786;1.365;20
-4.52;13.615;-2.59;20
-0.306;28.078;-1.373;20
7.235;9.102;-5.243;20
3.707;3.889;-4.83;20
-4.275;2.874;-3.189;20
-9.144;0.483;-6.237;20
-9.609;-2.065;-5.498;20
-5.685;-6.18;-0.217;20
-1.634;-9.479;2.112;20
1.071;-12.23;-0.937;20
2.797;-13.702;-0.324;20
4.07;-13.179;3.003;20
4.723;-11.466;3.164;20
4.623;-8.703;2.083;20
2.254;-3.664;3.222;20
1.514;3.091;1.905;20
-2.369;25.077;-7.391;20
-8.663;27.33;-2.978;20
-5.869;-2.564;0.26;20
-4.031;-2.349;-2.948;20
0.251;2.34;-2.365;20
0.552;7.44;-0.785;20
2.426;7.018;-0.08;20
3.104;1.123;6.8;20
1.452;-3.443;0.142;20
-1.326;-8.221;-2.719;20
0.09;-8.73;4.913;20
2.517;-7.325;4.904;20
3.758;-8.149;2.77;20
3.408;-7.054;1.655;20
1.542;-5.171;1.187;20
1.936;-2.972;2.112;20
3.922;0.561;5.694;20
-0.979;4.22;4.214;20
-3.75;11.245;-0.683;20
4.591;24.303;4.241;20
5.368;16.051;-9.915;20
2.154;6.155;-6.012;20
-5.11;2.462;-3.79;20
-11.319;1.332;-6.332;20
-10.075;-0.433;-4.824;20
-7.555;-5.295;-2.024;20
-0.518;-9.167;0.454;20
1.973;-12.469;-1.735;20
4.216;-15.068;-0.817;20
5.012;-14.781;3.25;20
4.83;-13.433;5.563;20
4.743;-10.431;4.799;20
2.027;-4.881;3.735;20
1.194;4.135;5.4;20
0.988;26.277;-12.141;20
-6.863;26.409;-6.219;20
-7.162;-0.588;0.355;20
-7.748;-3.067;-3.733;20
-0.703;-0.144;-1.649;20
1.074;5.25;-1.049;20
2.889;6.376;0.124;20
3.278;2.557;4.313;20
1.8;0.506;2.454;20
0.014;-4.764;2.859;20
-0.371;-8.877;2.857;20
1.967;-7.222;5.963;20
2.942;-8.797;1.165;20
3.564;-8.541;0.458;20
2.563;-5.803;0.952;20
2.388;-3.823;0.662;20
4.098;-0.289;5.875;20
-1.035;4.954;4.655;20
-6.193;13.769;-5.296;20
1.05;30.63;-0.638;20
6.242;10.807;-5.624;20
2.358;3.399;-6.271;20
-4.18;0.232;-2.737;20
-9.529;-1.132;-4.106;20
-9.524;-2.79;-5.463;20
-5.038;-6.151;0.125;20
-1.188;-9.883;2.218;20
1.303;-13.541;-1.224;20
4.169;-14.962;0.183;20
5.746;-13.428;3.281;20
6.407;-11.703;3.301;20
5.024;-7.783;1.553;20
1.231;-1.517;3.535;20
1.067;6.903;0.609;20
-5.737;32.312;-9.881;20
-10.025;19.599;-1.718;20
-8.297;-5.054;0.331;20
-3.618;-3.622;-1.595;20
1.023;1.529;-2.217;20
0.87;7.489;-0.691;20
4.511;7.415;1.219;20
2.94;2.505;5.715;20
0.783;-1.336;2.032;20
0.009;-6.955;-0.534;20
0.27;-9.327;3.906;20
4.292;-7.129;6.909;20
3.808;-8.207;2.021;20
3.587;-7.792;2.129;20
2.829;-5.402;0.522;20
2.07;-3.711;0.46;20
2.616;-0.786;3.782;20
0.404;7.281;5.53;20
-4.509;14.72;-5.072;20
-2.462;33.025;2.939;20
8.016;6.939;-6.964;20
3.373;1.749;-8.533;20
-5.555;-0.386;-2.626;20
-8.642;-1.24;-3.687;20
-7.15;-3.306;-4.841;20
-5.541;-6.589;-0.091;20
-1.954;-11.196;1.355;20
2.315;-13.836;-1.184;20
4.218;-13.968;1.636;20
4.888;-12.875;3.893;20
4.567;-10.502;2.308;20
1.962;-6.367;-0.378;20
0.094;-0.393;3.807;20
2.12;11.29;-0.952;20
-7.153;38.23;-8.966;20
-6.093;11.32;2.206;20
-7.521;-5.619;-2.501;20
-0.611;-1.912;-2.842;20
2.589;5.776;-0.063;20
4.159;9.91;-2.323;19
4.104;1.993;1.391;20
0.985;-2.365;2.844;20
-2.483;-4.261;2.692;20
-2.138;-11.373;-1.113;20
0.631;-10.624;5.428;20
4.616;-5.822;5.743;20
4.083;-6.396;3.36;20
3.787;-5.68;1.836;20
3.528;-4.323;0.307;20
4.291;-2.452;1.136;20
4.223;1.117;6.416;20
-2.674;5.393;-0.334;20
-5.949;15.956;-1.596;20
-3.985;29.073;-5.939;20
2.326;8.594;-8.701;20
-1.716;4.009;-6.472;20
-5.109;-0.364;-3.6;20
-6.976;-0.896;-3.734;20
-4.753;-4.057;-1.994;20
-3.309;-8.324;0.225;20
0.145;-11.792;-0.613;20
4.411;-13.885;2.032;20
5.666;-13.352;4.226;20
5.621;-12.334;5.96;20
4.598;-11.135;3.879;20
1.453;-7.78;-0.603;20
-1.096;-0.706;4.255;20
1.141;11.884;-1.441;20
-6.581;44.96;-14.841;20
-5.441;6.698;0.397;20
-10.469;-5.559;-1.477;20
-7.13;-2.561;-0.127;20
-0.242;3.176;-3.464;20
2.489;6.744;-0.014;20
8.049;2.892;4.531;20
5.225;-1.616;4.585;20
0.696;0.112;-2.57;20
0.697;-2.864;3.899;20
-0.361;-8.152;2.411;20
1.632;-8.391;4.483;20
1.521;-8.659;2.523;20
1.438;-9.492;0.862;20
1.793;-7.474;-0.276;20
1.789;-5.316;0.838;20
3.076;-2.466;1.807;20
3.259;3.213;8.562;20
-1.044;9.197;-0.15;20
-4.382;23.758;-2.273;20
6.361;26.219;1.674;20
9.516;8.598;-6.973;20
1.678;2.208;-3.679;20
-6.533;-0.749;-0.023;20
-11.603;-0.185;-5.501;20
-9.811;-1.879;-6.437;20
-5.947;-7.019;-0.932;20
-0.414;-10.788;1.018;20
1.991;-13.777;-1.785;20
4.46;-15.113;0.772;20
4.242;-13.961;5.292;20
3.285;-12.726;5.156;20
2.324;-8.815;2.369;20
0.516;-3.014;3.819;20
3.489;6.567;2.166;20
3.894;29.787;-14.819;20
-9.262;25.657;-6.739;20
-10.913;-1.71;0.828;20
-6.933;-1.851;0.016;20
-0.805;1.703;-2.655;20
-1.657;6.003;-2.669;20
1.657;6.26;0.166;20
3.537;1.717;4.316;20
1.311;-0.878;2.636;20
0.928;-5.385;2.14;20
0.362;-10.685;1.836;20
3.958;-8.216;8.891;20
4.097;-8.678;1.065;20
3.983;-9.891;1.001;20
2.42;-5.37;0.17;20
1.396;-4.119;2.318;20
2.106;-2.748;2.866;20
2.845;2.983;6.272;20
-0.892;7.072;0.834;20
-3.018;16.119;-1.466;20
1.408;25.559;-1.238;20
6.734;8.504;-9.58;20
0.618;4.393;-5.796;20
-1.463;-12.523;-0.064;105
0.515;-14.427;-1.909;20
1.692;-13.303;-1.231;20
1.971;-11.887;3.625;20
1.548;-12.199;4.069;20
0.392;-10.371;1.463;20
-1.534;-2.644;4.833;20
-0.792;8.332;3.28;20
-2.104;34.69;-15.907;20
-9.148;13.443;-2.855;20
-13.3;-7.202;-0.205;20
-4.213;1.037;-4.692;20
0.597;8.076;-5.12;20
0.772;5.285;-1.516;20
3.843;0.205;1.612;20
5.435;-1.613;5.049;20
1.861;-0.761;3.953;20
-1.116;-3.49;0.662;20
-1.063;-7.955;2.793;20
1.673;-5.963;8.343;20
2.456;-6.447;2.684;20
2.538;-8.937;-0.671;20
1.739;-6.594;-0.345;20
1.815;-5.493;1.217;20
3.388;-4.012;1.822;20
0.232;4.246;7.28;20
-5.75;9.048;-1.519;20
-4.814;21.583;-1.55;20
4.704;24.939;-3.709;20
9.403;7.235;-6.356;20
0.316;3.976;-3.804;20
-6.459;0.571;-3.313;20
-8.12;-1.619;-4.903;20
-8.151;-5.284;-2.093;20
-4.981;-9.604;2.367;20
0.242;-13.223;3.379;20
3.031;-14.421;-1.277;20
2.752;-12.731;-3.544;20
3.494;-12.294;1.824;20
3.535;-10.772;3.733;20
2.375;-6.551;1.413;20
1.083;0.01;4.792;20
0.85;12.089;1.986;20
-4.628;35.363;-9.006;20
-6.699;12.947;-3.47;20
-8.534;-7.039;-3.421;20
-2.017;-2.346;-1.628;20
0.126;5.075;-1.37;20
-0.963;8.524;-1.19;20
1.877;5.699;1.291;20
3.618;0.008;6.183;20
2.155;-3.152;1.908;20
0.21;-9.249;-1.49;20
2.429;-9.908;5.654;20
4.704;-6.602;6.764;20
5.562;-10.131;2.683;20
8.218;-11.886;5.856;20
-5.489;-2.328;-6.237;20
-4.42;-0.234;-4.863;20
0.18;2.254;-1.66;20
0.513;4.364;11.703;20
-2.523;7.0;3.735;20
-0.969;25.082;-0.744;20
8.229;23.391;-5.846;20
5.68;4.619;-6.051;20
-3.97;-0.311;-5.633;20
-8.905;-1.028;-4.97;20
-9.276;-2.827;-4.18;20
-5.823;-6.118;0.385;20
-1.735;-10.232;1.623;20
1.16;-13.54;0.764;20
3.702;-13.469;0.118;20
5.921;-12.172;0.65;20
6.023;-10.601;1.633;20
3.407;-8.07;0.6;20
2.532;-4.167;-0.815;20
2.697;9.941;2.526;20
-2.55;28.76;6.361;20
-6.796;10.014;-5.436;20
-5.369;0.757;-4.295;20
-6.326;-0.223;-5.144;20
-0.314;2.377;-5.36;20
1.984;4.123;0.642;20
1.329;6.804;1.0;20
2.688;3.756;1.364;20
2.029;-0.475;2.937;20
-1.183;-2.293;3.885;20
-1.539;-8.139;0.97;20
-0.514;-11.542;2.143;20
4.702;-7.115;6.331;20
5.178;-6.651;1.558;20
3.848;-6.566;1.42;20
1.749;-4.288;1.685;20
1.259;-2.723;1.657;20
3.513;0.42;6.217;19
-1.86;5.03;1.07;20
-6.303;14.106;-3.745;20
0.384;30.176;-0.768;20
7.827;15.046;-7.881;20
3.377;4.605;-5.946;20
-4.408;1.999;-2.603;20
-8.463;-0.295;-2.84;20
-10.096;-3.922;-2.436;20
-6.876;-8.29;-0.78;20
0.233;-11.822;0.683;20
1.962;-14.148;-1.581;20
3.193;-14.71;2.55;20
4.26;-13.912;6.402;20
4.386;-12.661;4.444;20
2.555;-9.049;0.417;20
-0.503;-2.56;3.848;20
3.512;10.553;9.075;20
3.622;38.717;-14.307;20
-2.412;13.394;-6.514;20
-10.615;-8.034;-2.609;20
-10.591;-5.693;-5.194;20
-5.291;0.067;0.947;20
-2.694;7.16;0.658;20
1.804;9.77;-3.35;20
4.899;2.513;2.38;20
3.717;-1.916;5.885;20
2.349;-2.308;3.089;20
1.676;-8.088;0.783;20
3.026;-9.687;5.187;20
5.393;-6.472;6.531;20
2.861;-6.896;0.661;20
1.558;-6.347;0.745;20
2.516;-3.244;0.746;20
3.539;0.788;6.247;20
-0.938;4.277;3.121;20
-4.137;12.171;-1.808;20
0.786;31.192;-2.043;20
5.66;16.784;-6.496;20
1.599;1.153;-4.162;20
-4.823;-2.271;-3.442;20
-8.691;-2.635;-4.046;20
-7.283;-4.678;-3.689;20
-4.539;-8.748;0.432;20
-0.948;-13.71;-0.992;20
2.181;-16.842;-3.758;20
3.988;-16.074;2.738;20
4.734;-14.057;5.687;20
4.327;-10.575;3.18;20
-0.253;-5.529;-1.151;20
-1.23;1.363;5.28;20
5.412;18.088;2.589;20
-0.566;46.294;-15.199;20
-4.517;10.861;3.152;20
-13.077;-10.531;-6.424;20
-10.519;-6.065;-6.416;20
0.432;-1.649;2.09;20
3.207;5.615;3.327;20
5.611;9.085;0.116;20
5.313;1.081;3.634;20
2.335;-3.351;4.79;20
-0.295;-3.908;1.226;20
-0.201;-9.017;-0.566;20
2.519;-9.983;4.83;20
4.363;-7.223;2.76;20
2.454;-6.406;1.018;20
0.818;-5.06;1.28;20
0.794;-3.599;0.805;20
2.147;-0.79;3.023;20
0.89;4.46;6.069;20
-5.435;8.361;-2.452;20
-1.209;24.875;6.136;20
10.577;21.707;-4.258;20
7.367;5.634;-7.305;20
-1.83;-0.486;-4.402;20
-7.958;-0.91;-2.724;20
-11.827;1.099;-6.513;20
-6.882;-0.67;-3.736;20
-2.648;-5.669;1.5;20
-0.496;-10.643;0.88;20
1.074;-14.147;-2.307;20
3.241;-14.707;-0.513;20
4.819;-13.389;3.855;20
4.238;-12.518;4.535;20
2.798;-9.746;2.376;20
0.171;-2.638;3.982;20
3.519;9.463;6.119;20
1.619;37.68;-12.371;20
-3.483;16.386;-8.594;20
-10.547;-7.059;-2.336;20
-12.329;-4.391;-1.883;20
-3.736;-1.341;-2.046;20
-0.454;3.8;-1.822;20
2.074;6.827;0.155;20
4.178;5.122;3.684;20
2.958;3.45;4.754;20
2.188;0.705;4.084;20
2.799;-6.643;2.716;20
3.446;-10.743;2.94;20
3.114;-7.61;6.173;20
2.124;-7.709;1.563;20
2.252;-8.076;-0.416;20
1.621;-6.238;0.897;20
1.845;-3.946;1.225;20
2.726;-0.349;4.843;20
-0.297;5.439;1.78;20
-5.176;15.0;-3.666;20
-0.976;31.931;-3.657;20
7.66;12.568;-5.13;20
1.401;0.396;-4.244;20
-5.29;-1.087;-2.72;20
-8.002;-2.054;-3.951;20
-7.602;-2.804;-4.899;20
-4.762;-5.667;-0.007;20
-1.31;-9.653;3.061;20
1.597;-13.502;-1.233;20
4.792;-15.714;-2.129;20
5.755;-14.049;3.792;20
5.084;-11.573;5.933;20
3.384;-8.236;1.558;20
-0.153;-1.798;2.907;20
1.258;12.685;3.157;20
-3.39;41.266;-8.659;20
-4.092;14.594;-3.779;20
-10.226;-8.113;-3.651;20
-9.589;-7.944;-2.891;20
0.462;-2.926;0.607;20
3.637;5.81;-1.068;20
4.235;11.229;-1.784;20
3.425;6.294;4.08;20
0.558;0.885;4.451;20
-0.389;-1.617;0.983;20
-0.02;-8.639;1.695;20
0.664;-10.856;4.783;20
2.672;-7.327;4.622;20
2.892;-8.619;0.031;20
2.186;-7.669;-1.125;20
1.226;-5.259;-0.005;20
1.282;-4.453;0.908;20
3.774;-1.56;3.788;20
2.221;5.19;4.115;20
-3.612;13.057;-2.613;20
-4.922;31.567;-1.437;20
6.55;18.152;-6.724;19
6.572;3.011;-6.636;20
-3.482;-0.834;-2.174;20
-7.459;-1.804;-2.862;20
-9.839;-3.189;-4.503;20
-7.893;-6.928;-1.155;20
-1.703;-10.245;1.394;20
1.687;-12.933;-0.461;20
3.178;-14.194;1.54;20
4.139;-12.807;3.658;20
4.859;-11.197;3.71;20
3.026;-8.764;2.725;20
-0.434;-4.427;4.505;20
2.303;3.226;7.482;20
3.202;27.604;-12.841;20
-2.66;32.407;-0.283;20
-7.678;-2.737;-6.214;20
-12.854;-7.924;-5.334;20
-4.185;-1.403;-1.153;20
-0.066;5.853;-0.52;20
2.71;9.83;0.031;20
4.922;3.252;4.48;20
2.934;-0.582;4.662;20
1.021;-2.033;3.245;20
-0.136;-8.582;1.389;20
2.147;-9.218;5.366;20
4.788;-6.748;4.232;20
3.339;-7.826;0.599;20
2.41;-6.828;1.218;20
1.641;-5.015;1.892;20
2.441;-2.907;1.636;20
3.378;2.199;4.833;20
-3.39;6.808;-2.895;20
-7.281;19.744;-4.02;20
0.867;26.812;-3.687;20
6.381;6.607;-5.828;20
-0.066;1.552;-5.299;20
-4.313;0.604;-1.759;20
-5.287;-1.196;-3.092;20
-5.556;-4.187;-4.801;20
-2.784;-7.783;1.255;20
-0.182;-11.135;1.673;20
1.653;-13.917;0.033;20
3.29;-13.215;3.156;20
4.921;-11.59;3.994;20
4.821;-10.364;2.398;20
2.148;-7.307;-0.374;20
0.034;-0.993;4.36;20
2.997;8.333;4.795;20
-2.816;32.252;-9.186;20
-8.3;18.788;-6.972;20
-10.288;-6.309;-3.028;20
-7.396;-6.008;-0.873;20
-0.258;0.074;-0.732;20
2.294;5.72;-0.734;20
3.904;7.733;-0.162;20
3.285;4.15;3.022;20
2.764;3.159;6.221;20
1.076;-0.838;3.678;20
0.793;-10.708;-0.749;20
2.346;-10.657;4.896;20
2.31;-6.933;4.131;20
2.35;-7.837;0.436;20
3.109;-6.708;0.828;20
2.587;-5.022;2.438;20
3.275;-2.948;2.502;20
4.325;1.539;7.282;20
-2.909;7.514;1.071;20
-8.928;21.66;-5.404;20
-1.471;31.298;-6.437;20
5.482;6.803;-6.464;20
-1.699;-1.241;-6.042;20
-5.841;-0.929;-2.559;20
-6.854;-2.264;-3.769;20
-7.238;-5.327;-4.863;20
-2.539;-8.94;-0.642;20
1.295;-12.114;2.508;20
3.13;-14.189;0.201;20
4.649;-14.464;0.784;20
5.611;-12.662;3.396;20
5.128;-9.503;2.785;20
2.036;-5.909;-0.961;20
-0.68;-1.142;6.55;20
1.368;8.326;6.119;20
-3.226;31.913;-7.626;20
-4.923;19.919;-1.176;20
-10.127;-3.245;-5.622;20
-8.769;-4.727;-4.698;20
1.125;-1.45;0.937;20
3.787;3.282;-0.008;20
4.534;7.803;-0.645;20
3.692;5.951;1.743;20
2.075;1.555;6.62;20
-0.452;-2.269;1.564;20
-1.336;-8.92;-0.812;20
3.014;-7.172;8.465;20
4.125;-5.09;3.876;20
2.865;-7.618;0.582;20
2.102;-7.756;0.783;20
1.525;-4.9;0.588;20
4.145;-1.939;5.44;20
1.721;3.008;6.388;20
-5.653;11.527;-4.598;20
-2.74;27.738;-3.602;20
6.17;23.255;-3.526;20
1.638;2.5;-6.051;20
-3.824;-2.319;-4.743;20
-7.512;-1.443;-3.139;20
-7.529;-4.017;-3.918;20
-4.913;-8.951;-2.237;20
-1.658;-13.386;-0.058;20
1.888;-16.335;-0.093;20
4.348;-16.571;-0.133;20
6.188;-12.939;6.95;20
6.078;-9.178;7.169;20
2.501;-6.083;0.041;20
-0.818;-2.135;-2.399;20
0.248;6.425;8.687;20
4.634;26.52;-9.01;20
-5.215;33.395;-6.363;20
-10.523;0.666;-1.54;20
-13.326;-7.95;-5.43;20
-3.617;-5.053;1.103;20
1.935;1.322;-0.595;20
2.66;11.735;-1.982;20
5.417;10.445;-0.094;20
2.587;0.966;4.753;20
-2.454;-2.762;1.492;20
-0.736;-10.144;-2.166;20
-0.788;-14.601;3.543;20
4.331;-7.682;8.938;20
4.443;-5.357;2.814;20
4.35;-7.034;1.295;20
4.016;-5.323;0.778;20
2.5;-3.265;1.405;20
4.188;-0.756;4.446;20
4.213;3.566;6.522;20
-3.537;7.782;-3.661;20
-4.076;23.162;-2.596;20
1.044;24.91;-6.249;19
1.37;7.084;-6.633;20
-3.642;1.434;-3.646;20
-6.976;-1.585;-1.85;20
-8.701;-3.578;-4.066;20
-5.341;-7.083;-3.815;20
-0.864;-11.357;-0.402;20
2.652;-13.641;0.172;20
4.075;-14.411;-0.437;20
5.649;-13.315;5.36;20
6.259;-11.802;6.624;20
2.459;-8.585;1.574;20
-0.524;-2.852;2.833;20
2.973;8.829;0.978;20
-1.722;40.363;-13.025;20
-6.131;25.193;0.652;20
-8.652;-9.854;-3.7;20
-9.096;-11.288;-1.539;20
-1.897;-2.958;-0.518;20
0.049;5.443;-0.863;20
2.655;10.767;-1.652;20
5.763;4.199;7.149;20
3.861;-0.743;8.441;20
0.118;-3.963;2.684;20
1.167;-10.836;-0.546;20
3.363;-9.824;4.063;20
3.889;-8.498;1.997;20
3.08;-8.543;-0.263;20
2.076;-6.848;0.648;20
2.898;-4.579;0.083;20
4.803;-1.863;4.771;20
-0.07;2.517;3.724;20
-6.858;11.7;-4.941;20
-7.106;39.611;-2.925;20
6.431;25.291;-7.283;20
4.258;-1.42;-4.413;20
-4.463;-3.971;-3.927;20
-10.336;-1.72;-3.752;20
-11.823;-3.773;-3.454;20
-7.637;-7.651;-4.135;20
1.689;-12.0;-0.052;20
7.287;-15.545;-1.067;20
8.012;-16.483;2.374;20
5.895;-12.299;8.307;20
5.084;-9.375;5.351;20
1.772;-7.833;-0.207;20
-2.159;-3.174;4.161;20
-0.26;7.627;6.531;20
-1.799;36.077;-13.54;20
-4.516;24.413;-4.101;20
-8.047;-5.501;-2.41;20
-9.799;-7.533;-3.896;20
-2.043;-2.505;1.455;20
0.832;4.379;0.43;20
3.484;9.41;-1.076;20
5.555;5.71;3.211;20
4.303;-0.205;7.795;20
1.891;-3.054;4.083;20
0.572;-8.986;0.465;20
0.185;-11.062;2.525;20
2.588;-7.927;3.13;20
2.562;-8.152;-0.944;20
2.467;-6.621;0.691;20
2.438;-4.42;0.861;20
4.794;-1.084;4.002;20
2.112;2.982;9.011;20
-6.395;10.427;-2.097;20
-8.15;36.118;-3.093;20
8.786;25.271;-4.997;20
9.076;-2.473;-2.454;20
-1.298;-4.308;-3.422;20
-8.142;-1.549;-2.772;20
-9.883;-2.496;-4.502;20
-6.788;-6.549;-3.549;20
-3.785;-11.248;-0.527;20
1.702;-14.357;-0.369;20
4.47;-15.353;-0.914;20
4.739;-13.77;3.943;20
4.601;-10.106;5.526;20
3.395;-6.709;0.739;20
2.092;-4.136;-2.915;20
1.389;1.039;5.512;20
2.697;13.314;9.236;20
-5.038;34.497;-8.833;20
-4.112;10.76;-4.918;20
-11.604;-3.654;-5.442;20
-10.927;-2.469;-4.632;20
-0.9;0.133;-1.813;20
2.809;7.088;-1.756;20
5.6;8.091;2.316;20
3.712;2.465;4.29;20
1.528;-1.801;5.948;20
-1.368;-6.513;1.742;20
1.367;-9.701;2.031;20
3.979;-6.799;5.482;20
2.318;-7.618;1.204;20
2.19;-8.561;-0.424;20
2.639;-6.735;1.148;20
2.675;-4.345;0.466;20
5.044;-0.849;5.712;20
1.002;4.26;5.667;20
-5.637;11.958;-4.312;20
-2.395;31.06;-3.68;20
8.42;19.645;-3.905;20
3.381;1.871;-3.991;20
-4.632;-0.782;-5.575;20
-9.603;-0.382;-4.776;20
-9.238;-2.14;-5.572;20
-7.031;-7.406;-1.253;20
-3.161;-12.499;1.808;20
2.389;-16.046;-4.43;20
5.649;-16.302;-0.1;20
6.793;-12.779;8.244;20
7.675;-10.386;7.603;20
4.331;-7.274;3.507;20
0.274;-0.755;6.55;20
2.935;13.225;-2.581;20
-3.925;38.782;-15.216;20
-9.592;17.228;-0.748;20
-15.155;-8.104;-5.123;20
-8.355;-9.747;-4.966;20
0.771;-1.996;0.861;20
2.462;4.819;3.049;20
6.629;6.78;1.576;20
5.556;3.612;1.442;20
3.733;1.067;7.162;20
1.635;-1.501;3.772;20
-0.084;-9.199;-0.474;20
0.911;-10.538;3.134;20
2.721;-6.367;5.645;20
3.046;-7.407;2.051;20
1.771;-7.303;1.193;20
0.54;-5.688;-0.562;20
2.821;-3.039;-0.426;20
4.313;1.343;6.006;20
-2.922;8.116;-1.579;20
-9.964;25.74;-2.949;19
0.343;32.796;-2.881;20
12.14;3.745;-6.831;20
1.902;-0.445;-3.307;20
-6.926;0.418;-1.137;20
-9.797;-1.164;-4.654;20
-7.636;-5.192;-5.352;20
-4.156;-10.603;-0.635;20
-0.177;-14.696;-0.47;20
4.656;-16.749;-1.557;20
6.015;-14.975;3.076;20
5.402;-11.03;6.804;20
5.067;-7.844;4.123;20
1.031;-5.87;-2.398;20
-0.492;-1.335;3.125;20
2.693;11.761;8.668;20
-3.116;40.722;-11.188;20
-5.734;16.117;-2.799;20
-11.769;-7.197;-6.548;20
-11.847;-5.749;-2.256;20
-0.848;-1.817;0.965;20
3.026;4.57;0.23;20
5.022;9.684;-0.803;20
3.168;6.517;2.528;20
2.047;1.594;7.49;20
0.971;-3.001;4.578;20
1.113;-12.338;-1.294;20
5.031;-11.54;6.466;20
4.136;-6.994;3.677;20
2.808;-8.296;-1.105;20
2.566;-7.112;0.309;20
1.524;-4.635;0.873;20
2.666;-1.716;2.031;20
3.244;2.615;7.358;20
-2.959;6.282;0.592;20
-6.925;21.254;-3.133;20
2.345;36.462;-3.784;20
10.098;9.349;-6.643;20
0.704;-3.934;-5.319;20
-9.149;-1.81;-3.586;20
-13.296;-0.693;-3.165;20
-9.919;-5.942;-3.01;20
-7.474;-11.579;-2.946;20
0.114;-16.679;-3.066;20
9.364;-18.989;0.916;20
8.82;-13.947;5.72;20
7.591;-9.299;10.353;20
5.452;-6.83;6.614;20
2.087;-4.251;-2.095;20
1.302;-1.177;-5.27;20
-0.172;6.387;7.359;20
-5.866;29.304;-4.144;20
-6.146;27.35;-5.153;20
-10.897;-0.958;-7.764;20
-13.9;-7.619;-3.844;20
-2.077;-3.442;-1.295;20
2.765;4.87;-1.107;20
3.303;10.562;-0.268;20
8.029;5.491;3.432;20
3.742;1.643;7.532;20
0.121;-2.245;4.575;20
-0.787;-11.572;0.392;20
2.292;-10.453;4.844;20
4.046;-6.901;2.053;20
3.99;-8.131;0.472;20
3.716;-6.965;0.53;20
2.422;-5.263;1.587;20
3.174;-2.911;2.233;20
5.415;1.775;7.818;20
-2.018;7.785;0.773;20
-9.72;25.83;-5.232;20
1.393;34.691;-3.944;20
8.217;4.169;-4.722;20
-1.73;-2.827;-6.339;20
-9.426;-1.516;-3.969;20
-9.861;-4.139;-2.874;20
-6.65;-8.492;-2.479;20
-4.223;-12.06;-1.006;20
1.706;-14.98;-1.192;20
7.156;-15.839;-0.515;20
6.557;-13.791;3.417;20
6.033;-10.668;6.744;20
3.647;-7.449;1.109;20
-0.389;-3.913;-1.403;20
1.404;5.011;5.23;20
-0.928;28.559;-7.402;20
-7.613;34.568;-6.323;20
-8.883;-0.483;-2.459;20
-11.819;-10.763;-2.672;20
-4.318;-4.435;0.621;20
0.241;4.288;-0.055;20
5.454;8.169;0.235;20
5.637;3.101;0.543;20
4.606;-1.134;5.635;20
3.722;-1.51;6.399;20
0.692;-6.443;0.561;20
1.961;-9.382;2.687;20
2.22;-7.967;2.371;20
1.233;-8.414;-0.929;20
1.239;-6.46;0.817;20
1.882;-3.607;2.587;20
3.117;0.599;3.941;20
1.292;7.162;8.665;20
-5.858;11.786;-2.336;20
-3.722;31.91;-2.374;20
9.173;20.846;-1.86;20
7.783;-0.579;-6.402;20
-1.881;-2.261;-4.675;20
-9.967;-1.582;-3.675;20
-9.979;-3.092;-5.52;20
-5.743;-6.592;-0.723;20
-3.062;-11.051;3.003;20
1.869;-15.981;-2.678;20
5.673;-18.97;-2.291;20
6.022;-15.827;5.332;20
6.782;-11.217;6.653;20
3.372;-6.696;0.063;20
0.013;-1.88;-0.076;20
3.163;7.493;6.95;20
-0.604;30.923;-9.284;20
-8.109;27.569;-2.25;20
-12.373;-0.277;-4.338;20
-12.17;-6.866;-3.749;20
-0.29;-3.773;-0.435;20
3.834;2.659;-0.931;20
4.615;6.819;0.951;20
5.264;5.374;6.702;20
4.753;1.678;2.277;20
1.188;-0.233;2.331;20
-0.799;-7.264;3.868;20
0.075;-10.733;1.157;20
0.268;-8.778;1.611;20
0.565;-9.913;-0.458;19
2.069;-8.187;-0.181;20
2.964;-4.553;0.696;20
4.769;-0.557;4.1;20
2.956;4.812;9.601;20
-6.614;13.312;-3.558;20
-2.518;37.134;-3.97;20
9.823;19.036;-0.527;20
4.083;-4.324;-3.923;20
-4.668;-3.454;-4.445;20
-10.356;-0.377;-3.369;20
-8.376;-1.21;-7.107;20
-4.466;-4.608;-2.992;20
-3.28;-9.192;1.642;20
0.516;-14.934;-1.692;20
4.552;-17.416;-2.601;20
5.155;-13.847;4.294;20
6.957;-11.88;7.458;20
5.524;-9.446;2.043;20
-0.777;-5.049;-4.022;20
0.569;3.399;6.408;20
5.167;23.332;-2.353;20
-5.352;40.673;-10.308;20
-10.315;5.095;-1.279;20
-10.691;-9.774;-4.624;20
-4.542;-5.597;0.596;20
0.951;1.181;1.469;20
3.614;7.356;-0.328;20
8.142;7.642;0.691;20
5.004;2.114;7.448;20
2.138;-1.473;2.096;20
-1.994;-5.375;0.267;20
-1.42;-10.841;1.2;20
1.19;-8.112;5.478;20
1.209;-8.161;2.0;20
0.713;-9.225;-0.387;20
0.422;-7.108;-0.881;20
1.666;-5.537;-0.36;20
4.221;-4.067;-0.091;20
5.631;-0.355;6.336;20
-1.927;7.035;4.253;20
-5.783;20.843;-2.941;20
-0.481;36.817;-4.358;20
8.065;10.832;-7.956;20
2.0;-0.939;-3.424;20
-6.038;-0.834;-1.15;20
-11.857;-0.783;-5.203;20
-10.63;-1.791;-6.213;20
-6.965;-7.239;-1.638;20
-2.107;-12.668;0.069;20
4.631;-15.856;-0.105;20
7.766;-14.686;3.074;20
8.039;-11.898;7.436;20
7.712;-10.46;6.763;20
3.381;-7.73;0.41;20
-0.067;-1.397;3.401;20
1.887;12.706;2.748;20
-3.595;38.175;-11.606;20
-5.605;11.914;-4.547;20
-11.566;-7.903;-4.896;20
-8.795;-6.378;-0.364;20
-0.512;-0.932;0.074;20
0.936;6.111;-2.703;20
3.8;9.736;-0.723;20
2.946;5.845;4.881;20
3.334;1.087;6.262;20
2.505;-3.434;3.73;20
1.437;-10.072;1.347;20
3.141;-8.26;7.23;20
2.493;-7.671;2.329;20
2.453;-9.153;-1.629;20
1.808;-6.761;0.282;20
1.248;-4.884;0.982;20
3.534;-2.662;3.199;20
3.12;2.879;6.73;20
-4.452;9.936;-1.71;20
-8.537;29.284;-1.03;20
3.99;27.481;-3.792;20
9.106;1.179;-6.498;20
-0.225;-2.767;-5.355;20
-6.64;-1.947;-2.719;20
-9.041;-3.128;-3.946;20
-7.635;-6.756;-2.033;20
-4.886;-11.498;0.28;20
0.709;-15.268;-2.007;20
5.327;-16.725;0.086;20
6.209;-14.201;3.887;20
5.726;-10.394;4.77;20
2.027;-7.192;-0.031;20
0.134;-3.862;0.674;20
2.645;6.79;10.304;20
2.31;36.716;-10.834;20
-3.543;32.76;-3.735;20
-5.125;-5.76;-2.635;20
-13.225;-8.914;-4.364;20
-6.198;-6.904;1.151;20
0.874;-0.552;-1.608;20
2.912;9.299;-2.219;20
4.49;9.917;2.335;20
3.618;2.233;6.157;20
2.159;-1.367;6.766;20
-0.492;-6.726;0.555;20
2.469;-11.079;3.114;20
2.817;-6.836;4.808;20
1.373;-7.231;0.233;20
2.193;-7.65;-0.557;20
1.991;-6.029;0.623;20
2.404;-4.221;0.94;20
3.934;-0.403;4.904;20
-1.732;4.58;1.794;20
-8.512;12.672;-5.005;20
-3.778;30.228;-2.217;20
8.905;17.814;-4.171;20
5.837;3.845;-4.856;20
-2.962;-0.745;-2.889;20
-7.42;-2.953;-5.719;20
-8.139;-3.792;-4.936;20
-6.387;-7.453;0.231;20
-3.196;-11.573;1.717;20
1.497;-14.374;-0.845;20
5.433;-14.897;1.276;20
7.054;-12.848;4.341;20
6.801;-9.681;6.298;20
3.525;-6.978;1.768;20
-0.133;-3.287;0.043;20
1.112;5.804;8.397;20
-2.426;32.811;-7.927;20
-4.876;26.197;-7.169;20
-9.487;-3.186;-3.307;20
-12.324;-7.481;-3.411;20
-1.901;-3.727;-0.115;20
0.992;4.956;-1.601;19
2.199;10.313;-3.248;20
3.684;7.536;1.996;21
1.171;3.486;4.674;19
0.575;0.177;3.021;20
1.822;-8.382;1.682;20
3.692;-15.469;2.962;21
5.03;-8.67;7.67;20
3.949;-7.469;1.093;19
3.505;-8.839;0.024;20
1.884;-6.217;0.759;20
0.482;-4.612;1.306;20
2.411;-2.763;1.326;20
4.214;1.863;5.087;20
-3.444;7.181;0.562;20
-8.757;18.329;-2.721;20
-3.421;30.967;-2.067;20
8.36;12.39;-6.351;20
2.636;2.2;-3.547;20
-4.433;0.257;-2.78;20
-8.502;-1.356;-6.236;20
-8.719;-4.198;-5.925;20
-7.086;-9.306;-0.844;20
-2.039;-12.784;0.438;20
4.644;-15.654;-1.552;20
8.207;-15.52;2.214;20
7.8;-11.762;7.701;20
7.339;-8.833;6.504;20
3.376;-6.428;0.095;20
-0.361;-1.357;4.419;20
0.882;11.977;0.691;20
-8.312;40.833;-10.161;20
-6.892;12.851;-1.806;20
-9.269;-10.579;-3.561;20
-7.531;-9.051;-3.028;20
-1.612;-0.072;-0.298;20
0.818;7.234;0.106;20
4.274;9.214;-3.31;20
3.584;4.884;3.363;20
2.102;0.414;8.442;20
0.001;-4.881;2.693;20
0.223;-11.445;0.501;20
4.049;-7.898;6.761;20
4.116;-5.884;3.086;20
4.657;-6.453;0.037;20
4.735;-4.704;2.312;20
2.985;-2.55;1.742;20
3.814;1.742;5.835;20
-0.514;5.895;6.433;20
-6.527;12.485;-3.491;20
-1.489;29.098;-2.193;20
8.485;13.824;-5.093;20
3.34;-0.273;-4.597;20
-5.617;-1.216;-4.536;20
-9.832;-0.596;-5.753;20
-8.03;-3.175;-4.574;20
-5.205;-9.229;0.791;20
-1.83;-13.706;0.098;20
2.824;-16.085;-2.945;20
5.116;-15.69;0.391;20
6.331;-12.454;5.813;20
7.08;-9.047;5.423;20
1.995;-6.322;-0.92;20
-0.579;-2.579;-0.041;20
1.386;6.476;5.503;20
-3.495;34.078;-9.478;20
-8.861;28.639;-4.067;20
-10.816;-3.206;-4.676;20
-11.369;-8.047;-2.977;20
-2.27;-2.445;-1.625;20
0.463;5.722;-2.435;20
5.389;8.478;0.783;20
4.503;4.446;5.432;20
2.828;-1.301;4.249;20
1.775;-4.189;3.569;20
2.037;-10.305;0.645;20
5.369;-9.71;6.265;20
4.298;-7.79;3.418;20
3.072;-8.132;0.088;20
2.754;-5.45;1.06;20
2.14;-3.629;1.955;20
3.642;-1.452;2.072;20
2.795;3.655;4.346;20
-3.242;7.955;-0.79;20
-7.005;19.426;-1.933;20
-0.07;23.05;-5.12;20
5.162;7.381;-7.226;20
-1.267;2.538;-6.093;20
-5.514;-0.283;-4.542;20
-5.689;-2.096;-4.928;20
-5.754;-5.195;-1.115;20
-5.983;-10.038;1.108;20
-0.534;-14.372;-2.259;20
4.796;-14.963;-0.046;20
6.619;-12.139;7.073;20
6.906;-9.785;6.984;20
4.055;-7.666;3.004;20
1.319;-3.419;1.874;20
1.484;2.631;0.315;20
-2.647;23.67;-13.393;20
-12.382;31.66;-4.583;20
-9.779;-1.414;0.397;20
-6.636;-5.449;-0.851;20
-0.264;0.019;-0.781;20
-0.078;6.888;-2.572;20
4.916;9.498;-0.04;20
4.829;3.465;6.478;20
1.744;-2.538;6.641;20
-0.876;-10.065;-0.869;20
0.776;-13.017;2.619;20
4.98;-6.92;5.841;20
5.573;-7.824;1.557;20
5.526;-8.576;1.503;20
3.419;-4.75;2.644;20
1.189;-2.94;1.689;20
1.505;-1.217;0.505;20
3.252;4.725;8.505;20
-4.625;9.121;2.1;20
-7.239;19.762;2.265;20
4.687;34.591;10.779;20
13.225;11.658;-10.553;20
2.449;-4.465;-5.973;20
-5.938;-3.971;-0.136;20
-10.71;-2.959;-5.135;20
-9.615;-2.939;-5.482;20
-6.155;-4.788;-2.97;20
-3.177;-8.867;-0.954;20
-0.761;-12.95;-2.305;20
2.487;-15.883;-2.788;20
5.27;-16.493;-0.423;20
5.26;-13.988;1.852;20
4.508;-9.409;2.033;20
0.974;-4.695;-0.469;20
0.09;0.428;-1.714;20
0.301;13.538;9.674;19
-5.789;41.779;-13.276;20
-1.584;33.74;13.954;20
-2.818;-16.499;-3.901;20
-10.498;-8.228;-7.185;20
-2.581;-2.266;-4.205;20
2.492;0.151;0.033;20
2.279;8.533;2.334;20
3.528;5.498;4.222;20
6.463;-4.63;2.202;20
1.186;-3.889;0.697;20
-3.539;-0.419;-1.566;20
-3.547;-2.44;-2.13;20
-1.304;-6.135;-1.962;20
0.928;-6.537;0.025;20
2.092;-4.92;1.81;20
0.686;-4.117;0.025;20
0.356;-3.024;0.298;20
0.808;-2.851;0.671;20
0.307;-2.848;-0.525;20
-0.967;-2.91;1.601;20
0.364;-1.962;-2.549;20
1.804;3.216;-3.43;20
1.352;7.046;6.566;20
0.208;9.778;2.941;20
5.006;13.229;6.435;20
5.611;13.189;4.459;20
5.604;8.998;3.017;20
3.515;4.338;2.786;20
-1.835;1.13;0.158;20
-2.395;-0.912;-2.186;20
-3.436;-1.398;-3.002;20
-3.975;-1.668;-2.544;20
-2.454;-2.823;-3.146;20
-0.479;-4.345;-0.684;20
-0.153;-6.571;1.259;20
-3.885;-7.341;-1.224;20
1.714;-9.332;-1.593;20
1.842;-5.286;-0.216;20
0.071;-1.801;0.212;20
-0.448;-0.448;-0.709;20
-0.589;0.954;-0.397;20
-1.248;1.876;-0.307;20
-2.093;0.649;0.498;20
-2.388;-0.437;-0.827;20
-1.662;0.1;-1.79;20
-1.05;1.5;-1.621;20
-0.533;2.21;-1.263;20
-0.156;1.4;-0.468;20
0.063;0.014;0.869;20
0.24;-0.107;0.271;20
0.277;0.008;0.289;20
0.111;-0.768;0.495;20
-0.352;-1.978;-0.459;20
0.342;-2.009;-2.306;20
1.269;-0.324;-2.008;20
0.552;0.013;-0.941;20
-0.389;0.417;0.338;20
-1.885;0.938;-0.266;20
-1.862;0.361;-1.147;20
-1.072;-1.013;-1.25;20
-0.411;-1.153;-1.944;20
-0.372;-0.192;-2.369;20
0.108;-0.205;-2.052;20
0.104;0.071;-0.857;20
-0.173;1.264;-0.836;20
-0.175;1.466;-0.761;20
0.087;1.451;-0.292;20
-0.194;2.853;-1.255;20
-0.233;3.032;-1.295;20
0.052;2.439;-0.78;20
0.282;1.318;0.009;20
1.328;-0.482;0.169;20
1.234;-0.658;-0.047;20
0.608;-1.165;0.616;20
0.415;-1.532;1.445;20
0.708;-1.676;1.089;20
0.805;-1.416;0.793;20
1.363;-0.453;-0.032;20
1.313;-0.468;0.835;20
0.558;0.712;1.276;20
1.143;2.713;0.482;20
1.108;0.965;3.984;20
0.719;-1.116;6.063;20
1.035;-3.355;6.552;20
0.414;-2.407;6.908;20
0.293;-2.623;6.34;20
0.225;-4.952;6.941;20
0.211;-5.587;7.321;20
0.153;-3.724;5.448;20
0.045;-2.282;3.707;20
0.94;-2.985;2.532;20
1.9;-4.064;3.447;20
1.46;-4.943;3.236;20
-0.044;-4.034;3.462;20
-1.093;-2.799;3.331;20
-0.777;-1.503;2.806;20
-1.495;0.384;3.739;20
0.557;0.391;1.524;20
1.355;-2.746;1.961;74
0.415;-1.003;3.351;20
-0.248;-0.258;3.525;20
-0.276;-0.286;4.006;20
0.002;-0.033;2.043;20
0.512;-0.708;2.013;20
0.978;-0.464;-0.304;20
0.959;-1.014;0.697;20
0.935;-0.818;-0.632;20
1.072;-0.494;-1.207;20
0.922;0.116;0.006;20
1.082;0.275;-1.029;20
0.961;0.471;-0.906;20
0.689;0.394;-0.458;20
0.416;0.298;-0.086;20
-0.041;0.386;0.19;20
0.155;0.036;0.169;20
0.162;-0.188;0.385;20
0.478;-0.266;0.688;20
0.464;0.032;0.189;20
0.266;0.657;0.045;20
0.402;0.861;0.004;20
0.334;1.005;-1.064;20
0.366;0.921;-0.288;20
0.117;0.811;0.297;20
0.115;0.366;0.878;20
-0.13;0.21;1.183;20
-0.196;0.288;0.501;20
-0.331;0.397;-0.172;20
-0.034;0.078;-0.265;20
0.12;-0.046;-0.172;20
0.121;-0.044;-0.154;20
0.166;0.05;-0.32;20
0.005;0.049;-0.564;20
-0.246;0.134;-0.695;20
-0.305;0.028;-0.396;20
-0.329;0.041;0.304;20
-0.415;0.096;0.563;20
-0.445;0.173;0.002;20
-0.712;0.238;-0.619;20
-0.826;0.316;-0.482;20
-1.18;0.453;0.505;20
-0.709;0.111;0.864;20
-1.795;1.233;-0.869;20
0.234;0.124;1.067;20
0.39;-0.232;-0.26;20
0.93;-0.477;-1.093;20
1.433;-0.766;-0.652;20
0.915;-0.38;-0.074;20
0.379;0.016;0.664;20
0.199;0.061;0.327;20
0.168;0.087;0.056;20
0.189;-0.035;0.284;20
0.153;-0.268;0.266;20
0.141;-0.46;0.462;20
-0.282;-0.212;0.316;20
-0.771;0.126;-0.02;20
-0.986;0.21;-0.019;20
-1.012;0.306;-0.563;20
-0.971;0.175;-0.275;20
-0.533;-0.274;0.549;20
-0.44;-0.335;0.859;20
-0.252;-0.364;0.812;20
0.389;-0.666;0.459;20
0.621;-0.776;0.289;20
0.633;-0.717;-0.053;19
0.063;-0.126;-0.393;20
-0.702;0.426;0.224;20
-0.84;0.633;-0.369;20
-0.975;0.767;-0.678;20
-0.624;0.639;-1.236;20
-0.8;0.691;-0.662;20
-1.005;1.003;-0.153;20
-1.088;1.112;-0.708;20
-0.422;0.692;-0.998;20
-0.009;0.243;-0.53;20
0.036;0.352;-0.503;20
-0.214;0.389;-0.164;20
-0.091;0.415;-0.603;20
-0.274;0.374;-0.701;20
0.022;0.185;-0.327;20
0.147;0.104;0.067;20
-0.251;0.344;-0.072;20
-0.068;0.258;-0.344;20
-0.084;0.174;-0.694;20
-0.466;0.453;-0.331;20
-0.628;0.344;1.239;20
-0.633;0.334;1.113;20
-0.161;0.354;-0.427;20
-0.015;0.199;-0.454;20
-0.122;0.314;0.041;20
-0.113;0.293;-0.206;20
0.432;-0.148;-0.446;19
0.746;-0.609;-0.656;20
0.491;-0.431;-0.132;20
0.446;-0.354;0.531;20
0.101;-0.137;0.822;20
-0.036;0.024;0.75;20
0.07;-0.012;0.329;20
0.045;-0.05;-0.122;20
-0.126;0.038;-0.014;20
0.074;-0.074;0.273;20
0.0;-0.028;-0.039;20
0.089;0.083;-0.304;20
0.152;0.051;-0.238;20
0.146;-0.004;0.048;20
0.083;0.017;0.188;20
0.048;0.027;-0.181;20
-0.182;0.213;0.069;20
-0.108;0.086;-0.211;20
-0.137;0.081;-0.146;20
-0.194;0.097;-0.292;20
-0.218;0.138;-0.299;20
-0.161;0.149;-0.38;20
-0.175;0.09;-0.263;20
-0.092;0.012;-0.16;20
0.005;-0.108;-0.635;20
-0.299;0.197;-0.552;20
-0.415;0.184;0.775;20
-0.471;0.139;0.968;19
-0.349;0.225;0.285;20
0.014;0.117;-0.916;20
0.184;0.035;-0.958;20
-0.027;0.022;-0.083;20
-0.014;-0.012;0.465;20
0.063;-0.007;0.385;20
-0.023;0.04;0.098;20
-0.091;0.127;-0.001;20
-0.125;0.082;0.098;20
-0.084;0.001;0.113;20
-0.082;-0.009;-0.013;20
-0.022;-0.036;-0.091;20
0.002;-0.003;-0.088;20
-0.033;-0.018;-0.027;20
-0.023;-0.034;0.075;20
-0.064;-0.079;0.097;20
-0.065;-0.098;0.096;20
-0.061;-0.03;-0.017;20
0.005;-0.005;0.018;20
0.085;0.078;0.036;20
0.026;0.12;0.304;20
0.043;0.054;0.383;20
0.095;0.006;0.14;20
0.121;-0.043;-0.16;19
0.102;-0.042;-0.282;20
0.165;-0.038;-0.282;20
0.129;-0.065;-0.08;20
0.049;-0.043;-0.023;20
0.076;-0.022;-0.111;20
0.031;0.054;-0.127;20
0.026;0.041;-0.032;20
-0.009;0.04;0.027;20
0.0;0.038;-0.023;20
0.006;0.097;-0.101;20
0.071;0.099;-0.045;20
-0.023;0.078;-0.758;20
0.024;0.113;0.201;20
0.15;-0.08;0.243;20
0.096;0.011;0.276;20

# Completed @Wed Jan 06 21:04:27 GMT+02:00 2021
