# Accelerometer Data File
# Started @Sun Jan 24 20:59:05 GMT+02:00 2021
#
#
# sensor Vendor: BOSCH
# sensor Name: BMI160 Accelerometer Non-wakeup
# sensor Resolution: 0.0023928226m/sec^2; Max Range: 78.4532; Min Delay: 2500 microseconds
# The sensor's attributes are the result hardware and the Android capabilities.
# It means that the Android may not utilize all features provided by the hardware.
#
# Some devices and Android versions save battery too much so the device may go to sleep.
# It just happens after couple of minutes from turning off the scree and it is easy to find it out.
#
# The following file provides the data from accelerometer in the m/s^2 format.
# The diff value is just a time delta between the samples
#
#
# data format:
# so we have 4 columns with values separated by the ";"
# X;Y;Z;time_from_previous_sample(ms)

# sensor speed set to:NORMAL
# units set to: m/sec^2
# gravity  filtered out
# Accuracy: HIGH
-0.988;5.205;7.07;0
-0.807;4.657;6.222;19
-0.73;4.075;5.892;20
-0.691;3.698;5.491;20
-0.584;3.332;4.632;20
-0.494;3.015;4.0;20
-0.441;2.666;3.701;20
-0.16;2.257;3.424;20
0.072;1.895;3.158;20
0.077;1.665;2.835;20
-0.037;1.649;2.502;20
-0.197;1.486;2.176;20
-0.142;1.413;1.996;20
0.034;1.194;1.829;20
0.102;0.977;1.933;20
0.192;0.872;1.737;20
0.092;0.605;1.757;20
0.032;0.775;1.423;20
-0.001;0.635;1.222;20
-0.237;0.824;1.078;20
-0.137;0.711;0.945;20
-0.031;0.475;0.61;20
-0.284;0.691;0.58;19
-0.407;0.713;0.564;20
-0.047;0.325;0.647;20
-0.046;0.245;0.4;20
-0.097;0.411;-0.122;20
-0.022;0.242;-0.161;20
0.1;0.072;0.134;20
-0.066;0.152;0.313;20
-0.047;0.131;0.275;20
-0.192;0.295;0.033;20
-0.25;0.37;-0.101;20
-0.107;0.248;-0.112;20
0.167;-0.214;0.267;20
-0.136;-0.012;0.85;20
-0.333;0.251;0.835;20
-0.118;0.245;0.089;20
-0.112;0.401;-0.142;20
-0.095;0.229;0.318;20
-0.113;0.172;0.543;20
0.151;-0.057;0.658;20
0.314;-0.241;0.613;20
0.128;-0.14;0.728;20
-0.327;-0.059;0.32;19
-0.55;0.202;-0.32;20
-0.503;0.201;-0.795;20
-0.425;-0.128;-1.078;20
0.523;-1.297;0.247;20
-0.03;-0.014;0.612;20
-0.046;0.837;0.108;20
0.227;0.482;-0.35;20
-0.398;0.652;0.996;20
-0.907;0.405;1.887;20
-0.667;-0.136;1.223;20
-0.338;-0.35;0.64;20
-0.29;-0.263;0.824;20
-0.046;-0.477;0.607;20
-0.228;-0.66;-0.231;20
-0.29;-0.518;-0.492;20
-0.519;-0.205;-0.879;20
-0.291;-0.242;-1.134;20
0.128;-0.367;-1.514;20
0.293;-0.105;-1.31;20
0.27;-0.008;-0.913;20
0.129;-0.034;-0.45;20
0.019;0.051;-0.074;20
0.087;0.047;0.245;20
0.008;0.123;0.272;20
-0.141;0.12;0.182;20
-0.254;0.082;0.226;20
-0.198;0.068;0.355;20
0.065;0.064;0.277;20
0.365;-0.346;0.161;20
0.228;-0.367;-0.256;20
0.734;-0.147;-0.204;20
1.248;-0.012;-0.576;20
2.287;-0.272;-0.899;20
-3.37;-0.383;-1.708;105
-2.649;-3.358;1.765;20
-2.619;-2.621;1.815;20
-5.266;-1.697;-0.31;20
-6.106;-1.064;-3.091;20
-3.837;1.292;-7.341;20
2.903;3.364;-7.226;20
2.475;1.171;-8.651;20
-3.478;-1.269;-0.914;20
-7.861;-2.556;4.831;20
-8.5;-3.034;4.865;20
-2.186;-5.16;-1.616;20
2.311;-6.438;-4.749;20
1.105;-6.973;-3.547;20
-1.527;-6.892;-2.19;20
-4.64;-5.761;-1.626;20
-6.867;-3.991;-3.371;20
-8.955;-2.55;-5.147;20
-10.543;-0.085;-4.572;20
-11.086;3.305;-2.681;20
-10.445;5.611;-1.859;20
-7.253;5.526;-1.444;20
-4.126;3.779;-1.591;20
-3.399;2.451;-1.3;20
-2.802;1.936;-0.12;20
-2.759;0.738;0.883;20
-3.833;-0.06;1.879;20
-3.646;-1.211;2.635;20
-0.315;-2.459;4.913;20
1.329;-3.843;5.414;20
-0.071;-4.448;0.114;20
-0.982;-4.294;-4.189;20
-0.136;-4.947;-5.387;20
4.508;-4.743;-2.744;20
4.497;-2.833;-0.223;20
0.218;-0.61;-4.256;20
3.805;-0.038;-1.59;20
9.927;-0.146;5.189;20
4.12;2.095;4.176;20
-1.83;3.543;-1.225;20
2.082;2.018;2.204;19
1.287;0.876;0.47;21
2.422;-1.718;-3.455;19
2.324;-1.483;-4.564;21
2.435;-0.669;-2.03;19
2.586;0.492;0.803;21
1.514;1.493;1.138;19
0.304;2.333;0.067;21
0.278;3.594;0.563;19
1.059;3.284;0.972;21
2.072;1.076;0.776;19
2.923;-0.447;-0.312;21
0.216;-0.955;-0.02;19
-1.428;-0.594;0.96;21
-0.242;-1.013;1.284;19
0.016;-1.239;1.529;20
-1.571;-1.691;3.28;20
-4.896;-2.49;0.55;21
-2.056;-1.933;0.827;19
1.423;-2.388;0.55;21
-0.154;-1.158;0.031;20
-0.089;0.274;0.429;19
0.734;0.9;1.637;20
1.059;1.524;-0.294;20
2.601;1.503;2.244;20
0.189;3.299;5.861;20
-0.293;2.972;4.027;20
0.02;0.652;0.612;20
0.607;-0.344;0.303;20
1.669;-0.264;0.501;20
1.155;-1.415;0.205;20
-0.253;-1.357;1.217;20
-0.223;-1.232;0.727;20
0.454;-1.596;-0.446;20
0.632;-2.105;1.525;20
-0.258;-1.228;0.363;20
0.718;-0.887;-0.509;20
0.323;-0.48;0.19;20
-0.142;-0.285;-0.854;20
-0.673;-0.028;-2.138;20
0.982;0.291;-0.285;20
1.58;1.156;1.704;20
1.064;0.452;0.307;20
-0.93;0.584;-1.467;20
-0.677;0.944;-1.096;20
0.364;0.769;-0.697;20
2.382;-2.29;-2.641;20
-1.08;0.495;1.418;20
-1.876;2.239;2.352;20
-3.318;1.702;-0.329;20
-1.889;0.98;-0.464;20
0.035;0.606;-0.519;20
-0.026;-0.01;-1.23;20
0.176;0.23;-0.079;20
0.154;1.33;1.034;20
-2.046;3.042;-0.06;20
-2.376;2.749;0.057;20
2.105;-0.619;1.688;20
6.687;-3.869;1.364;20
8.567;-10.383;-4.19;20
2.098;-9.092;-2.279;20
-3.05;-6.924;2.016;20
-5.852;-3.825;0.403;20
-0.055;-2.598;1.912;20
3.11;-1.801;1.133;20
0.477;-0.032;-1.737;20
-1.342;-0.445;-1.481;20
-1.458;-0.571;0.647;20
-0.372;0.257;0.507;20
1.152;-0.589;1.633;20
0.498;-2.16;-1.672;20
0.674;-1.866;-0.761;20
0.714;-0.998;1.054;20
-0.402;0.909;-1.185;20
0.004;1.465;-1.379;20
2.492;-0.125;-0.372;20
0.962;-0.188;0.416;20
-2.193;-1.258;-1.304;20
-4.375;-0.528;-0.701;20
-2.379;0.38;0.336;20
1.321;0.089;-0.059;20
1.695;-0.44;-0.223;20
0.911;-1.548;-0.619;20
-0.164;-1.031;-0.048;20
-0.833;4.727;1.644;20
1.476;0.248;-0.529;20
1.665;-1.725;0.271;20
2.876;-4.812;-1.997;20
2.017;-4.436;-2.442;20
2.21;-0.496;1.641;20
1.32;-0.121;0.265;20
0.511;-2.624;1.282;20
1.844;-3.83;-0.316;20
3.943;-5.646;0.036;20
3.708;-3.801;2.156;20
2.46;-5.014;-0.372;20
-0.478;-2.762;0.9;20
0.166;2.498;0.611;20
6.145;4.788;2.575;20
8.286;-0.823;-3.553;20
5.691;-0.631;1.146;20
5.892;-1.501;-0.412;20
3.774;-3.589;0.422;20
0.286;-4.159;0.735;20
0.617;-2.611;-0.178;20
3.662;-0.25;0.817;20
4.384;-1.618;-0.742;20
2.581;-0.393;-0.651;20
2.116;1.068;0.09;20
2.208;-0.743;0.484;20
-0.004;-3.271;0.811;20
-0.408;-2.991;0.243;20
2.247;-1.741;0.285;20
2.184;1.791;0.455;20
2.019;-0.464;-0.693;20
0.761;-0.844;-0.794;20
0.68;1.477;0.017;20
0.347;-1.448;0.921;20
0.284;0.994;2.659;20
0.586;2.554;-0.191;20
0.014;2.273;-0.478;20
-0.211;0.73;-0.21;20
-0.241;-0.784;0.194;20
-0.597;-1.525;0.099;20
-0.852;-1.187;0.425;20
-0.732;-0.51;0.777;20
-0.566;-0.09;0.536;20
-0.425;0.209;0.443;20
-0.277;0.205;0.515;20
-0.661;0.215;0.451;20
-1.309;0.344;0.291;20
-2.072;-0.314;0.564;20
-2.43;-1.523;1.236;20
-1.471;-0.812;1.367;20
-0.481;1.148;0.45;20
-0.142;1.868;0.099;20
-1.203;1.931;0.246;20
-1.417;1.136;0.724;20
-0.922;0.294;0.964;20
-0.073;0.269;0.559;20
-0.197;0.725;0.501;20
-0.708;0.993;0.772;20
-0.139;0.704;1.141;20
0.085;0.329;0.512;20
-0.054;-0.216;0.756;20
0.242;-0.22;1.239;20
-0.062;0.135;0.724;20
-0.758;0.376;0.699;20
0.435;1.002;1.108;20
0.543;2.071;0.669;20
-1.153;2.362;0.383;20
-1.704;1.619;0.806;20
-1.288;1.192;0.77;20
-0.642;1.461;0.036;20
0.105;1.858;0.342;20
-0.204;1.98;-0.282;20
-0.205;2.187;-0.842;20
-0.133;2.236;-0.842;20
-0.383;2.273;-0.732;20
-1.252;2.425;-1.232;20
-0.53;2.26;-2.023;20
0.135;1.713;-2.353;20
0.298;1.143;-1.859;20
1.275;0.343;0.928;20
0.225;-2.575;6.329;20
-2.313;-6.573;2.283;20
-2.769;-8.527;-0.986;20
-0.576;-5.121;-1.44;20
1.667;1.213;-3.743;19
1.421;4.187;-4.33;20
-0.001;3.07;-3.455;20
-1.249;0.542;-3.383;20
-2.769;-2.048;-1.909;20
-3.255;-5.164;0.243;20
-2.794;-6.512;1.939;20
-1.512;-4.017;1.448;20
-0.287;-2.577;0.576;20
0.208;-3.397;0.165;20
0.586;-2.947;-0.924;20
1.929;-1.294;-0.528;20
1.221;0.773;-1.283;20
-0.174;1.295;-1.957;20
-0.886;1.046;-1.951;20
-0.541;1.269;-2.075;20
-0.198;1.675;-1.738;20
-1.029;1.809;-1.59;20
-1.646;0.731;-1.286;20
-1.812;-0.438;-0.856;20
-2.221;-0.618;0.169;20
-3.252;-0.22;0.762;20
-2.834;-0.269;0.44;20
-1.326;0.175;0.055;20
0.16;0.981;-0.092;20
1.756;1.458;0.014;20
2.04;1.795;-0.595;20
1.258;1.458;-0.27;20
-0.322;1.209;0.508;20
-1.251;0.327;1.169;20
-0.928;-0.934;0.666;20
-0.072;-0.536;-0.264;20
0.76;1.694;0.259;20
0.117;0.925;-0.792;20
-2.121;-0.796;-0.169;20
-3.465;-1.137;-0.118;20
-3.513;-0.437;-0.529;20
-1.047;0.061;-0.993;20
0.842;1.73;-0.555;20
-0.352;2.975;1.125;20
-2.233;1.333;2.323;20
-2.288;-0.238;0.385;20
-1.725;1.641;-1.834;20
0.182;2.93;-1.804;20
1.85;2.426;-0.28;20
0.011;1.692;-0.114;20
-1.58;0.369;0.321;20
-1.135;-0.797;1.479;20
-0.72;-0.417;1.948;20
-0.87;0.24;0.55;20
-0.832;0.718;0.072;20
-0.671;1.015;0.457;20
-0.641;0.834;0.455;20
-1.014;0.653;0.836;20
-1.131;0.523;1.009;20
-0.787;0.85;0.522;20
-0.219;1.063;-0.286;20
0.313;1.174;-0.54;20
0.187;1.369;0.354;20
-0.624;1.034;0.023;20
-0.943;0.437;-0.506;20
-0.679;0.52;0.244;20
-0.954;0.514;0.573;20
-1.009;0.044;0.667;20
-1.165;0.227;0.962;20
-1.854;0.178;0.883;20
-1.005;-0.14;0.965;20
1.212;1.084;0.642;20
1.237;2.045;-1.178;20
-0.268;1.759;-0.487;20
0.263;1.145;0.867;20
1.618;1.063;0.222;20
2.653;1.116;-0.351;20
1.478;1.513;-0.234;20
-0.801;1.646;-0.189;20
-1.129;0.9;0.799;20
0.37;0.284;0.633;20
0.966;0.083;0.313;20
0.16;0.428;0.775;20
-0.152;0.292;0.172;20
0.731;-0.018;-0.166;20
0.214;-0.051;-1.042;20
-0.699;0.6;-0.536;20
-0.955;1.195;-0.754;20
-1.603;0.746;-0.084;20
-0.897;0.574;-0.317;20
-0.378;1.763;-0.177;20
1.62;1.908;0.053;20
1.941;2.258;-0.467;20
0.563;2.278;-0.795;20
0.214;1.311;0.191;20
-0.216;0.447;0.441;20
-0.468;0.05;0.192;20
-0.225;0.252;-0.113;20
-0.084;0.525;0.122;20
-0.55;0.709;-0.07;20
-0.275;0.209;-0.363;20
0.157;-0.106;-0.09;20
0.143;0.042;0.024;20
-0.323;-0.013;-0.158;20
-1.028;-0.314;-0.244;20
-1.145;-0.746;-0.228;20
-1.011;-1.031;-0.054;20
-0.748;-1.23;-0.064;20
-0.361;-1.461;-0.32;20
-0.484;-1.373;-0.642;20
-0.5;-1.347;-0.77;20
-0.819;-1.474;-0.466;20
-0.89;-1.671;-0.245;20
-0.889;-1.659;-0.818;20
-0.755;-1.672;-0.604;20
-0.503;-1.787;0.423;20
-0.573;-1.257;-0.228;20
-0.511;-0.663;-0.673;20
-0.424;-0.489;-0.908;20
-0.09;-0.818;-0.379;20
0.088;-0.979;-0.279;20
0.323;-1.138;-0.656;20
0.502;-1.442;-0.086;20
0.559;-1.803;-0.263;20
0.827;-2.069;-0.096;20
0.565;-1.665;-0.427;20
1.069;-1.592;-1.193;20
1.048;-0.99;-0.535;20
0.439;-0.583;-0.378;20
0.345;-0.686;-0.314;20
1.195;-0.469;-0.321;20
1.621;-0.081;-0.155;20
1.118;-0.304;0.439;20
0.536;-1.123;0.693;20
0.073;-1.323;0.595;20
0.022;-0.777;0.398;20
0.149;-0.447;0.455;20
0.048;-0.299;0.638;20
-0.245;-0.021;0.326;20
-1.011;0.735;0.82;20
-1.294;0.42;1.029;20
-1.082;0.339;0.775;20
-0.627;0.693;0.094;20
-0.334;0.617;-0.266;20
-0.662;0.89;-0.891;20
-1.28;1.301;-0.34;20
-0.569;0.677;1.26;20
0.103;0.454;0.373;20
-0.734;0.805;-0.78;20
-1.128;0.936;-0.577;19
-1.216;1.151;-0.633;20
-0.825;1.171;0.854;20
-0.469;1.255;-0.067;20
-0.254;1.526;-0.082;20
0.702;1.636;0.434;20
0.468;1.531;0.162;20
0.361;1.087;1.181;20
1.025;1.002;0.351;20
1.171;1.192;-0.655;20
1.545;1.414;0.03;20
1.429;1.824;-0.498;20
0.691;1.625;-0.558;20
0.627;1.188;-0.813;20
0.87;1.278;-1.335;20
0.932;2.084;-0.975;20
1.058;2.337;-0.464;20
0.981;2.084;0.048;20
0.063;2.248;-0.249;20
0.158;1.985;-0.638;20
0.282;1.327;0.013;20
0.465;0.711;0.333;20
0.38;0.795;0.272;20
0.43;0.901;-0.598;20
-0.263;0.943;-0.372;20
-0.849;0.296;0.352;20
-1.255;-0.314;0.934;20
-0.994;-1.119;0.245;20
-0.722;-1.672;0.421;20
-0.389;-1.397;0.476;20
-0.102;-1.011;0.333;20
-0.577;-0.537;-0.094;20
-0.912;-0.539;-0.08;20
-1.325;-0.875;0.248;20
-1.479;-1.351;0.392;20
-1.325;-1.75;0.02;20
-1.298;-1.756;-0.505;20
-0.905;-1.501;-0.525;20
-0.689;-0.95;-0.636;20
-0.791;-0.796;-0.577;20
-0.985;-1.275;-0.161;20
-1.62;-1.592;-0.111;20
-0.861;-2.347;-0.048;20
-0.753;-2.226;-0.175;20
-0.421;-1.646;-0.681;20
0.569;-1.017;-0.477;20
1.217;-0.433;-0.423;20
1.302;-0.068;-0.003;20
1.217;-0.288;0.054;20
1.326;-0.927;0.068;20
0.846;-1.003;0.7;20
0.345;-1.144;0.354;20
0.143;-1.098;-0.563;20
-0.166;-0.952;-0.689;20
-0.378;-0.988;0.168;20
-0.696;-1.191;0.729;20
-0.462;-1.208;0.537;20
-0.101;-0.449;0.175;20
-0.132;0.149;-0.48;20
-0.048;-0.022;-0.499;20
0.176;-0.016;0.432;20
0.128;0.13;0.654;20
-0.468;0.173;-0.365;20
-0.768;0.77;0.241;20
-0.629;1.219;0.459;20
-0.484;0.983;-0.375;20
-0.269;1.184;0.002;20
-0.122;1.77;-0.056;20
-0.554;1.856;-0.761;20
-1.022;1.425;0.254;20
-0.646;0.84;0.931;20
-0.588;0.564;0.5;20
-1.182;0.366;-0.364;20
0.548;0.187;-0.121;20
1.674;1.339;-0.585;20
1.455;2.112;-0.617;20
2.066;1.929;-0.228;20
2.629;1.878;-1.436;20
2.58;2.396;-2.338;20
2.412;2.486;-1.024;20
1.55;2.185;0.237;20
0.705;1.87;0.548;20
-0.199;1.788;0.381;20
0.657;1.653;0.418;20
0.983;1.852;0.325;20
0.51;1.574;-0.011;20
0.599;0.849;0.308;20
0.755;0.266;-0.058;20
0.28;0.067;-0.212;20
-0.269;0.108;0.076;20
-0.472;-0.245;0.928;20
-0.151;-0.74;0.583;20
-0.315;-0.702;0.057;20
-0.741;-0.57;-0.066;20
-1.057;-0.795;0.256;20
-1.723;-0.731;0.164;20
-2.018;-1.071;0.268;20
-2.405;-1.788;0.276;20
-2.423;-2.618;-0.163;20
-2.478;-3.091;-0.56;20
-1.894;-2.935;-0.582;20
-1.543;-2.271;-0.008;20
-1.173;-1.757;-0.251;20
-0.581;-1.21;-0.278;20
-0.137;-0.389;-0.558;20
0.087;0.113;-0.062;20
0.227;-0.124;-0.129;20
0.493;-0.687;-0.009;20
0.871;-0.957;-0.131;20
1.264;-1.062;-0.014;20
1.306;-1.417;0.387;20
0.72;-2.017;0.816;20
-0.034;-2.192;0.784;20
-0.492;-1.602;-0.035;20
-0.022;-1.093;-0.594;20
0.138;-0.634;0.329;20
-0.349;-0.338;0.995;20
-0.512;0.09;0.764;20
-0.36;0.691;0.234;20
-0.03;0.947;-0.314;20
0.041;0.917;-0.229;20
-0.297;0.7;-0.329;20
-0.931;0.796;0.018;20
-0.9;0.397;-0.063;20
-1.207;0.442;-0.371;20
-1.522;0.477;-0.276;20
-1.182;0.483;-0.239;20
-0.671;0.735;0.545;20
-0.19;0.767;0.156;20
-0.555;0.938;-0.249;20
0.134;0.999;0.202;20
1.403;1.143;0.119;20
2.263;1.389;-0.541;20
2.209;1.903;-1.198;20
2.678;2.122;-1.046;20
2.828;2.412;-0.592;20
1.987;2.309;-1.203;20
1.657;1.822;-1.076;20
1.739;1.844;-0.516;19
1.565;1.722;0.123;20
0.546;1.617;0.786;21
-0.139;1.438;0.576;19
1.083;1.188;0.197;20
1.656;1.016;0.328;20
1.184;0.858;0.358;20
0.699;0.75;-0.156;20
0.636;0.587;-0.138;20
0.398;0.336;0.077;20
-0.182;0.016;0.156;20
-0.638;-0.543;0.17;20
-0.969;-1.023;0.326;20
-1.422;-0.996;0.069;20
-1.754;-0.996;0.45;20
-1.835;-1.371;0.101;20
-2.21;-1.874;0.074;20
-2.534;-2.262;-0.153;20
-2.154;-2.711;0.043;20
-1.876;-2.534;-0.088;20
-1.358;-1.518;-0.635;20
-1.058;-0.506;-0.203;20
-1.172;-0.332;-0.107;20
-1.409;-0.922;0.304;20
-1.68;-1.405;0.297;20
-0.731;-1.618;0.049;20
0.449;-1.139;0.044;20
0.846;-0.538;-0.27;20
0.595;-0.437;-0.051;20
0.422;-0.87;0.57;20
0.621;-1.382;0.621;20
0.526;-1.224;0.337;20
0.422;-0.703;-0.671;20
0.341;-0.232;-0.049;20
0.589;-0.366;0.239;20
-0.165;-0.497;0.929;20
-0.401;-0.629;0.642;20
-0.408;-0.454;0.45;20
-0.887;-0.208;0.537;20
-1.391;0.196;-0.316;20
-1.125;0.381;-1.276;20
-0.769;0.496;-0.704;20
-0.629;0.295;0.392;20
-0.762;0.108;0.141;20
-1.234;0.542;-0.37;20
-0.53;1.134;-0.529;20
0.774;1.842;0.049;20
1.387;1.975;0.197;20
0.776;1.779;-0.471;20
0.246;1.231;-0.6;20
0.907;0.735;-0.32;20
2.053;1.122;-0.821;20
2.738;2.077;-0.752;20
2.464;2.43;-0.72;20
1.905;2.122;-1.115;20
2.224;1.856;-0.855;20
2.933;2.063;-1.162;20
2.786;1.374;-0.66;20
0.427;0.771;2.001;20
-2.168;0.366;1.1;20
-0.107;0.752;0.585;20
1.64;0.838;1.259;20
2.347;1.328;-0.403;20
2.815;1.124;-0.462;20
2.238;0.856;-0.374;20
0.783;0.895;-0.443;20
-0.344;0.761;0.545;20
-1.269;0.441;0.618;20
-1.578;-0.603;0.649;20
-2.793;-2.0;-0.457;20
-4.249;-2.66;0.392;20
-4.402;-2.297;1.556;20
-3.742;-1.034;0.107;20
-2.794;-1.03;-0.774;20
-3.226;-3.061;0.212;20
-4.046;-5.517;0.902;20
-2.702;-4.196;-1.364;20
0.715;-0.527;-0.704;20
2.366;2.243;-0.552;20
2.854;2.778;-0.999;20
2.618;1.903;-1.192;20
2.231;0.876;-0.948;20
0.939;0.176;0.084;20
-4.214;0.23;3.717;20
-8.57;-4.257;-0.142;20
-1.243;-9.728;-3.888;20
5.016;-4.853;0.874;20
4.23;-0.39;1.792;20
1.666;0.338;0.161;20
-0.563;1.052;-1.369;20
-1.511;1.768;-0.53;20
-0.61;1.589;0.6;20
2.052;0.835;-0.472;20
4.016;0.534;-1.716;20
1.706;1.455;1.755;20
-2.31;-0.47;1.336;20
-5.791;-1.794;0.575;20
-6.411;-0.52;1.063;20
-3.131;0.633;-0.209;20
-1.194;0.751;-0.462;20
-1.635;0.723;1.338;20
-1.312;1.263;0.232;20
0.584;1.827;-2.422;20
4.111;1.866;-1.949;20
7.184;1.177;-1.153;20
7.815;0.089;-3.254;20
7.079;1.365;-3.239;20
3.348;5.62;1.318;20
1.418;4.616;1.794;20
0.851;1.52;0.981;20
-1.751;0.887;2.239;20
-4.303;2.37;2.291;20
-4.472;0.445;0.456;20
-2.438;-0.935;1.499;20
-0.429;-0.391;-0.631;20
2.634;-1.426;-0.355;20
3.612;-0.912;-1.363;20
4.422;0.051;-1.276;20
4.837;1.245;-1.422;20
4.373;2.052;-0.939;20
2.772;2.804;-0.462;20
0.94;3.047;0.336;20
-1.268;2.402;1.046;20
-2.706;-0.041;1.765;20
-4.064;-3.26;0.817;20
-6.408;-5.433;-0.23;20
-7.99;-6.677;-0.455;20
-6.313;-6.186;-0.59;20
-3.815;-2.512;0.253;20
-2.791;0.754;-0.059;20
-1.796;0.61;-0.447;20
-0.704;-0.067;-0.545;20
0.786;0.075;-1.234;20
2.262;0.595;-0.748;20
3.163;0.913;-1.169;20
3.715;0.882;-1.1;20
3.626;0.442;-0.727;20
2.017;-0.396;-0.098;20
-0.219;-1.445;0.646;20
-2.471;-2.454;1.328;20
-3.604;-3.293;0.677;19
-3.396;-2.975;0.318;20
-1.789;-2.332;1.035;20
-0.025;-1.068;1.623;20
0.619;-0.185;0.775;20
0.705;0.244;-0.021;20
0.398;0.295;-0.677;20
-0.521;0.587;-0.928;20
-1.122;1.026;-0.753;20
-0.749;1.107;0.041;20
-0.046;1.145;0.675;20
-0.904;1.401;-0.61;20
-0.829;1.302;-0.283;20
0.245;1.609;-0.216;20
0.481;1.539;0.009;20
0.565;0.693;-0.659;20
0.538;0.615;-0.209;20
1.754;1.228;-0.162;20
3.234;1.963;-0.627;20
3.538;2.528;-1.069;20
3.491;2.387;-1.74;20
4.269;1.898;-1.033;20
4.847;2.047;0.58;20
2.937;2.377;0.591;20
1.151;2.234;0.441;20
1.153;1.551;0.585;20
0.636;1.109;0.561;20
-0.175;0.763;0.474;20
-0.69;0.471;0.662;20
-0.698;-0.2;0.572;20
-0.682;-0.829;0.737;20
-0.877;-0.731;0.616;20
-1.029;-0.401;0.423;20
-1.258;-0.219;0.055;20
-1.701;-0.274;-0.135;20
-2.29;-0.833;0.227;20
-2.569;-1.871;0.109;20
-2.938;-2.285;-0.192;20
-3.325;-2.451;-0.47;20
-3.111;-2.501;-0.43;20
-2.168;-2.038;-0.678;20
-1.264;-1.131;-0.631;20
-0.657;-0.36;-0.266;20
-0.179;-0.182;-0.363;20
0.185;-0.248;-0.318;20
0.481;-0.35;0.017;20
0.474;-0.516;0.16;20
0.17;-0.585;0.967;20
-0.044;-1.024;0.638;20
0.571;-1.754;-0.367;20
0.663;-1.844;0.039;20
0.114;-1.782;0.283;20
0.117;-1.625;0.078;20
-0.156;-1.2;0.359;20
-0.093;-0.519;0.578;20
-0.584;-0.155;0.826;20
-1.022;-0.062;0.316;20
-1.213;-0.014;-0.167;20
-1.561;0.269;-0.301;20
-1.463;0.502;-0.105;20
-1.343;0.784;0.474;20
-0.879;1.126;0.715;20
-0.689;0.966;-0.205;20
-0.407;0.941;-0.46;20
0.18;1.215;-0.602;20
0.882;1.137;-0.287;20
1.337;1.26;-0.636;20
1.896;1.636;-0.57;20
2.743;1.779;-0.569;20
3.318;2.09;-1.493;20
3.913;2.453;-1.421;20
3.75;2.727;-1.012;20
3.261;2.601;-0.074;20
2.702;1.933;0.381;20
1.541;1.406;0.239;20
1.279;1.263;0.131;20
1.481;0.841;0.163;20
1.033;0.602;0.322;20
0.07;0.699;0.451;20
-0.135;0.422;-0.054;20
0.197;-0.07;0.092;20
0.417;-0.548;0.221;20
0.308;-0.7;0.016;20
0.098;-0.654;0.245;20
-0.603;-0.442;0.257;20
-1.61;-0.568;0.233;20
-2.365;-1.421;0.24;20
-3.114;-2.296;0.371;20
-3.665;-2.877;0.032;20
-3.682;-3.197;-0.255;20
-3.087;-2.509;-0.292;20
-2.024;-1.441;-0.252;20
-1.472;-0.445;-0.116;20
-0.734;-0.127;-0.344;20
-0.536;-0.246;-0.064;20
-0.189;-0.585;0.095;20
0.017;-0.958;-0.168;20
-0.189;-0.89;0.287;20
-0.284;-1.079;0.373;20
0.054;-1.006;0.681;20
0.883;-0.806;0.127;20
1.044;-0.443;-0.152;20
0.826;-0.629;-0.201;20
0.236;-0.939;0.234;20
-0.437;-0.845;0.017;20
-0.963;-0.696;0.409;20
-0.793;-0.521;0.638;20
-0.863;-0.417;0.492;20
-0.925;-0.231;0.139;20
-1.078;0.283;-0.148;20
-0.962;0.52;-0.297;20
-0.704;0.543;-0.183;20
-0.679;0.862;-0.085;20
-0.897;1.071;0.099;20
-0.439;0.811;-0.75;20
0.173;0.993;-0.468;20
0.561;1.096;-0.637;20
0.552;1.435;-1.043;20
0.881;1.477;-0.389;20
2.127;1.245;0.02;20
2.934;1.34;-0.585;20
3.331;2.465;-0.962;20
3.095;2.143;-1.39;20
3.134;1.414;-0.446;20
2.883;1.742;0.192;20
3.155;1.682;0.117;20
3.017;1.74;0.002;20
2.245;1.633;0.392;20
1.997;0.926;0.141;20
1.357;0.525;0.246;20
0.228;0.479;0.359;20
-0.348;0.16;0.342;20
-0.943;0.113;0.14;20
-1.551;0.031;0.354;20
-1.858;-0.269;0.282;19
-2.075;-0.886;0.353;20
-2.26;-1.871;0.37;20
-2.726;-2.553;0.175;20
-2.479;-2.541;-0.529;20
-1.895;-1.854;-0.284;20
-1.38;-0.674;0.168;20
-1.192;-0.523;-0.038;20
-1.756;-0.902;0.127;20
-2.497;-1.075;-0.07;20
-2.441;-1.053;0.259;20
-1.964;-0.754;0.054;20
-1.257;-0.685;-0.03;20
-0.273;-1.002;0.298;20
0.353;-1.055;0.498;20
0.315;-0.65;0.345;20
0.458;-0.475;0.373;20
0.792;-0.636;0.39;20
0.706;-0.627;-0.008;20
0.866;-0.536;-0.81;20
1.055;-0.478;-0.563;20
0.469;-0.174;0.5;20
0.295;-0.445;-0.27;20
-1.288;-1.123;0.304;20
-3.149;-1.817;1.166;20
-2.448;-1.557;0.795;20
-0.379;0.053;-0.073;20
1.249;1.246;-1.02;20
2.217;1.669;-0.879;20
2.435;0.946;-1.005;20
-0.037;0.53;0.492;20
-2.745;-0.203;0.466;20
-2.887;0.243;-0.077;20
-0.789;1.501;-0.91;20
1.261;1.938;-0.66;20
1.215;1.746;-0.173;20
-0.751;1.826;0.063;20
-1.18;1.436;0.352;20
0.48;-0.099;-0.732;20
2.48;-0.255;-1.461;20
4.763;0.67;-0.349;20
5.753;0.892;-1.084;20
5.868;1.767;0.095;20
4.906;4.319;1.056;20
4.59;3.631;0.456;20
2.837;1.81;0.253;20
0.768;0.935;0.381;20
-0.862;0.874;0.492;20
-1.604;0.329;0.447;20
-1.877;-0.231;0.286;20
-1.708;-0.404;0.404;20
-1.274;-0.799;0.074;20
-0.927;-1.127;-0.249;20
-1.535;-1.156;-0.241;20
-2.399;-0.583;-0.096;20
-2.224;-0.143;0.085;20
-1.693;-0.17;0.149;20
-1.474;-0.649;-0.102;20
-1.833;-1.304;-0.109;20
-2.452;-1.861;0.026;20
-3.039;-2.072;-0.303;20
-2.905;-2.024;0.116;20
-2.25;-1.837;-0.198;20
-1.184;-1.019;-0.478;20
0.162;-0.624;-0.163;20
0.661;-0.512;-0.049;20
0.69;-0.577;-0.172;20
0.905;-0.509;-0.398;20
1.27;-0.529;-0.22;20
1.117;-0.799;0.072;20
0.695;-1.191;-0.656;20
0.162;-1.353;-0.61;20
-0.488;-1.204;-0.333;20
-0.855;-0.719;0.426;20
-0.877;-0.697;0.56;20
-0.255;-0.875;0.517;20
0.085;-0.656;0.491;20
-0.248;-0.295;0.274;20
-0.933;-0.013;0.162;20
-1.48;0.121;-0.207;20
-1.778;0.533;-0.363;20
-0.557;0.575;0.949;20
-0.454;0.929;0.617;20
-1.288;1.345;-0.352;20
-1.157;1.07;-0.467;20
-0.703;0.582;0.212;20
0.58;0.364;-0.056;20
1.913;0.953;-0.816;20
3.183;1.366;-1.18;20
4.122;1.413;-0.894;20
3.854;1.836;-0.289;20
2.953;2.174;-1.084;20
2.578;1.855;-1.816;20
3.256;2.097;0.484;20
2.795;2.413;0.737;20
1.224;2.23;0.778;20
1.108;1.686;0.499;20
1.193;1.733;0.641;20
1.108;1.117;0.571;20
1.437;0.173;0.033;20
1.209;-0.175;-0.289;20
1.097;-0.638;-0.107;20
0.782;-0.796;0.321;20
0.077;-0.163;0.528;20
-0.995;0.819;0.253;20
-1.792;1.213;0.269;20
-2.915;-0.028;0.374;20
-3.915;-3.195;0.345;20
-5.416;-4.885;0.368;20
-5.657;-3.896;0.293;20
-2.871;-1.749;-0.585;20
-0.868;-0.287;-0.94;20
-0.94;0.314;-0.299;20
-1.232;0.194;-0.101;20
-0.775;-0.333;-0.649;20
-0.156;-0.636;-0.511;20
0.9;-0.818;-0.613;20
1.127;-0.784;-0.267;20
0.249;-1.121;0.171;20
-0.482;-1.839;0.458;20
-0.361;-2.214;0.078;20
0.026;-1.764;-0.354;20
0.411;-1.199;-0.45;20
0.877;-0.987;0.239;20
1.166;-1.14;0.308;20
0.424;-0.653;0.781;20
-0.669;0.039;0.944;20
-1.553;0.403;0.38;20
-1.098;0.16;-0.215;20
-0.432;-0.458;-0.194;20
-0.684;-0.725;0.284;20
-1.834;-0.243;0.27;19
-2.603;0.606;-0.049;20
-1.668;1.102;0.457;20
-0.74;0.948;0.056;20
-0.108;0.769;-0.725;20
0.56;0.789;-0.564;20
1.187;0.898;-0.147;20
1.51;1.399;-0.654;20
1.571;1.714;-0.692;20
2.237;1.566;-0.489;20
3.309;1.334;-0.367;20
3.894;1.8;-0.494;20
3.393;2.301;-1.167;20
3.431;2.308;-0.259;20
3.053;1.883;0.305;20
2.379;1.783;0.626;20
2.143;1.62;0.527;20
2.479;1.191;0.556;20
2.287;0.994;0.681;20
1.426;1.028;0.035;20
0.762;0.677;0.096;20
-0.057;0.431;0.24;20
-0.388;-0.056;0.367;20
-0.929;-0.514;0.282;20
-1.944;-0.87;0.213;20
-2.668;-1.634;0.194;20
-3.173;-2.331;0.166;20
-3.63;-2.568;0.279;20
-3.286;-2.757;-0.003;20
-3.188;-2.331;-0.337;20
-1.912;-1.308;-0.443;20
-0.973;-0.518;-0.694;20
-1.119;-0.009;-0.493;20
-1.591;-0.191;-0.571;20
-1.865;-0.933;-0.531;20
-1.603;-1.448;0.133;20
-0.477;-1.467;0.293;20
0.016;-0.997;-0.091;20
-0.073;-0.72;-0.181;20
0.015;-0.745;0.439;20
0.266;-1.082;0.846;20
0.157;-1.442;0.964;20
0.484;-0.935;-0.35;20
1.132;-0.24;-0.819;20
1.306;-0.111;-0.377;20
0.444;-0.225;0.44;20
-0.63;-0.262;0.829;20
-1.421;-0.18;0.499;20
-1.63;0.007;-0.346;20
-1.84;0.226;-0.536;20
-1.966;0.077;-0.672;20
-1.239;0.013;-0.391;20
-1.096;0.615;-0.022;20
-0.803;0.909;0.387;20
-0.106;0.685;-0.151;20
0.231;1.192;-0.186;20
0.355;1.489;-0.189;20
1.348;0.937;-0.446;20
2.11;0.782;-0.679;20
2.8;0.696;-0.458;20
2.878;1.372;-0.147;20
2.954;2.17;0.091;20
3.012;2.085;-0.84;20
3.317;1.98;-1.314;20
3.345;1.902;0.416;20
2.767;1.691;0.62;20
2.421;1.627;0.254;20
2.311;1.501;0.569;20
2.504;1.148;0.379;20
1.734;0.859;0.41;20
0.879;0.585;0.222;20
-0.048;0.561;0.079;20
-0.977;0.238;0.433;20
-1.578;-0.441;0.504;20
-1.795;-1.334;0.365;20
-1.738;-2.466;-0.127;20
-2.332;-2.981;-0.563;20
-2.937;-2.549;-0.037;20
-3.18;-2.055;0.324;20
-3.481;-1.161;0.223;20
-3.032;-0.493;0.399;20
-2.213;-0.567;0.143;20
-2.074;-0.489;-0.355;20
-1.383;-0.871;-1.068;20
-1.036;-0.988;-0.743;20
-1.014;-0.885;-0.147;20
-0.667;-1.06;0.39;20
-0.514;-1.271;0.017;20
-0.566;-1.501;0.145;20
-0.179;-1.25;0.594;20
0.963;-0.398;0.573;20
1.487;0.221;0.27;20
1.263;0.33;-0.457;20
1.154;0.109;-0.392;20
1.246;-0.457;-0.152;20
0.207;-0.487;0.529;20
-1.391;-0.447;0.307;20
-2.535;-0.436;0.178;20
-2.467;-0.246;-0.268;20
-1.155;0.01;-0.867;20
0.085;0.264;-0.674;20
0.413;0.675;-0.281;20
-0.164;0.924;-0.242;20
-0.743;0.756;-0.406;20
-0.584;0.836;-0.391;20
0.208;0.761;0.357;20
0.627;1.023;0.144;20
0.832;1.318;-0.568;20
1.109;1.257;-0.302;20
1.347;0.98;0.45;20
1.969;0.623;-0.028;20
2.82;0.764;-0.896;20
3.303;0.981;-1.214;20
3.335;1.104;0.317;20
3.331;1.876;0.287;20
3.763;2.244;1.015;20
3.922;2.104;0.931;20
4.168;1.449;0.199;20
3.285;1.238;0.531;20
1.113;1.25;0.626;20
-0.763;0.741;0.238;20
-1.782;0.3;0.307;20
-1.944;-0.259;0.57;20
-2.133;-1.229;0.368;20
-2.401;-2.622;0.075;20
-2.45;-2.631;0.089;20
-2.013;-1.014;0.041;20
-1.203;0.028;-0.249;20
-1.025;-0.15;-0.521;20
-1.595;-0.939;-0.351;20
-1.936;-1.555;-0.042;19
-2.175;-1.328;-0.264;20
-2.52;-0.745;-0.526;20
-3.098;-0.62;-0.56;20
-3.047;-1.501;-0.273;20
-2.497;-2.288;0.195;20
-0.669;-2.107;0.051;20
0.462;-1.064;-0.206;20
1.026;-0.457;0.038;20
1.538;-0.226;0.705;20
1.472;-0.031;0.367;20
0.92;0.029;-0.544;20
0.567;-0.427;-0.917;20
-0.024;-0.626;0.172;20
-0.385;-0.837;-0.18;20
-0.698;-1.019;0.121;20
-0.624;-0.977;0.549;20
-0.771;-0.601;0.526;20
-1.164;-0.047;0.165;20
-0.983;-0.17;-0.169;20
-1.587;-0.243;-0.254;20
-1.788;-0.085;-0.823;20
-0.657;0.623;0.194;20
0.096;1.018;0.879;20
-0.956;1.463;-0.038;20
-0.729;1.043;-1.295;20
0.667;0.559;-0.081;20
1.484;0.335;0.403;20
1.704;0.552;-1.101;20
2.355;1.128;-0.723;20
3.523;1.662;0.359;20
3.841;2.022;-0.482;20
4.089;2.305;-1.275;20
4.676;2.085;-0.06;20
4.361;2.023;0.488;20
2.836;1.86;0.635;20
1.257;1.93;1.052;20
0.868;1.584;0.533;20
0.419;1.238;1.006;20
0.077;0.605;0.681;20
-0.365;0.301;0.158;20
-0.402;-0.187;0.213;20
-0.596;-0.643;0.386;20
-0.966;-0.693;0.442;20
-0.751;-0.634;0.331;20
-0.391;-0.469;0.089;20
-0.554;-0.328;-0.439;20
-1.538;-0.754;-0.162;20
-2.943;-1.53;0.397;20
-4.147;-2.224;0.174;20
-4.968;-2.715;-0.145;20
-4.423;-2.668;-0.65;20
-2.45;-2.117;-1.145;20
-1.045;-0.963;-1.205;20
-0.242;-0.049;-0.127;20
0.493;0.19;0.195;20
0.937;-0.048;-0.149;20
0.559;-0.44;-0.117;20
0.199;-0.653;-0.051;20
0.211;-0.548;0.438;20
-0.068;-0.961;-0.286;20
-0.177;-1.613;-0.738;20
0.439;-1.577;-0.177;20
0.82;-1.201;0.29;20
0.214;-0.876;0.912;20
-0.641;-0.677;0.821;20
-1.569;-0.128;0.646;20
-1.228;0.104;-0.345;20
-0.681;-0.139;-0.157;20
-0.63;-0.302;-0.122;20
-0.905;-0.028;-0.457;20
-0.948;0.789;0.155;20
-0.813;0.958;0.612;20
-1.063;0.744;-0.048;20
-0.623;0.544;-1.134;20
0.605;0.88;-0.939;20
1.54;1.163;-0.207;20
1.695;1.346;-0.22;20
1.659;1.513;-0.507;20
2.806;1.282;-0.204;20
3.331;1.719;-0.356;20
3.652;2.071;-0.807;20
3.912;2.006;-0.548;20
3.725;1.876;0.353;20
2.805;1.717;0.773;20
2.175;1.183;0.855;20
1.399;1.53;0.683;20
1.374;1.144;0.772;20
1.337;0.439;0.49;20
0.544;0.626;0.885;20
-0.279;0.807;0.573;20
-0.445;0.198;0.218;20
-0.7;-0.433;0.319;20
-1.008;-1.054;0.134;20
-1.441;-1.824;0.079;20
-1.95;-2.014;-0.305;20
-2.588;-1.785;-0.309;20
-2.652;-2.046;-0.362;20
-3.06;-1.917;0.072;20
-3.59;-1.54;0.149;20
-3.434;-1.026;-0.4;20
-2.219;-0.304;-0.653;20
-1.277;0.105;-0.792;20
-0.873;0.103;-0.763;20
-0.152;-0.627;0.268;20
0.082;-1.129;0.441;20
-0.751;-1.32;-0.009;20
-1.124;-1.395;0.286;20
-0.229;-1.331;0.038;20
0.782;-0.922;0.387;20
1.157;-0.717;-0.064;20
1.032;-0.372;-0.23;20
0.578;-0.438;-0.22;20
0.052;-0.489;0.368;20
0.075;-0.464;-0.207;20
-0.195;0.116;0.692;20
-0.121;0.167;-0.329;20
-0.838;0.14;-0.251;20
-2.278;-0.268;-0.096;20
-2.294;-0.937;-0.511;20
-1.64;-0.408;-0.357;20
-0.178;0.516;0.202;20
-0.082;1.085;-0.076;20
-0.626;1.336;-0.584;20
-0.085;1.037;-0.178;20
0.358;0.795;0.108;20
1.217;0.082;-0.162;19
2.229;0.28;-0.627;21
2.694;1.421;-0.45;19
2.929;2.141;0.075;20
2.832;2.531;-0.039;20
3.23;2.15;-0.812;20
4.371;1.144;0.362;20
4.223;1.465;0.119;20
2.839;1.894;0.352;20
2.245;1.601;0.888;20
2.229;1.232;0.539;20
1.351;1.617;1.043;20
0.327;1.27;0.876;20
-0.198;0.404;0.256;20
-0.875;0.1;-0.036;20
-1.427;-0.316;0.422;20
-1.625;-0.972;0.483;20
-1.482;-1.384;0.396;20
-1.211;-1.394;0.022;20
-1.493;-1.367;-0.395;20
-2.406;-1.489;-0.436;20
-2.567;-1.782;-0.209;20
-2.235;-1.405;-0.007;20
-2.315;-0.62;-0.135;20
-2.588;-0.455;-0.736;20
-2.762;-0.765;-0.512;20
-2.068;-1.15;-0.626;20
-1.398;-1.218;-0.249;20
-0.96;-1.256;-0.064;20
-0.455;-1.322;-0.138;20
-0.204;-0.972;0.274;20
-0.018;-0.655;0.326;20
0.337;-0.505;0.608;20
0.872;-0.444;0.31;20
1.583;-0.658;-0.72;20
1.379;-0.627;-0.031;20
0.381;-0.652;0.471;20
-0.428;-0.835;0.527;20
-0.808;-1.066;0.205;20
-1.104;-0.533;0.256;20
-1.509;0.013;-0.463;20
-1.455;0.133;-0.852;20
-1.363;-0.216;-0.748;20
-1.068;-0.209;-0.356;20
-0.413;0.255;0.235;20
-0.835;1.415;0.091;20
-0.855;1.838;0.028;20
0.176;0.906;0.387;20
0.919;0.356;0.115;20
1.528;0.372;-0.186;20
2.074;0.473;-0.597;20
2.839;0.866;-0.058;20
3.378;1.669;0.611;20
3.127;1.955;0.088;20
2.471;1.962;-1.157;20
3.278;1.408;-0.567;20
3.103;1.642;0.75;20
2.586;1.808;0.093;20
2.58;1.881;0.612;20
3.154;1.555;0.913;20
2.722;1.391;0.259;20
1.227;1.211;0.522;20
-0.259;1.081;0.288;20
-1.037;0.617;0.4;20
-1.602;-0.125;0.489;20
-2.078;-1.147;0.565;20
-2.07;-2.112;0.457;20
-1.743;-1.916;0.124;20
-1.116;-1.336;-0.579;20
-0.758;-1.173;-0.767;20
-1.245;-1.081;-0.397;20
-2.188;-1.199;-0.273;20
-3.129;-1.58;-0.149;20
-4.027;-1.706;-0.02;20
-4.366;-1.775;-0.561;20
-3.447;-1.821;-0.949;20
-1.696;-1.133;-0.155;20
-0.446;-0.103;0.351;20
0.421;0.012;-0.352;20
0.894;-0.488;-0.455;20
0.884;-0.716;-0.219;20
0.794;-0.722;0.259;20
0.8;-0.572;0.285;20
0.69;-0.413;-0.137;20
0.617;-0.831;-0.535;20
0.225;-1.367;0.142;20
-0.564;-1.499;0.357;20
-0.671;-1.218;-0.183;20
-0.024;-0.566;-0.11;20
-0.3;0.001;0.562;20
-1.456;0.369;-0.535;20
-2.144;0.516;-0.76;20
-0.826;0.214;0.182;20
-0.278;0.425;0.705;20
-0.97;1.239;0.186;20
-1.671;1.473;-0.25;20
-1.15;1.174;-0.119;20
0.568;0.481;0.11;20
1.85;0.17;-0.013;20
1.628;0.423;-0.529;20
1.983;0.544;-0.832;20
3.052;1.054;-0.641;20
3.87;2.124;-0.19;20
3.977;2.664;-0.622;20
3.573;2.574;-0.607;20
3.761;2.198;0.789;20
3.747;1.549;0.866;20
2.797;1.433;0.708;20
1.568;1.712;0.436;20
0.808;1.384;1.113;20
0.468;0.698;0.633;20
-0.164;0.339;0.112;20
-0.697;0.072;0.356;20
-0.759;-0.719;0.454;20
-0.619;-1.361;0.104;20
-0.695;-1.222;0.04;20
-1.078;-0.656;-0.08;20
-1.472;-0.741;-0.154;20
-2.17;-1.331;-0.041;20
-2.941;-2.097;-0.099;20
-3.645;-2.292;-0.424;20
-3.815;-1.832;-0.638;20
-3.72;-1.274;-0.626;20
-2.848;-0.974;-0.701;20
-2.149;-0.894;-0.903;20
-1.365;-0.828;-0.198;20
-0.275;-0.618;0.338;20
0.398;-0.317;-0.083;19
0.358;-0.182;0.121;20
0.73;-0.256;0.199;20
1.002;-0.369;0.292;20
0.656;-0.72;-0.123;20
0.362;-1.075;-0.309;20
0.509;-1.055;0.424;20
0.857;-0.818;0.129;20
0.445;-0.741;0.451;20
-0.234;-0.557;0.203;20
-1.073;-0.32;0.31;20
-1.783;-0.139;0.292;20
-1.984;0.059;-0.325;20
-1.561;-0.008;-0.575;20
-1.14;-0.035;-0.25;20
-0.371;0.232;0.481;20
-1.37;1.041;0.179;20
-1.227;0.987;-0.608;20
1.085;0.463;-0.789;20
2.266;0.464;-0.263;20
2.777;0.521;-0.231;20
2.27;1.073;-0.382;20
1.377;2.043;-0.141;20
1.837;1.598;0.034;20
2.289;1.252;-0.81;20
3.009;1.895;-0.394;20
3.219;2.481;1.214;20
1.819;2.089;0.383;20
2.363;1.082;0.153;20
3.336;1.209;0.898;20
3.367;1.446;0.285;20
3.427;0.928;0.435;20
2.377;0.861;0.639;20
0.813;1.075;0.09;20
-0.334;0.805;0.295;20
-1.12;0.436;0.47;20
-1.312;-0.264;0.613;20
-1.774;-1.221;0.422;20
-2.836;-2.075;-0.249;20
-3.755;-2.493;-0.23;20
-3.694;-3.158;0.122;20
-3.715;-3.523;-0.411;20
-3.059;-2.41;-0.732;20
-1.796;-0.951;-0.657;20
-1.241;0.206;-0.404;20
-2.063;1.087;-0.352;20
-2.614;1.069;-0.216;20
-2.21;-0.154;-0.155;20
-0.989;-1.583;0.275;20
0.114;-2.043;0.422;20
0.376;-1.63;-0.117;20
0.231;-1.113;0.222;20
0.742;-1.174;-0.106;20
1.324;-1.184;-0.005;20
1.204;-0.908;-0.021;20
0.961;-0.356;-0.075;20
0.638;0.304;-0.091;20
0.197;0.502;-0.026;20
-0.29;0.251;0.045;20
-1.231;0.051;0.215;20
-2.19;0.044;0.391;20
-2.663;-0.216;-0.699;20
-2.403;-0.184;-1.002;20
-0.897;-0.469;-0.684;20
0.942;0.077;0.643;20
0.65;0.884;0.16;20
-1.171;1.617;-0.383;20
-0.412;1.171;-0.845;20
1.541;0.528;-0.036;20
2.432;0.524;-0.175;20
1.902;1.11;-0.403;20
1.798;1.443;0.178;20
2.394;1.348;0.054;20
2.875;1.811;-0.608;20
2.973;2.026;-0.351;20
3.064;1.438;0.459;20
2.691;1.233;0.633;20
3.006;1.449;0.816;20
3.13;1.778;0.46;20
3.328;1.4;0.585;20
2.605;1.163;0.231;20
1.318;0.945;0.731;20
0.003;0.68;0.535;20
-1.148;0.515;0.01;20
-1.835;-0.103;0.194;20
-2.285;-1.218;0.522;20
-2.488;-2.495;0.299;20
-2.453;-2.649;-0.157;20
-2.246;-1.877;-0.548;20
-2.037;-1.383;-0.724;20
-2.094;-1.172;-0.57;20
-1.897;-0.906;-0.366;20
-1.574;-0.451;-0.181;20
-2.089;0.042;-0.167;20
-3.094;-0.129;-0.98;20
-3.332;-1.339;-1.003;20
-2.492;-2.527;0.129;20
-0.947;-2.61;0.463;20
0.05;-1.42;-0.024;20
0.851;-0.519;-0.071;20
1.598;-0.191;0.761;20
2.023;-0.064;0.331;20
2.004;-0.181;-0.57;20
1.027;-0.249;-0.274;20
0.372;-0.388;-0.1;20
0.342;-0.422;0.073;20
-1.065;-0.19;0.92;20
-3.082;-0.259;0.123;20
-2.957;-0.445;-0.65;20
-1.7;-0.732;-0.787;20
-0.277;-0.931;0.148;20
0.474;-0.59;0.125;20
-0.098;0.542;-0.012;20
-0.578;1.477;-0.269;20
-0.02;1.463;-0.68;20
1.012;0.953;-0.019;20
1.221;1.032;-0.069;20
0.105;1.468;-0.525;20
-0.431;1.032;-0.65;20
0.508;0.137;-0.132;20
0.968;0.645;0.275;20
1.893;1.046;-0.107;20
2.957;1.379;-0.215;20
3.394;1.552;-0.648;20
3.535;1.802;-0.247;20
3.283;1.613;-0.003;20
3.291;1.762;0.937;19
3.499;1.847;0.899;20
3.595;1.472;1.053;20
2.649;1.312;0.883;20
0.862;1.437;0.62;20
-0.385;0.888;0.543;20
-0.899;0.349;0.516;20
-0.856;-0.284;0.654;20
-1.085;-1.196;0.477;20
-1.492;-2.098;-0.077;20
-2.218;-1.791;-0.265;20
-2.518;-0.955;-0.241;20
-2.449;-0.984;-0.016;20
-2.549;-0.963;-0.07;20
-2.866;-0.776;-0.134;20
-2.892;-1.0;-0.492;20
-2.637;-1.429;-0.602;20
-2.602;-1.575;-0.346;20
-2.242;-1.467;-0.686;20
-1.136;-1.376;-0.615;20
0.119;-0.958;-0.31;20
1.284;-0.466;0.283;20
1.16;-0.149;0.106;20
0.346;-0.035;0.177;20
0.089;-0.172;0.569;20
-0.111;-0.521;0.268;20
-0.244;-1.038;-0.495;20
0.247;-1.143;-0.532;20
-0.044;-0.74;0.206;20
-0.775;-0.843;0.306;20
-0.641;-1.047;0.127;20
-0.09;-0.634;0.239;20
-0.046;0.075;0.295;20
-0.285;0.167;-0.49;20
-1.11;0.053;-0.484;20
-1.316;0.069;-0.279;20
-0.577;0.166;0.214;20
-0.474;0.641;0.781;20
-1.297;0.954;0.065;20
-0.954;0.641;-0.919;20
-0.356;0.119;-0.681;20
0.189;-0.006;0.19;20
0.914;0.565;0.007;20
2.021;1.015;-0.648;20
3.333;1.123;-0.091;20
4.069;1.189;0.695;20
3.056;2.064;-0.178;20
2.414;2.222;-0.914;20
3.003;1.545;0.386;20
3.013;1.729;1.429;20
2.489;2.019;0.594;20
1.908;1.835;0.47;20
1.664;1.906;0.641;20
1.273;1.484;0.732;20
1.165;0.411;0.965;20
1.245;-0.304;0.09;20
1.073;-0.362;-0.446;20
0.301;-0.179;-0.052;20
-1.047;0.347;0.23;20
-1.691;0.799;0.492;20
-1.871;0.818;0.567;20
-2.591;-0.287;-0.049;20
-3.36;-3.522;-0.643;20
-4.917;-5.699;-0.359;20
-3.858;-4.463;-0.226;20
-2.032;-1.38;-0.844;20
-1.577;0.344;-0.861;20
-1.391;0.463;-0.018;20
-1.22;0.13;-0.456;20
-0.552;-0.538;-0.246;20
0.173;-0.747;0.271;20
0.97;-0.523;-0.042;20
1.529;-0.493;-0.536;20
1.048;-0.463;-0.072;20
-0.403;-0.707;0.469;20
-1.385;-1.443;-0.013;20
-0.19;-1.758;-0.391;20
1.154;-1.164;0.238;20
0.653;-1.136;0.279;20
-1.011;-1.354;0.503;20
-2.033;-1.048;0.101;20
-1.843;-0.454;0.44;20
-0.372;-0.434;0.077;20
0.894;-0.512;0.315;20
1.541;-0.327;0.12;20
0.542;0.546;-0.135;20
-1.872;1.172;-0.438;20
-2.217;0.846;-0.446;20
-0.182;0.255;0.531;20
0.697;0.27;0.499;20
-0.234;0.937;-0.774;20
-1.581;1.611;-1.162;20
-1.535;1.083;-0.69;20
-0.774;0.322;-0.059;20
0.497;0.374;-0.473;20
2.364;1.056;0.056;20
3.938;1.367;0.439;20
4.788;2.084;0.015;20
4.493;2.776;-0.468;20
4.307;2.576;-0.273;20
4.027;2.127;0.181;20
3.225;1.925;0.652;20
2.167;1.747;0.367;20
1.455;1.366;0.425;20
0.421;1.522;0.339;20
-0.381;1.141;-0.041;20
-0.666;0.497;0.018;20
-0.839;0.238;0.333;20
-0.874;-0.136;0.104;20
-0.842;-0.567;-0.382;20
-1.234;-0.941;-0.883;20
-1.743;-1.336;-0.999;20
-1.954;-1.25;-0.412;20
-2.078;-0.791;0.807;20
-1.568;-1.262;1.22;20
-0.801;-2.356;0.361;20
-1.43;-3.041;-0.17;20
-3.087;-3.407;-0.55;20
-3.583;-2.848;-0.646;20
-1.789;-1.621;0.153;20
-1.299;-0.694;0.593;20
-0.762;-0.495;-0.173;20
-0.371;-0.493;0.083;20
-0.043;-0.573;0.586;20
1.118;0.05;-0.011;20
2.839;0.5;-0.161;20
2.747;0.232;-0.121;19
0.12;-0.521;-0.437;20
-2.051;-1.04;-0.13;20
-1.352;-0.919;0.13;20
-0.288;-0.738;0.272;20
-0.798;-1.272;0.062;20
-1.535;-1.559;-0.129;20
-1.418;-0.819;0.107;20
-0.36;0.094;-0.01;20
0.598;-0.022;-0.001;20
0.967;-0.746;-0.031;20
1.045;-1.124;-0.135;20
0.791;-0.913;-0.15;20
0.449;-0.17;-0.424;20
0.624;0.518;-0.439;20
1.006;0.893;0.259;20
0.929;0.91;0.343;20
0.616;0.534;-0.061;20
0.595;0.131;-0.264;20
0.734;-0.127;-0.223;20
0.671;-0.028;-0.075;20
1.055;0.19;-0.279;20
1.417;0.604;0.315;20
0.864;1.197;0.286;20
-0.121;1.409;-0.02;20
-0.661;1.109;0.031;20
-0.905;0.845;0.211;20
-0.413;0.29;-0.077;20
0.164;0.362;-0.05;20
0.786;0.574;0.444;20
0.821;0.765;-0.001;20
0.62;0.936;-0.061;20
0.591;1.034;0.043;20
0.514;1.151;-0.038;20
0.019;1.264;0.058;20
-0.538;1.11;0.281;20
-0.78;0.61;0.058;20
-0.57;0.267;0.169;20
-1.001;0.176;-0.011;20
-1.381;-0.322;0.16;20
-1.338;-0.354;0.312;20
-1.448;-0.295;0.011;20
-1.193;-0.725;0.036;20
-0.338;-0.749;0.34;20
-0.052;-0.454;0.05;20
0.071;-0.165;0.056;20
0.393;0.01;0.209;20
0.686;0.076;0.311;20
0.335;0.269;0.334;20
0.051;0.035;0.249;20
-0.158;0.007;0.293;20
-0.166;-0.156;0.104;20
-0.229;-0.214;0.212;20
-0.352;-0.462;0.243;20
-0.541;-0.7;0.186;20
-0.606;-0.734;0.26;20
-0.746;-0.261;0.447;20
-0.583;-0.095;0.247;20
-0.087;0.164;0.255;20
0.523;0.552;0.104;20
0.886;0.952;0.165;20
0.901;1.21;0.146;20
0.563;1.18;0.373;20
0.416;0.654;0.155;20
0.055;0.66;0.404;20
-0.475;0.784;0.351;20
-0.139;0.38;0.212;20
0.081;0.501;0.391;20
-0.521;0.667;-0.063;20
-0.514;0.589;0.32;20
-0.642;0.619;0.585;20
-1.213;0.721;0.516;20
-0.9;0.204;0.113;20
0.239;-0.35;0.291;20
0.995;0.695;-0.19;20
2.569;1.488;-1.072;20
1.84;1.788;-0.749;20
1.233;0.798;-0.54;20
1.515;0.6;-0.435;20
1.924;0.436;-0.126;20
2.288;-0.357;0.278;20
1.865;-0.575;0.684;20
1.553;-0.261;1.228;20
0.514;-0.198;0.883;20
-0.272;-1.175;0.38;20
-0.085;-2.226;0.577;20
0.013;-2.354;-0.105;20
-0.494;-1.987;1.052;20
-0.584;-1.927;1.544;20
0.307;-2.428;1.014;20
1.178;-3.515;0.309;20
0.152;-3.893;-0.961;20
-0.942;-3.411;-0.246;20
-0.223;-2.358;2.893;20
1.407;-1.281;3.826;20
0.701;-1.399;0.831;20
-2.125;-3.217;-3.268;20
-1.046;-3.16;0.408;20
1.975;-1.895;2.446;20
1.691;-1.88;0.114;20
-0.107;-1.214;-1.998;20
-0.338;-0.016;-1.352;20
1.256;0.172;0.656;20
2.573;-1.067;2.789;20
2.072;-1.719;0.248;20
0.379;-2.211;-4.387;20
2.182;-4.107;0.132;20
2.231;-4.218;1.257;20
-0.481;-4.484;2.052;20
-1.94;-2.679;1.17;20
0.886;-0.792;0.352;20
2.099;0.793;-1.332;20
0.897;2.363;-1.832;20
-0.379;3.008;-1.843;20
-0.751;2.416;-1.033;20
-0.15;0.933;0.645;20
0.22;-1.009;0.367;20
-0.89;-1.413;0.225;20
-0.909;0.243;1.08;20
0.259;1.972;1.301;20
0.831;2.193;1.169;20
0.877;0.85;0.802;20
0.468;-0.702;0.599;19
0.307;-1.41;-0.072;21
0.541;-0.987;-0.031;20
0.522;-0.168;0.047;20
0.157;0.344;-0.129;19
0.348;0.805;0.223;20
1.201;0.955;0.813;20
1.64;0.804;0.719;20
1.318;0.454;-1.273;20
2.191;-0.143;-1.857;20
3.778;-1.715;-0.378;20
4.024;-2.869;1.718;20
1.935;-1.591;2.439;20
-0.198;-0.632;1.171;20
-1.139;-1.021;-0.549;20
-0.717;-0.186;-0.798;20
1.15;0.161;-0.688;20
2.652;-0.647;-0.402;20
2.531;-1.037;0.627;20
1.894;-1.481;0.379;20
1.748;-1.484;0.074;20
1.424;-0.589;0.092;20
1.008;-0.093;0.156;20
0.911;-0.707;0.169;20
1.171;-0.573;0.193;20
1.473;-1.322;0.796;20
0.976;-1.802;-3.586;20
0.445;0.858;3.589;20
-0.394;0.505;-0.315;20
-0.475;0.362;0.418;20
-0.115;0.147;0.35;20
0.484;-0.162;-0.481;20
0.625;-0.099;-0.625;20
0.252;0.163;0.437;20
-0.173;-0.64;0.533;20
-0.401;0.491;-0.151;20
-0.497;1.884;-1.166;20
-0.225;0.471;-0.795;20
0.555;-2.298;0.2;20
0.232;-1.568;-0.13;20
-0.023;0.136;0.024;20
-0.13;-0.097;-1.165;20
0.035;-0.424;-0.695;20
-0.082;0.217;-0.004;20
0.139;1.146;0.357;20
0.226;1.034;0.25;20
0.253;0.176;-0.069;20
0.491;-0.451;-0.219;20
0.78;-1.926;-0.439;20
1.096;1.482;0.55;20
-1.364;1.088;-1.578;20
-0.331;-2.359;0.373;20
0.594;-3.182;0.348;20
0.237;-0.227;-0.552;20
-0.17;1.839;-1.12;20
-0.276;2.224;-0.029;20
0.204;1.721;0.262;20
0.518;0.148;-0.488;20
-0.096;-1.966;-0.909;20
-0.811;-1.586;-0.49;20
-0.331;-2.279;0.22;20
-0.326;-3.774;-0.289;20
0.426;-2.428;-0.145;20
0.618;-2.123;-0.208;20
0.513;-2.853;0.074;20
0.318;-4.723;0.513;20
-0.776;-1.843;-1.355;20
-1.636;1.214;-1.596;20
-0.837;-0.247;-1.452;20
-0.158;1.053;-0.332;20
0.234;1.888;-0.407;20
-0.312;1.19;-2.658;20
-0.443;2.024;-0.639;20
0.526;-0.325;0.502;20
0.415;-3.237;-2.682;20
0.166;-1.713;-1.232;20
-0.369;-0.625;0.811;20
-1.231;0.411;0.74;20
-1.39;0.654;0.449;20
-1.465;0.281;0.613;20
-1.206;-0.648;-0.676;20
-1.851;0.291;-3.422;20
-7.954;1.886;0.185;20
-9.599;3.562;3.194;20
-7.963;3.488;-0.285;20
-7.216;1.71;-5.494;20
-5.69;0.09;-7.462;20
-2.948;-1.244;-5.256;20
-0.68;-1.736;-4.453;20
1.226;-1.468;-3.054;20
2.759;-1.347;-1.151;20
3.966;-1.257;-0.489;20
5.202;-0.937;-0.133;20
5.322;-0.363;0.086;20
5.141;-1.12;1.013;20
4.786;-1.864;0.974;20
4.504;-1.074;-0.045;20
3.598;0.911;0.265;20
2.973;2.361;2.105;20
3.303;2.558;3.626;20
4.515;1.929;6.495;20
8.297;1.301;13.393;20
7.026;2.594;10.161;20
3.285;3.557;8.733;20
0.158;3.324;4.574;20
-1.702;2.722;0.939;20
-1.114;4.543;1.597;20
0.448;5.057;2.643;20
0.422;4.29;3.754;20
-0.233;3.572;5.536;20
0.628;3.698;5.921;20
0.155;3.958;5.428;20
-1.599;5.748;3.134;20
1.744;4.571;2.288;20
2.602;2.387;2.484;20
1.633;2.722;1.962;20
1.357;2.898;0.698;20
1.03;3.242;-0.733;20
0.761;3.998;-0.513;20
-0.39;4.887;0.175;20
-0.664;4.854;0.414;20
0.512;4.204;0.69;20
1.101;3.868;0.224;20
1.079;3.6;-0.317;20
0.881;3.677;-0.298;20
0.56;3.618;-0.193;20
0.142;3.148;0.22;20
-0.984;3.211;0.879;19
-1.3;3.306;1.063;20
-0.264;2.781;-0.028;20
0.406;2.477;-0.512;20
0.488;2.152;0.284;20
-0.255;2.166;1.098;65
-0.523;2.183;0.947;20
0.004;1.805;0.593;20
0.695;1.181;0.267;20
0.128;1.397;-0.077;20
-0.543;1.6;0.21;20
-0.007;1.172;0.249;20
0.587;0.67;0.063;20
0.19;0.672;0.125;20
-0.249;0.666;0.087;20
-0.758;1.098;0.133;20
-0.285;0.501;0.188;20
0.024;0.159;0.464;20
0.389;0.386;0.59;20
0.227;1.009;0.266;20
-0.766;1.005;0.969;20
-0.608;0.704;0.837;20
-0.214;0.83;-0.162;20
0.915;0.37;-0.943;20
0.856;0.52;-0.617;20
-1.278;1.544;0.983;20
-1.306;1.572;0.763;20
0.311;0.748;-0.916;20
0.876;0.414;-1.771;20
0.369;0.262;-0.931;20
0.081;0.039;-0.039;20
0.195;-0.247;0.346;20
0.392;-0.23;0.334;20
0.581;-0.085;-0.2;20
0.323;0.131;-0.646;20
-0.037;0.458;-0.415;20
-0.483;0.487;-0.15;20
-0.512;0.456;-0.22;20
-0.515;0.373;-0.196;20
-0.45;0.234;0.097;20
-0.371;0.193;0.082;20
-0.011;-0.097;0.221;20
0.081;-0.242;0.607;20
-0.214;-0.086;0.487;20
-0.232;0.067;0.141;20
-0.14;0.116;-0.157;20
-0.053;0.049;-0.309;20
-0.087;0.045;-0.233;20
-0.164;0.075;-0.262;20
-0.023;0.074;-0.225;20
0.038;-0.024;-0.038;20
-0.176;0.085;0.147;20
0.235;-0.047;-0.404;95
0.069;-0.027;0.071;20
-0.012;-0.022;0.407;20
-0.244;0.094;0.418;20
-0.767;0.192;0.238;20
-0.587;0.121;-0.623;20
-0.108;0.475;-0.395;20
1.263;-0.755;1.254;20
0.33;0.283;0.825;20
-0.426;1.232;-0.986;20
-0.039;0.839;-1.95;20
-0.207;0.654;-1.098;20
-0.107;0.358;-0.257;20
0.112;0.119;0.057;20
0.626;0.117;0.244;85
0.197;0.13;0.494;20
-0.185;0.148;0.284;20
-0.506;0.318;-0.102;20
-0.881;0.506;-0.357;20
-0.554;0.237;-0.414;20
-0.041;-0.099;-0.315;20
-0.185;-0.027;-0.15;20
-0.216;-0.04;0.096;20
0.045;-0.087;0.039;20
0.323;-0.298;-0.018;20
0.603;-0.524;0.357;20
0.299;0.029;-0.023;20
-0.363;0.484;-0.284;20
-0.476;0.51;-0.182;20
-0.143;0.209;-0.054;20
0.25;-0.073;-0.019;19
0.4;-0.086;-0.217;20
0.286;-0.06;-0.109;20
0.036;0.06;-0.072;21
0.201;-0.055;-0.245;20
0.401;-0.111;-0.313;19
0.437;-0.232;-0.175;20
0.104;0.021;-0.011;20
-0.282;0.214;-0.019;21
-0.145;0.269;-0.068;20
0.095;0.171;0.008;19
0.075;0.113;0.136;20
0.05;0.096;0.117;20
-0.036;0.122;0.057;20
-0.14;0.15;0.013;20
-0.047;0.055;0.116;20
-0.039;-0.04;0.173;20
0.064;-0.009;0.058;20
0.165;0.01;-0.18;20
0.191;-0.029;-0.217;20
0.095;-0.01;-0.225;20
-0.035;0.096;-0.212;20
-0.02;0.153;-0.231;20
-0.043;0.132;-0.093;20
0.031;0.006;0.155;20
0.078;-0.044;0.214;20
-0.075;0.035;0.104;20
-0.058;0.01;0.237;20
-0.021;-0.075;0.321;20
0.009;-0.146;0.272;20
-0.026;0.028;-0.697;20
-0.147;0.091;-0.946;20
-0.188;0.04;-0.625;20
-0.296;0.099;0.174;20
-0.329;0.129;0.76;20
-0.022;0.032;0.631;20
0.155;0.064;0.228;20
-0.021;0.194;-0.011;20
-0.166;0.248;-0.262;20
-0.089;0.246;-0.361;20
-0.107;0.194;-0.276;20
-0.131;0.075;-0.07;20
-0.092;-0.006;-0.085;20
-0.008;0.002;-0.29;20
-0.043;0.026;-0.236;20
-0.176;0.061;-0.015;20
-0.199;0.035;0.172;20
0.0;0.004;0.08;20
0.046;0.034;-0.074;20
0.046;0.064;-0.073;20
0.089;-0.008;-0.056;20
0.094;-0.042;0.018;20
0.05;-0.022;0.145;20
0.008;0.006;0.242;20
0.079;-0.027;0.096;20
0.011;0.013;0.005;20
-0.04;0.073;-0.135;20
-0.093;0.032;-0.042;20
0.004;-0.065;0.06;20
-0.008;-0.085;-0.053;20
0.068;-0.089;-0.192;20
-0.021;-0.004;-0.141;20
-0.228;0.054;-0.039;20
-0.19;0.047;0.06;20
-0.054;-0.025;0.05;20
0.042;-0.04;-0.003;20
0.087;-0.028;-0.034;20
0.059;-0.015;0.027;20
0.135;-0.036;0.175;20
0.18;-0.109;0.277;20
0.028;-0.096;0.287;20
-0.123;-0.007;0.211;20
-0.145;0.061;0.053;20
-0.073;0.075;-0.15;20
-0.161;0.09;-0.023;20
-0.291;0.167;-0.558;20
-0.434;0.308;-0.713;20
-0.012;-0.053;-0.246;20
0.15;-0.243;0.289;20
-0.107;-0.065;0.27;20
-0.005;0.021;0.013;20
-0.069;0.158;-0.079;20
-0.065;0.102;-0.052;20
0.042;-0.005;0.095;20
0.119;-0.103;0.199;20
0.186;-0.127;0.148;20
0.195;-0.169;0.163;20
0.055;-0.107;0.185;20
-0.141;0.027;0.095;20
-0.14;0.036;-0.031;20
-0.139;0.043;-0.098;20
-0.209;0.045;0.018;20
-0.239;0.078;-0.038;20
-0.272;0.134;-0.17;20
-0.514;0.411;-0.9;20
-0.139;0.167;-0.459;20
-0.174;0.053;-0.034;20
-0.173;0.119;0.065;20
-0.049;0.088;-0.04;20
0.009;0.071;0.069;20
0.01;-0.013;0.15;20
0.029;-0.054;0.182;20
-0.021;-0.038;0.18;20
-0.112;0.07;0.08;20
0.089;0.05;-0.094;20
0.243;-0.03;-0.001;20
0.274;-0.029;0.028;20
0.254;-0.008;-0.026;20
0.248;-0.062;-0.005;20
0.176;-0.057;0.016;20
0.141;-0.109;0.041;20
-0.042;0.002;0.074;20
-0.124;0.059;0.044;20
-0.138;0.043;0.025;20
-0.095;-0.02;0.054;20
-0.028;0.022;-0.08;20
-0.021;0.071;-0.306;20
-0.11;0.108;-0.54;20
0.147;-0.084;-0.276;20
0.124;-0.053;-0.167;20
-0.068;0.058;0.098;20
-0.034;0.094;0.215;20
-0.017;0.085;0.135;20
0.064;0.096;0.025;20
-0.01;0.125;0.058;20
0.052;0.075;0.101;20
0.266;-0.054;0.0;20
0.402;-0.131;0.06;20
0.343;-0.142;0.097;20
0.175;-0.077;0.199;20
0.07;-0.025;0.121;20
-0.089;-0.029;0.009;20
0.119;-0.121;0.092;20
-0.001;-0.019;-0.044;20
-0.103;0.133;-0.14;20
0.083;0.061;-0.202;20
0.076;0.02;-0.195;19
0.008;0.0;-0.118;21
0.018;-0.01;-0.106;19
0.016;-0.006;-0.149;20
0.001;-0.011;0.006;20
0.001;-0.032;0.078;20
0.157;-0.1;0.023;20
0.302;-0.096;0.04;20
0.149;-0.054;0.129;20
-0.023;0.073;0.049;20
-0.064;0.04;0.002;20
0.057;-0.008;0.003;20
0.049;-0.118;0.194;20
0.02;-0.124;0.319;20
-0.103;-0.021;0.254;20
-0.14;0.075;0.057;20
-0.049;0.112;-0.135;20
-0.039;0.101;-0.149;20
-0.051;0.07;-0.07;20
-0.065;0.019;0.061;20
-0.008;0.003;0.028;20
0.046;-0.02;-0.014;20
0.066;-0.049;0.003;20
0.051;-0.062;0.04;20
0.031;-0.027;0.017;20
0.072;-0.037;-0.098;20
0.148;-0.004;-0.046;20
0.079;0.0;-0.05;20
0.005;0.05;-0.031;20
0.013;0.02;0.021;20
-0.087;0.075;0.066;20
-0.087;0.078;-0.007;20
-0.05;0.051;-0.148;20
-0.084;0.102;-0.232;20
-0.153;0.116;-0.101;20
-0.001;0.05;-0.114;20
-0.03;0.034;-0.054;20
-0.148;0.069;0.079;20
-0.115;0.094;0.022;20
0.026;0.097;-0.058;20
-0.077;0.175;-0.229;20
-0.196;0.307;-0.437;20
-0.401;0.348;-0.272;20
-0.39;0.388;-0.129;20
-0.429;0.361;-0.158;20
-0.367;0.364;-0.38;20
-0.286;0.33;-0.557;20
-0.314;0.353;-0.476;20
-0.331;0.37;-0.482;20
-0.327;0.378;-0.556;19
-0.349;0.388;-0.592;20
-0.492;0.433;-0.524;20
-0.557;0.401;-0.199;20
-0.443;0.329;-0.098;20
-0.253;0.266;-0.233;20
-0.156;0.282;-0.288;20
-0.334;0.284;-0.038;20
-0.426;0.317;0.151;20
-0.303;0.207;0.04;20
-0.05;0.142;-0.142;20
-0.029;0.152;-0.254;20
-0.105;0.198;-0.244;20
-0.078;0.184;-0.392;20
-0.113;0.173;-0.393;20
-0.161;0.11;-0.076;20
-0.24;0.133;-0.036;20
-0.25;0.136;-0.172;20
-0.138;0.1;-0.111;20
-0.266;0.234;-0.956;20
-0.458;0.435;-0.516;20
-0.193;0.072;-0.006;20
0.036;-0.047;0.305;20
-0.272;0.149;-0.041;20
0.131;0.042;-0.187;19
0.093;0.045;-0.141;20
-0.019;0.061;-0.06;20
-0.013;0.064;-0.134;20
-0.008;0.112;-0.207;20
-0.047;0.151;-0.103;20
0.049;0.049;-0.021;20
0.142;-0.046;0.011;20
0.14;-0.052;0.157;20
0.196;-0.09;0.247;20
0.355;-0.17;0.156;20
0.436;-0.233;0.204;20
0.282;-0.203;0.263;20
0.127;-0.065;0.217;20
-0.088;0.047;0.149;20
0.175;-0.089;0.219;20
0.404;-0.185;0.06;20
0.356;-0.18;0.092;20
0.38;-0.213;0.161;20
0.368;-0.245;0.074;20
0.26;-0.19;-0.005;20
0.166;-0.144;0.0;20
0.11;-0.058;0.017;19
-0.073;0.028;0.076;20
-0.169;0.137;0.113;20
-0.185;0.165;0.08;20
-0.069;0.127;-0.017;20
0.017;0.1;-0.033;20
0.001;0.06;-0.038;20
-0.058;0.051;-0.032;20
-0.084;0.109;-0.141;20
-0.066;0.147;-0.239;20
0.031;0.08;-0.195;20
-0.018;0.074;-0.056;20
-0.044;0.058;-0.031;20
-0.137;0.2;-0.626;20
-0.32;0.414;-0.647;20
0.1;-0.074;0.148;20

# Completed @Sun Jan 24 20:59:49 GMT+02:00 2021
