# Accelerometer Data File
# Started @Sun Jan 24 21:04:48 GMT+02:00 2021
#
#
# sensor Vendor: BOSCH
# sensor Name: BMI160 Accelerometer Non-wakeup
# sensor Resolution: 0.0023928226m/sec^2; Max Range: 78.4532; Min Delay: 2500 microseconds
# The sensor's attributes are the result hardware and the Android capabilities.
# It means that the Android may not utilize all features provided by the hardware.
#
# Some devices and Android versions save battery too much so the device may go to sleep.
# It just happens after couple of minutes from turning off the scree and it is easy to find it out.
#
# The following file provides the data from accelerometer in the m/s^2 format.
# The diff value is just a time delta between the samples
#
#
# data format:
# so we have 4 columns with values separated by the ";"
# X;Y;Z;time_from_previous_sample(ms)

# sensor speed set to:NORMAL
# units set to: m/sec^2
# gravity  filtered out
# Accuracy: HIGH
-1.183;4.866;7.148;0
-0.766;4.197;6.47;19
-0.713;3.725;5.948;20
-0.675;3.371;5.335;20
-0.595;3.014;4.779;20
-0.534;2.749;4.446;20
-0.475;2.464;4.105;20
-0.563;2.304;3.697;20
-0.509;2.093;3.271;20
-0.455;1.824;2.869;20
-0.512;1.647;2.656;20
-0.311;1.405;2.371;20
-0.228;1.258;2.067;20
-0.342;1.274;1.805;20
-0.389;1.148;1.557;20
-0.215;0.961;1.365;20
-0.108;0.8;1.177;20
-0.183;0.756;1.2;20
-0.231;0.706;1.154;20
-0.2;0.608;1.075;20
-0.097;0.526;0.955;20
-0.083;0.493;0.868;20
-0.207;0.536;0.743;20
-0.578;0.709;0.632;19
-0.604;0.727;0.401;20
-0.338;0.528;0.434;20
0.038;0.267;0.612;20
0.159;0.167;0.556;20
0.513;-0.12;0.203;20
0.093;-0.033;0.597;20
-0.401;0.284;0.632;20
-0.33;0.389;0.426;20
0.058;0.246;0.013;20
-0.043;0.298;-0.068;20
-0.058;0.227;0.265;20
0.087;0.054;0.257;20
0.021;-0.046;0.188;20
-0.066;0.019;0.17;20
0.107;-0.052;0.051;20
0.106;0.001;0.246;20
-0.073;0.071;0.188;20
-0.158;0.128;0.21;20
-0.486;0.473;0.017;20
0.107;0.229;-0.138;20
0.359;-0.025;-0.055;20
0.287;-0.082;-0.011;20
0.506;-0.315;0.125;19
0.914;-0.719;0.447;20
0.329;-0.271;0.237;20
-0.13;-0.086;0.219;20
0.112;-0.057;0.208;20
-0.144;-0.175;0.498;20
-0.513;-0.368;1.113;20
0.532;-0.095;0.015;20
0.984;0.145;-1.126;20
-0.342;0.5;-0.405;20
-0.223;0.344;-0.386;20
0.119;0.165;-0.525;20
0.005;0.249;-0.137;20
0.391;0.132;0.47;20
0.381;0.151;0.367;20
0.543;0.02;-0.413;20
0.633;-0.27;-0.601;20
0.12;-0.223;-0.185;20
-0.161;-0.156;-0.035;20
-0.183;-0.26;-0.034;20
-0.754;-0.124;-0.112;20
0.365;-1.013;0.215;20
-0.723;-0.292;0.204;20
-0.988;-0.076;-0.055;20
-1.291;0.226;-0.341;20
-1.288;0.342;-0.57;20
-0.948;0.352;-0.931;20
-0.425;0.084;-1.07;20
-0.344;-0.332;-0.593;20
-1.151;0.028;-0.553;20
-1.678;0.644;-0.746;20
-0.706;-0.22;-0.202;20
0.186;-1.15;-0.431;20
1.025;-1.112;-0.013;20
-0.291;-1.172;-0.964;20
-2.855;-1.083;-1.968;20
-4.722;-0.612;-1.298;20
-4.808;-0.272;-1.023;20
-6.127;-0.693;1.147;20
1.806;2.87;-12.676;85
-1.73;0.328;-7.493;20
-4.164;-1.506;-1.725;20
-2.948;-0.834;1.003;20
-2.394;-0.414;2.768;20
-2.84;-0.72;6.434;20
-2.019;-2.791;2.203;20
0.241;-5.814;-5.213;20
2.845;-8.963;-5.789;20
2.965;-10.362;-4.942;20
0.683;-10.57;-4.761;20
-3.112;-10.412;-2.788;20
-7.945;-8.286;-0.703;20
-11.443;-5.593;-0.188;20
-13.37;-2.554;-1.256;20
-15.632;-0.024;-1.85;20
-16.638;2.961;-2.485;20
-14.071;4.519;-1.109;20
-10.629;4.423;1.33;20
-6.129;3.931;3.605;20
-1.59;2.675;4.661;20
0.129;2.496;4.218;20
-1.252;2.891;1.216;20
0.733;0.905;1.446;20
2.807;-0.693;1.18;20
1.664;-0.542;-0.185;20
2.146;-1.82;-5.028;20
4.993;-2.697;-5.62;20
6.087;-1.258;-4.882;20
5.896;0.41;-0.069;20
7.894;-0.283;0.867;20
5.664;0.259;0.84;20
1.821;1.307;0.17;20
3.141;0.905;0.629;20
3.506;0.732;1.638;20
1.627;0.892;0.26;20
-0.863;1.501;-1.994;20
-0.018;1.439;-2.058;20
2.18;-0.249;-1.209;20
4.456;-3.144;-1.608;20
1.175;-2.217;-0.835;20
-0.023;-0.87;0.502;20
2.114;-0.643;0.594;19
2.332;-1.482;1.339;20
3.897;-2.176;0.645;20
-2.477;0.071;-1.517;20
-3.184;1.25;-0.054;20
-1.385;1.036;1.337;20
-1.593;1.056;2.128;20
-1.815;0.713;2.422;20
-1.429;-0.658;1.336;20
-1.004;-1.435;-0.189;20
-0.998;-0.757;2.703;20
1.615;-1.304;4.28;20
3.008;-2.269;0.148;20
4.975;-1.263;3.175;20
-4.525;1.606;0.409;20
1.814;1.782;6.279;20
3.664;0.403;3.545;20
4.436;-2.191;-3.919;20
4.807;-1.862;-2.098;20
2.104;-1.139;1.358;20
2.24;-1.799;1.541;20
2.855;-1.513;2.597;20
-2.272;-0.413;0.226;20
-3.616;1.05;0.909;20
-2.565;1.835;-0.447;20
1.328;-2.331;0.768;20
3.198;-2.568;-2.725;20
3.827;-2.842;-4.367;20
-0.171;-5.214;5.123;20
0.247;-3.817;5.018;20
0.504;-1.745;-1.853;20
-1.419;-1.264;-1.991;20
0.037;-1.446;-3.461;20
2.69;-0.543;1.856;20
2.434;-0.46;4.921;20
0.401;-1.121;1.204;20
0.727;-1.705;-1.224;20
0.497;-2.393;-0.339;20
0.367;-0.927;0.718;20
0.71;-0.142;-1.707;20
0.736;-0.589;-0.898;20
0.479;0.31;-0.008;20
-0.366;1.85;0.209;20
-0.126;2.243;0.4;20
0.353;1.057;-0.795;20
-1.212;-1.96;-0.189;20
-2.947;-1.656;0.044;20
0.557;0.628;1.014;20
1.374;1.645;0.96;20
-0.745;1.09;1.207;20
-2.092;-1.109;-1.237;20
0.128;-1.58;-1.208;20
2.165;-0.982;-0.026;20
0.25;-0.496;-1.026;20
-1.402;0.111;-0.544;20
-0.278;0.501;-0.184;20
0.622;-0.066;-0.251;20
-0.112;0.022;0.314;20
-0.323;1.815;0.977;20
0.944;2.783;1.942;20
1.287;2.347;-0.431;20
0.606;-0.929;-1.72;20
-0.827;-1.058;-1.093;20
-0.309;0.007;-0.421;20
0.258;-1.636;-1.334;20
-0.554;-2.729;-1.326;20
0.21;-0.279;-0.387;20
0.364;0.082;0.632;20
-0.148;-2.993;2.015;20
-0.681;-0.96;-1.05;20
0.785;-0.547;-0.823;20
1.121;0.421;-0.762;20
1.291;-0.304;-0.257;20
1.179;0.12;-1.119;20
0.479;0.843;-1.869;20
-3.85;-5.65;1.809;20
-2.464;-3.272;-3.832;20
0.049;0.922;-0.415;20
0.844;-1.448;-1.292;20
2.771;-7.24;-0.441;20
5.762;-5.307;0.627;20
3.632;2.695;-1.362;20
4.558;0.203;-1.722;20
3.007;-3.982;-0.644;20
-1.566;-5.698;-0.252;20
-4.106;-3.182;-0.356;20
-5.393;-0.037;-0.135;20
0.322;-0.73;0.207;20
7.596;-0.417;-0.494;20
7.742;1.911;-0.395;20
5.043;2.259;-0.976;20
1.542;1.66;-0.329;20
-1.091;1.75;-0.878;20
-0.505;2.341;-0.555;20
-1.932;0.444;-0.06;20
-3.815;-0.61;1.623;20
-0.839;-0.426;1.12;20
1.52;-0.716;1.286;20
0.402;-3.244;-0.116;20
-1.59;-2.667;0.171;20
0.586;2.829;0.615;20
3.528;1.981;-0.724;20
2.367;1.528;-0.906;20
2.132;-0.253;0.719;20
1.313;-2.362;1.005;20
1.995;-3.176;1.199;20
1.677;-2.503;-0.92;20
1.039;-0.655;0.939;20
3.867;0.289;0.575;20
3.487;0.012;-1.607;20
0.45;-0.322;-1.295;20
1.239;-1.21;1.047;20
2.846;0.337;0.671;20
5.414;1.09;-0.844;20
5.2;1.367;-1.452;20
5.611;2.394;-0.541;20
6.001;3.752;-1.675;20
3.111;-0.625;-4.172;20
-3.99;-6.129;-3.106;20
-7.912;-8.578;0.552;20
-5.137;-5.161;8.461;20
1.688;1.277;5.603;20
1.862;1.537;-8.394;20
0.456;0.394;-1.197;20
0.138;-1.939;4.066;20
-0.448;-3.319;0.428;20
-1.352;-2.985;-0.858;20
-0.57;-0.541;1.264;20
0.618;1.123;0.769;20
1.824;2.347;-2.164;20
3.731;3.565;-2.113;20
4.11;6.591;3.293;20
-0.317;5.973;1.502;20
-4.293;0.588;-0.176;20
-3.449;-2.439;1.932;20
-2.024;-2.176;1.596;20
-1.93;-0.009;0.904;20
-1.54;1.047;0.766;20
-0.947;0.641;1.009;20
-1.505;0.143;0.712;20
-2.452;0.284;0.358;20
-2.707;0.583;0.109;20
-2.412;0.7;0.415;20
-1.621;0.513;0.595;20
-1.218;0.272;0.135;19
-1.426;0.689;0.257;21
-1.734;1.342;0.305;19
-2.304;1.674;0.25;20
-2.735;1.088;0.965;20
-2.335;0.298;1.254;20
-0.79;0.128;1.517;20
-0.793;0.98;0.975;20
-0.843;1.235;0.985;20
-0.237;1.084;0.438;20
-1.494;2.131;-0.571;20
-1.916;1.719;1.318;20
-0.946;0.855;1.546;20
-0.131;0.942;0.674;20
1.062;1.667;0.85;20
1.142;2.121;-0.112;20
0.924;1.784;0.215;20
1.442;1.149;-0.234;20
1.446;0.624;-1.019;20
1.603;0.428;0.11;20
0.66;-0.013;-0.191;20
0.346;-0.315;-0.325;20
1.4;0.545;-1.019;20
-0.714;1.534;-1.503;20
-0.472;0.294;1.647;20
-0.961;-2.438;1.972;20
-1.48;-5.542;-1.251;20
-0.275;-5.066;-0.344;20
-0.509;-1.263;-2.068;20
0.141;0.633;-2.797;20
0.262;0.419;-2.668;20
-0.33;-0.81;-1.75;20
-1.623;-1.952;-0.827;20
-2.655;-2.972;-0.221;20
-2.447;-3.632;-0.696;20
-1.528;-2.838;-0.901;20
-0.871;-1.519;-1.645;20
-0.51;-1.171;-1.877;20
0.424;-2.067;-1.597;20
1.182;-3.415;-0.781;20
1.426;-3.164;-1.617;20
0.863;-0.939;-3.428;20
0.201;1.305;-3.773;20
0.105;2.319;-2.458;20
0.327;1.52;-1.498;20
-0.039;0.519;-1.799;20
-1.281;0.629;-1.915;20
-1.586;0.434;-0.626;20
-0.696;-0.244;0.279;20
0.463;-0.403;0.824;20
1.574;0.902;-0.307;20
1.542;2.53;-1.048;20
0.745;2.95;-0.607;20
-0.329;1.995;0.309;20
-0.953;1.392;-0.086;20
-0.886;1.152;-0.504;20
-0.293;0.65;-0.893;20
0.011;0.659;-0.836;20
-0.135;0.399;-0.74;20
-0.32;-0.945;-1.045;20
-0.73;-1.874;-1.626;20
-0.249;-1.747;-1.168;20
0.523;-2.73;-1.301;20
1.076;-3.069;-0.727;20
0.378;-1.171;-0.15;20
0.286;-1.565;-0.344;20
1.031;-1.695;-1.553;20
1.346;-0.976;-0.674;20
0.093;-1.368;0.212;20
-0.987;-1.433;0.365;20
-1.296;-0.413;0.989;20
-1.373;-0.171;1.213;20
-1.234;0.126;-0.598;20
0.275;0.693;-1.068;20
1.502;1.318;-0.112;20
0.772;1.699;1.966;20
0.546;2.965;0.28;20
0.371;3.473;-0.931;20
0.023;3.022;0.45;20
-0.151;1.573;-0.633;20
-1.063;1.103;-1.663;20
-1.681;0.947;-0.151;20
-1.672;-0.093;0.385;20
-1.266;-0.957;0.67;20
-0.216;-1.575;0.913;20
0.527;-1.137;0.807;20
0.519;0.026;0.482;20
-0.051;1.435;-0.503;20
-0.865;2.529;0.146;20
-0.936;2.494;0.877;20
-1.272;1.552;1.249;20
-1.511;0.983;1.87;20
-1.877;0.277;0.883;20
-2.905;-0.317;-0.067;20
-2.328;-0.923;-0.295;20
-0.84;-0.613;0.902;20
-0.202;0.206;1.023;20
0.287;0.293;1.063;20
-0.428;-0.043;1.957;20
-2.49;-0.403;1.528;20
-2.931;-1.139;0.267;20
-2.047;-0.137;0.01;20
-0.934;0.898;-0.014;20
-0.617;0.717;0.579;20
-1.297;-0.052;0.901;20
-1.335;-0.448;0.806;20
-1.107;0.418;0.734;20
-1.121;0.438;-0.179;20
-1.166;0.062;-1.032;20
-2.033;1.358;-0.267;20
-2.34;1.662;-0.281;20
-1.479;1.08;0.464;20
0.194;1.446;0.78;20
0.999;1.707;0.016;20
0.843;2.433;-0.974;20
0.771;2.966;-1.45;20
2.108;2.775;-0.895;20
2.238;2.295;-0.047;20
1.846;1.351;-0.111;20
2.244;1.089;-1.059;20
1.461;1.894;-0.613;20
0.474;2.203;-0.672;20
-0.075;1.489;0.039;20
-0.134;0.566;0.099;20
-0.007;-0.074;0.167;20
-0.161;-0.228;0.209;20
-0.624;-0.098;0.302;20
-0.809;-0.594;0.362;20
-0.459;-0.55;0.485;20
-0.309;0.735;0.163;20
-0.039;1.371;0.162;20
0.093;1.535;-0.468;20
-0.195;2.02;-1.404;20
0.345;2.036;-2.07;20
0.604;2.412;-2.07;20
-0.264;2.891;-1.908;20
-1.122;2.235;-0.827;20
-2.109;0.602;-0.162;20
-2.48;-2.027;-0.353;20
-0.813;-6.011;0.035;20
-2.718;-4.378;1.015;20
-3.097;-0.745;0.767;20
-0.215;-1.679;0.274;20
0.237;-2.716;-0.067;20
-1.097;-2.555;-0.261;19
-2.675;-2.232;1.191;20
-2.897;-2.052;2.2;20
-1.316;-1.515;0.21;20
1.009;-1.473;-0.462;20
0.818;-1.74;2.16;20
-0.923;-1.736;1.843;20
-2.493;0.146;1.762;20
-3.317;2.96;0.577;20
0.099;3.542;-0.327;20
3.409;3.332;-0.254;20
4.672;1.558;0.428;20
2.29;-0.494;-0.605;20
-4.854;-0.565;0.752;20
-7.993;-1.727;1.457;20
-4.143;-2.045;0.009;20
-1.303;1.388;-0.879;20
-0.455;2.277;-1.584;20
0.327;2.069;-1.327;20
-0.144;2.912;-0.079;20
-1.051;2.424;-1.233;20
-0.486;2.492;-1.793;20
0.978;3.149;-1.536;20
1.732;4.097;-1.07;20
0.603;4.429;-1.086;20
-0.579;3.152;-0.197;20
-0.312;1.228;-0.358;20
0.307;0.224;0.425;20
0.675;-0.639;0.255;20
1.013;-0.879;-0.218;20
2.977;-0.163;-0.017;20
1.523;1.997;-0.205;20
-0.461;2.52;0.356;20
1.596;1.815;0.324;20
3.064;2.733;-1.572;20
3.085;3.686;-0.378;20
3.115;2.457;0.696;20
3.226;0.571;-0.093;20
2.147;-0.248;-0.083;20
0.056;0.511;0.601;20
0.21;1.52;0.448;20
0.612;2.433;0.753;20
0.462;2.401;0.472;20
-0.06;1.512;0.095;20
-0.819;0.166;-0.282;20
-1.244;0.117;0.11;20
-1.164;0.067;0.362;20
-1.054;-0.174;0.353;20
-0.718;-0.874;0.053;20
-0.407;-0.849;-0.036;20
-0.226;0.394;0.053;20
0.015;1.603;-0.08;20
-0.442;1.971;0.131;20
-0.939;1.138;-0.161;20
-1.145;-0.318;-0.447;20
-1.806;-1.194;-0.549;20
-2.044;-1.816;-0.912;20
-2.432;-1.66;-0.422;20
-3.088;-1.494;0.238;20
-3.469;-1.636;0.087;20
-3.144;-2.093;0.037;20
-2.159;-2.123;-0.039;20
-0.257;-1.579;-0.49;20
0.943;-0.862;-0.13;20
1.448;-0.636;-0.32;20
1.469;-0.307;-0.206;20
1.126;-0.175;-0.153;20
0.532;-0.623;0.372;20
-0.479;-1.111;0.301;20
-0.608;-1.325;0.139;20
0.083;-1.563;-0.268;20
0.151;-1.985;0.827;20
-0.269;-2.48;0.475;20
-1.009;-2.133;0.101;20
-0.924;-1.191;-0.874;20
0.121;0.154;-0.717;20
0.809;0.617;-0.16;20
0.575;0.439;0.952;20
0.179;-0.02;0.514;20
0.586;0.043;-0.297;20
0.842;0.459;-1.423;20
0.581;1.097;-0.457;20
-0.132;1.44;0.73;20
-1.08;0.908;0.254;20
-1.58;0.373;-0.053;20
-1.715;0.299;-0.091;20
-1.091;0.422;-0.129;20
-1.098;1.296;0.415;20
-0.766;1.153;0.915;20
0.008;0.574;0.77;20
0.525;0.508;0.225;20
0.565;1.048;-0.142;20
1.554;0.98;-0.261;20
2.709;1.242;-0.36;20
3.538;1.45;-0.611;20
4.193;2.033;-1.123;20
4.416;1.903;-0.983;20
4.464;1.741;-0.22;20
3.698;1.925;0.137;20
2.542;1.685;0.421;20
1.25;1.538;0.228;20
1.009;1.194;-0.182;20
0.912;0.82;0.7;20
0.368;0.378;0.186;20
-0.013;-0.008;-0.352;20
-0.427;-0.298;-0.344;20
-0.766;-0.283;-0.375;20
-1.638;0.011;-0.096;20
-2.589;0.286;0.359;20
-2.824;0.193;0.741;20
-2.127;-0.535;0.197;20
-1.332;-0.8;0.029;20
-1.264;-0.563;0.259;20
-1.711;-0.144;0.733;20
-2.536;0.246;0.366;20
-3.578;0.008;-0.506;20
-4.371;-1.264;0.087;20
-3.246;-2.823;0.551;20
-1.113;-2.301;0.442;20
-0.189;-0.219;0.475;20
-0.191;0.397;0.486;20
-0.459;-0.608;0.847;20
-0.989;-1.28;0.768;20
-0.76;-0.781;0.403;20
0.634;-0.257;0.25;20
2.226;-0.007;-0.973;20
2.868;-0.523;-1.505;20
2.562;-1.385;-1.197;20
1.616;-2.07;-1.472;20
0.863;-2.713;-1.26;20
0.21;-2.967;-0.599;20
-0.625;-2.845;-0.72;20
-1.759;-2.037;0.054;20
-2.419;-1.046;1.021;20
-2.169;-0.008;0.867;20
-1.48;0.764;0.118;20
-0.594;0.463;-0.102;20
-0.343;-0.057;0.177;20
-0.749;-0.273;0.396;19
-0.546;-0.323;-0.224;20
-0.349;0.178;-0.439;20
-0.597;0.749;-0.188;20
-0.369;1.349;0.101;20
0.736;1.498;0.244;20
1.48;1.627;0.625;20
1.478;1.708;0.351;20
1.79;1.032;-0.246;20
1.915;0.972;-0.549;20
2.458;1.172;-0.554;20
3.03;1.501;-0.611;20
2.992;2.173;-1.276;20
3.04;2.565;-0.526;20
2.986;2.317;0.132;20
2.18;1.926;0.692;20
1.402;1.971;0.353;20
1.969;1.554;0.232;20
2.828;1.092;0.866;20
1.983;1.384;0.335;20
1.131;1.172;0.041;20
0.464;0.841;0.313;20
-0.358;0.436;0.452;20
-1.191;-0.204;0.659;20
-1.386;-0.929;0.412;20
-1.362;-0.996;0.129;20
-1.569;-0.592;0.069;20
-1.565;-0.671;-0.034;20
-2.21;-0.921;-0.24;20
-3.334;-1.357;0.104;20
-3.469;-2.329;-0.045;20
-2.777;-2.467;-0.192;20
-1.865;-1.561;-0.578;20
-1.015;-0.885;-0.927;20
-0.657;-0.439;-0.561;20
-1.048;-0.453;-0.244;20
-1.463;-0.755;-0.635;20
-1.418;-1.296;-0.546;20
-1.218;-1.774;0.236;20
-0.835;-1.504;0.292;20
-0.044;-0.991;0.276;20
0.349;-0.946;0.453;20
0.256;-1.263;0.723;20
0.233;-1.48;0.59;20
0.524;-1.228;-0.011;20
1.073;-0.657;-0.814;20
0.921;-0.563;-0.211;20
-0.296;-0.554;0.188;20
-1.415;-0.091;0.277;20
-1.552;0.169;0.569;20
-0.834;-0.174;0.208;20
-0.147;-0.5;-0.366;20
0.164;-0.624;-0.465;20
-0.282;-0.243;-0.68;20
-0.981;0.326;-0.146;20
-1.156;0.798;0.107;20
-0.799;1.19;-0.116;20
-0.221;1.134;-0.292;20
0.408;0.794;-0.321;20
0.456;1.016;-0.056;20
0.166;1.199;-0.124;20
0.743;1.137;0.209;20
2.115;0.78;0.307;20
2.149;0.933;-0.545;20
2.074;1.206;-0.637;20
2.742;1.18;-0.321;20
2.802;2.008;-0.528;20
3.395;1.814;0.039;20
3.426;1.708;0.833;20
3.338;1.492;0.888;20
2.804;1.472;0.648;20
2.426;1.592;0.378;20
2.535;1.426;0.623;20
1.721;1.234;0.125;20
0.656;0.753;0.449;20
-0.37;0.315;0.281;20
-1.303;-0.293;0.466;20
-1.544;-0.801;0.564;20
-1.303;-0.751;0.247;20
-1.334;-0.167;-0.165;20
-1.748;0.028;-0.291;20
-2.307;-0.552;-0.139;20
-3.091;-1.299;0.081;20
-3.045;-2.173;-0.422;20
-2.475;-2.663;-0.453;20
-1.575;-2.261;-0.358;20
-1.094;-1.185;-0.65;20
-1.349;-0.586;-0.923;20
-1.981;-0.642;-0.635;20
-2.326;-1.198;-0.25;20
-2.62;-1.66;-0.05;20
-1.319;-2.079;0.473;20
0.009;-1.532;-0.097;20
0.678;-0.489;0.007;20
0.738;-0.328;0.084;20
0.494;-0.513;0.765;20
0.384;-1.104;0.134;20
0.35;-1.114;-0.395;20
0.821;-0.834;-0.61;20
1.078;-0.464;-0.334;20
0.28;-0.232;0.337;20
-1.243;-0.168;0.428;20
-2.197;-0.227;0.275;20
-1.895;-0.359;0.116;20
-0.638;-0.524;-0.276;20
0.181;-0.357;-0.337;20
-0.53;0.141;-0.191;20
-0.861;0.328;0.047;20
-0.561;0.795;-0.355;20
-0.387;1.231;0.022;20
0.024;0.961;0.225;20
0.668;0.72;-0.239;20
0.446;1.215;-0.187;20
0.292;1.171;-0.153;20
1.026;0.69;0.111;20
1.404;0.662;-0.026;20
1.572;0.88;-0.634;20
2.464;1.372;-0.659;20
3.223;2.056;-0.586;20
3.957;2.314;-0.236;20
4.395;1.796;0.618;20
4.316;1.592;0.485;20
3.431;1.321;0.605;20
2.661;1.232;0.855;20
2.285;1.296;0.424;20
1.397;1.242;0.748;20
0.509;0.669;0.725;20
-0.416;0.184;0.657;20
-1.256;-0.474;0.481;20
-1.732;-0.872;0.252;20
-1.863;-1.057;0.343;20
-1.733;-0.96;0.231;20
-1.559;-0.586;-0.552;20
-1.623;-0.311;-0.596;20
-2.164;-0.118;-0.303;20
-2.355;-0.475;-0.54;20
-2.227;-0.844;-0.864;20
-2.47;-0.984;-0.236;19
-2.559;-1.51;-0.223;20
-2.795;-1.573;-0.938;20
-2.727;-1.773;-0.724;20
-1.949;-1.71;-0.237;20
-1.056;-0.983;-0.341;20
0.079;-0.91;0.268;20
0.431;-1.104;0.457;20
0.196;-0.963;0.07;20
0.438;-0.509;0.055;20
0.583;-0.46;0.403;20
0.092;-0.925;0.065;20
-0.281;-0.841;0.067;20
0.074;-0.757;-0.363;20
0.565;-0.89;-0.441;20
-0.114;-0.993;-0.604;20
-1.118;-0.78;-0.175;20
-1.127;-0.432;0.236;20
-0.538;0.048;0.437;20
-0.035;0.222;0.171;20
0.247;0.154;0.143;20
-0.184;0.378;-0.47;20
-0.644;0.616;-0.17;20
-0.879;0.725;0.074;20
-1.087;0.601;-0.152;20
-1.064;0.258;0.019;20
-0.031;0.28;-0.281;20
0.939;0.707;-0.134;20
0.874;1.108;-0.25;20
0.801;1.144;-0.18;20
1.141;1.31;-0.048;20
2.036;1.151;-0.112;20
3.344;1.279;-0.739;20
4.503;1.819;-0.592;20
5.351;1.827;0.198;20
4.829;1.961;0.549;20
3.197;1.61;0.707;20
2.12;1.393;0.457;20
1.611;1.404;0.705;20
1.266;1.003;1.1;20
0.67;0.545;0.688;20
0.109;0.275;0.518;20
-0.44;0.189;0.266;20
-0.827;0.133;0.118;20
-0.865;-0.174;0.167;20
-0.688;-0.327;0.107;20
-0.565;-0.441;-0.125;20
-1.093;-0.587;-0.371;20
-2.389;-0.774;-0.448;20
-3.724;-1.354;-0.649;20
-4.451;-2.023;-0.448;20
-4.489;-2.336;-0.16;20
-3.753;-2.029;-0.232;20
-2.25;-1.015;-0.789;20
-0.995;-0.107;-1.126;20
-0.451;0.051;-1.02;20
0.238;-0.658;-0.249;20
0.785;-1.366;0.579;20
0.495;-1.475;0.34;20
-0.523;-0.873;-0.03;20
-0.898;-0.197;0.115;20
-0.362;-0.235;0.524;20
-0.155;-1.078;0.236;20
0.303;-1.479;-0.425;20
0.491;-1.48;-0.423;20
-0.163;-1.513;-0.256;20
-0.496;-0.801;-0.109;20
-0.317;0.119;-0.103;20
-0.145;0.652;0.394;20
-0.314;0.471;0.499;20
-0.058;0.016;0.244;20
0.022;0.405;-0.096;20
-0.585;0.903;-0.266;20
-0.658;0.541;-0.42;20
-0.536;-0.122;0.205;20
-0.334;-0.33;0.174;20
-0.632;0.017;-0.101;20
-0.923;0.578;-0.378;20
-0.334;0.684;-0.497;20
0.054;0.913;-0.672;20
-0.382;1.292;0.315;20
0.285;1.083;0.6;20
2.813;1.145;-1.089;20
6.24;1.131;-1.482;20
7.807;0.999;0.241;20
5.903;1.848;0.797;20
2.701;1.771;-0.243;20
0.519;0.8;1.065;20
-2.018;0.729;2.599;20
-1.712;1.186;2.548;20
2.884;0.13;-0.424;20
4.544;-0.148;-0.882;20
2.111;2.203;0.525;20
0.878;1.442;0.535;20
1.443;-0.911;-0.87;20
0.777;-0.747;-1.099;20
-0.501;-0.306;-0.267;20
-1.619;-0.467;-0.236;20
-2.718;0.107;-0.754;20
-3.449;0.909;-0.46;20
-6.081;1.182;-0.266;20
-9.957;-1.349;0.04;20
-9.307;-7.387;-0.556;20
-4.055;-8.591;-0.261;20
2.735;-3.517;-0.23;20
2.136;1.361;-1.076;20
1.388;2.303;-1.902;20
1.863;2.564;-0.123;20
2.225;1.67;1.288;20
2.041;0.696;0.967;20
1.472;0.487;-0.067;20
-0.858;0.039;0.291;20
-4.355;-2.573;-0.563;20
-2.288;-5.517;-0.893;20
1.112;-2.764;0.108;20
1.082;-0.778;0.362;20
0.944;-0.885;0.886;20
1.235;-0.172;-2.009;20
-1.392;0.024;-0.835;20
-3.461;-0.952;0.144;20
-1.373;0.625;1.4;20
0.337;2.255;1.615;20
1.207;1.842;-0.035;20
0.401;1.158;0.136;20
-1.781;-0.126;-0.095;20
-2.483;-1.09;-1.467;20
-0.396;-1.02;-0.458;20
1.381;-0.223;0.156;20
1.238;1.728;0.794;20
1.518;2.087;0.878;20
0.674;2.872;-0.194;20
-1.277;3.59;-1.14;20
0.792;0.842;-0.716;20
3.399;-0.593;-1.237;20
3.512;0.942;1.445;19
2.417;1.182;1.315;20
2.216;1.044;-0.365;20
3.553;1.235;0.035;20
4.791;1.754;0.921;20
5.144;1.967;0.995;20
4.638;1.561;0.909;20
3.032;1.676;0.44;20
2.0;1.392;-0.441;20
0.955;1.152;-0.345;20
-0.569;0.864;0.344;20
-2.287;0.187;0.648;20
-4.095;-0.661;0.63;20
-6.005;-1.975;0.274;20
-6.36;-3.502;0.022;20
-5.157;-3.561;-0.119;20
-2.912;-2.155;-0.277;20
-1.401;-0.836;-0.774;20
-0.316;0.058;-1.02;20
0.51;0.515;-0.708;20
0.871;0.531;-0.413;20
0.264;0.217;-0.333;20
-1.064;-0.388;-0.847;20
-1.901;-1.365;-0.579;20
-1.192;-1.737;-0.144;20
-0.488;-1.184;0.324;20
-0.334;-0.841;0.231;20
0.227;-1.195;0.437;20
0.65;-1.78;0.188;20
0.516;-2.124;0.473;20
-0.011;-1.73;-0.914;20
-0.432;-0.891;-0.361;20
-0.482;-0.479;0.099;20
-0.505;-0.226;0.177;20
-1.308;-0.005;0.263;20
-1.839;-0.121;-0.196;20
-1.187;-0.341;0.53;20
-0.07;-0.357;0.389;20
0.859;0.023;-0.462;20
0.374;0.585;-0.233;20
-0.559;0.764;-0.162;20
-0.355;0.927;-0.247;20
-0.16;1.177;0.016;20
-1.127;1.113;0.482;20
-0.415;0.721;-0.244;20
1.116;0.783;-0.621;20
1.34;0.838;-0.063;20
0.575;0.86;-0.925;20
0.86;0.64;-0.928;20
2.667;0.514;-0.108;20
3.73;1.266;-0.707;20
4.118;1.515;0.307;20
4.545;1.428;1.766;20
4.116;1.346;0.981;20
3.72;1.224;1.243;20
2.951;1.662;1.477;20
2.177;1.403;1.314;20
0.657;1.094;0.98;20
-0.365;0.481;0.511;20
-0.652;-0.093;0.552;20
-1.11;-0.441;0.318;20
-1.816;-0.485;0.129;20
-2.046;-0.48;0.297;20
-1.934;-0.242;-0.096;20
-1.627;-0.069;-0.298;20
-2.031;-0.297;-0.32;20
-2.774;-0.539;-1.152;20
-3.553;-0.339;-1.0;20
-3.666;-0.824;-0.631;20
-3.256;-1.632;-0.941;20
-2.346;-1.803;-1.349;20
-1.003;-1.176;-1.393;20
-0.125;-0.643;-1.085;20
0.156;-0.671;-0.28;20
0.647;-0.781;0.243;20
0.981;-0.784;0.415;20
0.452;-0.697;0.192;20
-0.086;-0.442;0.149;20
-0.243;-0.687;0.242;20
-0.816;-1.705;0.056;20
-1.439;-2.099;-0.136;20
-0.858;-1.628;-0.161;20
-0.36;-1.161;-0.387;20
-0.21;-0.933;-0.199;20
-0.133;-0.473;0.538;20
-0.158;0.177;0.363;20
-0.073;0.668;0.279;20
0.071;0.752;0.398;20
0.538;0.713;-0.163;20
0.234;0.862;-0.7;20
-0.974;0.614;-0.305;20
-1.659;0.389;0.462;20
-1.34;0.322;0.224;20
-0.926;0.328;-0.554;20
-0.255;0.179;-1.061;20
-0.01;0.383;-0.203;20
-0.334;0.813;-0.055;20
0.325;0.891;-0.229;20
1.994;1.05;-0.1;20
4.151;1.121;-0.319;20
5.588;1.322;-0.623;20
6.588;1.726;0.04;20
6.343;2.392;0.87;20
4.661;2.977;0.861;20
3.412;2.142;0.96;20
2.693;1.499;1.265;20
1.704;1.336;1.535;20
0.007;0.851;0.881;20
-0.67;-0.119;0.597;20
-1.461;-0.595;0.156;20
-2.119;-0.526;-0.327;20
-2.418;-0.707;-0.078;20
-2.398;-0.858;0.219;20
-1.917;-0.893;-0.041;20
-1.824;-0.588;-0.341;20
-2.209;-0.214;-0.214;20
-2.264;-0.449;-0.352;20
-2.578;-0.855;-0.256;20
-2.653;-1.364;-0.379;20
-2.18;-1.786;-0.529;20
-1.434;-1.452;-0.612;20
-1.34;-0.606;-1.042;20
-0.947;-0.289;-1.281;20
0.009;-0.741;-0.034;20
0.357;-1.62;0.275;20
-0.023;-1.908;0.232;20
-0.648;-1.377;0.209;20
-1.288;-0.778;-0.024;20
-1.002;-1.008;0.492;19
0.027;-1.837;0.437;21
0.718;-1.554;0.05;20
0.739;-0.769;-0.083;20
0.232;-0.396;0.043;19
-0.502;-0.29;-0.077;20
-0.631;-0.116;-0.011;20
-0.179;-0.184;0.591;20
-0.069;-0.114;1.004;20
-0.247;0.161;-0.262;20
-0.731;0.594;-0.76;20
-1.081;0.364;-0.664;21
-1.369;0.284;0.145;20
-0.859;0.241;0.38;19
-0.495;0.516;0.006;20
-0.939;1.299;-0.242;20
-0.272;1.531;-0.107;20
0.947;1.027;-0.276;20
1.777;0.758;0.204;20
2.257;0.982;-0.249;20
2.682;1.144;-0.215;20
3.369;1.371;-0.177;20
3.487;2.005;-0.448;20
3.666;2.288;-0.31;20
4.097;1.908;1.244;20
3.703;1.76;1.309;20
2.914;1.485;1.174;20
2.567;1.25;0.602;20
1.82;1.326;0.852;20
0.976;1.141;0.566;20
0.523;0.63;0.009;20
-0.194;0.362;0.08;20
-1.259;0.115;0.496;20
-2.05;-0.448;0.298;20
-2.239;-0.793;-0.123;20
-2.498;-0.671;-0.672;20
-2.451;-0.854;-0.594;20
-2.615;-1.253;-0.166;20
-2.983;-1.662;-0.561;20
-2.842;-1.779;-0.632;20
-2.31;-1.146;-0.452;20
-1.359;-0.736;-0.709;20
-0.982;-0.199;-0.968;20
-0.648;-0.325;-1.043;20
-0.271;-1.371;-0.704;20
-1.557;-2.616;-0.881;20
-4.428;-3.721;0.499;20
-3.194;-2.458;0.93;20
1.031;0.68;-0.522;20
3.651;1.474;-0.379;20
4.172;-0.095;-0.13;20
1.452;-2.121;0.552;20
-1.536;-2.933;0.859;20
-1.389;-0.69;-0.215;20
-1.036;1.324;-0.502;20
-0.702;0.884;0.03;20
0.613;-0.618;-0.944;20
-0.238;-1.071;2.478;20
-3.985;-0.66;-0.149;20
-4.16;-0.247;-2.378;20
0.696;-0.188;0.377;20
2.811;0.143;0.878;20
1.273;1.189;-0.017;20
-2.254;3.163;0.837;20
-1.994;2.131;0.214;20
1.242;-0.621;-1.218;20
2.64;-0.567;-1.64;20
1.906;1.0;0.444;20
0.894;2.196;0.641;20
0.971;1.862;-0.233;20
1.652;0.787;-0.498;20
2.737;0.008;-0.688;20
3.712;0.675;-0.597;20
4.14;1.727;0.85;20
3.491;2.291;1.138;20
2.663;1.894;1.041;20
3.139;1.161;1.2;20
3.532;0.944;0.612;20
2.504;1.177;0.691;20
1.055;1.07;0.581;20
-0.594;0.89;0.622;20
-1.858;0.421;0.773;20
-2.211;-0.282;0.668;20
-2.05;-0.478;0.418;20
-1.645;-0.51;-0.063;20
-1.56;-0.692;-0.339;20
-2.18;-0.834;-0.018;20
-2.413;-1.203;-0.392;20
-2.376;-1.303;-1.006;20
-2.477;-1.205;-0.595;20
-2.432;-1.244;-0.358;20
-2.273;-1.119;-0.887;20
-1.978;-0.837;-1.24;20
-1.884;-0.764;-0.978;20
-2.025;-1.168;-0.872;20
-1.29;-1.784;-0.317;20
-0.029;-1.828;0.331;20
0.544;-0.854;-0.159;20
1.145;-0.219;-0.173;20
0.974;-0.479;0.706;20
-0.252;-1.102;-0.058;20
-0.334;-0.972;-0.546;20
0.571;-0.59;-0.588;20
0.447;-0.648;-0.152;20
-0.371;-0.932;0.453;20
-0.959;-0.856;0.617;20
-0.94;-0.223;0.314;20
-0.2;0.111;-0.068;20
0.772;-0.147;-0.35;20
0.523;-0.376;-0.794;20
-1.26;-0.166;-0.419;20
-2.063;0.406;0.392;20
-1.443;0.879;0.352;20
-0.404;1.123;-0.389;20
-0.053;1.286;-0.117;20
0.381;0.914;0.407;20
-0.09;0.601;0.325;20
-0.12;0.381;-0.483;20
0.967;0.313;-0.143;20
2.647;0.35;0.314;20
4.161;0.807;0.173;20
4.342;1.879;-0.676;20
4.203;2.638;-0.28;20
4.649;2.253;0.907;20
4.178;1.754;1.133;20
2.773;1.529;1.382;20
1.935;1.544;1.308;20
1.929;0.959;0.85;20
1.014;0.914;0.484;20
0.276;0.646;0.104;20
-0.208;0.29;0.149;20
-1.435;0.274;0.193;20
-2.042;-0.317;0.398;20
-1.781;-0.669;0.259;20
-1.312;-0.343;-0.301;19
-1.338;-0.238;-0.377;20
-1.903;-0.645;-0.128;20
-2.502;-1.299;-0.686;20
-3.148;-1.524;-0.637;20
-3.646;-1.454;-0.028;20
-3.519;-1.988;-0.337;20
-2.246;-1.92;-1.088;21
-0.653;-0.864;-1.299;20
0.013;0.19;-1.171;19
-0.155;0.033;0.047;20
-0.433;-1.05;0.508;20
-1.14;-1.898;0.233;20
-1.491;-1.848;-0.275;20
-0.879;-0.932;0.28;20
0.437;-0.686;-0.113;20
1.452;-1.07;-0.175;20
1.052;-1.284;-0.585;20
0.145;-1.352;-0.145;20
-0.274;-0.706;-0.203;20
-0.255;0.013;0.049;20
-0.346;0.037;0.378;20
-0.406;-0.222;0.373;20
-0.346;-0.081;0.107;20
-0.15;0.284;-0.345;20
-0.555;0.54;-0.384;20
-1.362;0.669;-0.322;20
-1.349;0.436;-0.19;20
-1.153;0.125;0.57;20
-1.103;0.371;0.353;20
-0.925;0.761;-0.714;20
0.6;0.678;-0.44;20
1.547;0.867;0.418;20
1.526;0.992;-0.058;20
1.934;0.845;-0.277;20
3.042;0.87;0.14;20
4.053;1.174;-0.485;20
4.342;1.643;-1.116;20
4.352;1.931;0.942;20
3.882;2.057;1.52;20
2.463;1.899;0.758;20
1.534;1.786;1.148;20
1.481;1.452;0.884;20
1.506;0.917;1.341;20
1.474;0.178;0.504;20
0.852;0.022;-0.134;20
-0.008;0.43;-0.31;20
-0.482;0.236;-0.126;20
-0.748;-0.237;0.341;20
-1.131;-0.328;0.246;20
-1.888;-0.217;-0.185;20
-2.95;-0.336;-0.171;20
-3.858;-0.852;-0.557;20
-4.626;-1.713;-0.671;20
-4.868;-3.09;-0.184;20
-3.715;-3.654;-0.448;20
-1.407;-2.204;-0.892;20
-0.266;0.092;-1.441;20
-0.134;1.115;-1.181;20
0.204;0.598;0.114;20
0.276;-0.534;0.559;20
-0.335;-1.408;0.424;20
-0.78;-1.071;-0.073;20
-0.725;-0.373;0.225;20
-0.636;-0.377;0.616;20
-0.785;-1.216;-0.247;20
-0.314;-1.705;-0.616;20
0.602;-1.636;-0.149;20
0.566;-1.397;-0.428;20
0.108;-0.599;-0.217;20
0.011;0.467;-0.197;20
-0.032;0.627;0.412;20
-0.652;0.165;0.147;20
-0.759;0.045;-0.063;20
-0.552;0.483;-0.268;20
-0.986;0.682;-0.728;20
-0.782;0.189;-0.561;20
0.041;-0.169;0.161;20
-0.626;-0.15;0.226;20
-1.794;0.59;-0.037;20
-0.724;0.87;-0.016;20
1.154;0.64;0.798;20
1.679;0.686;0.31;20
1.688;1.161;-1.121;20
2.403;1.424;-0.33;20
3.73;1.019;0.304;20
3.881;1.186;-0.946;20
3.827;1.68;-0.399;20
4.647;1.829;1.484;20
4.109;1.585;1.557;20
2.767;1.504;0.975;20
1.83;1.501;0.651;20
1.552;1.031;0.982;20
1.356;0.491;0.477;20
0.599;0.161;0.088;20
-0.365;-0.005;0.185;20
-1.307;-0.065;0.214;20
-1.565;-0.177;0.156;20
-1.3;-0.213;0.153;20
-1.899;-0.06;-0.133;20
-2.923;-0.513;-0.13;20
-4.375;-1.443;-0.514;20
-4.558;-2.866;-0.56;20
-2.813;-2.668;-0.025;20
-1.471;-0.775;-0.137;20
-1.304;0.228;-1.263;20
-1.238;0.229;-1.005;20
-1.587;-0.062;-0.612;20
-1.816;-1.188;-0.645;20
-1.309;-2.285;-0.102;20
0.197;-1.836;0.263;20
1.061;-0.715;-0.159;20
1.203;-0.18;-0.044;20
0.701;-0.466;0.6;20
-0.265;-1.338;-0.044;20
-0.61;-1.555;-0.815;20
0.39;-0.475;-0.501;20
0.724;0.128;0.253;20
0.225;0.074;0.027;20
-0.575;0.015;0.066;20
-1.416;-0.083;0.074;20
-1.62;-0.262;-0.148;20
-0.843;-0.363;-0.513;20
0.047;-0.344;0.161;20
-0.225;-0.126;-0.546;20
-1.446;0.64;-0.311;20
-1.265;0.975;0.25;20
0.044;0.578;0.6;20
0.521;0.621;0.219;20
0.852;0.93;-0.044;19
1.472;0.897;0.777;20
1.642;0.609;-0.302;20
1.092;0.589;-1.035;20
0.894;0.532;-0.141;20
1.238;0.682;0.44;20
1.97;1.374;0.079;20
2.754;1.644;0.511;20
3.94;1.424;1.156;21
4.458;1.598;0.766;20
4.172;1.419;1.108;19
3.746;1.29;0.51;20
3.425;1.142;1.05;20
2.246;1.267;0.99;20
1.206;1.34;0.328;20
0.254;1.174;0.222;20
-1.338;1.033;0.342;20
-2.44;0.231;0.454;20
-3.034;-0.86;0.163;20
-3.503;-1.533;-0.15;20
-3.409;-2.4;-0.363;20
-2.895;-2.817;-0.547;20
-1.711;-2.081;-0.729;20
-0.928;-0.171;-0.829;20
-1.544;1.248;-0.75;20
-2.123;0.977;-0.992;20
-2.339;-0.081;-0.625;20
-2.155;-1.367;-0.567;20
-1.989;-2.194;-0.965;20
-1.564;-2.265;-0.612;20
0.012;-1.851;0.168;20
0.623;-1.541;0.257;20
-0.1;-1.359;0.268;20
-0.584;-0.874;0.366;20
0.134;-0.437;-0.06;20
0.922;-0.484;-0.336;20
1.138;-0.55;-0.255;20
1.167;-0.488;-0.236;20
0.013;-0.375;0.287;20
-1.469;-0.354;-0.411;20
-1.669;-0.55;-0.083;20
-0.676;-0.406;0.185;20
0.007;0.093;0.041;20
-0.113;0.2;-0.66;20
-1.178;0.337;-0.489;20
-1.536;0.278;-0.026;20
-0.749;0.373;-0.127;20
-0.182;0.577;-0.433;20
-0.714;0.937;0.301;20
-0.856;0.824;0.25;20
0.356;0.597;-0.234;20
1.198;0.473;-0.1;20
1.124;0.389;-0.064;20
2.063;0.365;-0.11;20
3.42;0.829;0.181;20
4.001;1.401;0.055;20
4.155;1.843;-0.497;20
4.088;2.17;0.547;20
4.223;1.78;1.456;20
3.598;1.384;0.959;20
3.318;1.522;1.422;20
2.525;1.893;0.943;20
1.513;1.43;0.538;20
0.98;0.567;0.56;20
-0.402;0.15;0.258;20
-1.974;-0.426;0.101;20
-2.859;-0.955;0.207;20
-2.968;-1.153;0.443;20
-2.52;-0.733;0.021;20
-1.96;-0.13;-0.301;20
-2.04;0.001;-0.5;20
-2.422;-0.436;-0.887;20
-2.561;-0.765;-0.904;20
-2.641;-0.861;-0.704;20
-2.783;-1.415;-0.39;20
-2.388;-1.869;-0.762;20
-1.834;-1.516;-1.322;20
-0.948;-1.121;-1.011;20
-0.226;-0.98;-0.045;20
0.18;-0.994;0.754;20
0.209;-0.591;0.431;20
0.246;-0.15;-0.064;20
0.323;-0.198;0.284;20
0.34;-0.831;-0.004;20
0.207;-1.533;-0.409;20
0.005;-1.341;-0.929;20
0.155;-0.771;-0.053;20
0.177;-0.627;-0.451;20
-0.064;-0.62;-0.093;20
-0.789;-0.466;-0.312;20
-1.04;-0.093;-0.068;20
-1.151;0.264;0.102;20
-0.9;0.274;0.346;20
-0.519;0.499;0.176;20
-0.305;0.76;-0.029;20
-0.158;0.686;-0.194;20
-0.209;0.634;-0.282;20
-0.201;0.431;-0.036;20
-0.507;0.273;0.094;20
-0.512;-0.044;-0.436;20
0.2;-0.27;-0.069;20
0.969;0.221;0.094;20
1.433;1.234;0.02;20
2.617;1.68;0.764;20
3.664;1.85;0.004;20
3.837;1.87;-1.013;20
4.322;1.562;0.637;20
5.127;1.714;1.36;20
4.524;2.026;0.877;20
3.112;1.782;0.956;20
2.314;1.423;0.985;20
1.196;1.227;0.876;20
0.533;0.535;0.083;20
-0.494;0.33;0.029;20
-1.744;0.056;0.3;20
-2.236;-0.516;0.331;20
-1.777;-0.783;0.336;20
-1.735;-0.431;0.147;20
-2.045;-0.272;-0.239;20
-2.334;-0.786;-0.291;20
-2.782;-1.39;-0.296;20
-2.536;-2.127;-0.562;20
-1.633;-2.392;-0.512;20
-1.213;-1.838;-0.616;20
-1.234;-1.12;-0.753;20
-1.777;-0.232;-0.608;20
-2.429;0.058;-1.168;19
-2.232;-0.514;-0.187;20
-1.196;-1.058;0.562;20
-0.142;-1.025;0.04;20
0.33;-0.588;0.053;20
-0.051;-0.366;-0.124;20
-0.505;-0.836;-0.362;20
-0.084;-1.332;-0.616;20
0.65;-1.181;-0.042;20
0.753;-0.822;0.184;20
0.417;-0.658;0.116;20
0.188;-0.531;-0.233;20
-0.182;-0.161;0.015;20
-0.745;0.214;-0.091;20
-0.718;0.294;0.221;20
-0.754;0.269;-0.138;20
-0.828;0.27;-0.297;20
-1.092;0.547;-0.114;20
-1.289;0.363;-0.217;20
-0.97;-0.533;-0.212;20
0.055;-0.885;0.133;20
0.267;-0.007;0.09;20
0.0;0.7;0.286;20
0.676;0.949;0.309;20
1.238;1.097;0.321;20
1.642;1.108;0.388;20
2.371;0.995;0.47;20
3.203;0.924;-0.018;20
3.603;1.571;-0.624;20
4.074;2.032;0.002;20
4.529;2.291;1.295;20
3.619;2.189;1.403;20
2.421;1.442;1.002;20
2.489;1.291;0.936;20
2.104;1.481;0.56;20
1.2;1.167;0.532;20
0.493;0.64;-0.008;20
-0.594;0.499;0.083;20
-1.619;0.293;0.223;20
-2.035;-0.095;0.207;20
-2.155;-0.092;-0.11;20
-2.22;-0.313;-0.377;20
-2.235;-0.985;-0.449;20
-2.044;-1.656;-0.708;20
-1.992;-2.193;-0.866;20
-2.026;-2.23;-0.387;20
-2.071;-1.83;-0.068;20
-1.894;-1.21;-0.4;20
-2.263;-0.112;0.036;20
-2.744;0.336;-0.967;20
-2.215;-0.318;-1.666;20
-0.721;-1.433;0.399;20
0.419;-2.126;0.631;20
0.211;-1.991;0.283;20
-0.622;-1.557;-0.225;20
-0.325;-0.847;-0.276;20
0.636;-0.413;-0.459;20
1.314;-0.592;-0.577;20
1.023;-0.802;-0.623;20
0.783;-0.653;-0.936;20
0.165;-0.283;0.489;20
-0.82;-0.041;0.233;20
-1.225;0.292;0.055;20
-1.14;0.424;-0.491;20
-1.088;0.125;-0.045;20
-1.393;-0.18;-0.299;20
-1.217;-0.285;-0.659;20
-0.468;-0.498;-0.016;20
0.395;-0.875;-0.064;20
0.013;-0.222;0.252;20
-1.251;0.791;-0.19;20
-1.199;1.218;-0.544;20
0.244;1.183;0.904;20
1.556;1.144;2.618;20
1.163;1.025;0.433;20
1.573;0.748;-0.547;20
3.763;0.531;0.533;20
5.094;1.116;0.195;20
4.688;2.283;-0.533;20
4.461;2.326;0.518;20
4.084;2.083;0.798;20
2.88;2.23;0.701;20
2.318;1.753;0.715;20
2.034;1.726;0.499;20
1.225;1.65;0.535;20
0.173;0.977;0.022;20
-1.195;0.441;-0.276;20
-2.393;-0.171;0.369;20
-2.481;-0.995;0.927;20
-1.739;-1.273;0.64;20
-1.416;-0.986;-0.026;20
-1.574;-0.898;-0.293;20
-1.917;-1.457;-0.602;20
-2.234;-1.803;-1.096;20
-2.304;-1.312;-0.253;20
-2.388;-0.752;0.42;20
-2.772;-0.648;-0.436;20
-3.144;-0.34;-1.113;20
-2.976;-0.131;-0.893;20
-1.762;-0.705;-0.765;20
-0.461;-1.177;-0.04;20
0.971;-1.458;0.08;20
0.82;-1.274;-0.05;20
0.147;-0.849;-0.478;20
0.087;-0.443;0.086;20
-0.145;-0.448;0.021;20
-0.605;-0.873;-0.987;20
-0.111;-1.286;-0.858;20
0.593;-0.998;-0.744;20
0.793;-0.32;0.483;20
0.554;0.123;0.553;20
-0.212;-0.136;-0.023;20
-1.489;-0.121;-0.363;20
-1.986;-0.02;0.021;20
-1.536;-0.147;0.189;20
-0.774;-0.441;-0.251;20
0.059;-0.621;-0.002;20
0.605;-0.354;-0.012;20
0.402;0.472;-0.168;20
-0.411;1.157;0.365;20
-0.961;1.02;0.684;20
0.299;0.504;-0.17;20
1.127;0.05;1.223;20
1.678;0.091;-0.095;20
1.676;1.407;-0.359;20
2.261;1.784;0.668;20
3.143;1.619;0.25;20
3.836;1.722;-0.779;19
4.62;1.601;0.32;20
4.781;1.611;0.986;20
3.896;1.575;1.278;20
2.706;1.377;1.243;20
1.705;1.575;0.42;20
1.278;1.756;0.742;20
0.195;1.613;0.636;20
-0.699;0.464;0.337;20
-1.716;-0.623;0.079;20
-2.21;-1.194;-0.094;20
-2.216;-1.484;0.059;20
-1.752;-1.239;-0.185;20
-1.456;-0.613;-0.497;20
-1.184;-0.573;-0.533;20
-1.255;-0.587;-1.088;20
-1.929;-0.161;-1.177;20
-2.978;-0.247;-0.542;20
-3.663;-1.352;-0.167;20
-3.625;-2.497;-0.245;20
-2.324;-2.407;-1.087;20
-0.999;-1.411;-1.53;20
-0.912;-0.537;-0.754;20
-0.159;-0.757;-0.064;20
0.673;-1.061;0.567;20
0.636;-0.565;0.128;20
0.581;0.071;0.236;20
0.458;-0.149;0.135;20
0.029;-0.834;-0.309;20
-0.057;-1.26;-0.819;20
0.62;-1.017;-0.241;20
0.767;-0.73;-0.001;20
0.326;-0.668;0.203;20
-0.361;-0.536;0.275;20
-1.198;-0.22;-0.297;20
-1.74;0.187;-0.037;20
-1.999;0.33;-0.1;20
-1.314;0.138;-0.014;20
-0.633;-0.084;-0.213;20
-0.356;-0.197;-0.157;20
0.06;0.169;-0.42;20
0.451;0.417;-0.619;20
-0.169;0.436;-0.055;20
0.054;0.384;-0.129;20
1.264;0.505;0.2;20
1.584;1.325;-0.201;20
1.331;1.781;-0.015;20
1.767;1.267;0.411;20
2.474;1.011;0.119;20
3.296;0.879;-0.517;20
3.553;1.499;0.247;20
3.51;1.931;0.943;20
2.812;2.005;0.973;20
2.606;1.71;1.445;20
2.796;1.293;1.786;20
2.555;1.062;0.79;20
1.963;0.913;-0.073;20
1.258;0.703;-0.367;20
0.173;0.633;-0.244;20
-0.863;0.664;-0.179;20
-1.421;0.335;0.118;20
-2.349;-0.101;0.335;20
-3.121;-0.968;0.172;20
-3.311;-1.775;-0.372;20
-3.624;-2.173;-0.842;20
-3.514;-2.503;-0.919;20
-2.757;-2.158;-0.45;20
-2.29;-1.403;-0.11;20
-1.716;-0.681;-0.616;20
-0.99;-0.155;-0.761;20
-0.503;0.126;-1.284;20
-0.392;0.096;-1.13;20
-0.694;-0.593;0.228;20
-1.019;-1.474;0.274;20
-1.298;-1.318;-0.669;20
-0.653;-0.843;-0.088;20
0.384;-1.069;0.344;20
1.02;-1.659;-0.021;20
0.694;-1.536;-0.597;20
0.659;-0.841;-0.207;20
0.951;-0.716;-0.105;20
0.756;-0.53;-0.032;20
0.081;0.078;-0.158;20
-0.715;0.568;0.142;20
-1.338;0.643;0.36;20
-1.383;0.145;0.128;20
-0.794;-0.136;-0.235;20
-0.658;0.028;-0.324;20
-0.511;-0.224;0.035;20
-1.102;-0.083;0.157;20
-1.309;0.265;-0.255;20
-0.58;0.773;0.261;20
0.828;1.174;0.658;20
1.925;1.203;0.305;20
1.687;1.124;-0.371;20
0.871;0.848;-0.308;20
1.724;0.476;0.545;20
2.832;0.847;0.193;20
3.213;1.622;-0.603;20
3.511;1.822;0.765;20
3.36;2.181;1.4;20
2.972;1.898;1.408;20
2.701;1.4;1.315;20
2.937;1.316;1.229;20
3.165;0.768;1.27;20
2.402;0.53;0.606;20
0.864;0.893;0.114;20
-0.513;0.819;0.044;20
-1.328;0.31;0.367;20
-2.167;-0.091;0.447;20
-3.083;-0.545;0.04;20
-3.425;-1.258;-0.092;20
-2.947;-2.014;-0.199;20
-2.324;-2.285;-0.652;20
-2.027;-2.002;-1.382;20
-2.085;-1.002;-1.198;20
-1.957;-0.337;-0.52;20
-1.677;-0.135;-0.485;20
-1.319;0.171;-0.984;20
-1.036;0.089;-1.22;20
-1.01;-0.654;-0.658;20
-0.903;-1.882;0.314;20
-1.067;-2.744;0.354;20
-1.167;-2.032;-0.67;20
-0.125;-0.822;-0.129;20
0.979;-0.52;0.23;20
1.371;-0.931;0.244;19
1.143;-1.067;0.017;20
1.059;-0.621;-0.355;20
0.836;-0.232;-0.104;20
0.237;-0.107;0.05;20
-0.458;-0.079;-0.238;20
-1.042;-0.028;0.222;20
-1.326;-0.226;-0.135;20
-1.516;-0.244;-0.754;20
-1.289;-0.495;-0.131;20
-0.867;-0.536;-0.068;20
-1.013;0.23;-0.147;20
-0.675;0.552;-0.721;20
-0.275;0.645;-0.093;20
0.278;0.436;0.164;20
0.843;0.589;-0.617;20
0.959;1.049;-0.575;20
0.891;0.97;0.476;20
0.903;0.658;0.637;20
1.026;0.467;0.418;20
1.531;0.493;0.417;20
1.656;0.959;0.294;20
2.133;1.329;0.723;20
2.575;2.052;1.011;20
2.361;2.435;0.75;20
2.116;2.034;0.486;20
1.963;1.939;0.543;20
1.717;1.993;-0.028;20
1.476;1.929;-0.17;20
0.38;2.277;0.305;20
-0.847;2.09;0.057;20
-0.959;1.125;-0.359;20
-0.82;0.95;0.329;20
-1.152;1.025;0.162;20
-1.261;0.567;-0.603;20
-1.294;0.758;-0.256;20
-1.361;1.001;-0.267;20
-1.846;0.983;-0.18;20
-1.797;0.387;-0.242;20
-1.123;0.223;0.45;20
-0.849;0.461;0.597;20
-0.674;0.473;-0.331;20
-0.621;0.12;-0.632;20
-0.492;-0.441;-0.204;20
-0.57;-0.742;0.018;20
-0.806;-0.797;-0.037;20
-0.09;-0.922;-0.072;20
0.427;-0.726;0.0;20
0.57;-0.658;-0.095;20
0.539;-0.56;-0.1;20
0.321;-0.536;-0.112;20
0.349;-0.629;-0.075;20
0.249;-0.475;0.037;20
0.5;-0.574;-0.028;20
0.5;-0.564;0.08;20
-0.118;-0.614;-0.173;20
-0.41;-0.645;-0.339;20
-0.967;-0.71;0.026;20
-0.831;-0.986;-0.058;20
-0.437;-0.678;-0.08;20
0.073;-0.31;0.598;20
0.096;-0.062;-0.194;20
0.257;-0.196;-0.405;20
0.682;-0.014;0.08;20
0.488;0.051;0.075;20
0.358;-0.324;-0.255;20
0.348;-0.292;0.177;20
-0.012;-0.152;-0.222;20
-0.315;-0.148;-0.529;20
0.011;-0.495;-0.42;20
0.023;-0.379;0.19;20
-0.263;-0.561;-0.216;20
-0.312;-0.714;-0.257;20
-0.227;-0.705;-0.018;20
0.127;-0.537;0.408;20
0.334;-0.264;0.574;20
0.031;-0.302;0.18;20
-0.213;-0.457;-0.113;20
-0.187;-0.2;0.195;20
-0.084;-0.046;0.328;20
-0.173;-0.018;0.171;20
-0.371;-0.02;0.145;20
-0.066;-0.378;-0.414;20
0.021;-0.358;-0.567;20
-0.049;-0.563;-0.329;20
0.201;-0.673;-0.192;20
0.282;-0.34;0.02;20
0.051;-0.386;0.026;20
-0.354;-0.546;-0.137;20
-0.446;-0.511;0.081;20
0.206;-0.444;0.542;20
0.437;0.295;0.794;20
0.348;0.203;0.12;20
0.499;-0.428;-0.113;20
1.477;-0.534;0.309;20
2.129;-0.323;0.526;20
2.341;-0.244;0.085;20
2.243;-0.478;-0.642;20
1.341;-0.46;-0.828;20
0.069;0.199;-0.551;20
-2.028;0.949;-0.199;20
-3.716;-0.833;0.581;20
-3.653;-0.918;-0.759;20
-1.72;0.277;-0.014;20
-0.149;0.325;0.475;20
0.376;0.152;0.122;20
0.69;-0.27;0.079;20
0.578;-1.194;-0.145;20
1.126;-1.773;0.299;20
1.315;-1.563;0.353;20
0.263;-0.874;0.251;20
0.019;-0.554;0.317;20
0.235;-0.585;0.962;20
0.088;-0.763;0.855;20
0.342;-0.926;0.586;20
0.054;-0.877;0.342;20
-0.332;-0.729;-0.03;20
0.081;-0.654;0.276;20
0.166;-0.705;0.031;20
0.216;-0.858;-0.28;20
0.382;-0.936;-0.008;20
0.277;-0.78;-0.249;20
0.236;-0.497;0.073;20
0.135;-0.303;-0.136;20
0.089;-0.322;-0.286;20
-0.251;-0.26;-0.355;20
-0.385;-0.432;-0.198;19
0.452;-0.656;0.221;20
0.485;-0.347;-0.121;20
-0.061;-0.224;-0.566;20
0.255;-0.617;-0.005;20
0.386;-0.663;0.383;20
-0.257;-0.207;0.159;20
-0.542;-0.156;0.091;20
-0.112;-0.382;0.705;20
0.062;-0.43;1.18;20
-0.086;-0.3;1.278;20
-0.153;-0.087;1.447;20
-0.719;0.824;1.691;20
-1.094;1.617;1.593;20
-0.512;1.434;1.58;20
-0.021;1.182;1.308;20
0.191;1.174;0.963;20
0.444;1.179;0.792;20
0.531;1.081;0.848;20
0.271;1.1;0.925;20
0.047;1.171;0.895;20
0.222;0.959;0.788;20
0.432;0.617;0.552;20
0.768;0.678;-0.354;20
1.075;0.675;-0.174;20
1.194;0.142;0.097;20
1.139;-0.555;0.113;20
0.984;-1.17;0.339;20
0.61;-1.197;0.596;20
0.603;-0.903;0.754;20
0.842;-0.892;1.263;20
0.939;-1.45;0.934;20
1.106;-1.999;0.416;20
1.523;-2.086;0.82;20
1.479;-1.513;1.047;20
0.574;-1.034;0.422;20
0.133;-1.357;0.223;20
0.475;-1.325;0.455;20
0.346;-0.869;0.608;20
0.001;-0.661;0.297;20
-0.143;-0.546;-0.017;20
-0.346;-0.094;0.068;20
-0.385;0.27;0.417;20
-0.053;0.219;0.321;20
0.326;0.223;0.056;20
0.309;0.278;-0.108;20
-0.023;0.11;-0.173;20
-0.73;-0.163;0.014;20
-1.478;-0.468;-0.493;20
1.495;-1.764;-0.526;20
-3.142;1.751;-0.393;20
-0.963;1.24;-1.596;20
1.105;-0.229;0.753;20
0.559;-0.607;0.611;20
0.602;-0.833;-0.178;20
0.801;0.194;-0.192;20
0.378;-0.01;0.865;20
0.098;-0.501;0.57;20
0.026;-1.313;0.75;20
0.095;-0.701;-0.202;20
0.316;0.364;-0.046;20
0.394;0.345;-0.227;20
0.48;-0.208;0.041;20
0.207;-0.403;0.002;20
-0.192;-0.572;0.347;20
-0.625;-0.732;0.103;20
-1.1;-0.469;-0.486;20
0.193;-0.155;-0.364;20
0.68;-0.57;2.289;20
0.246;-0.927;-0.24;20
0.676;-0.268;-0.02;20
0.899;-0.023;0.29;20
0.443;-0.053;-2.429;20
0.416;0.035;-0.537;20
1.165;-1.125;1.67;20
0.495;-0.82;-0.542;20
0.538;0.052;0.195;20
0.202;0.12;0.143;20
-0.525;0.086;-0.453;20
-0.664;0.349;-0.64;20
-0.115;0.476;-1.173;20
-0.084;0.586;-0.276;20
-0.77;0.924;-0.875;20
-0.77;-0.233;-0.081;20
-0.68;-0.233;-0.553;20
-0.614;0.184;-0.959;20
0.119;-0.342;0.272;20
0.111;0.208;0.564;20
-0.981;0.968;-0.212;20
-0.881;0.696;-0.354;20
0.064;-0.135;-0.213;20
0.362;-0.685;-0.282;20
-0.359;-1.084;-1.119;20
-0.728;-1.672;-1.488;20
-0.282;-1.733;-0.811;20
0.023;-1.329;-0.143;20
-0.276;-1.287;-0.39;20
-0.58;-2.033;-0.581;20
-0.533;-3.337;-0.146;20
0.382;-3.615;-0.924;20
1.971;-0.979;-1.145;20
1.164;1.248;-0.342;20
0.448;-1.071;-0.036;20
1.449;-3.46;-1.617;20
2.824;-5.307;-2.728;20
4.6;-5.569;-1.694;20
2.019;-3.4;-2.488;20
-3.928;-0.511;-1.45;20
-4.936;-0.65;1.999;20
-2.867;0.361;3.405;20
-3.102;1.769;3.078;20
-3.77;4.145;2.817;20
-6.045;5.916;0.625;20
-5.453;5.277;-3.075;20
-4.388;4.381;-5.465;20
-3.721;3.611;-7.432;20
-2.579;1.973;-6.905;20
-0.825;-0.306;-7.434;20
0.611;-1.556;-8.189;19
0.213;-1.247;-7.398;20
-1.153;-1.631;-5.214;20
-0.233;-3.044;-3.647;20
1.309;-3.77;-1.704;20
0.57;-4.178;-0.024;21
3.025;-4.601;0.501;20
6.273;-3.321;-0.458;19
5.159;-1.193;1.447;20
3.28;0.406;4.34;20
2.691;1.129;3.697;20
2.303;2.585;2.325;20
4.149;3.696;19.747;20
3.749;3.934;10.595;20
3.87;3.2;5.64;20
3.024;4.603;5.496;20
0.35;5.615;2.728;20
0.078;4.866;1.865;20
2.745;4.308;5.772;20
5.327;3.282;7.39;20
4.661;3.113;7.673;20
3.477;4.026;5.625;20
2.607;4.462;4.726;20
1.422;4.51;4.122;20
1.866;3.953;2.819;20
3.283;3.146;1.375;20
4.57;2.704;0.541;20
5.538;1.571;1.052;20
5.475;1.16;2.301;20
4.559;2.932;4.164;20
4.61;1.768;6.729;20
3.248;0.718;6.388;20
1.968;1.125;2.869;20
1.609;1.532;1.26;20
1.481;1.952;1.434;20
1.216;2.787;0.629;20
1.174;3.209;-0.494;20
1.898;2.489;-0.283;20
1.719;2.253;-0.806;20
0.542;3.401;-1.993;20
-0.613;4.488;-2.518;20
-1.386;3.854;-0.781;20
-0.038;2.492;1.215;20
1.308;1.805;0.638;20
0.073;2.58;-1.093;20
-0.401;2.503;-0.781;20
0.367;1.569;0.501;20
0.83;1.102;1.07;20
-0.528;2.064;-0.332;75
-0.751;1.94;-0.204;20
0.058;1.265;0.335;20
0.797;0.537;1.026;20
-0.334;1.099;0.632;20
-1.373;1.685;0.042;20
-0.408;1.168;-0.346;20
0.321;0.88;-0.483;20
0.434;0.675;-0.491;20
0.077;0.492;-0.221;20
-1.02;1.207;-0.314;20
-0.435;0.717;-0.272;20
-0.036;0.09;0.013;20
-0.583;0.133;0.536;20
-0.649;0.236;0.377;20
-0.783;0.633;-0.212;20
-0.976;0.677;-0.257;20
-0.733;0.367;1.37;20
-0.232;-0.018;1.304;20
-0.003;0.17;-0.231;20
0.027;0.133;-0.029;20
-1.571;0.94;0.418;20
-0.594;0.338;1.046;20
0.137;0.402;0.017;20
0.621;0.346;-0.901;20
0.499;0.507;-0.686;20
0.281;0.416;-0.232;20
0.049;0.328;0.093;20
0.349;0.016;0.014;20
0.599;-0.009;-0.075;20
0.783;-0.023;-0.506;20
0.37;0.013;-0.819;20
0.121;-0.008;-0.492;20
-0.462;0.26;-0.341;20
-0.19;-0.056;0.014;20
-0.091;-0.111;-0.394;20
0.105;-0.146;-0.335;20
-0.029;-0.177;-0.123;20
-0.122;-0.327;0.302;20
-0.331;-0.302;0.216;20
-0.442;-0.184;0.028;20
-0.494;-0.074;0.083;20
-0.381;-0.015;0.15;20
-0.05;-0.057;-0.065;20
-0.034;0.087;-0.21;20
-0.041;0.093;-0.16;20
0.059;0.045;0.192;20
0.207;-0.147;-0.009;20
-0.282;0.265;0.011;20
-0.734;-0.053;0.12;85
0.237;0.077;0.578;20
0.688;0.0;0.123;20
0.024;-0.4;-0.367;20
0.334;-0.526;-0.147;20
0.355;-0.368;0.62;20
-0.139;-0.044;0.305;20
-0.05;0.498;-0.414;20
0.252;0.55;-0.237;20
-0.094;0.661;0.584;20
-0.403;0.599;1.043;20
-0.147;-0.109;0.487;74
0.17;-0.255;0.307;20
-0.038;-0.133;0.108;20
-0.235;-0.043;-0.153;20
-0.268;-0.044;-0.501;20
-0.011;-0.285;-0.616;20
-0.356;-0.075;-0.503;20
-0.359;-0.119;-0.212;20
-0.415;-0.055;-0.242;20
-0.09;-0.112;-0.217;20
-0.125;-0.1;-0.285;20
0.106;-0.088;-0.19;20
0.131;-0.083;-0.072;20
-0.091;0.091;0.227;20
-0.138;0.089;0.266;20
0.047;0.003;-0.037;20
0.227;0.008;-0.263;20
-0.024;0.213;-0.426;20
-0.137;0.152;-0.358;20
-0.224;0.06;-0.158;20
-0.541;0.331;0.075;20
-0.661;0.459;-0.121;20
-0.408;0.34;-0.262;20
0.167;-0.087;-0.202;20
-0.398;0.339;-0.095;20
-0.886;0.585;0.115;20
-0.207;0.135;0.211;20
0.466;-0.208;-0.004;20
0.543;-0.27;-0.012;20
0.368;-0.096;0.006;20
0.044;0.082;-0.14;20
0.0;0.044;0.011;20
0.104;-0.036;-0.019;20
0.129;0.031;-0.115;20
0.143;-0.009;0.026;20
-0.04;0.013;0.16;20
-0.073;0.019;0.068;20
0.086;-0.043;-0.024;20
0.121;-0.031;0.0;20
0.201;-0.132;0.138;20
0.182;-0.122;0.126;20
0.122;-0.058;-0.035;20
0.127;-0.056;0.014;20
0.048;-0.095;0.208;20
-0.024;-0.07;0.285;20
-0.026;-0.088;0.131;20
0.057;-0.102;0.053;20
0.206;-0.226;-0.038;20
-0.027;-0.034;-0.612;20
-0.183;-0.061;-0.154;20
-0.318;0.133;-0.023;20
-0.4;0.159;0.275;20
-0.307;0.18;0.426;20
-0.225;0.24;0.045;20
-0.235;0.358;-0.293;20
-0.205;0.364;-0.312;20
-0.309;0.302;-0.048;20
-0.323;0.293;-0.132;20
-0.383;0.313;-0.416;20
-0.4;0.324;-0.479;20
-0.402;0.248;-0.158;20
-0.373;0.219;0.008;20
-0.206;0.209;-0.04;20
0.025;0.034;-0.028;20
0.287;-0.003;0.103;20
0.302;-0.041;0.007;20
0.237;-0.017;0.055;20
0.349;-0.098;-0.07;20
0.327;-0.107;-0.1;20
0.205;-0.086;0.06;20
0.124;-0.044;0.082;20
0.025;0.005;-0.111;20
0.082;-0.049;-0.058;20
0.056;-0.071;0.158;20
-0.037;0.026;0.171;20
0.008;0.052;0.005;20
0.151;0.036;-0.194;20
0.069;0.062;-0.174;20
-0.1;0.106;-0.082;20
-0.065;0.043;-0.009;20
0.146;-0.053;-0.071;20
0.113;0.025;-0.102;20
-0.004;0.089;-0.105;20
-0.02;0.026;-0.094;20
0.036;0.011;-0.14;20
0.032;0.027;-0.054;20
-0.056;0.038;0.086;20
-0.065;0.061;0.169;20
-0.064;0.044;0.126;20
0.0;0.033;-0.076;20
-0.102;0.088;-0.132;20
-0.129;0.09;-0.102;20
-0.074;0.059;0.01;20
0.02;0.063;-0.044;20
0.107;-0.032;-0.007;20
0.108;-0.035;0.092;20
-0.1;0.041;0.088;20
-0.197;0.151;-0.016;20
-0.038;0.048;-0.093;20
-0.061;-0.006;0.086;20
-0.212;0.032;0.115;20
-0.282;0.217;-0.128;20
-0.328;0.279;-0.547;20
-0.589;0.557;-1.167;20
-0.37;0.189;-0.303;20
0.018;-0.172;0.346;20
0.082;-0.187;0.419;20
-0.002;0.009;0.022;20
0.172;-0.057;-0.002;20
0.198;-0.024;-0.002;20
0.052;0.043;-0.005;20
0.01;0.123;0.01;20
-0.027;0.09;0.036;20
-0.041;0.014;0.125;20
-0.121;0.021;0.165;20
-0.081;0.059;0.06;20
0.02;-0.045;-0.049;20
0.008;-0.061;0.045;20
-0.26;0.07;-0.009;19
-0.422;0.173;-0.12;20
-0.479;0.268;-0.549;20
-0.57;0.452;-0.652;20
-0.063;0.047;-0.184;20
-0.162;0.19;-0.272;20
-0.048;0.176;-0.201;20
-0.011;0.104;-0.092;20
0.035;0.044;0.13;20
-0.006;-0.06;0.277;20
0.045;-0.03;0.26;20
0.109;-0.047;0.169;20
0.247;-0.044;0.185;20
0.4;-0.063;0.056;20
0.467;-0.048;-0.106;20
0.383;0.063;-0.18;20
0.206;0.079;-0.041;20
0.128;-0.044;0.219;20
0.059;-0.11;0.27;20
0.07;-0.11;0.155;20
0.182;-0.135;0.007;20
0.159;-0.035;-0.052;20
0.104;-0.045;-0.04;20
0.066;-0.022;0.011;20
-0.087;0.097;-0.042;20
-0.241;0.175;-0.035;20
-0.393;0.284;-0.516;20
-0.423;0.355;-0.61;20
0.238;-0.185;-0.22;20
0.092;0.045;0.081;20
0.015;0.033;0.385;20
0.087;-0.017;0.226;20
0.181;0.034;-0.122;20
0.13;0.089;-0.278;20
0.039;0.105;-0.1;20
0.029;0.069;0.03;20
0.1;0.07;0.024;20
0.248;0.0;0.076;20
0.223;0.044;0.013;20
0.161;0.238;-0.612;20
-0.132;0.117;-0.32;20
0.272;-0.158;0.281;20
-0.075;-0.056;0.446;20
0.004;-0.022;0.322;20
0.202;-0.117;0.131;20
0.197;-0.052;-0.174;20
0.046;0.048;-0.313;20
-0.001;0.107;-0.272;20
-0.039;0.061;0.002;20
0.053;-0.015;0.008;20
0.074;-0.033;-0.119;20
-0.026;-0.018;-0.086;20
-0.125;0.044;0.002;20
0.005;-0.036;0.021;20
0.108;-0.046;-0.044;20
0.173;-0.056;0.029;20
0.1;0.007;0.157;20
0.015;0.038;0.19;20
-0.09;0.122;0.095;20
-0.076;0.087;0.044;20
-0.039;0.048;0.088;20
-0.026;0.025;0.13;20
-0.043;0.016;0.125;20
-0.028;0.013;-0.078;20
0.0;0.055;-0.138;20
0.012;0.014;-0.136;20
-0.006;0.023;-0.132;20
-0.128;0.012;-0.054;20
-0.063;-0.017;-0.033;20
0.008;0.014;-0.097;20
-0.035;0.041;-0.069;20
-0.056;0.044;-0.018;20
-0.018;0.025;-0.048;20
0.007;0.0;-0.032;20
-0.017;0.043;0.007;20
0.006;0.021;0.038;20
0.026;0.007;0.023;20
0.011;-0.007;0.006;20
-0.002;0.002;0.035;20
-0.009;0.023;0.097;20
0.007;-0.008;0.066;20
0.092;-0.043;0.021;20
0.078;-0.036;0.044;20
0.026;-0.045;0.092;20
0.015;-0.043;0.065;19
0.025;-0.074;0.056;20
0.014;-0.081;0.038;20
-0.03;-0.046;0.123;20
-0.045;-0.055;0.126;20
0.089;-0.036;-0.108;20
0.167;-0.064;-0.208;20
0.062;-0.056;0.091;20
-0.328;0.097;0.345;20
-0.478;0.269;0.3;20
0.076;0.083;0.015;20
0.393;-0.091;-0.27;20
-0.005;0.211;-0.232;20
-0.075;0.208;-0.212;20
0.028;0.078;-0.152;20
0.084;-0.019;0.024;20
0.197;-0.12;0.065;20
0.31;-0.173;0.087;20
0.263;-0.108;-0.029;20
0.025;0.025;0.043;20
-0.371;0.239;0.135;20
-0.428;0.347;0.147;20
-0.266;0.352;-0.181;20
-0.017;0.292;-0.373;19
0.233;0.101;-0.361;20
0.318;-0.062;-0.063;20
0.366;-0.157;0.063;20
0.269;-0.155;0.034;20
0.172;-0.183;0.078;20
0.231;-0.217;0.142;20
0.254;-0.139;0.102;20
0.13;0.017;0.031;20
0.062;0.078;-0.048;20
0.071;0.081;-0.1;20
0.04;0.051;0.106;20
0.089;0.028;0.152;20
0.168;-0.039;0.037;20
0.309;-0.161;0.058;20
0.238;-0.153;0.156;20
0.043;-0.04;0.094;20
0.007;0.035;-0.059;20
0.029;0.003;-0.031;20
-0.052;0.023;-0.006;20
-0.277;0.139;-0.033;20
-0.159;0.134;-0.147;20
0.076;-0.009;-0.148;20
0.004;0.023;-0.009;19
-0.041;0.04;-0.043;20
0.015;0.048;-0.164;20
0.036;0.026;-0.108;20
0.025;0.016;0.033;20
0.02;0.037;0.081;20
0.002;0.082;-0.024;20
-0.093;0.114;-0.069;20
-0.1;0.188;-0.427;20
-0.135;0.1;-0.455;20
0.01;0.023;-0.242;20
0.039;-0.089;0.068;20
0.043;-0.114;0.403;20
-0.086;0.092;0.21;20
-0.054;0.116;-0.104;20
0.032;0.076;-0.062;20
0.008;0.057;0.031;20
0.049;0.077;0.056;20
0.122;0.028;-0.052;20
0.165;-0.033;0.007;20
-0.011;0.037;0.085;20
-0.037;0.052;0.041;20
0.064;-0.012;0.048;19
0.138;-0.077;0.116;20
0.007;0.001;-0.009;20
-0.046;0.077;-0.115;20
0.005;0.052;-0.133;20
0.012;0.0;-0.027;20
-0.017;-0.042;0.169;20
-0.019;-0.044;0.127;20
0.009;-0.031;0.014;20
0.021;0.017;-0.143;20
0.0;0.02;-0.042;20
0.06;-0.028;0.059;20
-0.014;0.007;0.036;20
-0.036;0.056;-0.025;20
0.023;0.047;-0.117;20
0.028;0.009;-0.076;20
-0.162;0.11;0.001;20
-0.093;0.086;0.001;20
-0.002;-0.003;0.0;20
-0.101;0.036;0.072;20
-0.116;0.072;-0.043;20
0.009;0.062;-0.181;20
0.039;0.024;-0.135;19
0.019;0.056;-0.078;20
0.111;-0.031;-0.118;20
0.183;-0.093;-0.08;20
0.073;-0.037;-0.013;20
0.012;0.029;-0.02;20
0.046;-0.016;0.021;20
0.134;-0.061;0.065;20
0.022;0.02;0.066;20
-0.075;0.135;0.072;20
-0.07;0.127;0.087;20

# Completed @Sun Jan 24 21:05:34 GMT+02:00 2021
