# Accelerometer Data File
# Started @Tue Jan 26 20:20:16 GMT+02:00 2021
#
#
# sensor Vendor: BOSCH
# sensor Name: BMI160 Accelerometer Non-wakeup
# sensor Resolution: 0.0023928226m/sec^2; Max Range: 78.4532; Min Delay: 2500 microseconds
# The sensor's attributes are the result hardware and the Android capabilities.
# It means that the Android may not utilize all features provided by the hardware.
#
# Some devices and Android versions save battery too much so the device may go to sleep.
# It just happens after couple of minutes from turning off the scree and it is easy to find it out.
#
# The following file provides the data from accelerometer in the m/s^2 format.
# The diff value is just a time delta between the samples
#
#
# data format:
# so we have 4 columns with values separated by the ";"
# X;Y;Z;time_from_previous_sample(ms)

# sensor speed set to:NORMAL
# units set to: m/sec^2
# gravity  filtered out
# Accuracy: HIGH
3.577;4.006;8.305;0
3.164;4.048;7.296;19
2.786;3.894;5.7;20
2.413;3.667;4.453;20
1.864;3.678;3.827;20
1.406;3.501;3.429;20
0.748;3.682;3.778;20
0.804;2.332;3.201;20
0.821;0.687;1.603;20
0.846;-0.554;1.134;20
0.457;0.767;2.898;20
-0.57;2.651;4.277;20
-0.736;2.278;2.258;20
0.259;0.088;-3.16;20
1.872;-1.337;-4.098;20
2.785;-4.304;-1.253;20
-0.526;-6.295;4.913;20
-3.147;-4.26;13.044;20
-3.258;-5.196;10.389;20
-0.856;-4.253;0.611;20
2.623;-3.148;1.529;20
-0.512;-3.289;6.208;20
0.51;-2.77;4.639;20
-0.144;-2.259;2.569;20
-0.929;-1.261;2.691;20
0.338;-1.229;-1.635;20
-0.368;-0.626;-2.751;20
-4.149;-0.852;7.952;20
-6.528;-0.344;2.331;20
-1.395;-6.651;-3.319;20
-1.838;-6.787;-2.797;20
-6.864;0.357;-0.365;20
-5.725;-2.366;-7.169;20
-3.028;-2.663;-9.755;20
0.772;-6.407;-12.37;20
1.748;-9.294;-15.131;20
0.537;-11.038;-16.094;20
-1.629;-13.1;-15.954;20
-8.503;-10.93;-12.151;20
-17.509;-5.163;-2.568;20
-22.52;1.188;3.357;20
-23.456;7.309;7.231;20
-20.843;10.557;7.704;20
-23.832;17.41;3.986;20
-20.595;20.544;-0.69;20
-11.082;16.829;-4.613;20
-2.791;13.726;-8.713;19
9.786;6.473;-30.191;20
6.218;-1.754;-10.726;20
7.876;-5.478;-2.542;20
8.53;-4.061;-0.488;20
8.14;-8.064;4.892;20
2.433;-9.259;11.382;20
1.464;-4.835;6.395;20
2.517;-1.367;0.914;20
2.775;-0.024;0.391;20
1.936;0.561;2.134;20
1.167;-0.526;0.457;20
0.367;-0.442;0.239;20
-0.931;2.759;0.026;20
-1.973;5.258;-2.868;20
-2.846;4.707;-0.162;20
1.417;-0.202;0.476;20
3.664;-0.964;-0.342;20
8.043;-4.001;1.912;20
5.41;-6.206;1.455;20
-0.073;-2.496;-0.782;20
0.533;-1.377;-1.217;20
0.064;1.455;-0.403;20
0.612;1.787;-2.722;20
1.19;1.439;-3.197;20
-0.994;1.703;-0.588;20
0.66;0.171;-0.446;20
1.575;-0.645;-0.729;20
2.131;-0.731;2.333;20
3.008;0.17;1.737;20
-0.34;2.604;-0.642;20
-1.178;2.725;-0.816;20
-0.101;1.035;-0.115;20
0.194;0.225;-0.012;20
-0.137;-1.421;-1.092;20
-1.156;-1.291;-2.069;20
-2.31;-0.407;-0.162;20
-3.428;0.783;-0.892;20
-4.612;2.613;-1.846;20
-3.858;3.198;-1.02;20
-4.989;3.714;-0.935;20
0.751;2.55;-3.912;20
5.112;-0.895;-0.592;20
3.963;-0.93;-1.827;19
6.705;-2.561;-2.678;20
4.062;-2.143;0.963;20
-3.412;0.738;2.007;20
-1.441;0.158;3.205;20
0.986;-1.482;1.108;20
2.141;-4.079;0.871;20
2.927;-5.873;0.479;20
1.626;-4.84;0.445;20
0.235;-2.609;-0.347;20
-6.223;1.615;-1.905;20
-0.549;-0.302;3.185;20
2.43;-0.195;2.573;20
3.627;3.387;4.099;20
13.576;-4.413;-5.524;20
9.757;-1.376;-1.211;20
4.977;-0.849;1.715;20
2.169;0.577;2.348;20
7.058;-2.739;2.522;20
4.987;-6.094;-0.291;20
-9.722;0.872;-2.582;20
-8.279;-3.748;3.477;20
-9.153;-4.372;2.308;20
-5.455;-2.652;-0.485;20
-5.328;-2.58;-2.023;20
-5.403;-4.094;-2.094;20
-3.906;-3.236;-1.387;20
-0.368;-3.358;0.599;20
0.656;-3.138;1.388;20
1.045;-2.901;2.314;20
5.131;-0.991;1.802;20
7.363;0.52;0.021;20
3.741;2.656;2.876;20
8.819;2.28;-1.625;20
4.321;4.715;-0.023;20
4.935;1.853;2.692;20
4.867;0.592;1.347;20
1.68;1.639;0.283;20
-0.065;1.168;0.981;20
1.698;-2.737;0.949;20
-0.086;0.501;3.149;20
1.68;-0.05;-1.407;20
-2.701;-0.467;2.72;20
-4.271;0.277;-0.697;19
-2.974;-2.103;1.857;20
-4.544;-8.425;-2.747;20
3.853;-7.496;-1.763;20
5.445;-6.366;-0.319;20
5.845;-6.48;-1.259;20
-0.205;-2.576;-0.992;20
-2.412;-0.592;-0.262;20
-0.871;-1.656;0.344;20
0.395;-2.651;-0.666;20
-0.708;-0.392;-1.19;20
2.244;-1.183;0.775;20
2.038;-2.392;1.952;20
0.619;-1.45;-2.069;20
3.516;-3.555;-2.186;20
11.59;-3.31;-1.252;20
12.159;2.604;-1.571;20
15.145;3.539;1.65;20
-1.658;5.404;3.64;20
-20.227;11.626;-0.644;20
-5.214;2.635;-4.083;20
-3.569;0.554;-2.946;20
-5.502;-0.137;-0.267;20
-1.496;-0.206;-1.07;20
-0.77;-0.518;3.153;20
-1.943;-1.36;1.356;20
2.075;-2.948;-2.371;20
2.546;-1.503;-2.604;20
-0.945;-1.133;0.861;20
-2.69;1.51;0.98;20
-2.308;2.87;1.392;20
-2.256;-2.629;4.178;20
-25.327;0.063;-1.352;20
-9.905;10.387;-13.09;20
8.139;-4.186;-7.244;20
33.426;-18.16;10.49;20
15.539;-8.797;4.683;20
0.488;0.239;2.03;20
-0.296;1.678;-0.314;20
-0.191;1.745;0.458;20
-3.46;2.573;0.098;20
-4.922;4.882;-2.693;20
-2.065;5.743;-0.304;20
-0.017;4.256;2.747;20
0.461;0.522;2.163;19
0.021;-4.877;0.538;20
-2.544;-1.367;1.151;20
-1.136;0.071;0.533;20
0.946;0.643;1.337;20
2.501;1.942;1.523;20
0.831;0.851;1.123;20
-3.027;1.698;-0.775;20
-3.042;2.579;0.768;20
-0.514;2.983;1.123;20
1.551;1.528;-2.483;20
1.765;-2.766;-2.581;20
1.291;-1.596;-0.107;20
1.568;3.158;-3.247;20
1.212;4.343;-0.687;20
1.894;5.589;1.447;20
6.415;4.54;-6.475;20
-0.371;-5.444;17.338;20
-6.04;-15.498;-4.958;20
-1.572;-10.59;-3.972;20
-2.662;-0.319;2.021;20
-0.257;1.057;0.079;20
-0.051;2.423;1.956;20
-0.436;1.64;-0.293;20
0.167;-0.804;-6.523;20
-2.33;-2.132;-1.739;20
2.193;-0.486;-0.938;20
4.119;4.603;-0.61;20
2.093;6.621;2.117;20
0.753;0.991;3.379;20
-1.919;-0.012;1.346;20
-3.586;0.107;1.069;20
-3.832;8.586;3.07;20
2.281;5.078;0.025;20
-5.749;-9.378;1.048;20
4.46;-6.101;-2.508;20
0.676;-4.603;-1.814;20
-3.477;-3.786;1.371;20
-1.898;-0.871;0.463;20
-1.738;-1.155;1.136;20
-1.733;-0.693;0.403;20
-1.131;-0.751;-0.158;20
1.268;1.868;0.196;19
3.423;2.06;-0.787;20
3.156;3.672;-2.039;20
2.704;3.942;-1.373;20
2.304;2.356;0.007;20
1.872;0.636;1.154;20
1.325;-0.839;0.521;20
-0.533;-1.884;0.974;20
1.207;0.743;2.113;20
2.691;1.716;1.748;20
3.503;1.087;2.68;20
2.238;-1.583;3.078;20
1.487;1.688;1.103;20
2.108;1.096;-0.52;20
0.991;-3.174;1.53;20
-0.286;-2.975;1.972;20
2.479;-1.078;0.423;20
2.959;-0.746;-1.912;20
-1.724;-1.556;-1.597;20
-3.917;-1.403;-0.652;20
-4.476;-2.422;-0.473;20
-2.313;-2.781;0.332;20
-2.07;-3.315;1.565;20
-0.719;1.151;-0.34;20
0.547;-0.064;0.427;20
1.39;0.398;1.202;20
2.192;1.826;0.992;20
3.479;1.833;1.546;20
3.275;2.782;-0.507;20
3.165;0.928;-1.545;20
0.209;-3.444;-0.107;20
-1.497;-1.812;0.928;20
-4.108;0.569;-0.928;20
-4.287;-1.347;-2.93;20
-3.577;-2.582;-0.688;20
-1.604;0.144;0.543;20
0.202;2.463;-0.169;20
1.184;5.19;-1.894;20
-0.12;3.667;0.18;20
0.757;2.599;-0.346;20
1.41;1.082;-0.266;20
1.282;2.301;-1.477;20
0.272;-0.083;-1.556;20
-0.717;-1.953;-1.07;19
-0.739;1.16;-0.649;20
0.69;1.055;-0.661;20
1.74;-0.825;-0.915;20
0.212;-4.978;0.256;20
1.194;0.232;0.011;20
1.713;3.387;0.44;20
0.69;3.516;0.972;20
0.468;2.453;1.359;20
-0.143;0.918;0.298;20
-0.21;-2.351;1.389;20
-0.915;-2.77;1.766;20
-2.915;-8.772;-2.998;20
-0.993;-4.257;0.017;20
0.614;-0.874;-1.726;20
-2.104;-0.124;-2.073;20
-4.415;-2.397;4.309;20
-4.209;0.497;-1.59;20
0.053;-1.273;-1.929;20
1.764;-0.362;0.13;20
5.784;4.644;0.879;20
7.035;-2.625;-6.821;20
-0.777;-0.783;3.045;20
-3.672;-0.356;6.086;20
-0.874;6.611;0.524;20
2.603;10.205;0.327;20
1.836;5.002;-1.065;20
-1.229;3.8;-1.482;20
-5.802;-7.695;-1.809;20
0.024;-4.014;-0.552;20
2.632;7.509;1.039;20
-3.868;-3.894;-1.239;20
-4.986;-5.106;-1.526;20
-1.12;2.03;1.353;20
-1.43;4.868;3.427;20
-3.455;-3.096;-1.466;20
-1.813;1.129;-0.388;20
-0.863;0.662;3.748;20
-0.329;-5.317;2.431;20
1.67;-4.271;0.623;20
2.24;-4.999;1.248;20
4.182;-0.791;1.413;20
5.322;2.249;0.551;20
2.891;2.265;1.412;19
-1.461;-1.312;0.261;20
-2.178;-1.338;0.033;20
-4.077;-2.553;0.78;20
-4.872;-3.038;0.755;20
-3.791;-1.885;-1.007;20
0.426;-0.263;-0.17;20
2.018;0.056;0.331;20
0.728;1.179;0.552;20
-0.393;5.971;1.506;20
-0.821;9.303;0.245;20
1.857;7.814;1.454;20
2.56;3.483;1.074;20
1.459;3.724;-3.331;20
0.133;3.116;-4.258;20
0.238;1.009;-3.303;20
-0.645;-0.67;-3.253;20
-1.633;-0.321;-2.039;20
-1.127;-1.273;-0.399;20
-1.488;-2.415;-1.481;20
-1.324;-4.719;-3.094;20
-2.174;-6.205;0.009;20
-2.938;-6.404;0.493;20
-3.727;-4.04;-0.092;20
-2.104;-1.277;-1.841;20
-1.246;1.186;-1.444;20
-1.151;2.403;-0.396;20
0.511;3.106;-0.801;20
0.874;1.522;-0.022;20
1.161;4.26;-0.203;20
1.2;2.329;-3.717;20
1.144;3.356;-1.312;20
0.469;2.531;1.431;20
-0.683;0.298;3.603;20
-0.812;5.555;-2.974;20
-0.617;3.402;-3.25;20
-3.48;0.77;-2.358;20
-5.235;-1.052;-1.609;20
-4.324;-2.635;-0.886;20
-2.563;-0.982;-1.775;20
-0.75;1.611;-2.483;20
-0.197;2.351;-1.277;20
0.243;1.705;-0.357;20
0.172;2.347;-1.013;20
-0.483;2.159;0.039;19
-0.507;1.292;0.145;20
-0.995;2.036;-0.559;21
-0.328;2.074;-0.716;19
-0.91;3.669;-0.578;20
-1.434;1.153;-0.261;20
-0.054;1.465;-1.322;20
0.121;1.529;-1.576;20
0.474;0.306;-0.753;20
0.566;-1.82;-0.181;20
0.761;-0.96;-0.714;20
0.019;0.722;-1.736;20
0.506;0.766;-1.454;20
0.363;1.182;-1.552;20
0.713;0.496;-1.318;20
-0.183;-0.582;-1.755;20
-0.453;-0.458;-1.711;20
-0.235;-0.179;-0.908;20
0.803;0.66;-0.295;20
0.103;3.179;-0.813;20
0.578;2.544;-1.177;20
-0.104;1.974;-1.05;20
0.464;1.374;-0.136;20
-0.06;1.105;-1.058;20
-0.5;1.027;-0.558;20
-1.724;1.371;-1.254;20
-1.492;1.589;-1.592;20
0.724;1.49;-0.359;20
3.113;1.857;0.565;20
2.567;2.18;0.699;20
3.118;2.558;2.251;20
2.244;3.289;1.961;20
1.082;3.395;1.108;20
1.482;2.572;1.501;20
-0.371;3.06;0.273;20
0.63;1.84;-0.087;20
0.207;0.487;-0.857;20
-2.278;0.66;-2.512;20
-1.871;0.713;-1.761;20
-0.239;0.444;-0.538;20
1.003;-0.262;-0.647;20
-0.153;-0.077;0.501;20
2.058;-0.005;1.201;20
0.518;0.157;0.467;20
-0.288;0.149;0.403;20
0.303;-0.121;0.498;19
-0.856;-0.13;0.569;20
0.363;-0.979;1.419;20
0.957;-2.002;0.345;20
-1.094;-2.236;-1.208;20
-0.275;-2.862;1.303;20
0.352;-2.154;-0.102;20
-1.404;-4.404;0.128;20
-2.221;-4.968;-0.41;20
-2.46;-5.114;-0.258;20
-1.463;-4.377;0.315;20
-1.22;-3.215;-0.288;20
-1.587;-2.884;0.728;20
-2.216;-2.267;0.838;20
-1.623;-0.593;0.917;20
-1.102;-0.904;1.255;20
0.158;-0.936;0.783;20
0.561;-0.886;1.44;20
0.844;-2.622;0.919;20
-0.075;-1.381;1.149;20
0.663;0.178;1.982;20
1.518;0.107;1.816;20
1.688;0.173;0.861;20
1.945;-1.109;1.377;20
1.042;-4.212;1.252;20
1.593;-4.385;1.025;20
1.786;-3.771;0.403;20
2.539;-2.875;1.466;20
2.249;-2.694;0.615;20
2.584;-2.828;0.753;20
1.758;-3.99;0.026;20
2.017;-1.591;0.119;20
2.143;0.99;0.069;20
3.26;1.862;0.114;20
3.675;-0.013;1.256;20
1.291;-0.384;2.501;20
-0.339;1.165;1.791;20
-0.139;2.392;0.175;20
-1.009;-0.626;-1.966;20
-0.451;-1.949;-1.274;20
-2.621;-1.773;-0.52;20
-2.653;-1.82;-1.194;20
-2.634;0.597;-2.514;20
-1.796;2.593;-1.497;20
-2.638;3.293;-0.776;19
-2.13;-0.139;-0.458;20
-2.432;-2.013;-1.149;20
-4.116;0.049;-0.423;21
-2.958;-0.552;0.149;20
-2.313;-5.203;-0.763;19
1.54;-7.287;-2.312;20
0.069;-1.2;-1.453;20
-2.412;4.552;1.156;20
-5.006;11.067;4.831;20
-0.047;6.712;-0.719;20
4.197;1.296;-3.327;20
4.162;-0.468;-1.89;20
3.527;-0.323;0.487;20
2.186;1.368;-0.069;20
2.853;1.431;0.952;20
1.296;0.372;1.013;20
0.422;1.534;0.107;20
-0.033;2.069;-1.259;20
-0.717;2.74;-1.57;20
-1.25;4.649;-0.829;20
0.815;3.899;0.538;20
1.245;3.886;1.215;20
0.588;3.909;-0.311;20
0.851;2.746;0.455;20
0.972;1.775;-0.287;20
-0.685;1.153;-2.125;20
1.711;0.811;0.046;20
0.007;0.55;-0.993;20
-1.455;-0.159;-0.855;20
-0.534;-0.399;-0.555;20
0.009;-0.77;0.364;20
0.614;-1.593;0.396;20
0.497;-2.289;0.271;20
0.022;-3.609;-0.73;20
-0.482;-3.67;-1.491;20
-0.941;-3.57;-3.791;20
-0.646;-3.086;-4.402;20
1.085;0.732;-1.549;20
3.114;1.192;-0.085;20
0.489;0.335;2.696;20
2.528;4.159;3.032;20
-1.551;5.877;2.659;20
-4.995;4.565;-1.404;20
-1.586;-3.233;1.755;20
-4.847;-2.366;4.88;19
-2.903;-2.429;3.609;20
-1.164;-4.394;1.713;20
-1.662;-9.075;-1.653;20
-0.118;-3.695;0.09;20
-0.102;-2.489;0.187;20
-0.813;-0.226;-0.869;20
1.577;-0.926;-1.074;20
0.283;-0.392;-0.672;20
-0.514;4.169;1.843;20
2.058;1.268;3.14;20
4.36;-4.335;2.239;20
5.721;-3.224;0.833;20
4.75;-2.221;1.12;20
5.161;-3.465;0.168;20
2.909;-4.687;-0.144;20
0.474;-1.796;-0.832;20
-0.059;-1.74;-1.066;20
-2.046;-0.795;-0.946;20
-2.525;1.566;1.651;20
-2.965;1.249;0.991;20
-3.545;0.267;1.355;20
-2.906;-0.037;0.264;20
-3.293;3.503;-0.76;20
-0.256;0.822;-0.312;20
-1.054;-1.453;0.548;20
-1.828;1.153;-0.079;20
-2.388;0.487;1.628;20
-0.814;-0.281;0.363;20
-1.491;2.22;-0.792;20
0.967;-0.045;0.857;20
-0.978;-3.547;-2.958;20
-3.084;-1.942;-1.496;20
-1.135;1.831;-0.386;20
-1.553;4.752;0.062;20
1.907;-0.858;-1.601;20
1.063;0.49;-1.175;20
-0.822;0.237;-2.276;20
0.943;1.44;-2.108;20
3.82;1.028;-0.346;20
2.009;1.392;-0.881;20
2.938;2.296;0.897;20
2.166;1.854;1.012;20
1.277;2.017;2.337;20
0.493;4.567;1.455;20
0.544;6.22;2.201;20
-2.229;7.27;0.703;20
-1.566;4.773;0.301;19
0.625;3.444;0.866;20
2.419;2.97;1.402;20
0.671;1.574;0.118;20
0.525;0.146;0.063;20
0.822;0.357;-0.701;20
0.838;-0.186;-1.79;20
0.547;-1.264;-3.561;20
-0.212;-2.069;-4.325;20
0.172;-2.231;-3.6;20
0.351;-2.679;-2.058;20
0.89;-2.697;-0.314;20
0.132;-2.22;0.579;20
0.351;-2.114;0.236;20
-0.086;-1.977;-0.107;20
-0.436;-2.194;-0.57;20
-1.108;-1.91;0.528;20
-0.277;-1.461;-0.642;20
-1.134;-1.712;-0.456;20
-1.197;-2.528;-0.182;20
-2.094;-2.288;-1.13;20
0.024;-1.81;-1.355;20
0.136;-0.955;-1.334;20
-0.104;-0.381;-1.134;20
1.235;-0.936;0.53;20
1.392;-0.568;0.392;20
2.303;-0.887;0.472;20
0.871;-0.643;-0.132;20
0.205;-0.517;-0.531;20
0.592;-0.762;-0.213;20
0.837;-1.069;-0.251;20
0.801;-0.843;-0.964;20
2.285;-0.571;0.361;20
0.751;-0.36;-0.322;20
1.371;-0.365;-0.162;20
0.596;-0.105;-0.286;20
-0.049;-0.104;-0.314;20
-1.346;-0.091;-0.918;20
-1.395;-0.195;-0.648;20
-1.26;-0.439;-0.272;20
-0.51;-0.096;0.925;20
-1.139;0.054;0.14;20
-1.67;0.572;-0.066;20
-1.641;0.266;-0.263;20
-0.736;0.484;0.341;20
-0.449;0.403;0.266;20
0.148;0.365;0.468;19
0.534;0.658;-0.198;20
0.089;0.873;-0.48;20
-0.174;1.082;0.06;20
-1.011;1.416;-0.98;20
-0.842;1.534;-1.338;20
-0.684;1.642;-1.307;20
-0.916;1.744;-0.417;20
-0.364;2.273;0.193;20
0.551;2.681;0.564;20
0.669;3.185;1.024;20
1.175;3.605;1.555;20
0.581;4.255;1.892;20
0.886;4.335;1.952;20
0.683;4.281;1.992;20
0.327;3.278;1.319;20
0.32;2.307;0.174;20
-0.153;1.915;-0.206;20
0.493;1.75;0.584;20
0.6;1.388;0.65;20
0.557;1.089;-0.542;20
0.77;0.279;0.146;20
0.976;-0.185;0.479;20
0.57;-0.384;-0.569;20
0.203;-0.534;0.144;20
-0.103;-0.548;-0.546;20
-0.471;-0.824;-0.317;20
-0.386;-1.268;-0.638;20
-0.567;-2.008;-1.55;20
-1.577;-2.573;-1.601;20
-0.766;-3.352;-1.345;20
-0.908;-4.076;-1.526;20
-0.852;-3.897;-0.798;20
0.241;-3.309;0.151;20
0.381;-2.296;0.566;20
-0.025;-1.527;0.738;20
0.185;-1.434;0.921;20
-0.112;-1.764;-0.225;20
0.579;-2.12;0.175;20
0.807;-2.302;-0.632;20
0.219;-2.166;-0.709;20
0.529;-2.172;0.042;20
0.342;-1.741;-0.331;20
0.98;-1.218;0.294;20
1.064;-1.078;0.694;20
1.437;-1.097;0.613;20
0.171;-1.142;0.175;20
0.569;-1.257;1.034;20
0.165;-0.61;0.438;19
-0.476;-0.477;-0.134;20
-0.772;-0.639;-0.508;20
-0.739;-0.234;-0.248;20
-0.628;-0.149;-0.27;20
-0.653;0.125;-0.087;20
-1.631;0.077;-0.11;20
-2.575;-0.055;0.112;20
-3.037;-0.42;0.468;20
-2.382;-0.973;0.449;20
-1.31;-0.495;0.208;20
0.005;-0.599;0.436;20
-0.088;-0.458;0.521;20
-0.483;0.392;0.989;20
-1.135;0.88;0.389;20
-0.386;0.052;0.449;20
-1.115;0.007;-0.635;20
-0.322;0.037;-1.322;20
2.159;1.238;-1.258;20
2.753;3.189;0.286;20
3.373;3.757;2.134;20
2.887;3.718;1.551;20
1.137;2.941;0.756;20
1.454;2.722;1.686;20
1.732;3.89;1.99;20
2.823;2.967;2.244;20
1.444;2.725;-0.271;20
-1.465;2.918;-1.447;20
0.309;2.185;0.453;20
0.927;2.533;-0.813;20
0.716;1.787;-0.857;20
0.181;1.5;-0.028;20
0.169;0.82;-0.082;20
-1.083;0.248;-1.373;20
-0.827;-0.431;-0.796;20
-1.004;-0.758;-0.611;20
-2.434;-0.963;-1.751;20
-2.513;-1.484;-0.873;20
-1.605;-1.921;-0.684;20
-0.744;-2.406;-0.056;20
-0.917;-2.569;0.152;20
-0.55;-2.648;0.975;20
-0.348;-2.767;0.508;20
-0.848;-2.958;-0.234;20
-0.79;-2.509;0.31;20
2.008;-2.193;0.678;20
1.838;-1.187;0.25;20
1.123;-1.179;0.35;20
1.948;-1.112;1.547;20
2.2;-1.351;0.885;20
1.307;-1.563;0.105;19
0.15;-1.638;-0.584;20
-0.23;-1.945;-1.003;20
-0.681;-2.073;-1.192;20
-0.192;-2.293;-1.446;20
0.953;-1.954;-0.305;20
0.608;-1.264;0.066;20
0.652;-0.762;0.442;20
0.345;-0.283;0.392;20
0.506;0.266;0.811;20
0.433;0.814;0.667;20
0.708;0.586;0.467;20
0.422;0.422;-0.128;20
0.455;-0.344;-0.57;20
-0.083;-0.665;-0.894;20
-0.934;-0.856;-1.415;20
-1.484;-0.888;-0.775;20
-2.12;-0.875;-0.8;20
-2.877;-0.218;-1.145;20
-1.083;0.026;-0.253;20
-0.288;0.88;-0.695;20
0.317;0.437;-0.466;20
-0.022;-0.32;-0.388;20
-0.162;-0.579;-0.501;20
-0.226;0.415;-0.364;20
0.072;1.452;0.31;20
0.359;2.048;0.54;20
-0.054;2.849;0.58;20
0.728;3.243;1.167;20
0.844;3.329;1.333;20
1.226;3.439;0.851;20
2.024;3.051;0.871;20
2.084;3.056;0.986;20
1.787;2.938;1.505;20
1.9;2.553;1.365;20
0.717;2.698;0.629;20
-0.848;2.126;-1.197;20
-0.536;1.424;-1.517;20
-1.088;1.614;-0.896;20
-0.491;1.142;0.296;20
-0.072;1.196;1.52;20
0.356;0.726;1.536;20
0.082;0.45;1.058;20
-1.185;0.05;-0.439;20
-1.897;-1.829;-0.413;20
-0.366;-3.228;-2.171;20
-0.234;-4.68;-2.266;20
-0.812;-5.342;-1.512;20
-1.458;-4.252;-0.503;20
-1.845;-2.102;-0.059;19
-1.069;-0.849;0.446;20
-0.01;-0.801;1.309;20
0.455;-1.178;1.313;20
0.804;-1.96;0.815;20
0.276;-2.658;0.493;20
-0.472;-2.391;-0.346;20
-0.754;-2.0;-0.837;20
-2.041;-1.173;-1.392;20
-1.433;-0.852;-1.533;20
-0.379;-1.094;-0.804;20
0.37;-0.994;-0.796;20
1.131;-0.839;0.279;20
0.269;-0.186;-0.256;20
0.696;-0.197;-0.071;20
0.631;0.443;0.153;20
0.681;0.723;0.046;20
1.107;0.102;0.608;20
1.15;-0.864;0.896;20
-0.596;0.2;-0.129;20
-0.551;0.36;0.629;20
-1.087;0.291;0.272;20
-0.915;0.299;-0.858;20
0.112;-0.235;-0.865;20
-0.567;-0.463;-0.993;20
-0.517;-0.183;-0.672;20
-0.366;0.317;-0.239;20
-0.434;0.718;0.074;20
-0.462;1.185;0.054;20
-0.307;1.465;-0.028;20
-0.16;1.544;-0.228;20
-0.302;1.427;-0.371;20
0.248;1.337;0.346;20
0.331;1.455;0.305;20
0.847;1.432;0.727;20
0.953;1.968;0.708;20
0.682;2.142;0.343;20
0.927;2.544;0.713;20
1.17;2.731;1.019;20
1.348;2.694;0.811;20
1.658;2.417;0.722;20
1.946;2.838;1.134;20
1.413;3.278;0.845;20
-0.365;2.224;-0.893;20
-0.084;1.554;-0.465;20
-0.531;1.241;-0.493;20
-0.098;0.968;0.045;20
0.227;0.889;-0.114;20
-0.773;0.468;0.419;19
-1.582;-0.158;0.451;20
-0.941;-0.331;1.858;20
0.833;0.638;2.171;20
0.58;0.544;1.355;20
-0.276;-0.238;1.061;20
-1.246;-1.392;0.84;20
-1.742;-2.939;-1.814;20
-2.878;-4.443;-1.784;20
-1.874;-5.324;-3.038;20
-1.23;-5.084;-2.277;20
-0.519;-3.965;-2.001;20
0.698;-3.424;-0.22;20
0.378;-2.723;0.08;20
0.173;-2.19;0.975;20
1.13;-1.771;1.549;20
1.425;-1.695;1.389;20
1.125;-1.361;1.223;20
0.318;-0.841;0.781;20
0.01;-0.176;1.301;20
-1.002;0.988;1.086;20
-1.47;1.584;0.757;20
-0.958;1.642;1.426;20
-1.012;1.496;0.734;20
-0.845;1.035;0.238;20
-0.545;-0.173;-0.22;20
-0.163;-1.513;-0.875;20
0.103;-1.951;-1.49;20
0.625;-2.055;-1.444;20
0.711;-1.799;-1.467;20
0.376;-1.202;-0.999;20
0.675;-0.716;-0.094;20
1.671;-0.339;0.07;20
2.409;-0.135;0.588;20
1.345;-0.262;0.241;20
1.497;-0.705;0.379;20
0.637;-1.139;-0.372;20
0.249;-0.469;-1.007;20
-0.641;0.669;-0.635;20
-0.548;0.551;0.43;20
-1.584;1.176;-0.347;20
-3.044;1.568;-1.237;20
-1.691;1.357;-1.224;20
-0.814;0.89;-0.845;20
0.298;0.033;0.396;20
-0.69;0.159;0.046;20
-0.666;1.128;0.028;20
-0.28;1.87;-0.431;20
-0.226;1.973;-0.797;20
-0.189;2.273;-0.158;19
-0.658;2.517;-0.235;21
0.162;2.967;-0.268;19
1.549;2.973;0.385;20
2.929;3.021;2.742;20
4.234;3.521;2.904;20
4.212;3.411;3.227;20
1.332;3.587;1.276;20
-0.287;2.628;0.075;20
-0.749;2.489;-1.085;20
-1.854;1.371;-1.92;20
-0.938;0.61;-1.647;20
-1.445;-0.151;-1.369;20
-1.284;-0.179;-0.741;20
-0.059;-0.224;-0.193;20
0.207;-0.257;0.787;20
0.521;-0.104;0.759;20
0.027;-0.272;0.358;20
-0.566;-0.879;0.063;20
-0.747;-1.419;0.149;20
-0.713;-1.951;-0.526;20
-1.381;-2.447;-0.513;20
0.291;-2.737;0.0;20
0.97;-3.365;-0.335;20
-1.326;-3.362;-0.546;20
-0.09;-3.528;0.265;20
0.198;-2.741;-0.537;20
-0.022;-1.887;0.138;20
0.927;-1.386;1.087;20
0.953;-1.257;0.685;20
-0.817;-0.492;0.144;20
-0.082;-0.957;-0.089;20
-0.47;-1.021;-0.632;20
-0.612;-0.912;-0.902;20
-0.548;-1.225;-0.651;20
-0.445;-0.904;-0.905;20
0.437;-1.066;-0.576;20
0.99;-1.375;-0.129;20
1.285;-0.874;-0.379;20
0.502;-0.474;0.267;20
0.054;0.032;-0.113;20
-0.062;-0.058;-0.437;20
0.618;0.047;-0.008;20
0.462;0.313;-0.009;20
0.651;0.832;0.483;20
0.601;0.698;0.865;20
-0.709;0.246;0.182;20
-1.257;-0.671;-0.154;20
-0.81;-1.356;-0.118;20
-0.912;-0.871;-0.43;20
-1.163;-0.614;-0.872;19
-1.63;-0.262;-1.011;20
-2.11;0.061;-0.961;20
-2.649;0.849;-1.351;20
-2.222;0.701;-1.189;20
-0.837;0.161;-0.987;20
0.51;0.428;-0.229;20
2.012;0.874;0.113;20
2.084;1.109;1.168;20
2.327;1.98;1.915;20
2.273;2.817;1.6;20
1.767;2.914;1.494;20
0.646;2.818;0.271;20
0.29;2.884;1.33;20
0.003;4.156;0.996;20
0.625;4.214;1.899;20
2.295;4.317;0.769;20
0.504;3.114;0.645;20
0.126;2.302;0.744;20
0.22;1.397;-0.395;20
-0.452;1.295;-0.683;20
-1.27;0.578;-1.327;20
-1.254;-0.671;-0.949;20
-1.304;-0.872;-0.949;20
-0.745;-1.257;0.265;20
-0.316;-1.099;0.876;20
-0.884;-0.944;0.938;20
-0.881;-1.146;1.21;20
-1.119;-1.696;-0.242;20
-2.254;-2.407;0.129;20
-1.67;-2.618;-0.196;20
-1.55;-2.346;-0.946;20
-1.56;-2.568;-0.311;20
-0.982;-2.489;0.612;20
0.042;-1.995;0.765;20
-0.707;-1.59;0.605;20
-1.056;-0.929;1.419;20
-0.083;-0.489;0.519;20
-1.051;-0.364;-1.224;20
-0.59;-0.65;0.53;20
0.327;-0.278;0.74;20
0.044;0.349;0.275;20
0.512;0.606;0.591;20
0.643;0.058;0.035;20
-0.101;-1.35;-0.275;20
-0.647;-2.096;-0.365;20
-0.076;-1.948;0.126;20
-0.05;-1.537;-0.012;19
-0.032;-0.842;-0.184;20
0.414;-0.707;-0.276;20
-0.118;0.312;-0.805;20
0.61;1.062;0.211;20
0.786;1.291;0.687;20
0.919;1.525;1.01;20
0.257;1.289;0.612;20
-1.389;0.371;0.023;20
-2.469;-1.012;-0.083;20
-2.577;-2.065;-1.739;20
-0.999;-2.147;-1.724;20
0.555;-1.2;-0.196;20
0.564;0.802;0.332;20
0.623;1.562;0.61;20
-0.337;2.056;0.495;20
0.226;2.049;0.095;20
0.458;2.251;-0.197;20
0.84;2.352;-0.345;20
1.317;2.523;0.481;20
1.379;2.92;0.91;20
0.831;2.96;1.17;20
1.845;2.192;1.165;20
0.868;1.736;0.185;20
-0.355;1.238;-0.338;20
-0.74;0.968;-0.053;20
-0.858;1.089;-0.057;20
-1.854;1.755;-1.616;20
-0.692;1.661;-0.649;20
1.192;2.174;-0.49;20
1.424;2.689;-0.065;20
2.703;2.689;1.351;20
4.47;2.765;1.433;20
3.262;2.616;1.389;20
1.847;1.942;0.126;20
0.744;0.893;-0.251;20
-0.058;-0.209;-1.743;20
-0.918;-0.94;-2.412;20
-1.127;-1.299;-2.059;20
-0.663;-1.788;-1.673;20
-1.0;-2.025;-1.169;20
-0.611;-2.011;-0.742;20
-1.311;-1.701;-0.815;20
-1.182;-1.332;-0.6;20
-0.901;-1.257;-0.375;20
-1.093;-1.3;-0.373;20
-1.062;-1.078;-0.282;20
0.201;-0.94;0.762;20
0.211;-0.866;0.577;19
0.001;-0.96;0.838;20
-0.151;-1.1;0.983;20
0.057;-1.505;0.48;20
-0.522;-2.03;-0.22;20
-0.723;-2.681;-0.945;20
0.124;-3.435;-0.362;20
0.325;-3.279;-0.562;20
0.514;-2.936;0.041;20
0.319;-1.978;0.19;20
0.374;-0.871;0.256;20
0.284;-0.074;0.177;20
-0.167;0.345;0.001;20
-0.015;0.387;1.046;20
-0.385;0.162;1.288;20
-0.614;-0.282;0.585;20
-0.716;-0.814;0.209;20
-0.615;-0.864;0.194;20
-0.058;-0.592;0.279;20
0.709;-0.495;0.389;20
0.931;-0.721;0.341;20
1.046;-1.255;0.387;20
0.581;-1.388;-0.014;20
0.037;-0.985;-0.11;20
0.139;-0.416;0.052;20
0.293;-0.416;-1.067;20
0.387;-0.5;-1.196;20
0.265;-0.544;-0.491;20
-0.325;-0.106;-0.402;20
-0.716;0.37;-0.317;20
-0.817;0.357;-0.3;20
-0.82;0.405;-1.28;20
-0.263;0.66;-0.604;20
0.026;1.09;0.027;20
-0.84;0.902;-0.418;20
0.052;0.783;-0.221;20
0.869;1.868;0.378;20
1.165;3.053;0.995;20
1.144;3.747;1.124;20
1.283;3.557;1.482;20
1.078;3.188;0.939;20
0.83;3.008;0.47;20
0.475;2.559;0.584;20
0.371;2.082;0.658;20
-0.059;2.537;-0.02;20
0.554;2.394;0.206;20
0.532;2.648;-0.824;20
1.46;2.17;-0.04;19
0.909;2.082;-0.145;20
1.137;1.79;0.431;20
1.603;1.629;0.969;20
1.166;1.174;0.545;20
-0.197;0.36;0.839;20
-0.33;-0.116;0.106;20
-0.838;-0.864;-0.788;20
-1.211;-1.896;-0.908;20
-1.551;-2.412;-1.698;20
-0.961;-2.985;-1.64;20
-0.892;-3.444;-1.225;20
-1.297;-3.161;-0.862;20
-0.603;-2.485;-0.167;20
0.041;-2.053;-0.412;20
-0.103;-2.163;-0.122;20
-0.476;-2.22;0.128;20
-0.232;-2.571;0.126;20
-0.811;-2.497;0.07;20
-0.866;-2.169;-0.128;20
-0.461;-1.698;0.475;20
-0.805;-1.366;-0.538;20
-0.91;-0.935;-0.115;20
-0.226;-1.031;0.075;20
-0.576;-0.946;-0.246;20
-0.385;-0.984;-0.119;20
0.055;-0.738;0.187;20
0.486;-0.528;0.778;20
0.583;-0.817;0.546;20
0.845;-0.405;0.504;20
1.648;-0.589;0.694;20
1.572;-0.592;0.581;20
0.933;-0.378;0.241;20
1.54;-0.859;0.704;20
0.594;-1.297;-0.006;20
-0.868;-1.229;-0.558;20
-0.813;-1.908;-0.346;20
-0.505;-1.506;-0.371;20
-0.301;-0.849;-0.928;20
-0.361;-0.521;-0.907;20
-0.551;-0.835;-0.58;20
-2.843;-1.197;-1.488;20
-2.791;-0.684;-1.208;20
-1.269;0.209;-1.904;20
-1.178;0.648;-1.523;19
-1.404;0.758;-1.128;20
-0.23;1.195;-0.072;20
1.143;2.177;1.752;20
1.592;3.22;2.918;20
1.423;4.084;3.064;20
2.661;3.958;3.683;20
3.781;4.717;4.65;20
2.586;5.879;4.652;20
1.627;5.631;2.837;20
0.546;4.712;1.432;20
-0.102;3.799;-0.122;20
-0.914;3.098;-0.877;20
-1.611;2.127;-1.637;20
-1.98;1.121;-1.949;20
-0.741;0.131;-1.784;20
0.091;-0.246;-1.931;20
-0.058;-0.415;-1.259;20
0.751;-0.381;-0.826;20
0.923;-0.22;-0.217;20
0.472;-0.641;-0.862;20
-0.851;-1.773;-0.579;20
-1.038;-2.634;-0.567;20
-0.123;-2.801;-0.665;20
-0.836;-2.576;-1.281;20
-0.144;-2.317;0.133;20
-0.469;-1.921;-0.323;20
-0.614;-2.132;0.226;20
-1.529;-2.198;0.247;20
-1.313;-2.76;0.297;20
-1.303;-2.596;-0.037;20
-1.006;-2.011;-0.641;20
-1.214;-1.417;-1.08;20
-0.863;-1.157;-0.685;20
-0.494;-1.265;-0.889;20
-1.14;-1.289;-0.234;20
-0.473;-0.652;0.459;20
0.4;0.289;0.546;20
0.99;0.376;0.831;20
1.653;-0.456;1.128;20
0.45;-0.462;0.838;20
-0.271;-0.683;0.212;20
0.414;-0.347;0.804;20
0.303;-0.294;-0.047;20
0.579;-0.375;-0.517;20
0.745;-0.858;-0.249;20
-0.039;-0.809;0.025;20
0.059;-0.785;0.137;19
-0.199;-0.754;-0.486;20
-0.067;-0.379;-0.639;20
-0.644;-0.376;-0.186;20
-0.829;-0.388;-0.261;20
-1.271;-0.382;-1.147;20
-1.448;-0.091;-1.397;20
-0.734;0.476;-1.568;20
-0.543;1.284;-1.018;20
0.426;2.163;0.348;20
1.502;2.737;1.145;20
2.262;2.757;2.22;20
2.819;3.125;3.344;20
2.773;4.097;3.425;20
2.682;4.784;2.988;20
2.851;4.59;2.316;20
1.004;4.398;0.667;20
-0.227;3.406;-0.49;20
-0.172;2.473;-0.811;20
-0.058;2.06;-1.137;20
0.175;1.323;-0.696;20
-0.029;0.798;-0.948;20
0.211;0.486;-0.676;20
0.594;0.518;-0.706;20
0.692;-0.102;0.131;20
0.596;-0.306;0.335;20
0.823;-0.91;0.308;20
0.369;-1.63;-0.734;20
-0.047;-2.683;-0.625;20
-0.236;-3.135;-0.907;20
-0.598;-3.342;-1.118;20
-0.8;-3.416;-1.022;20
-0.95;-3.996;-0.702;20
-1.691;-4.037;-0.485;20
-0.057;-4.148;-0.553;20
0.496;-3.309;-0.865;20
0.092;-1.71;-0.694;20
0.058;-0.858;0.024;20
-0.179;-0.766;0.386;20
-0.279;-0.978;-0.037;20
-0.541;-1.077;-0.343;20
-1.658;-1.346;-1.963;20
-1.765;-1.91;-2.259;20
-0.722;-2.342;-1.36;20
-0.038;-1.555;-0.116;20
0.862;-0.586;1.618;20
0.339;0.348;2.143;20
0.295;0.912;2.371;20
-0.129;1.309;2.151;20
-0.508;1.344;1.783;20
-0.963;1.037;0.786;19
-0.855;0.111;0.413;20
-1.658;-1.099;-0.832;20
-2.763;-1.386;-1.731;20
-1.249;-2.176;-0.296;20
-0.388;-1.228;-0.647;20
0.784;-0.802;-0.906;20
0.864;-1.611;-0.616;20
-0.988;-1.4;-0.849;20
-1.87;-1.141;-1.271;20
-1.966;0.155;-2.16;20
-0.215;1.449;-2.2;20
2.208;2.27;0.026;20
3.165;2.776;1.405;20
3.509;3.47;3.073;20
3.63;3.946;3.749;20
2.706;4.682;3.528;20
1.27;5.125;2.497;20
0.44;5.164;0.699;20
-0.582;4.094;-0.674;20
-0.781;3.073;-1.226;20
-0.71;2.396;-0.902;20
-0.746;2.143;-0.571;20
-0.299;1.947;-0.182;20
0.886;1.78;0.877;20
1.273;2.126;0.795;20
2.192;2.176;1.425;20
1.752;1.85;1.092;20
0.729;1.161;0.971;20
-0.402;0.098;-0.329;20
-0.803;-1.306;-0.876;20
-0.442;-2.708;-0.801;20
-0.2;-3.765;-1.408;20
-0.248;-4.642;-1.468;20
-0.822;-4.722;-1.156;20
-2.555;-3.884;-1.709;20
-4.162;-3.331;-1.828;20
-2.736;-3.473;-0.275;20
-1.523;-2.706;-1.314;20
-0.016;-1.59;-0.3;20
0.391;-0.784;0.128;20
0.644;-0.875;-0.287;20
0.207;-1.133;-0.414;20
-0.324;-1.618;-0.047;20
-1.007;-1.69;-0.395;20
-0.069;-1.823;-0.377;20
-0.32;-1.352;-0.337;20
1.773;-0.71;1.026;20
1.778;0.216;1.211;19
1.01;0.29;0.984;20
0.36;-0.274;0.767;20
0.379;-0.019;1.246;20
-0.031;-0.081;0.514;20
-0.47;-0.346;-0.585;20
-0.43;-0.931;-0.131;20
-1.758;-2.327;-0.709;20
-2.939;-2.497;-1.53;20
-0.144;-2.062;0.008;20
2.273;0.492;0.763;20
2.346;1.642;0.621;20
1.282;1.835;1.4;20
0.243;1.438;1.916;20
-1.721;1.236;0.63;20
-3.241;1.056;-0.582;20
-2.712;0.917;-1.967;20
-1.52;0.196;-3.287;20
-1.03;-0.185;-2.593;20
0.902;0.634;-0.676;20
2.041;2.024;1.859;20
1.518;3.486;0.809;20
1.502;4.347;1.46;20
2.181;5.57;1.855;20
5.241;5.268;5.359;20
5.155;6.155;4.226;20
2.816;5.321;2.889;20
3.118;3.394;3.83;20
-1.939;3.18;-1.769;20
-4.044;0.039;-2.615;20
-3.634;-0.735;-4.428;20
-4.377;-2.032;-4.983;20
-0.935;-2.129;-3.333;20
2.04;-0.906;-0.488;20
2.249;-0.048;0.876;20
1.564;0.284;2.244;20
2.149;0.418;2.45;20
0.495;0.368;1.443;20
-2.154;-0.616;-0.923;20
-3.424;-2.56;-1.657;20
-2.328;-3.759;-2.919;20
0.428;-5.065;-3.047;20
2.272;-5.591;-1.47;20
2.503;-4.544;-0.093;20
2.13;-2.651;0.954;20
1.527;-1.774;1.196;20
0.25;-1.21;0.874;20
-0.727;-0.78;0.467;20
-1.982;0.501;-0.002;20
-0.12;0.439;0.498;20
-1.094;0.038;-1.349;19
-3.319;-0.921;-2.07;20
-2.216;-3.08;-1.082;20
-0.99;-3.097;-0.072;20
1.01;-2.886;-0.17;20
2.306;-2.151;0.08;20
2.622;-0.355;0.731;20
1.708;0.889;0.695;20
1.179;2.066;0.665;20
1.241;1.996;0.742;20
0.96;0.768;0.003;20
0.064;-1.27;-1.936;20
-1.096;-2.121;-0.435;20
-0.237;0.839;1.033;20
0.518;1.858;0.582;20
0.55;0.134;1.661;20
-1.868;-0.913;1.398;20
-2.118;-1.46;-1.664;20
0.222;-3.145;-2.022;20
1.504;-4.545;-1.078;20
0.882;-4.023;-1.278;20
-1.122;-1.145;-0.616;20
-1.009;0.144;0.113;20
-1.181;1.298;-1.413;20
-1.239;1.459;-1.852;20
-1.261;1.31;-2.014;20
-1.668;1.657;-0.943;20
0.727;1.723;0.924;20
0.586;1.536;1.437;20
-0.332;1.572;1.738;20
-0.72;2.3;0.351;20
0.826;3.134;0.579;20
1.202;3.972;2.184;20
1.325;4.718;2.47;20
-0.2;4.843;1.832;20
0.548;3.906;1.748;20
1.83;3.813;2.072;20
1.873;3.984;3.926;20
1.002;3.685;1.955;20
1.926;2.592;2.405;20
0.051;1.642;0.41;20
-1.309;1.075;-1.116;20
-2.387;-0.251;-0.818;20
-1.433;-1.567;-2.093;20
-0.858;-2.252;-2.843;20
-0.973;-2.694;-2.925;20
-0.794;-2.961;-1.842;20
-0.547;-2.083;-1.33;20
-0.494;-1.564;-0.401;20
0.922;-1.327;0.832;20
0.782;-1.202;0.829;19
-0.366;-1.346;0.862;20
-1.135;-1.765;-0.201;20
-1.737;-2.549;-1.085;20
-1.44;-3.396;-1.324;20
0.435;-4.641;-1.3;20
1.18;-4.965;-0.916;20
0.643;-4.082;-0.099;20
0.066;-2.149;0.737;20
0.207;0.189;1.529;20
0.23;1.969;1.331;20
0.184;2.9;1.386;20
0.263;2.656;1.158;20
-0.561;2.002;0.351;20
-0.327;0.282;0.1;20
-0.837;-1.047;-0.6;20
-1.053;-1.648;-0.715;20
-1.073;-1.875;-0.975;20
-0.353;-1.863;-0.833;20
0.229;-1.87;-0.412;20
1.002;-1.591;-0.233;20
2.029;-0.792;0.75;20
2.554;-0.872;0.949;20
1.721;-0.531;0.645;20
2.291;-0.363;0.896;20
1.779;-0.19;0.446;20
0.309;0.351;-0.039;20
-0.639;0.197;-0.19;20
-2.124;0.011;-0.758;20
-2.668;-0.338;-1.492;20
-1.332;-0.876;-0.83;20
0.38;-1.048;-0.146;20
-1.34;-0.673;-0.44;20
-1.932;-0.997;-0.686;20
-1.819;-0.903;-1.711;20
-2.147;-0.519;-1.208;20
-1.249;0.76;-0.688;20
-1.094;1.413;-0.855;20
0.65;2.159;0.499;20
2.042;3.142;1.305;20
2.773;3.768;1.621;20
2.961;3.937;2.786;20
2.678;4.2;3.348;20
1.689;4.711;3.544;20
0.598;5.076;2.593;20
-0.405;3.958;1.745;20
-0.851;3.316;0.916;20
-0.609;2.866;0.947;20
-1.512;2.229;-1.129;20
-2.007;0.907;-0.488;20
-2.589;-0.079;-1.769;20
-2.373;-0.765;-1.255;20
-2.483;-1.12;-0.235;20
-0.339;-0.062;1.701;19
1.661;0.966;1.47;20
2.778;0.452;2.45;20
2.453;0.023;1.83;20
2.426;-1.15;0.662;20
1.298;-2.818;-2.46;20
-1.505;-4.72;-3.973;20
-1.815;-4.871;-1.695;20
-2.192;-2.948;-3.761;20
-2.642;-2.29;-2.153;20
-1.448;-2.177;-0.312;20
-0.912;-1.797;-1.297;20
-0.583;-2.755;-0.682;20
-0.234;-4.442;1.796;20
1.997;-4.888;1.728;20
0.84;-4.421;0.046;20
1.118;-2.484;1.789;20
1.892;-0.358;2.24;20
1.146;1.134;1.864;20
-0.57;1.896;1.912;20
-0.331;2.424;4.003;20
-1.021;3.113;2.361;20
-1.763;2.81;0.114;20
-1.578;1.371;-0.669;20
-0.949;0.466;-1.522;20
-1.22;-0.001;-2.355;20
-0.284;-0.238;-0.999;20
-0.085;-0.785;-1.704;20
1.656;-1.227;-0.801;20
2.078;-0.72;-0.299;20
2.827;-0.347;0.108;20
2.282;-0.25;-0.107;20
2.042;0.069;-0.056;20
1.575;0.283;-0.126;20
1.459;0.378;0.0;20
0.997;0.805;0.336;20
-0.052;0.903;0.274;20
0.068;0.854;0.599;20
0.745;0.299;1.075;20
0.061;-0.829;-1.046;20
-2.426;-0.406;-1.638;20
-0.414;-2.044;-0.186;20
-3.052;-2.986;-1.941;20
-3.28;-2.295;-2.048;20
-2.052;-2.899;-2.482;20
0.594;-2.071;-2.103;20
-0.312;-0.915;-1.692;20
0.095;-0.292;0.002;20
1.11;0.368;-0.389;20
-0.914;1.391;0.368;20
-1.795;2.098;0.292;19
-0.583;2.479;-0.564;20
0.757;2.755;0.186;20
1.004;3.729;0.556;20
1.977;4.149;1.951;20
0.637;3.728;1.826;20
2.03;2.818;3.002;20
1.912;2.991;2.182;20
-0.781;3.397;1.118;20
-0.903;2.241;-0.315;20
-1.103;2.94;-0.876;20
-1.741;2.342;-1.321;20
-1.618;2.062;-1.252;20
-0.872;2.298;-0.761;20
0.584;2.165;0.063;20
1.189;1.845;0.69;20
0.926;2.139;0.347;20
1.587;1.554;1.553;20
1.635;0.976;0.66;20
1.48;0.29;0.862;20
0.179;0.009;0.32;20
-0.185;-0.27;-0.608;20
-0.489;-0.705;-0.407;20
-1.367;-1.678;-2.124;20
-1.918;-2.923;-2.348;20
-1.888;-3.637;-2.101;20
-1.826;-3.675;-1.364;20
-1.338;-3.394;-1.495;20
-2.135;-4.117;0.142;20
0.352;-3.977;1.243;20
0.848;-2.109;1.444;20
0.103;-0.838;1.538;20
0.78;-0.09;2.266;20
-1.087;-0.242;0.312;20
-1.878;-0.665;1.413;20
-1.535;-2.006;-0.5;20
-1.556;-3.168;-0.247;20
0.2;-2.958;0.317;20
0.959;-1.698;-0.149;20
1.372;-1.632;-0.389;20
0.909;-2.094;-0.233;20
0.548;-1.706;0.044;20
3.239;0.145;3.016;20
5.348;1.628;4.965;20
2.223;2.689;2.409;20
1.68;3.348;2.701;20
0.262;1.372;0.822;20
-2.685;0.256;-2.076;19
-3.13;-2.345;-2.096;21
-1.164;-2.944;-0.979;20
1.629;-2.041;-1.822;19
0.586;-2.358;-1.358;20
-0.195;-1.846;-0.316;20
-0.666;-0.651;0.73;20
-0.33;0.461;1.234;20
0.648;1.364;1.327;20
0.327;1.76;1.673;20
-0.329;1.727;1.206;20
-0.777;1.524;1.015;20
-2.279;0.803;-0.715;20
-1.651;0.032;-0.082;20
-1.488;-0.084;-0.848;20
-3.218;0.218;-0.112;20
-1.858;-0.732;0.912;20
1.552;-1.49;0.51;20
1.13;-1.214;-0.41;20
-1.864;-0.118;-0.462;20
-2.066;0.263;-0.594;20
-0.61;0.373;-1.23;20
-1.657;0.718;-1.197;20
-2.705;0.285;-1.571;20
-0.612;0.367;-2.751;20
2.211;1.773;-1.966;20
2.088;2.386;0.375;20
3.842;2.203;3.151;20
5.0;2.15;4.801;20
-2.272;3.59;1.12;20
-3.097;2.016;0.824;20
-3.107;3.909;0.907;20
-1.46;3.017;-0.885;20
-1.124;1.852;-2.39;20
1.407;1.885;-0.976;20
2.876;3.547;0.628;20
4.371;3.815;1.62;20
2.757;3.731;2.151;20
2.382;2.406;3.113;20
0.383;2.267;1.686;20
-1.242;0.757;0.721;20
-1.104;-0.507;0.126;20
-1.249;-1.51;-1.684;20
-0.282;-2.006;-3.35;20
1.111;-2.171;-3.568;20
3.065;-1.848;-1.552;20
2.172;-1.344;-1.688;19
-1.498;-1.5;-1.374;20
-3.466;-2.789;-1.05;20
-2.088;-3.528;-0.74;20
-1.404;-4.805;-1.681;20
-0.298;-5.893;-2.609;20
1.317;-4.433;-2.226;20
1.363;-1.907;-1.037;20
1.51;-0.342;0.823;20
0.529;0.407;1.079;20
0.155;1.16;2.433;20
-0.322;1.16;0.778;20
-0.627;0.686;0.22;20
0.084;-0.736;-0.621;20
0.376;-1.195;-1.023;20
0.898;-1.537;-0.481;20
1.677;-1.384;0.378;20
2.712;-1.699;1.117;20
1.898;-1.603;0.725;20
2.16;-1.749;0.827;20
1.429;-1.658;0.176;20
1.545;-1.464;0.084;20
1.155;-1.179;-0.436;20
1.03;-0.535;-0.947;20
0.931;-0.217;-0.757;20
0.753;-0.052;-0.385;20
0.306;0.307;-0.466;20
0.435;0.409;0.026;20
-0.287;0.29;0.479;20
-1.475;0.034;-0.623;20
-1.953;0.229;0.129;20
-1.983;-0.663;0.006;20
-1.212;-0.744;0.338;20
-1.116;-0.824;-0.294;20
-0.792;-1.074;-0.414;20
-0.707;-0.483;-0.182;20
-0.593;0.334;-0.382;20
-1.282;1.336;-0.134;20
-1.465;1.539;-0.642;20
-1.463;0.897;-0.963;20
-3.279;0.795;-1.46;20
-1.955;0.044;-1.412;20
-1.617;-0.304;-2.056;20
-1.062;-0.141;-1.104;20
0.586;0.314;-0.541;20
0.809;1.144;0.28;20
0.63;1.878;1.668;20
-0.341;2.703;1.433;20
0.458;3.58;1.07;20
1.001;4.289;2.178;20
1.303;4.994;2.805;19
0.935;5.119;2.884;20
0.727;4.542;2.022;20
0.216;4.636;2.556;20
0.574;4.259;0.93;20
-0.339;3.53;0.477;20
0.159;3.048;-0.448;20
-0.405;2.504;-0.727;20
0.728;1.932;-0.794;20
-0.164;1.596;-0.41;20
0.645;0.778;0.124;20
-0.002;0.084;-0.088;20
-0.622;-0.477;-0.716;20
-0.3;-1.26;-1.051;20
-1.272;-1.713;-1.729;20
-1.298;-2.177;-1.927;20
-1.132;-2.621;-1.437;20
-0.926;-2.372;-1.369;20
-0.071;-1.975;-0.241;20
-0.329;-1.843;-0.11;20
-0.774;-2.011;0.203;20
-0.416;-1.989;0.108;20
-0.309;-1.91;0.376;20
-0.517;-1.637;0.76;20
-0.177;-1.631;1.094;20
0.254;-2.017;1.067;20
-0.096;-2.427;0.57;20
-0.915;-2.382;0.222;20
-0.231;-2.285;0.112;20
0.6;-2.401;-0.666;20
1.032;-2.611;-0.216;20
1.154;-2.079;-0.59;20
2.205;-1.612;0.336;20
0.764;-1.04;-0.339;20
-0.028;-0.206;0.122;20
1.122;-0.568;0.92;20
-0.574;-0.387;-1.008;20
0.262;-1.176;-0.322;20
1.258;-1.225;0.165;20
0.053;-1.119;-0.59;20
1.232;-1.138;0.23;20
1.071;-1.171;0.542;20
0.457;-0.586;0.37;20
0.689;-0.622;0.372;20
-0.149;-0.046;0.327;20
-0.299;0.164;0.103;20
-0.744;0.675;0.224;20
-0.295;0.504;0.241;20
-1.551;-0.003;-0.494;19
-2.056;-0.943;-0.058;20
-1.529;-1.295;0.119;20
-0.96;-1.056;-0.655;20
-0.08;-1.317;-0.511;20
-0.403;-0.506;0.047;20
0.67;0.391;-0.123;20
-0.091;1.129;-0.433;20
-0.428;0.953;-1.093;20
-1.065;0.509;-1.6;20
-0.502;0.776;-1.755;20
0.329;1.954;-0.338;20
0.467;2.794;0.484;20
0.576;2.852;0.813;20
1.19;2.605;1.062;20
1.672;3.708;1.617;20
1.619;4.441;1.965;20
0.737;4.738;1.16;20
1.095;3.602;0.861;20
1.196;3.277;1.202;20
0.72;3.28;1.031;20
0.13;3.395;0.861;20
-0.383;3.06;0.41;20
-0.779;2.119;-1.033;20
-0.368;0.196;-1.556;20
-0.112;0.016;-1.91;20
-1.842;-0.085;-2.117;20
-1.249;-1.274;-1.592;20
-0.389;-0.686;-1.727;20
0.352;-0.277;-0.348;20
0.573;-0.628;0.22;20
0.094;-1.021;0.474;20
-0.227;-1.246;0.405;20
-0.424;-1.511;0.49;20
-0.2;-1.638;0.746;20
-0.179;-1.969;0.638;20
-1.106;-2.304;-0.207;20
-2.209;-3.014;-1.168;20
-1.828;-3.478;-0.923;20
-0.399;-3.545;-0.485;20
0.006;-3.3;-0.709;20
1.157;-2.672;-0.298;20
1.994;-2.043;-0.015;20
1.802;-1.127;0.341;20
1.452;-0.517;0.821;20
1.446;-0.612;1.018;20
1.252;-0.824;0.387;20
1.041;-1.307;0.176;20
0.891;-1.731;-0.281;20
0.265;-1.883;-0.901;20
0.763;-2.112;-0.741;19
1.629;-1.706;-0.574;20
1.027;-1.304;-0.867;20
0.484;-0.307;-0.15;20
0.448;0.3;1.161;20
-0.181;1.798;0.841;20
-0.217;1.817;0.926;20
-0.461;1.943;1.078;20
-0.726;1.766;0.884;20
-1.535;1.058;0.322;20
-0.868;0.349;1.227;20
-0.235;-0.844;1.124;20
-0.93;-1.041;-0.137;20
-0.799;-1.27;0.322;20
-0.338;-1.497;0.509;20
-0.201;-1.099;-0.469;20
0.25;-1.096;-1.838;20
-1.133;-0.49;-1.874;20
0.175;-1.092;-0.882;20
0.535;-0.019;-0.781;20
1.141;1.104;-0.45;20
-0.248;2.497;-1.075;20
-1.537;2.644;-0.601;20
-1.386;2.797;-0.66;20
0.031;2.631;-0.413;20
-0.851;2.603;0.386;20
-2.314;2.021;0.857;20
-1.861;1.551;0.145;20
-0.893;0.985;0.035;20
-0.407;1.84;0.467;20
-0.65;2.55;0.102;20
-0.818;2.666;0.285;20
-1.255;2.551;0.821;20
0.281;2.268;1.88;20
1.396;2.556;1.569;20
2.495;2.223;1.888;20
2.73;2.113;2.39;20
2.936;1.731;2.482;20
1.979;1.506;0.44;20
0.364;0.524;-0.843;20
-0.73;0.15;-2.288;20
-0.289;-0.541;-3.593;20
-1.042;-1.218;-2.75;20
-0.799;-0.922;-1.946;20
0.41;-0.575;-1.23;20
0.458;0.002;-1.569;20
-0.438;-0.33;-0.678;19
-0.523;-0.457;0.44;20
-0.582;-0.166;0.305;20
-1.193;-0.064;0.051;20
-1.132;-0.291;0.948;20
-1.221;-0.541;1.29;20
-1.688;-1.238;1.266;20
-2.2;-1.712;0.953;20
-0.398;-2.698;1.142;20
-1.398;-2.454;0.681;20
-0.591;-2.895;0.131;20
0.655;-3.015;0.463;20
1.036;-2.522;0.695;20
0.98;-1.602;1.039;20
1.476;-1.81;0.992;20
0.369;-2.793;0.285;20
1.022;-3.332;0.551;20
1.222;-2.776;-0.285;20
1.678;-1.868;-0.196;20
1.413;-1.841;-0.306;20
0.293;-1.936;-0.786;20
0.025;-1.271;-0.978;20
0.488;-0.505;-0.137;20
0.53;-0.232;0.476;20
1.517;-0.216;1.348;20
1.581;0.243;0.843;20
1.731;0.389;1.458;20
0.804;0.772;1.2;20
1.036;0.271;1.199;20
0.464;0.335;1.16;20
1.229;-0.245;0.743;20
0.188;-0.468;-0.455;20
0.374;-0.874;-0.489;20
-1.133;-0.87;-1.231;20
0.261;-1.037;0.082;20
-0.568;-0.378;-1.098;20
-0.2;-0.322;-1.462;20
-1.314;-0.434;-1.38;20
-2.37;-0.467;-1.228;20
-1.418;0.054;-0.623;20
-1.868;0.604;-2.033;20
-0.845;0.579;-0.419;20
-1.792;0.362;-0.978;20
-0.944;0.631;1.163;20
-1.578;1.125;-0.155;20
-1.343;1.144;-0.069;20
-0.799;1.615;0.762;20
0.246;1.617;0.67;20
0.182;1.348;0.096;19
-0.397;1.158;0.126;20
0.611;1.009;0.026;20
1.478;2.198;-0.088;20
0.661;3.301;0.134;20
0.199;3.792;0.362;20
1.14;3.899;0.396;20
2.065;3.442;1.484;20
2.186;3.082;1.665;20
1.006;2.411;1.514;20
0.021;1.814;0.292;20
-0.769;1.318;-1.068;20
-0.872;0.701;-1.555;20
-1.24;0.431;-2.087;20
-1.052;0.315;-2.151;20
-0.244;0.669;-1.656;20
0.044;1.095;-1.339;20
0.988;1.012;-0.609;20
1.232;0.922;-0.109;20
-0.064;0.669;-0.266;20
1.031;-0.151;0.99;20
-1.56;-0.075;-0.701;20
0.891;-1.13;0.735;20
-0.066;-0.691;-0.154;20
1.447;-1.731;0.827;20
-1.261;-1.736;-2.266;20
-2.734;-2.083;-0.47;20
-0.421;-0.943;1.049;20
0.571;0.095;0.999;20
-0.433;-0.286;0.212;20
-0.756;-1.671;1.446;20
-0.804;-3.003;1.164;20
-0.848;-3.621;-0.093;20
-0.208;-3.687;-0.513;20
0.105;-2.662;-0.318;20
0.429;-1.8;-1.049;20
1.799;-1.902;-0.265;20
1.452;-1.594;0.354;20
1.653;-1.058;1.104;20
1.024;-1.024;0.911;20
0.554;-0.776;1.408;20
-0.331;-0.462;0.897;20
1.037;-0.276;1.27;20
0.417;-1.407;0.378;20
-0.705;-2.675;0.48;20
-1.043;-3.217;-0.082;20
0.834;-3.713;-0.3;20
0.565;-2.622;0.38;20
3.452;-1.199;1.453;20
4.555;0.119;1.534;19
5.892;-0.301;1.56;20
3.827;-0.639;1.515;20
3.363;0.604;3.834;20
2.117;1.409;2.491;20
-0.404;1.092;1.387;20
0.026;-0.669;-0.36;20
0.461;-1.365;-1.711;20
1.02;-0.125;-1.13;20
2.41;0.049;0.191;20
2.144;-0.122;-0.681;20
2.69;-2.014;-0.217;20
1.515;-2.18;1.186;20
1.141;0.12;2.071;20
-0.078;2.124;-0.053;20
-2.808;2.774;-1.914;20
-6.066;2.932;0.564;20
-8.898;2.499;-1.433;20
-6.562;1.523;-0.36;20
-3.827;-1.641;-0.152;20
-1.152;-2.837;1.78;20
0.973;-3.011;1.221;20
2.443;-2.096;1.564;20
2.366;-0.866;1.089;20
2.432;-0.661;-0.052;20
3.21;-0.228;-0.097;20
5.698;0.017;1.063;20
7.671;-0.183;1.948;20
6.65;-0.561;3.246;20
3.405;-1.215;2.023;20
0.333;-1.706;0.308;20
-0.525;-1.873;0.382;20
3.63;-2.41;-1.269;20
3.374;-0.335;-0.099;20
-1.169;0.839;1.139;20
-3.812;0.31;0.146;20
-3.391;-1.006;-3.827;20
-2.972;-1.391;-7.333;20
-2.101;0.341;-5.504;20
-0.609;1.806;-0.897;20
2.383;1.786;1.903;20
7.133;0.705;3.518;20
6.08;0.324;3.739;20
2.068;1.385;2.796;20
1.179;0.912;5.638;20
-0.808;-0.476;-4.591;20
-4.557;-0.796;-2.857;20
-4.557;-0.323;-1.527;20
-0.883;-0.78;-1.56;20
2.04;1.62;-0.901;20
7.464;1.785;2.679;19
6.959;2.97;2.474;20
2.842;2.569;1.176;20
1.452;1.482;0.586;20
0.508;0.437;0.488;21
-2.238;-2.113;0.097;19
-5.397;-4.542;0.014;20
-6.638;-0.795;-2.068;20
-1.452;0.424;-4.192;20
2.37;-0.225;-3.351;20
4.742;0.866;4.982;20
3.941;3.406;2.862;20
7.479;0.014;4.015;20
5.972;-4.976;3.036;20
1.53;-4.48;1.261;20
0.574;-0.078;1.487;20
1.887;2.055;2.132;20
1.443;8.216;-0.815;20
3.9;-1.017;-1.808;20
-1.835;1.226;0.609;20
-0.906;-0.679;-2.424;20
-1.679;2.156;0.872;20
-0.182;3.334;-0.3;20
0.094;1.7;-1.571;20
1.516;0.25;-1.707;20
0.786;2.367;-3.296;20
-2.705;-5.101;2.397;20
-3.41;1.367;1.172;20
-1.798;-2.399;-1.022;20
0.4;-0.664;1.808;20
0.007;2.355;2.204;20
-0.671;2.789;0.839;20
-2.948;4.237;-0.738;20
-0.187;-3.851;2.109;20
1.192;-8.535;-1.495;20
0.694;-6.938;-1.008;20
-1.579;-4.152;0.384;20
-2.565;1.496;0.971;20
-1.073;1.429;1.005;20
-0.498;-1.33;0.272;20
-0.989;-2.223;1.873;20
-0.277;-3.278;2.206;20
-0.982;0.127;0.635;20
-1.63;0.392;-1.873;20
-1.826;-2.29;0.345;20
-0.911;-3.936;2.445;20
-0.434;-5.709;2.775;20
-1.629;-3.924;0.477;20
-0.499;-2.147;-0.865;20
-0.861;6.456;-1.048;20
0.35;6.144;1.298;19
0.478;1.188;0.451;20
-0.1;3.279;-0.353;20
-0.536;5.083;0.978;20
-0.132;5.746;-0.156;20
0.711;4.994;-1.872;20
0.009;6.931;-1.23;20
-1.273;2.965;-0.562;20
-3.097;0.772;0.528;20
-2.267;-1.592;-1.201;20
-0.783;-2.095;-3.162;20
-1.606;-2.194;-1.572;20
-3.691;1.159;1.974;20
-1.239;1.137;-1.513;20
-3.685;-0.909;-1.81;20
-8.04;-2.745;-2.573;20
-6.06;-2.573;2.739;20
-2.577;-0.586;0.542;20
-0.296;0.775;-1.574;20
-2.405;-1.245;-1.493;20
-1.866;-2.26;-0.721;20
-2.318;-4.232;0.76;20
-1.838;-4.603;1.062;20
-1.919;-3.043;0.566;20
4.271;-3.747;0.055;20
-1.178;-2.384;0.234;20
-5.159;0.112;-1.028;20
-1.255;2.437;1.788;20
-10.716;5.303;-0.699;20
-15.556;10.423;-3.332;20
-12.899;9.487;-1.883;20
-8.696;6.767;4.505;20
-6.226;4.187;7.334;20
-0.954;0.024;8.68;20
5.247;-2.559;7.91;20
7.795;-1.883;6.512;20
7.039;-0.824;4.13;20
5.99;0.903;1.962;20
4.416;1.949;1.216;20
3.264;2.295;0.102;20
2.827;2.974;0.737;20
3.722;3.662;2.251;20
4.893;3.996;1.135;20
3.66;4.828;0.695;20
1.682;5.238;1.188;20
0.876;4.894;2.257;20
1.173;4.393;3.55;20
0.933;4.19;3.963;20
1.564;3.897;0.012;19
1.64;4.319;-3.708;20
1.473;3.87;2.061;20
4.405;3.033;5.475;20
5.376;2.909;3.109;20
3.965;3.661;4.532;20
1.487;3.838;3.631;20
1.995;3.767;3.548;20
3.095;3.199;2.915;20
2.819;3.082;1.449;20
2.769;2.554;2.055;20
1.063;2.179;2.77;20
0.169;2.347;2.759;20
0.405;1.587;3.231;20
0.587;0.414;2.038;20
0.057;0.503;1.836;20
-1.016;1.177;1.51;20
-1.157;1.418;0.751;20
-0.83;0.883;0.079;20
-1.245;0.949;-0.466;20
-1.702;1.223;-0.675;20
-2.018;1.541;-1.466;20
-1.859;1.743;-2.029;20
-1.48;1.643;-1.455;20
-2.064;1.43;-0.593;20
-6.165;1.602;1.281;20
2.739;-0.832;0.726;20
2.206;0.073;-1.184;20
1.767;0.402;-0.953;20
0.964;1.044;-0.433;20
0.311;0.771;0.085;20
0.002;1.214;-0.392;20
-0.582;1.541;-0.667;20
-1.255;1.343;-0.402;20
-0.42;1.209;0.371;20
0.54;0.509;1.126;20
1.25;0.14;1.392;20
0.822;0.392;1.152;20
0.393;0.24;-0.325;20
0.332;0.083;-0.771;20
0.22;0.2;-0.673;20
-0.211;0.097;-0.245;20
0.131;0.432;-0.446;20
0.443;0.275;-0.38;20
0.19;0.03;-0.179;20
-0.28;0.165;-0.071;20
-0.073;0.223;-0.056;20
0.118;0.151;-0.392;20
-0.241;0.103;0.158;20
-0.414;-0.221;0.202;20
-0.497;-0.095;0.466;20
-0.306;0.321;0.209;19
-0.387;0.37;-0.831;20
-0.048;0.076;-0.706;20
-0.412;0.22;0.516;20
-0.672;0.336;0.966;20
-0.529;0.235;0.516;20
-0.255;0.234;0.206;20
-0.011;0.136;0.271;20
-0.173;0.15;0.321;20
-0.032;0.072;0.041;20
0.279;0.027;-0.399;20
0.424;-0.204;-0.577;20
0.419;-0.31;-0.686;20
0.372;-0.482;-0.37;20
0.17;-0.42;0.17;20
-0.144;-0.238;0.623;20
-0.245;-0.078;0.571;20
-0.126;0.042;0.375;20
-0.144;0.14;0.263;20
-0.072;0.243;-0.121;20
0.099;0.174;-0.057;20
0.185;0.167;-0.045;20
0.268;0.087;0.174;20
0.212;0.101;-0.045;20
0.261;-0.087;-0.155;20
0.284;-0.212;-0.057;20
0.192;-0.216;0.001;20
0.025;-0.112;-0.096;20
0.042;-0.058;-0.244;20
0.123;-0.062;-0.066;20
0.015;0.1;-0.125;20
-0.06;0.115;-0.024;20
0.083;0.061;-0.078;20
0.134;0.032;0.01;20
0.104;0.048;-0.302;20
-0.187;0.043;0.055;20

# Completed @Tue Jan 26 20:20:56 GMT+02:00 2021
