# Accelerometer Data File
# Started @Tue Jan 26 20:21:03 GMT+02:00 2021
#
#
# sensor Vendor: BOSCH
# sensor Name: BMI160 Accelerometer Non-wakeup
# sensor Resolution: 0.0023928226m/sec^2; Max Range: 78.4532; Min Delay: 2500 microseconds
# The sensor's attributes are the result hardware and the Android capabilities.
# It means that the Android may not utilize all features provided by the hardware.
#
# Some devices and Android versions save battery too much so the device may go to sleep.
# It just happens after couple of minutes from turning off the scree and it is easy to find it out.
#
# The following file provides the data from accelerometer in the m/s^2 format.
# The diff value is just a time delta between the samples
#
#
# data format:
# so we have 4 columns with values separated by the ";"
# X;Y;Z;time_from_previous_sample(ms)

# sensor speed set to:NORMAL
# units set to: m/sec^2
# gravity  filtered out
# Accuracy: HIGH
2.58;1.843;5.361;0
6.167;-1.669;3.79;19
5.459;-2.498;5.313;20
4.957;-2.85;6.066;20
3.699;-2.416;6.744;20
3.282;-0.029;6.421;20
0.956;4.404;5.362;20
1.103;7.377;3.348;20
3.513;5.11;8.424;20
0.286;4.347;4.635;20
-1.916;3.119;1.981;20
-3.703;1.93;-0.396;20
-4.017;1.032;-1.924;20
-3.179;-0.594;-2.659;20
-4.835;-0.581;-0.066;20
-8.042;1.473;4.081;20
-8.532;1.495;4.43;20
-7.866;3.084;4.031;20
-11.696;5.257;0.564;20
-11.332;1.023;0.135;20
-5.03;-5.87;0.335;20
-0.49;-9.273;-0.581;20
3.964;-10.826;-4.652;20
7.004;-12.104;-9.173;20
7.467;-14.13;-6.885;20
3.088;-13.806;-2.297;20
-2.525;-11.09;0.755;20
-9.262;-7.044;5.29;20
-17.541;-0.142;7.887;20
-24.367;9.052;5.092;20
-23.949;16.066;-1.612;20
-17.926;17.792;-5.703;20
-10.999;14.729;-7.196;20
-4.374;10.102;-7.083;20
-0.97;6.93;-5.115;20
3.134;2.069;-10.174;20
5.039;-7.125;-14.735;20
2.052;-12.778;-8.618;20
6.504;-2.608;-2.879;20
3.256;-2.606;2.233;20
-0.094;-1.199;2.641;20
-0.077;0.084;4.407;20
-1.237;-0.056;1.248;20
0.498;-0.73;0.541;20
3.489;0.662;-3.165;20
2.598;-0.816;1.247;20
1.687;-0.669;1.751;20
2.239;-1.928;-0.468;19
2.288;-3.099;-1.742;20
0.511;-3.769;1.969;20
2.646;-4.389;-1.784;20
4.546;-3.99;-1.801;20
1.146;-4.259;-0.699;20
-2.734;-3.413;-0.874;20
-5.516;-1.608;-3.653;20
-1.408;-5.634;-0.106;20
-0.186;-6.402;1.037;20
-1.0;-1.966;1.782;20
2.484;-0.286;0.709;20
3.767;-3.08;0.802;20
5.093;-1.9;-1.481;20
2.834;-1.418;-0.086;20
1.522;-1.509;0.455;20
2.948;-2.422;0.22;20
2.137;-0.09;0.664;20
2.078;1.864;-0.312;20
4.058;-2.619;-2.772;20
3.761;-5.626;-1.913;20
1.023;0.362;6.638;20
-0.725;1.279;-0.279;20
3.018;-1.888;-3.81;20
1.63;-1.144;-0.974;20
3.694;-1.674;-0.169;20
1.8;-2.403;-1.958;20
2.52;-1.574;-0.993;20
1.993;-0.141;0.319;20
0.918;-0.276;1.426;20
0.72;-2.064;0.889;20
0.404;-1.999;-0.14;20
0.723;-1.496;-1.385;20
1.379;-1.586;-0.587;20
2.036;-0.774;0.588;20
0.356;0.181;-0.777;20
2.496;0.604;-2.185;20
6.053;4.321;-4.485;20
0.474;5.237;-4.078;20
-2.478;-6.141;3.3;20
-1.906;-4.145;3.528;20
-2.02;0.369;-1.201;20
-0.22;-0.408;-1.337;20
-0.57;-3.3;-2.364;20
-0.832;-2.865;-1.769;20
0.32;-0.201;-0.952;20
3.308;-1.67;-1.235;20
2.874;-2.441;0.231;20
1.428;-2.204;1.689;20
1.701;-0.639;0.312;20
0.887;1.507;-0.831;20
-0.083;0.558;-1.586;19
-0.118;0.069;-0.124;20
1.323;0.419;1.591;21
2.721;1.566;1.692;20
5.796;2.168;-0.11;19
3.016;1.68;-0.766;20
3.186;2.796;0.125;20
0.311;-0.236;4.208;20
-3.378;1.248;2.286;20
-1.376;-1.105;-1.333;20
2.189;-1.757;-1.728;20
3.888;-1.438;0.489;20
2.707;-1.268;2.819;20
0.172;-2.812;1.209;20
-1.47;-3.673;-1.768;20
-1.465;-3.881;-0.773;20
-1.327;-1.493;-0.18;20
-0.849;1.867;0.445;20
0.461;1.121;0.133;20
2.688;2.533;0.158;20
0.129;5.15;1.498;20
0.283;3.328;-0.877;20
1.434;-3.241;-0.792;20
1.349;-3.534;1.368;20
3.519;6.913;0.109;20
2.301;6.459;5.18;20
3.162;-5.517;-0.288;20
2.489;-11.468;-1.915;20
0.668;-1.319;0.378;20
-0.769;-1.075;1.386;20
-0.025;-2.389;-0.163;20
0.283;-1.534;1.545;20
-0.386;0.304;0.762;20
0.8;0.751;0.132;20
1.26;-0.516;0.461;20
2.591;-3.612;-0.13;20
-0.444;0.922;-3.672;20
-2.885;9.619;2.164;20
1.365;4.663;3.663;20
5.083;-4.516;-0.455;20
1.437;-5.502;-2.456;20
-0.982;-0.595;-1.552;20
-0.719;1.48;-0.419;20
-0.044;0.244;-1.085;20
0.571;-0.865;-1.624;20
-0.437;-0.892;-0.081;20
-2.05;-0.272;0.602;20
-2.703;-0.76;-1.846;20
-2.701;-1.515;-4.651;20
-0.955;-2.198;-5.048;20
0.748;-2.468;-3.266;20
0.745;-2.273;-1.862;19
-0.521;-1.205;-0.948;20
-5.122;1.256;-2.062;20
-8.592;3.128;-4.119;20
-7.203;4.818;-2.144;20
-2.759;3.927;0.638;20
1.14;3.48;-0.173;20
3.233;4.116;2.673;20
2.944;6.479;3.957;20
1.264;7.846;3.79;20
4.899;7.507;3.292;20
5.521;6.159;4.685;20
3.477;5.248;4.99;20
4.156;3.585;1.016;20
2.876;0.899;-2.614;20
0.043;-6.673;-5.497;20
-6.329;-22.803;-2.371;20
-9.192;-18.585;-8.777;20
-9.848;-3.701;-10.039;20
0.671;1.003;-3.533;20
2.051;3.865;1.219;20
1.211;6.667;4.721;20
-0.159;6.006;3.267;20
-1.087;3.597;3.149;20
-0.976;-1.235;2.971;20
-2.096;-6.26;0.164;20
-2.504;-5.386;-1.364;20
-2.236;-3.621;-0.774;20
-0.86;-3.815;-0.209;20
2.454;-4.231;3.039;20
5.151;-1.587;3.451;20
5.671;0.479;2.325;20
2.188;1.994;2.048;20
-1.465;2.154;1.821;20
-3.691;1.924;-0.826;20
-4.802;1.779;-2.289;20
-4.488;1.371;-2.799;20
-2.098;1.578;-0.466;20
1.039;2.16;0.68;20
2.194;2.776;1.566;20
1.869;3.317;1.824;20
1.952;2.631;0.693;20
1.072;1.807;-0.361;20
0.288;1.167;-0.438;20
0.744;0.415;-0.111;20
2.369;-0.86;1.474;19
1.368;-2.008;0.424;20
-1.58;-2.694;0.303;20
-3.105;-2.168;-1.775;20
-3.656;-1.474;-0.475;20
-1.289;-1.132;3.491;20
6.337;-0.993;2.344;20
4.957;-0.496;0.73;20
-0.491;-0.814;0.353;20
-3.495;-1.358;-4.097;20
-4.404;-1.71;-4.023;20
-4.861;-1.315;-6.461;20
-2.301;-1.265;-1.314;20
1.4;-0.487;2.895;20
2.984;1.645;2.122;20
4.473;3.809;4.664;20
3.998;5.109;1.262;20
-0.614;2.886;-1.398;20
-6.989;1.842;-0.783;20
-6.121;1.298;-3.628;20
-0.943;0.917;-2.111;20
-0.921;0.716;-3.519;20
-2.395;0.613;-0.102;20
-2.982;2.453;0.989;20
-4.203;3.668;-3.27;20
-5.065;3.456;-3.282;20
-4.344;2.424;-0.231;20
-3.966;1.247;-1.256;20
-6.004;0.632;-2.635;20
-8.69;-0.444;-2.922;20
-6.779;-3.456;-3.917;20
-1.431;-3.306;-1.314;20
1.59;0.953;-0.258;20
1.359;3.13;-1.414;20
3.007;3.286;-0.027;20
3.647;3.976;1.156;20
3.994;4.415;2.606;20
2.191;5.121;4.498;20
2.186;5.774;3.164;20
2.916;5.442;1.497;20
1.316;4.408;0.145;20
0.154;3.586;0.495;20
-0.049;3.307;-0.819;20
-1.299;2.314;-1.505;20
0.203;1.744;-1.264;20
1.756;1.749;-1.607;20
0.122;1.738;0.436;20
3.677;1.547;-0.014;20
2.553;1.406;-1.15;19
1.833;0.975;0.71;20
0.402;0.464;-2.148;20
0.981;-0.188;0.441;20
1.033;-0.904;0.371;20
-0.261;-1.977;0.138;20
-2.451;-2.86;-0.444;20
-2.635;-3.868;-0.553;20
-4.058;-4.202;-0.95;20
-6.105;-3.805;0.706;20
-7.486;-2.601;0.89;20
-7.057;-0.939;-1.203;20
-3.948;-1.253;-0.176;20
-1.123;-2.255;0.486;20
0.473;-3.116;-2.619;20
0.567;-3.447;1.101;20
0.062;-2.123;2.299;20
0.991;-1.323;1.544;20
0.556;-1.079;0.9;20
-0.932;-0.559;1.82;20
1.482;-0.698;1.256;20
3.509;-1.455;-1.202;20
2.761;-2.064;0.621;20
2.271;-2.577;0.842;20
0.615;-3.104;-1.127;20
0.482;-2.142;-3.245;20
-1.38;-1.965;-2.642;20
-3.906;-0.891;-0.553;20
-3.87;0.201;-1.514;20
-2.779;0.048;-1.624;20
-1.87;-0.067;-0.38;20
-0.494;-0.422;0.607;20
-0.75;-1.45;1.206;20
-2.764;-1.215;1.932;20
-3.319;-0.401;-0.35;20
-2.157;0.737;-1.693;20
0.409;1.215;-1.346;20
2.532;1.649;0.035;20
2.232;2.734;-0.339;20
1.166;3.51;-2.019;20
0.419;2.537;1.953;20
5.496;1.728;7.915;20
7.603;3.385;3.082;20
6.367;5.809;4.881;20
11.653;6.26;5.806;19
11.693;4.693;2.829;20
4.504;4.93;1.921;20
1.144;4.18;-1.04;20
2.095;3.485;0.638;20
2.74;2.197;2.605;20
1.123;0.525;2.808;20
-1.555;-1.339;0.251;20
-3.209;-3.519;0.567;20
-7.263;-5.393;-6.358;20
-6.464;-5.341;-4.425;20
-3.552;-7.838;-6.12;20
-5.068;-8.135;-5.421;20
-5.532;-5.439;-0.896;20
-5.684;-1.938;-0.714;20
-4.991;-1.119;1.018;20
-8.667;-1.116;-1.034;20
-6.463;-0.518;2.181;20
0.311;0.083;0.561;20
0.146;-0.907;-1.511;20
-0.254;-0.3;3.363;20
4.215;0.354;1.146;20
3.629;-1.203;0.916;20
2.188;-1.001;1.337;20
2.57;-0.957;0.116;20
0.967;-0.229;-0.64;20
-0.744;-0.378;-2.226;20
-3.212;-1.121;-1.491;20
-4.084;-1.901;-0.895;20
-3.766;-3.321;-1.222;20
-4.436;-4.152;-3.554;20
-3.893;-3.05;-3.757;20
2.675;-2.132;1.116;20
2.06;2.026;0.248;20
0.546;3.76;0.721;20
3.538;2.955;0.054;20
-0.101;3.818;1.931;20
0.221;5.437;4.651;20
12.162;7.972;3.601;20
14.51;11.264;8.336;20
12.77;8.987;6.315;20
7.222;4.298;0.591;20
3.997;0.95;5.13;20
2.574;-1.684;0.394;20
0.054;-2.415;-2.948;19
2.514;-1.134;-0.956;20
4.132;-0.427;1.231;20
3.545;-1.566;-0.437;20
-1.443;-3.91;-1.607;20
-8.375;-6.84;-2.191;20
-12.626;-5.513;-3.359;20
-11.519;-2.692;-3.63;20
-10.239;-2.989;-2.419;20
-6.844;-3.895;-0.92;20
-7.36;-5.367;-2.569;20
-6.113;-2.559;-1.196;20
-0.268;-0.504;0.243;20
-3.088;-0.375;-1.11;20
-0.432;1.21;0.988;20
0.765;1.86;-0.852;20
4.176;1.753;1.536;20
5.585;1.894;-0.086;20
3.577;2.635;0.728;20
3.278;1.833;1.196;20
-0.274;0.638;-2.081;20
-5.155;-1.06;-1.898;20
-3.402;-1.971;-2.361;20
-5.605;-1.594;-3.774;20
-4.554;-3.004;-1.22;20
-4.324;-2.46;0.324;20
-2.351;-3.162;-1.168;20
-2.446;-4.503;-0.442;20
-0.338;-4.984;0.709;20
6.024;0.071;2.422;20
10.193;7.911;2.761;20
11.042;10.902;3.97;20
11.149;9.357;8.467;20
13.573;5.572;7.786;20
11.802;5.558;5.068;20
10.088;5.821;3.025;20
9.634;5.174;3.201;20
6.068;2.651;-3.119;20
-6.922;-0.109;-5.765;20
-13.398;-4.66;-3.099;20
-6.262;-8.15;-4.312;20
-4.851;-7.112;-1.944;20
-4.054;-7.241;-1.868;20
-3.825;-8.795;-2.498;20
-4.368;-7.321;-2.811;19
-7.093;-2.94;-0.901;20
-6.775;-0.517;-2.005;20
-8.517;1.126;-3.14;20
-6.999;1.482;-3.602;20
-3.092;3.008;0.104;20
2.766;2.913;1.036;20
1.683;1.414;-0.372;20
-0.7;0.938;-0.927;20
3.433;1.312;2.943;20
3.574;2.151;1.789;20
2.579;2.564;1.924;20
0.893;0.25;-0.041;20
-3.697;-1.507;0.434;20
-6.503;-3.353;-0.874;20
-7.392;-3.828;-3.158;20
-5.432;-4.72;-3.429;20
-1.313;-5.036;-3.324;20
-0.654;-3.201;-1.215;20
0.111;-0.202;-0.033;20
2.885;1.365;2.229;20
4.004;2.643;-1.344;20
3.116;2.616;0.779;20
5.647;4.483;4.463;20
14.089;5.397;9.872;20
15.238;9.28;7.695;20
16.339;8.102;11.008;20
10.135;7.901;4.139;20
2.176;8.625;0.325;20
-1.246;4.489;-1.324;20
-4.363;1.459;-4.16;20
-6.942;0.187;-5.318;20
-3.89;-2.212;-3.74;20
-3.696;-2.943;-2.003;20
-0.09;-5.266;-0.376;20
-2.197;-6.49;-1.29;20
-5.623;-6.786;-2.572;20
-3.917;-4.485;-1.14;20
-1.259;-1.878;-1.508;20
-2.129;1.418;0.292;20
-0.08;0.527;-0.876;20
2.22;0.249;0.635;20
-1.778;-1.688;-2.461;20
-12.6;-4.668;-4.968;19
-16.604;-6.361;-2.013;20
-5.875;-1.727;-2.809;20
0.149;-0.626;-3.098;21
4.266;-2.813;-0.654;20
4.103;-2.1;0.432;19
3.28;-0.593;1.755;20
3.035;1.227;2.605;20
1.563;2.547;2.863;20
0.532;2.138;2.451;20
-1.545;1.287;0.786;20
-3.574;-0.056;-1.91;20
-6.274;-1.454;-4.088;20
-3.772;-1.875;-1.479;20
-1.089;-1.302;-0.431;20
0.132;-1.804;-0.415;20
2.009;-1.685;2.368;20
3.119;1.155;2.152;20
4.973;5.275;3.621;20
7.212;7.35;5.115;20
10.34;7.928;4.925;20
9.744;7.181;5.126;20
7.365;6.136;2.336;20
5.263;5.083;0.9;20
4.364;3.769;0.349;20
3.491;2.882;-0.964;20
2.84;2.067;-1.179;20
2.321;1.337;-1.154;20
0.999;0.165;-1.24;20
-0.363;-0.642;-0.012;20
-1.304;-2.548;-0.26;20
-4.675;-5.885;0.184;20
-9.4;-8.796;-1.441;20
-8.689;-9.142;-3.842;20
-7.09;-7.663;-5.081;20
-4.309;-3.459;-1.785;20
-4.133;-1.812;-1.664;20
-3.461;-1.984;-0.607;20
-2.177;-0.951;0.453;20
-1.069;0.111;0.636;20
-0.569;0.575;0.252;20
-0.663;1.191;-0.211;20
0.259;1.017;-1.344;20
-0.65;1.073;-0.973;20
1.886;1.072;0.441;20
2.607;1.11;0.685;20
2.841;0.657;1.71;19
1.576;-0.554;1.453;20
-1.956;-1.663;-0.525;20
-8.063;-3.715;-2.116;20
-4.047;-6.463;-1.054;20
-1.202;-2.501;-3.238;20
-4.714;-0.431;-2.935;20
-7.864;-3.206;-3.368;20
-4.963;-4.891;-1.901;20
2.035;-2.48;-0.524;20
4.255;1.252;-1.279;20
6.815;2.714;2.877;20
8.481;5.012;3.117;20
11.08;6.95;6.68;20
10.988;9.306;8.555;20
8.252;9.808;7.675;20
9.081;6.876;4.984;20
6.901;5.315;1.614;20
2.341;4.696;-0.406;20
-1.458;3.555;0.072;20
0.298;3.131;-0.802;20
-0.597;2.193;-3.002;20
-3.674;-0.138;-1.519;20
-3.604;-2.439;-0.598;20
-2.571;-4.717;-1.252;20
-3.626;-7.53;-2.164;20
-5.036;-9.812;-2.185;20
-5.543;-8.607;-2.355;20
-6.312;-3.155;-2.421;20
-6.591;0.982;-1.816;20
-4.239;0.362;-0.549;20
-2.096;-0.653;-0.184;20
-0.06;-1.339;-0.827;20
-1.088;-1.103;-0.981;20
-1.269;-0.749;-0.317;20
-1.766;0.168;-0.216;20
-0.615;-0.216;-0.483;20
0.552;-0.289;-0.569;20
1.098;0.435;-0.144;20
1.769;0.609;0.893;20
0.172;0.816;0.752;20
-0.315;0.044;0.41;20
-1.517;-0.212;0.614;20
-1.605;-0.714;-0.011;20
-1.08;-0.838;-1.252;20
-2.032;-1.994;-3.311;19
-3.263;-2.88;-0.069;20
-2.924;-2.488;-1.498;20
-1.048;-1.013;-2.212;20
-0.101;0.231;-0.451;20
0.402;1.508;0.265;20
4.014;2.868;2.482;20
7.316;4.533;4.298;20
9.65;6.407;4.257;20
9.525;7.956;6.78;20
8.534;7.799;5.479;20
6.107;6.907;2.761;20
7.02;4.455;1.603;20
7.42;3.358;1.136;20
5.266;2.201;2.151;20
2.825;0.404;0.136;20
-2.085;-1.358;-0.445;20
-3.441;-3.95;-1.776;20
-8.205;-6.949;-4.461;20
-6.791;-9.778;-4.12;20
-6.723;-11.194;-4.487;20
-6.092;-7.496;-1.218;20
-5.642;-4.484;-2.338;20
-7.02;-2.515;-1.089;20
-3.578;-2.92;-0.519;20
-4.652;-0.728;-0.176;20
-2.332;1.561;-1.166;20
-2.027;2.933;-1.856;20
-0.262;2.952;-0.216;20
1.188;1.384;-0.081;20
2.172;-0.055;1.179;20
-1.721;-1.79;-1.016;20
-0.919;-1.572;1.906;20
-2.477;-0.165;-1.32;20
-2.876;0.852;-0.248;20
-3.23;-1.134;-3.126;20
1.351;-3.303;0.712;20
0.654;-4.435;-1.92;20
-4.892;-1.524;1.467;20
-2.531;0.291;0.643;20
1.052;3.41;0.563;20
3.856;3.405;-1.856;20
3.577;1.755;-0.694;20
4.09;-0.007;4.631;20
3.385;1.073;2.278;20
3.439;4.093;0.78;20
3.193;7.261;1.614;19
6.906;7.132;5.361;20
7.453;6.199;2.035;20
1.634;5.462;0.379;20
2.536;4.18;0.69;20
2.246;4.26;0.784;20
2.948;4.311;0.173;20
3.272;3.801;1.064;20
3.672;2.564;-0.633;20
3.107;0.703;-0.488;20
2.337;-0.345;0.495;20
3.249;-1.147;1.886;20
1.291;-3.219;0.436;20
-4.055;-5.582;0.5;20
-7.953;-8.896;-4.247;20
-8.89;-6.655;-3.778;20
-5.219;-6.227;-3.645;20
-8.371;-3.615;-4.17;20
-1.767;-3.593;-0.307;20
-2.873;-4.408;-1.826;20
-2.102;-2.975;0.327;20
-3.045;-1.693;-0.887;20
-2.041;-1.796;-0.802;20
-1.284;-0.255;-1.417;20
0.705;0.394;-0.938;20
2.08;1.734;1.704;20
1.419;2.073;1.145;20
3.465;2.014;2.7;20
0.264;1.279;0.957;20
-1.45;0.544;1.263;20
-2.431;-0.795;-0.738;20
-4.495;-0.42;-1.086;20
-3.0;-1.837;-0.948;20
-1.813;-2.24;-0.698;20
-0.92;-2.11;-1.504;20
-2.021;-2.589;-0.71;20
-2.161;-1.456;0.72;20
-1.366;0.053;-0.953;20
0.479;0.54;-1.25;20
1.201;1.635;0.123;20
3.301;2.476;1.355;20
6.848;3.255;3.736;20
6.562;4.962;3.005;20
4.195;6.094;3.102;20
4.957;5.936;3.329;20
6.376;6.306;2.178;20
5.629;6.286;1.372;20
3.601;4.566;-0.046;20
1.937;2.67;-0.527;20
2.392;2.613;0.099;20
2.702;2.055;-1.061;19
1.646;1.795;-0.314;20
0.657;0.449;-0.828;20
-0.576;-1.166;-0.29;20
-2.403;-2.677;-1.896;20
-2.762;-4.122;-1.822;20
-2.875;-5.872;-1.405;20
-4.071;-6.423;-1.474;20
-3.727;-6.321;-1.209;20
-5.164;-4.506;-0.97;20
-3.75;-3.678;-1.224;20
-2.211;-2.791;-0.663;20
-0.348;-0.611;-0.027;20
-1.272;0.618;-0.371;20
-1.086;0.706;2.214;20
0.142;-0.387;0.874;20
-1.828;-0.552;-0.156;20
-3.265;-1.784;-1.718;20
-1.584;-0.568;-0.7;20
0.559;-0.084;-0.748;20
-0.06;-1.406;-1.156;20
-0.379;-2.305;0.088;20
-1.123;-1.81;-0.492;20
-0.113;-0.077;1.458;20
0.458;0.463;0.474;20
1.475;0.321;-0.397;20
0.193;-0.542;-1.031;20
0.551;-0.761;0.719;20
-0.175;-0.551;0.987;20
-3.358;0.348;-0.409;20
-3.348;0.28;-0.209;20
-1.048;0.306;-0.487;20
-0.538;-0.06;-1.12;20
-0.631;-1.062;-0.808;20
-2.037;-0.927;-0.369;20
-1.391;-0.061;0.585;20
2.357;1.749;0.369;20
3.529;3.106;1.63;20
4.489;4.384;2.231;20
4.389;5.65;2.755;20
5.361;5.537;3.125;20
5.335;4.917;2.937;20
5.808;4.622;1.512;20
2.411;6.11;0.584;20
4.24;4.728;1.478;20
0.781;4.729;-1.002;20
1.671;2.682;0.817;19
1.617;2.203;-0.793;20
0.877;0.983;-0.285;20
-0.051;-0.229;0.078;20
-0.876;-1.548;-0.981;20
-1.772;-2.631;-1.551;20
-1.491;-3.785;-1.386;20
-2.804;-4.409;-1.782;20
-2.47;-5.017;-1.413;20
-2.51;-5.08;-1.357;20
-3.183;-4.082;-1.441;20
-3.027;-3.277;-0.791;20
-3.717;-2.635;-0.49;20
-3.087;-2.429;-0.831;20
-1.956;-2.395;-0.243;20
-1.088;-2.282;-0.165;20
-1.069;-2.026;-0.491;20
-1.058;-2.107;-0.532;20
-1.239;-0.949;-0.002;20
0.021;-0.4;-0.293;20
0.471;-0.218;-0.046;20
0.598;-0.384;-0.164;20
1.195;-0.213;0.801;20
0.873;0.299;1.209;20
0.062;0.178;0.52;20
0.368;-0.656;-0.528;20
0.885;-1.002;-0.096;20
0.352;-1.473;-0.974;20
-0.331;-1.049;-0.184;20
-1.021;-0.457;0.073;20
-1.99;0.116;0.483;20
-1.229;-0.165;-0.382;20
-2.847;-0.78;-0.859;20
-2.379;-1.585;-0.22;20
-2.563;-1.463;-1.435;20
-1.352;-1.008;-0.827;20
0.075;-0.302;-0.881;20
0.323;1.065;1.118;20
3.212;2.623;1.362;20
2.888;4.32;2.073;20
5.718;5.297;3.422;20
6.76;5.937;3.589;20
4.939;6.069;3.398;20
3.762;5.511;1.266;20
0.836;4.491;-0.455;20
0.87;4.136;-0.726;20
2.107;4.342;-0.157;20
1.677;3.29;0.095;19
1.606;2.162;0.527;20
1.501;1.35;0.356;20
2.067;0.79;-0.134;20
0.704;0.093;-0.608;20
-1.113;-0.571;-0.783;20
-1.795;-1.623;-0.893;20
-2.136;-2.652;-2.793;20
-1.379;-3.82;-1.747;20
-1.529;-4.348;-1.49;20
-1.456;-4.586;-0.635;20
-1.627;-4.551;-0.358;20
-1.829;-4.272;-0.767;20
-1.957;-3.389;-0.006;20
-2.797;-2.929;-0.434;20
-4.269;-2.059;-0.773;20
-3.191;-2.363;-1.007;20
-1.768;-2.689;-0.989;20
-0.081;-2.109;-0.934;20
0.465;-1.319;-0.499;20
0.484;-0.36;-0.022;20
0.48;0.054;0.748;20
0.611;-0.001;0.74;20
-0.235;0.103;0.201;20
-0.755;0.015;-0.503;20
-1.1;0.273;-0.769;20
0.099;-0.023;-0.176;20
-0.52;-0.18;-0.265;20
0.58;-0.402;1.09;20
0.403;-0.484;1.085;20
-0.899;-0.232;0.967;20
-0.281;-0.648;0.536;20
-0.167;-0.138;0.454;20
0.246;-0.19;0.393;20
-0.731;0.035;0.711;20
-1.682;-0.103;0.522;20
-2.657;-0.891;-0.52;20
-3.353;-1.019;-0.887;20
-2.132;-0.84;-1.39;20
-0.854;-0.253;-1.402;20
0.031;0.65;-1.148;20
1.4;0.926;0.64;20
2.019;1.936;-0.04;20
3.615;3.194;0.197;20
4.365;4.112;1.518;20
4.459;5.009;1.844;20
4.475;5.139;0.766;20
3.33;4.754;1.313;20
2.717;4.389;1.537;19
2.016;4.615;1.605;20
2.262;4.72;2.023;20
1.122;4.397;1.799;20
1.085;3.444;1.465;20
1.679;2.575;1.902;20
0.063;2.367;1.452;20
-2.128;1.35;0.725;20
-1.286;-0.275;0.306;20
0.169;-1.253;-1.263;20
-0.869;-2.201;-1.426;20
-1.116;-3.23;-0.394;20
-2.475;-5.346;-2.088;20
-3.007;-6.14;-2.328;20
-2.515;-5.471;-1.728;20
-0.507;-4.539;-1.457;20
-1.182;-3.729;-1.235;20
-1.315;-2.83;-0.96;20
-0.318;-2.79;-0.076;20
-1.745;-2.411;0.062;20
-1.879;-1.547;1.15;20
-0.129;-1.819;0.774;20
-0.822;-1.385;0.58;20
-1.569;-0.45;0.855;20
-0.28;0.481;1.852;20
-0.615;0.704;1.578;20
-0.524;0.203;0.802;20
-0.349;-0.112;0.761;20
-0.673;-0.22;0.717;20
-0.46;-0.302;0.0;20
0.638;-0.563;0.393;20
0.542;-0.667;0.313;20
1.012;-1.03;0.219;20
0.794;-0.718;-0.265;20
1.35;-0.223;0.82;20
1.263;-0.521;0.881;20
0.106;-0.758;-0.283;20
-0.455;-1.023;-0.203;20
-1.658;-1.432;-1.57;20
-1.282;-0.785;-0.813;20
-0.232;-0.825;-1.051;20
0.062;-1.074;-0.911;20
-0.07;-0.444;-0.442;20
0.804;-0.162;-0.592;20
0.214;0.096;-0.568;20
-0.53;-0.154;-0.759;20
-0.168;0.227;-0.652;20
0.661;1.303;-0.323;20
0.226;2.045;-0.357;19
0.491;2.443;-0.247;20
1.939;2.28;-0.133;20
1.09;2.492;0.416;20
1.312;2.42;0.223;20
2.819;3.385;0.95;20
2.939;4.397;0.531;20
2.628;3.931;0.809;20
0.258;3.392;1.534;20
-1.238;2.628;0.218;20
0.052;2.045;-0.686;20
1.066;2.089;-0.174;20
0.718;2.27;-1.406;20
0.794;2.059;-0.486;20
1.832;0.83;-0.129;20
0.816;0.377;-2.094;20
-0.54;-0.568;-1.03;20
-0.972;-1.088;-1.559;20
-1.009;-0.53;-0.679;20
-1.116;-0.674;-0.755;20
-0.825;-1.295;-0.693;20
0.13;-1.53;-0.189;20
0.5;-1.38;0.392;20
-0.069;-1.423;0.362;20
-1.015;-2.13;-0.169;20
-2.065;-2.76;-0.854;20
-0.619;-3.205;-0.957;20
-2.237;-4.463;-1.041;20
-3.032;-5.298;-0.047;20
-1.506;-3.454;0.574;20
0.864;-1.142;2.275;20
1.654;-0.168;3.786;20
1.764;-0.283;4.111;20
-0.387;-0.52;3.266;20
-1.937;0.009;2.074;20
-1.568;0.761;0.672;20
-0.492;0.865;0.457;20
-1.782;-0.093;-1.153;20
0.286;-0.806;-0.542;20
1.48;-1.209;-1.28;20
1.597;-2.038;-1.235;20
-0.028;-2.031;-0.128;20
1.612;-0.608;0.306;20
0.574;-0.2;-0.551;20
0.377;-0.71;-1.299;20
0.557;-0.829;-1.208;19
2.193;-1.115;-1.21;20
1.59;-1.071;-2.067;20
2.718;-0.987;-1.601;20
2.591;-0.765;-1.5;20
2.329;-0.76;-0.759;20
1.159;-0.902;-0.111;20
0.265;-1.231;0.508;20
-1.216;-1.031;0.025;20
-0.835;-0.844;0.12;20
-1.84;-0.351;-0.027;20
-2.095;0.457;0.842;20
-2.93;0.899;1.072;20
-1.704;0.893;1.049;20
-1.023;0.907;0.273;20
-2.529;0.852;0.061;20
-0.893;0.595;0.076;20
-0.228;1.482;0.612;20
0.009;2.375;1.05;20
-0.129;2.366;1.447;20
-1.26;1.663;0.802;20
-0.992;1.128;0.509;20
-1.126;1.22;0.187;20
-0.069;0.932;0.057;20
1.275;0.654;0.482;20
-1.128;1.509;0.405;20
-2.949;1.913;-0.82;20
-1.325;0.915;-2.291;20
0.115;0.629;-2.856;20
1.911;1.794;-1.13;20
3.254;2.418;-0.491;20
3.388;2.29;-1.143;20
3.311;2.008;-0.725;20
2.901;1.795;0.03;20
0.943;2.133;0.254;20
0.444;2.74;-0.207;20
-1.756;3.477;0.242;20
-0.768;2.999;0.247;20
-0.631;2.464;1.352;20
-1.027;2.586;2.034;20
-0.162;2.862;2.87;20
1.419;2.692;2.991;20
2.306;1.375;1.874;20
-0.652;0.962;1.741;20
-1.291;0.374;-0.248;20
-1.651;-0.883;-0.34;19
-1.447;-2.572;-1.23;20
-2.122;-4.244;-1.138;20
-0.941;-4.573;-0.681;20
-0.415;-4.067;0.408;20
0.047;-3.047;1.21;20
0.102;-2.787;1.756;20
0.436;-2.396;1.153;20
-0.434;-2.363;-0.83;20
-1.354;-2.031;-1.14;20
-0.446;-2.416;-0.281;20
-0.784;-2.322;-0.219;20
-1.149;-2.131;0.822;20
-0.978;-2.042;0.991;20
-0.697;-1.988;0.793;20
-0.312;-1.436;0.51;20
-0.106;-1.241;0.093;20
-0.433;-1.171;0.146;20
0.243;-1.199;0.461;20
0.754;-1.629;0.12;20
0.928;-1.129;0.333;20
2.044;-0.76;-0.448;20
1.07;-0.008;-0.591;20
1.33;0.603;0.332;20
1.102;0.731;0.54;20
1.356;0.793;0.747;20
0.654;0.94;0.393;20
0.831;0.629;0.469;20
-0.847;0.695;-0.462;20
-1.212;0.369;-0.144;20
-2.121;-0.265;-1.172;20
-1.002;-0.279;-0.249;20
-1.445;-0.36;-1.068;20
-0.753;-0.436;-0.144;20
-1.08;-0.374;-0.194;20
-1.074;-0.199;-0.015;20
-1.304;0.302;-0.123;20
-1.486;0.482;0.1;20
-1.416;-0.292;-0.642;20
0.86;-1.033;-0.381;20
1.825;0.223;-0.179;20
0.868;1.886;0.49;20
-0.404;2.06;-0.349;20
-1.027;0.93;-1.439;20
-1.176;0.522;-1.471;20
-0.734;1.199;-0.982;20
0.003;0.943;-0.684;19
-0.545;1.1;0.091;20
0.186;1.545;-0.676;20
1.108;1.653;-0.506;20
1.789;2.329;0.001;20
2.911;3.645;0.588;20
3.713;4.504;1.905;20
2.037;5.399;2.829;20
0.649;6.213;2.498;20
-1.778;5.005;2.108;20
-1.684;1.707;-0.14;20
-0.505;0.476;-1.892;20
-0.335;1.54;-0.615;20
0.954;2.362;-1.109;20
1.977;2.571;-0.186;20
2.946;2.192;-0.29;20
2.818;1.792;0.787;20
2.119;0.734;0.208;20
0.04;-0.02;0.267;20
-0.432;-0.582;0.029;20
-0.553;-1.167;0.508;20
-1.858;-2.388;-1.426;20
-1.924;-2.985;-0.407;20
-1.556;-3.525;-1.159;20
-1.54;-3.881;-0.357;20
-1.898;-4.475;-1.13;20
-1.745;-4.401;-1.317;20
-0.968;-3.511;-1.637;20
-0.635;-2.72;-1.272;20
-0.085;-1.895;-0.41;20
0.749;-1.919;0.275;20
0.087;-1.609;0.924;20
0.508;-1.7;1.454;20
-0.178;-1.482;1.439;20
-0.939;-1.621;0.872;20
-1.082;-1.774;1.13;20
-1.746;-2.111;1.122;20
-1.189;-2.005;1.093;20
0.968;-1.321;1.219;20
0.97;-0.941;0.923;20
-0.448;-0.754;-0.957;20
0.363;-0.05;0.16;20
0.925;-0.278;-0.05;20
1.591;-0.545;0.574;20
0.891;-0.069;0.604;20
0.817;-0.272;0.138;20
0.297;-0.043;-0.246;19
-0.176;-0.06;-1.014;20
-0.037;0.143;-0.351;20
0.682;-0.244;-0.325;20
0.521;-0.281;-0.373;20
-0.596;-0.212;-0.113;20
-2.622;-0.073;0.16;20
-2.252;-0.95;-0.002;20
-2.401;-0.901;-1.217;20
-1.567;-1.132;-1.0;20
-0.604;-0.656;-0.381;20
-1.444;0.15;-1.023;20
-1.523;-0.001;-0.893;20
-0.428;-0.091;-1.207;20
0.012;0.739;-0.886;20
0.541;1.21;-1.347;20
0.198;1.563;-0.787;20
1.073;2.027;0.595;20
2.867;2.493;1.192;20
3.602;2.746;1.563;20
2.882;3.592;1.679;20
2.791;5.058;1.326;20
3.083;5.893;1.75;20
2.941;5.346;1.243;20
0.921;4.381;0.854;20
0.722;3.835;1.588;20
0.118;3.706;0.61;20
0.026;2.97;-0.91;20
0.413;2.464;-0.604;20
1.24;1.634;-0.948;20
-0.538;1.012;-1.083;20
0.433;1.033;-0.073;20
1.469;0.387;-0.615;20
0.285;-0.35;-0.285;20
-1.079;-0.824;-0.269;20
-1.457;-1.512;-1.401;20
-2.259;-3.186;-1.595;20
-2.572;-4.724;-1.677;20
-0.855;-5.747;-1.622;20
-1.39;-5.328;-1.594;20
-0.979;-3.603;-0.901;20
-0.209;-2.6;-0.142;20
-1.567;-1.74;-0.173;20
-0.703;-1.791;0.501;20
-0.663;-1.459;0.856;20
-0.261;-1.156;0.725;19
-0.638;-0.946;0.599;20
-0.604;-1.118;0.894;20
-0.917;-1.494;1.019;20
-0.501;-1.55;0.898;20
-1.128;-1.667;-0.231;20
-1.788;-1.599;-1.299;20
-1.27;-1.429;-1.2;20
-0.436;-1.068;-0.12;20
1.345;-1.167;0.81;20
1.384;-0.404;0.973;20
0.805;-0.352;-0.069;20
1.208;-0.447;0.118;20
0.785;0.169;0.627;20
0.53;0.011;0.105;20
0.004;-0.027;0.275;20
-1.385;-0.084;0.203;20
-2.477;-0.419;0.257;20
-3.527;-0.606;0.029;20
-1.887;-1.005;-0.001;20
-1.231;-1.256;-1.299;20
-1.026;-1.409;-1.178;20
-0.841;-0.842;-0.623;20
-0.153;-0.295;0.556;20
-0.447;1.082;-0.887;20
0.114;2.1;-1.821;20
2.445;2.367;0.437;20
3.97;2.687;1.484;20
4.52;2.872;2.587;20
3.504;3.399;1.957;20
3.169;4.109;1.478;20
1.672;5.015;1.065;20
2.05;4.617;0.231;20
1.935;3.858;0.617;20
1.29;3.475;0.117;20
1.971;3.217;0.573;20
1.244;3.07;-0.588;20
0.268;2.333;-1.24;20
0.764;1.818;-1.15;20
0.712;1.412;-0.994;20
0.52;1.129;-0.617;20
0.288;-0.155;-0.757;20
-1.187;-1.432;-0.599;20
-1.296;-1.914;-0.92;20
-0.755;-2.135;-0.825;20
-0.683;-2.571;-1.083;20
-0.044;-3.037;-0.28;20
0.358;-2.939;0.099;19
0.451;-2.535;0.664;20
-2.007;-2.824;-0.489;20
-4.022;-2.715;-0.517;20
-6.055;-2.948;-0.426;20
-3.531;-2.925;-0.875;20
-1.49;-3.552;-0.612;20
0.126;-3.671;-0.21;20
1.583;-2.907;0.737;20
0.074;-1.888;1.441;20
-0.357;-1.603;1.514;20
-0.97;-0.84;0.861;20
0.3;-0.19;-0.211;20
1.44;0.448;-0.659;20
1.719;0.124;-0.61;20
1.385;0.136;0.296;20
0.965;0.51;0.472;20
1.34;0.676;1.434;20
-0.615;-0.115;-0.076;20
-1.184;-0.656;0.43;20
-1.956;-1.467;-0.556;20
-2.18;-1.444;-0.401;20
-0.586;-1.179;-0.044;20
-0.605;-1.024;-0.395;20
-1.095;-1.247;0.123;20
-1.041;-1.435;0.059;20
-1.845;-0.124;-0.117;20
-0.81;-0.138;-0.244;20
-1.201;-0.04;-1.178;20
-0.368;-0.036;-0.721;20
0.577;0.416;-0.731;20
0.982;1.182;-0.746;20
0.957;1.8;0.768;20
2.454;2.523;0.499;20
3.33;4.058;1.326;20
3.754;5.114;1.755;20
4.991;5.438;1.773;20
3.407;5.399;1.65;20
0.493;4.437;0.828;20
-0.677;3.225;0.206;20
1.315;3.354;-0.536;20
1.231;3.374;-1.119;20
2.103;2.907;-0.019;20
2.562;2.216;0.679;20
0.673;1.133;-0.42;20
0.532;0.916;0.014;20
0.759;0.605;0.056;20
0.27;0.413;0.168;20
0.397;-0.634;-0.369;20
-0.523;-1.759;0.004;20
-1.316;-3.021;-0.085;19
-1.411;-3.743;0.083;20
-2.055;-4.959;-0.566;20
-2.136;-5.1;-0.969;20
-0.815;-5.04;-0.267;20
-2.523;-4.514;-0.871;20
-3.999;-3.464;-0.472;20
-5.431;-3.033;-0.772;20
-4.255;-2.654;-0.621;20
-1.707;-2.908;-0.46;20
0.192;-2.418;-0.082;20
0.706;-1.449;-0.216;20
1.216;-0.01;0.287;20
1.101;0.996;-0.013;20
1.532;2.106;0.719;20
0.647;1.546;-0.014;20
-0.26;0.773;1.091;20
-1.373;-0.384;0.586;20
-1.705;-0.867;-0.25;20
-1.295;-1.373;-0.721;20
-2.712;-1.538;-0.674;20
-1.058;-1.722;0.568;20
-0.526;-2.007;0.626;20
-0.493;-1.4;0.52;20
1.672;0.205;1.993;20
2.096;1.98;1.582;20
1.025;2.646;1.804;20
-0.718;1.917;0.091;20
-1.708;0.22;-1.232;20
-4.691;-0.552;-0.608;20
-1.766;-1.534;-1.524;20
-0.005;-1.3;-3.154;20
1.268;-0.636;1.264;20
0.985;0.393;0.946;20
2.589;1.919;0.025;20
2.903;4.146;1.088;20
4.958;5.236;0.554;20
6.155;5.344;0.78;20
5.325;4.876;0.363;20
4.871;3.664;0.778;20
2.575;3.703;0.65;20
2.775;3.019;-0.402;20
0.62;2.47;-1.268;20
-0.18;1.429;-0.609;20
0.445;1.204;-0.397;20
2.126;1.224;-0.342;20
0.763;0.743;0.693;20
-0.338;0.049;0.49;19
-2.437;-0.594;-0.842;20
-1.347;-0.811;-0.268;20
-1.648;-2.462;-0.943;20
-2.31;-4.734;-1.267;20
-1.953;-5.937;-0.593;20
-1.056;-5.239;-0.461;20
-2.186;-4.556;0.238;20
-4.152;-3.56;-0.174;20
-5.017;-1.867;-0.094;20
-1.831;-0.489;0.873;20
-0.742;-1.167;-0.076;20
-2.025;-1.572;0.56;20
-0.363;-1.258;-0.387;20
-1.56;-0.568;0.034;20
-0.237;-1.251;0.056;20
-2.166;-1.57;0.215;20
-0.49;-1.457;-0.167;20
-0.692;-0.342;-0.513;20
0.472;0.039;-0.143;20
0.504;0.66;-0.218;20
1.469;0.691;0.397;20
1.392;0.938;0.412;20
0.36;0.634;0.79;20
-0.581;-0.191;0.583;20
-1.241;-1.663;-0.108;20
-2.155;-1.366;0.638;20
-2.387;-1.199;-0.978;20
-2.987;-0.93;-1.095;20
-2.868;-1.511;-1.06;20
-2.985;-2.228;-1.333;20
-1.195;-2.268;-0.991;20
-0.357;-0.846;-0.376;20
1.197;1.468;0.938;20
4.604;3.99;2.15;20
7.624;5.682;1.484;20
7.195;6.195;2.623;20
6.367;6.141;2.799;20
7.852;5.804;3.772;20
6.5;6.897;2.883;20
5.591;5.911;0.969;20
2.212;4.96;-0.44;20
1.447;3.671;-0.789;20
0.608;2.585;-1.547;20
-0.548;1.353;-1.632;20
-1.829;-0.682;-1.411;20
-2.852;-2.293;-1.372;20
-4.025;-3.895;-1.953;20
-4.863;-5.447;-2.197;20
-4.61;-6.354;-1.753;19
-3.374;-6.356;-2.548;20
-2.181;-5.464;-1.424;20
-0.982;-3.087;0.162;20
0.81;-0.889;0.848;20
-0.326;1.062;0.885;20
-0.86;1.464;0.514;20
-0.909;1.099;0.663;20
-0.519;0.069;0.802;20
-1.135;-0.925;0.323;20
-1.346;-1.594;-0.212;20
-1.318;-1.872;-0.353;20
-2.426;-1.876;-0.421;20
-2.364;-2.31;-0.167;20
-2.308;-2.508;-0.466;20
-1.996;-2.177;-1.303;20
0.893;-0.537;-0.017;20
0.79;-0.14;-0.225;20
1.004;0.18;1.315;20
1.872;-0.767;0.835;20
1.056;-0.172;0.4;20
2.469;-0.292;0.908;20
1.316;-0.024;0.898;20
-1.958;0.287;0.459;20
-2.891;-0.473;-0.382;20
-3.321;-1.539;-2.169;20
-2.766;-1.342;-3.149;20
-1.091;-0.023;-1.539;20
-1.896;0.487;-0.885;20
-1.233;0.035;-1.117;20
1.156;-0.174;1.711;20
3.601;1.002;0.508;20
5.557;3.324;1.963;20
6.503;6.139;1.778;20
5.47;6.616;2.491;20
2.756;5.461;1.875;20
1.959;4.193;1.129;20
2.973;3.931;1.031;20
2.961;4.67;0.061;20
3.211;3.901;1.176;20
1.291;3.793;-0.072;20
0.876;2.526;0.28;20
0.539;1.815;-0.361;20
-0.106;1.153;-0.726;20
-0.696;-0.225;-1.219;20
-1.787;-2.38;-1.559;20
-1.189;-3.771;-1.163;19
-1.339;-5.414;-1.379;20
-2.458;-6.048;-0.641;20
-2.902;-5.029;-0.253;20
-2.369;-3.649;-0.706;20
-3.855;-2.44;-1.133;20
-4.046;-1.586;-0.989;20
-2.611;-1.296;-0.188;20
-1.936;-0.754;0.523;20
0.096;-1.457;1.077;20
0.455;-1.733;1.039;20
0.373;-1.89;1.268;20
-0.597;-1.484;1.383;20
-2.217;-1.812;0.408;20
-0.996;-1.172;0.01;20
-0.64;-1.17;-0.301;20
0.157;-0.706;-0.024;20
0.972;0.612;-0.186;20
1.04;1.112;-0.304;20
1.015;1.225;0.602;20
-0.257;0.568;-0.136;20
0.304;-0.591;-0.067;20
-1.277;0.202;0.58;20
-1.555;-0.189;1.123;20
-2.666;-0.69;0.487;20
-2.563;-2.417;-0.425;20
0.865;-3.355;-0.05;20
0.553;-1.026;-0.157;20
-0.139;0.379;-0.648;20
-0.679;0.607;-0.919;20
-1.458;0.178;-0.867;20
-0.962;-0.258;-0.075;20
-1.865;0.65;-0.076;20
0.458;1.542;-0.306;20
2.784;2.646;-0.266;20
4.347;3.62;2.147;20
6.455;3.88;3.454;20
4.681;4.919;0.751;20
1.846;6.193;-0.042;20
5.559;5.084;0.835;20
8.86;4.952;2.024;20
4.808;5.442;-0.629;20
-0.017;3.89;-0.037;20
-0.724;2.622;0.539;20
1.592;1.585;-1.15;20
-1.17;-0.128;-1.788;19
-3.096;-1.769;-1.486;20
-1.339;-2.858;-1.463;20
-1.882;-3.632;-1.682;20
-2.676;-4.539;-1.627;20
-3.124;-5.093;-0.604;20
-2.227;-4.035;0.002;20
-2.401;-2.673;-0.076;20
-2.385;-2.311;0.216;20
-2.801;-2.456;0.363;20
-4.287;-2.048;0.063;20
-1.404;-1.253;0.835;20
0.259;-1.604;0.7;20
-0.074;-1.871;0.609;20
0.069;-2.153;0.281;20
-0.739;-1.549;0.594;20
-1.788;-1.19;0.255;20
-0.93;-0.577;-0.456;20
-1.155;-0.178;-1.22;20
0.181;-0.736;-0.779;20
0.831;-0.937;-0.135;20
1.161;-0.661;0.135;20
1.992;-0.244;0.225;20
2.398;0.44;0.957;20
1.345;0.947;0.818;20
0.612;0.757;0.851;20
0.221;0.037;0.773;20
-1.487;0.251;-0.383;20
-3.025;0.188;-1.165;20
-2.342;-0.609;-1.913;20
-2.431;-0.546;-0.865;20
-2.1;-1.648;-0.216;20
-2.995;-3.137;-0.701;20
-2.246;-3.342;-0.568;20
-1.3;-1.624;-0.489;20
0.002;-0.406;-1.993;20
1.475;1.2;0.62;20
2.606;3.93;0.664;20
5.367;5.602;4.093;20
10.188;5.923;3.998;20
7.043;7.153;1.14;20
3.169;6.522;2.008;20
1.968;4.892;2.061;20
1.397;3.99;-1.019;20
-0.236;4.321;-1.954;20
0.276;2.763;-1.638;20
-0.578;1.78;-2.437;20
-0.481;0.559;-0.63;20
-0.247;0.639;-0.741;19
1.071;0.84;-0.149;20
1.127;0.795;-0.053;20
0.977;0.362;-0.327;20
-0.229;-0.022;-0.373;20
-0.624;-0.754;-0.154;20
-1.78;-2.714;-0.526;20
-3.521;-4.258;-1.123;20
-2.386;-5.112;-1.056;20
-1.695;-5.002;-0.976;20
-0.136;-4.365;-0.667;20
-0.463;-3.149;0.295;20
-0.975;-2.481;0.213;20
-3.91;-1.501;0.836;20
-2.521;-1.097;0.925;20
-1.669;-0.464;0.862;20
-1.258;-1.214;-0.257;20
0.093;-2.208;-0.713;20
-0.487;-1.739;-0.712;20
-1.307;-1.613;-0.243;20
-1.335;-1.58;0.335;20
0.233;-1.152;0.566;20
0.989;-0.459;-0.41;20
2.994;-0.253;0.776;20
1.531;0.077;0.195;20
1.027;-0.06;0.549;20
0.081;0.373;0.157;20
1.301;0.532;1.575;20
-1.617;-0.274;-1.676;20
-1.419;-0.666;0.467;20
-0.116;-1.501;-0.824;20
-1.278;-1.084;-0.927;20
-0.867;-1.136;0.061;20
0.102;-0.55;0.333;20
-0.72;-0.272;-0.131;20
-2.353;-0.079;-0.199;20
-2.053;-0.809;-0.721;20
-3.171;-0.571;-0.954;20
-1.513;-0.65;-0.632;20
-0.144;0.099;-1.15;20
1.484;1.448;1.424;20
2.589;3.349;1.909;20
3.819;4.649;1.815;20
3.707;4.768;1.234;19
4.079;5.1;1.695;20
5.224;5.978;1.885;20
3.086;6.266;1.02;20
3.23;4.403;0.458;20
1.804;3.33;-0.81;20
0.67;2.444;-0.37;20
0.121;2.408;-1.166;20
0.858;1.515;-0.581;20
-0.012;1.461;-1.085;20
-1.064;0.905;-1.357;20
-1.353;0.486;-0.911;20
-0.291;0.009;-0.305;20
0.49;-0.413;0.077;20
-0.388;-1.107;-0.03;20
-1.413;-2.362;-0.48;20
-1.354;-3.508;-0.552;20
-1.487;-3.793;-0.2;20
-1.454;-3.962;-0.455;20
-2.43;-4.167;-0.874;20
-1.19;-4.387;-0.516;20
-0.912;-3.391;-0.269;20
-1.428;-1.33;0.491;20
-1.242;-0.595;0.721;20
-0.989;-0.665;0.847;20
-1.125;-1.999;-0.204;20
-1.586;-2.482;0.11;20
-1.34;-2.11;-0.629;20
-1.751;-1.189;-0.618;20
-1.885;-1.324;-0.808;20
-1.179;-2.052;-0.367;20
0.13;-1.399;-0.984;20
2.686;0.23;0.69;20
3.383;0.311;0.725;20
2.36;0.612;1.836;20
1.379;0.045;1.196;20
-0.361;0.322;0.313;20
1.02;-0.343;0.407;20
-3.462;-0.133;-0.828;20
-1.201;-2.539;-0.228;20
-2.899;-1.781;-1.476;20
0.216;-0.175;-0.227;20
1.368;0.983;0.084;19
0.986;0.324;1.085;20
-1.321;-1.592;1.005;20
-3.984;-2.271;0.742;20
-1.764;-1.696;-0.882;20
-1.847;0.376;-2.259;20
-0.193;1.228;-0.862;20
0.324;1.927;-0.732;20
1.474;2.484;1.493;20
3.019;2.754;2.48;20
2.959;3.142;1.649;20
3.084;3.223;0.582;20
1.838;4.319;0.484;20
2.457;5.779;0.414;20
3.675;6.108;0.32;20
3.218;5.653;-0.47;20
2.283;3.916;0.4;20
0.841;2.624;-0.368;20
0.23;1.776;-0.697;20
-0.331;1.8;-1.484;20
2.21;1.718;-0.135;20
3.665;1.979;0.684;20
1.458;1.269;0.582;20
-0.507;0.348;0.303;20
-0.437;-0.708;0.445;20
-3.741;-0.967;0.828;20
-4.876;-2.539;-0.358;20
-2.838;-3.712;-2.782;20
-1.231;-4.231;-2.401;20
-2.919;-4.766;-1.082;20
-4.701;-4.482;-0.707;20
-2.632;-3.526;-1.124;20
-1.958;-1.566;-0.113;20
0.134;-1.189;1.381;20
1.242;-3.336;1.438;20
0.079;-3.144;0.982;20
4.631;-2.157;1.142;20
3.188;-1.413;1.04;20
-0.942;-0.447;-0.027;20
0.666;-0.077;2.202;20
-1.28;-0.431;-0.645;20
-0.985;-0.155;0.367;20
-0.857;-0.274;-0.795;20
-1.093;-0.717;-1.396;19
-1.319;-2.056;-1.613;20
-1.623;-1.972;-0.813;20
0.427;-1.975;-0.117;20
-0.349;-1.604;-0.228;20
1.228;-1.271;-0.453;20
1.591;-0.03;-0.212;20
0.048;0.718;-1.144;20
1.043;1.163;0.454;20
0.437;1.676;0.525;20
-1.046;2.233;1.358;20
-1.536;0.615;1.047;20
-5.19;-1.298;-0.481;20
-2.602;-2.476;-0.135;20
-2.631;-0.119;-0.409;20
-1.373;0.954;0.24;20
-1.1;1.113;0.284;20
0.228;0.087;1.001;20
1.247;0.01;-0.063;20
-1.038;1.93;-0.026;20
1.173;4.666;-0.24;20
3.254;4.97;2.477;20
3.286;2.991;2.034;20
4.064;3.043;1.639;20
5.009;3.609;1.151;20
3.483;3.124;0.932;20
1.161;2.259;-0.184;20
0.584;3.458;-1.726;20
0.324;3.22;-1.844;20
-0.184;1.866;-1.931;20
1.059;0.6;-0.634;20
-0.654;1.525;-2.188;20
0.605;1.732;-0.716;20
0.588;2.5;-0.751;20
0.976;2.527;0.031;20
1.351;0.759;-0.5;20
0.826;-1.021;0.089;20
0.665;-1.174;1.277;20
-0.466;-1.593;0.424;20
-2.238;-2.251;-0.71;20
-2.343;-2.666;-1.637;20
-1.29;-3.289;-2.157;20
-0.973;-3.654;-0.454;19
-0.693;-3.273;1.666;20
-0.084;-2.358;1.637;20
-0.777;-2.703;1.361;20
-2.696;-2.99;0.494;20
-2.049;-2.251;0.772;20
-2.161;-1.4;-0.031;20
-2.379;-1.074;-0.508;20
-1.262;-2.408;0.266;20
-0.477;-3.936;-0.034;20
-1.532;-1.283;0.56;20
1.267;-0.104;0.103;20
0.452;-0.601;-0.342;20
1.278;0.149;0.127;20
1.634;-0.122;-0.281;20
2.295;0.003;1.331;20
0.244;-0.535;0.625;20
-0.151;-0.961;0.835;20
0.01;-1.053;-0.04;20
-0.84;-0.638;-1.252;20
1.122;-0.758;0.627;20
0.997;-0.402;-0.174;20
-1.021;0.468;0.739;20
-1.197;-0.641;2.151;20
-1.32;-0.582;3.18;20
1.802;-0.77;-0.313;20
2.738;0.437;-2.458;20
3.249;2.455;1.179;20
1.941;0.562;2.18;20
-0.624;0.561;0.438;20
4.624;-0.681;2.74;20
4.313;-1.994;0.048;20
2.733;-0.145;0.178;20
3.084;0.766;-0.31;20
0.71;1.782;-1.624;20
0.132;1.131;-0.585;20
-1.424;0.272;0.604;20
-3.295;-0.199;0.483;20
-3.389;-0.326;0.413;20
-1.437;-0.195;1.054;20
0.851;-1.495;1.028;20
-0.675;-0.429;0.15;20
-0.246;0.33;0.162;20
-0.615;-0.356;0.272;20
-3.912;-0.088;-1.331;20
0.118;-0.732;-0.774;19
0.965;-0.198;-1.921;20
2.522;0.122;1.157;20
-0.748;-0.593;-0.061;20
-1.946;-1.638;1.241;20
-3.153;-2.208;0.156;20
-0.584;-2.385;-0.019;20
2.166;-0.712;0.643;20
3.215;-0.679;1.556;20
2.224;1.117;1.646;20
1.373;1.325;0.13;20
1.964;1.246;1.211;20
1.725;2.017;2.476;20
1.989;1.375;1.268;20
1.384;-0.08;1.266;20
1.326;-2.219;-1.172;20
0.172;-2.393;0.232;20
-1.621;-1.805;-1.067;20
-2.39;-0.963;-0.379;20
-0.722;-1.439;-1.527;20
-1.107;0.007;-0.741;20
0.278;0.795;-0.391;20
1.183;0.66;0.921;20
0.563;0.435;0.294;20
0.251;0.12;0.084;20
0.314;-0.073;0.251;20
-0.863;1.072;0.38;20
-0.269;2.187;1.19;20
0.462;0.935;0.118;20
0.605;0.364;-0.659;20
0.38;0.385;1.058;20
-0.996;0.247;0.135;20
-1.34;0.028;0.197;20
-0.463;0.333;0.248;20
-0.169;0.999;-0.252;20
0.011;1.946;0.965;20
-1.597;1.205;1.019;20
-1.437;0.63;0.177;20
0.067;0.283;-0.914;20
0.538;-2.653;0.109;20
4.435;-6.1;-0.812;20
2.372;-0.298;0.486;19
-2.236;1.229;1.019;20
-2.19;-0.853;1.348;20
-0.309;-1.905;-0.332;20
-1.344;-1.212;0.519;20
-2.177;-0.368;0.9;20
-0.809;-1.086;-1.798;20
1.383;2.216;-0.722;20
2.354;1.482;-0.216;20
1.776;-1.102;-0.594;20
0.895;-2.447;-0.047;20
-0.224;-3.865;0.07;20
-0.137;-4.542;1.377;20
-2.134;-1.332;3.022;20
-3.592;0.432;1.365;20
-2.903;4.291;-2.457;20
1.029;2.416;-2.33;20
4.824;-2.701;0.075;20
2.142;-3.147;0.552;20
0.42;-0.815;1.042;20
2.236;1.723;-0.631;20
2.709;0.575;0.715;20
2.759;1.138;-0.222;20
1.815;3.18;-0.776;20
-2.1;0.915;2.421;20
-3.536;7.488;-2.136;20
-0.501;6.123;-0.036;20
-0.116;7.341;-0.382;20
-0.419;6.965;-1.431;20
-1.707;-0.292;-0.172;20
-2.961;1.889;-0.479;20
0.373;2.077;-2.695;20
1.165;-2.945;-11.656;20
-4.927;-4.029;16.738;20
-5.14;-2.029;0.022;20
-0.267;-2.225;-3.778;20
-0.877;0.29;0.488;20
-0.414;0.69;0.748;20
-0.083;-1.312;-2.073;20
-0.985;0.01;-1.818;20
0.337;1.71;0.666;20
-3.713;-1.289;0.242;20
-2.198;-1.336;-1.617;19
0.416;-1.231;-1.919;20
-0.586;-2.62;-0.794;20
-0.196;-2.286;0.818;20
1.387;-2.874;1.043;20
-1.024;-1.921;1.027;20
-0.865;2.545;-1.691;20
1.366;-5.245;0.496;20
0.31;-1.903;-0.361;20
4.424;3.043;-0.112;20
-3.51;-0.237;-2.872;20
0.004;-4.081;1.361;20
-2.468;3.582;-5.121;20
-4.186;5.307;-5.485;20
-6.648;9.439;-3.81;20
-8.952;7.598;-1.099;20
-10.338;7.523;5.665;20
-9.495;6.441;5.308;20
-7.795;3.3;6.616;20
-5.998;2.358;8.781;20
-4.472;0.766;8.072;20
-1.707;-1.104;7.917;20
1.685;-3.41;5.296;20
4.241;-5.064;4.91;20
7.089;-6.139;7.099;20
5.968;-4.6;3.978;20
5.849;-0.352;-0.38;20
5.164;1.021;-2.297;20
4.552;-0.327;1.285;20
5.579;-0.294;1.246;20
5.318;1.753;0.127;20
5.02;2.977;-0.8;20
2.725;4.011;-1.211;20
1.463;5.252;-3.075;20
1.205;4.763;-2.788;20
2.851;4.645;-0.223;20
3.415;3.991;0.194;20
3.297;3.5;-0.509;20
3.263;3.767;-0.056;20
3.318;4.281;-0.323;20
3.464;3.313;2.655;20
1.742;3.025;5.321;20
-0.182;6.449;1.296;20
6.887;6.641;-10.395;19
0.038;6.118;7.741;20
1.957;2.571;6.404;20
4.216;2.413;6.387;20
2.195;2.211;2.102;20
2.662;-0.479;-3.05;20
0.094;1.346;-0.758;20
0.503;2.986;-0.773;20
0.509;4.163;-2.107;20
0.794;2.464;1.771;20
4.412;-1.301;8.079;20
6.897;-2.095;9.709;20
5.427;-1.029;6.135;20
4.414;0.4;3.536;20
2.656;1.825;1.548;20
1.912;1.12;-0.578;20
4.915;-1.127;0.205;20
5.446;-1.349;2.173;20
3.043;0.691;1.917;20
3.002;0.439;0.422;20
1.363;0.691;-0.781;20
0.264;1.478;-1.075;20
2.63;1.165;-1.154;20
6.137;0.402;-0.634;20
6.332;0.787;-1.109;20
2.7;2.428;-2.584;20
-0.08;4.299;-3.071;20
0.737;0.262;-2.306;20
2.792;-4.426;-0.114;20
3.251;-3.059;-1.355;20
-0.72;0.474;-3.089;20
-2.245;3.106;-4.3;20
2.993;1.275;-2.032;20
8.068;-1.775;4.439;20
5.354;-1.886;9.03;20
-3.034;1.713;8.151;20
-7.066;4.236;0.672;20
-5.624;3.281;-5.153;20
-0.87;1.963;-6.458;20
2.949;0.273;-6.428;20
3.018;-1.226;-4.063;20
1.848;-0.159;-0.676;20
0.265;0.872;0.311;20
0.059;1.245;-0.609;20
0.399;1.263;-1.922;20
0.564;1.129;-2.362;20
0.361;1.221;-0.596;20
-0.232;0.841;0.464;19
-1.407;0.911;0.692;20
-2.425;1.404;0.997;20
-0.619;0.642;1.468;20
1.187;-0.707;1.316;20
1.566;-0.918;1.227;20
1.037;-0.379;-1.03;20
1.923;0.263;-7.964;20
1.469;-0.522;1.249;20
1.588;-1.316;3.887;20
1.624;-1.579;3.054;20
1.774;-1.499;-1.172;20
0.439;-0.557;-5.055;20
-0.244;0.401;-4.05;20
-0.564;-0.134;-2.083;20
0.573;-1.182;0.126;20
1.839;-1.773;1.25;20
2.423;-1.782;1.63;20
1.73;-0.914;1.369;20
0.95;-0.198;0.582;20
0.966;0.058;0.16;20
0.281;0.466;-0.388;20
-0.132;0.564;-0.743;20
-0.893;1.121;-1.355;20
0.107;1.14;-0.42;20
0.502;0.681;0.96;20
0.331;0.468;1.689;20
-0.019;0.617;1.326;20
-1.002;0.617;0.703;20
-1.149;0.769;0.447;20
-1.476;0.811;-0.235;20
-1.408;0.926;-0.671;20
-1.345;1.146;-1.046;20
-1.465;1.343;-0.238;20
-1.813;1.337;0.816;20
-1.227;1.133;0.834;20
-0.687;0.507;0.04;20
-0.988;0.405;-0.793;20
-1.826;1.215;-1.021;20
-1.406;1.412;-1.092;20
-0.726;0.827;0.072;20
-0.296;-0.108;1.255;20
-0.38;-0.15;1.074;20
-0.564;0.274;0.111;20
0.042;0.144;-1.344;19
0.742;-0.229;-2.168;20
0.529;0.06;-1.868;20
-0.179;0.372;-0.622;20
-0.071;0.335;-3.331;20
1.125;-0.227;0.281;20
1.324;-0.286;1.706;20
0.59;0.309;1.028;20

# Completed @Tue Jan 26 20:21:38 GMT+02:00 2021
