# Accelerometer Data File
# Started @Tue Jan 26 20:22:01 GMT+02:00 2021
#
#
# sensor Vendor: BOSCH
# sensor Name: BMI160 Accelerometer Non-wakeup
# sensor Resolution: 0.0023928226m/sec^2; Max Range: 78.4532; Min Delay: 2500 microseconds
# The sensor's attributes are the result hardware and the Android capabilities.
# It means that the Android may not utilize all features provided by the hardware.
#
# Some devices and Android versions save battery too much so the device may go to sleep.
# It just happens after couple of minutes from turning off the scree and it is easy to find it out.
#
# The following file provides the data from accelerometer in the m/s^2 format.
# The diff value is just a time delta between the samples
#
#
# data format:
# so we have 4 columns with values separated by the ";"
# X;Y;Z;time_from_previous_sample(ms)

# sensor speed set to:NORMAL
# units set to: m/sec^2
# gravity  filtered out
# Accuracy: HIGH
2.006;4.616;7.475;0
1.824;4.066;6.691;19
1.568;3.634;5.941;20
1.411;3.272;5.06;20
1.383;2.933;4.587;20
1.121;2.719;4.285;20
0.927;2.457;3.996;20
0.98;2.035;3.541;20
1.06;1.589;2.995;20
0.914;1.447;2.642;20
0.769;1.457;2.612;20
0.622;1.378;2.599;20
0.5;1.225;2.254;20
0.367;1.132;1.772;20
0.387;1.059;1.536;20
0.406;0.905;1.347;20
0.433;0.683;1.06;20
0.41;0.601;1.103;20
0.319;0.557;1.177;20
0.29;0.535;1.114;20
0.213;0.477;1.127;20
0.199;0.464;1.13;20
0.128;0.471;0.722;20
0.121;0.461;0.384;20
0.226;0.285;0.25;20
0.186;0.259;0.065;20
0.25;0.086;-0.274;20
0.405;-0.363;-0.211;20
0.494;-0.759;0.22;20
0.523;-0.971;1.361;20
0.184;-1.244;1.574;20
-0.421;-2.336;1.551;20
-0.794;-3.883;1.329;20
1.024;-6.67;3.324;20
0.227;-7.084;5.511;20
1.002;-5.27;5.605;20
0.668;-3.922;3.585;20
1.505;-4.669;2.055;20
0.175;-3.393;1.073;20
-2.415;-2.308;0.921;20
2.5;-3.037;-3.072;20
3.282;0.288;-5.575;20
3.515;5.266;2.675;19
-2.546;6.412;-3.335;20
-5.596;7.544;-1.198;20
-6.314;3.93;-0.066;20
-5.553;0.76;0.536;20
-3.797;-0.997;0.251;20
0.625;-1.78;-0.258;20
0.583;-0.111;0.478;20
-1.837;2.885;-0.377;20
-4.203;0.609;-4.227;20
-3.203;-2.927;-3.845;20
-4.294;-4.226;-4.252;20
-5.825;-3.462;-6.846;20
-3.542;-5.976;-10.693;20
1.296;-7.391;-15.55;20
2.243;-9.212;-13.648;20
0.856;-10.985;-8.473;20
-0.14;-11.954;-1.105;20
-3.162;-12.071;5.008;20
-8.223;-8.067;10.359;20
-17.961;-0.849;12.975;20
-25.527;7.215;13.141;20
-27.765;11.668;8.538;20
-25.576;13.354;2.993;20
-16.112;9.76;-3.792;20
-7.485;7.39;-11.599;20
-7.767;6.176;-28.286;20
4.368;-5.294;-11.927;20
6.379;-5.218;-5.454;20
7.501;-5.414;-0.574;20
6.045;-4.199;0.702;20
4.612;-2.103;2.39;20
5.77;-2.342;5.795;20
2.996;-0.96;3.453;20
3.108;0.432;-0.691;20
4.505;0.817;-1.275;20
3.619;0.55;-1.032;20
3.548;-1.516;-2.495;20
6.492;-3.421;-1.264;19
4.029;-2.763;-0.911;20
-2.927;-4.17;2.691;20
-4.65;-3.353;0.176;20
-0.563;-3.973;-3.159;20
2.073;-2.733;-2.395;20
0.284;-0.533;-0.703;20
1.115;-1.281;0.292;20
-2.841;-0.559;1.607;20
-1.628;-1.442;0.32;20
-0.709;-0.049;-0.569;20
1.095;-0.522;-1.905;20
3.999;-4.409;-1.576;20
6.014;-5.251;0.34;20
6.191;-1.933;0.656;20
3.639;-3.901;2.171;20
3.867;-0.634;1.84;20
3.443;2.711;0.035;20
4.118;2.793;-2.758;20
0.787;2.17;-0.052;20
1.036;0.357;1.166;20
0.806;-2.524;-0.369;20
0.851;-2.117;-2.007;20
0.266;-0.351;-0.457;20
-0.985;2.699;1.488;20
1.173;1.049;0.439;20
2.891;-3.17;-0.393;20
0.906;-5.911;0.292;20
-0.848;-4.735;-1.88;20
0.359;-1.555;0.004;20
1.858;-0.296;1.188;20
2.125;-0.718;0.045;20
1.492;-0.158;0.479;20
1.244;0.334;0.493;20
1.969;0.746;-0.049;20
1.749;-0.512;-0.456;20
1.28;0.415;-0.029;20
0.525;1.018;1.331;20
0.865;1.564;0.245;20
1.757;2.102;0.156;19
2.189;3.239;0.245;20
0.533;2.034;-1.544;20
-0.508;-4.561;-1.093;20
-1.333;-8.784;1.639;20
-1.561;-5.956;-0.697;20
2.134;1.753;-1.711;20
3.611;2.461;2.977;20
0.742;-3.046;0.572;20
3.893;-2.739;-3.666;20
2.588;0.686;-1.111;20
2.858;1.454;3.508;20
2.627;1.836;4.538;20
2.262;2.161;2.633;20
1.183;2.309;0.707;20
1.597;-1.338;-4.378;20
2.364;-1.238;-7.048;20
0.341;-0.925;-1.125;20
-3.355;-2.39;3.44;20
-3.905;-3.872;3.268;20
-2.703;-4.308;1.316;20
-0.009;-3.594;0.776;20
1.184;-2.173;-0.087;20
3.03;-0.958;-2.117;20
5.447;-0.533;0.337;20
4.616;-0.273;2.429;20
2.879;0.001;3.262;20
0.822;0.801;1.943;20
0.162;1.217;0.696;20
0.228;0.765;-2.12;20
-0.23;0.39;-3.585;20
-1.394;0.62;-2.589;20
-2.011;0.916;-0.884;20
-1.822;1.158;0.092;20
-1.306;1.183;-0.083;20
-0.83;0.777;-0.516;20
-0.638;0.316;-0.302;20
-0.674;0.163;0.804;20
-0.628;0.261;1.597;19
-0.376;0.174;1.395;20
-0.146;-0.18;1.546;20
-0.104;-0.337;1.86;20
0.461;-0.598;0.609;20
0.365;-2.098;-1.318;20
-0.468;-4.38;-1.284;20
-0.569;-5.777;-3.975;20
1.253;-5.667;-8.819;20
1.347;-4.431;-10.46;20
0.074;-2.737;-7.776;20
-0.654;-1.187;-3.773;20
-1.217;-0.281;1.209;20
-2.701;1.604;5.609;20
-4.742;3.527;3.722;20
-7.812;2.656;0.462;20
-1.332;-0.161;-4.13;20
3.136;-3.054;-4.285;20
1.561;-1.977;-1.965;20
1.561;0.565;-3.729;20
1.754;1.656;-2.231;20
0.298;2.02;0.067;20
2.558;1.648;-0.181;20
3.599;3.378;0.277;20
1.15;5.094;0.169;20
2.406;5.421;0.191;20
4.388;5.21;1.02;20
5.011;5.105;0.549;20
4.446;5.789;1.921;20
4.135;6.742;1.385;20
2.914;7.537;0.66;20
1.674;8.13;-0.539;20
0.739;7.855;-0.199;20
-0.825;7.31;-1.565;20
-3.041;2.876;-10.499;20
-2.055;-7.828;-10.268;20
-4.455;-5.98;-3.163;20
-3.257;-3.606;-9.763;19
-1.958;-1.901;-5.474;20
-1.811;2.371;-3.83;20
0.014;4.506;-0.862;20
-0.849;6.947;2.778;20
-0.119;5.848;3.095;20
-0.069;4.477;3.623;20
-1.558;3.103;1.081;20
-2.173;2.516;-0.588;20
-1.106;1.917;-0.043;20
0.559;0.797;-2.663;20
-1.708;-0.492;-1.762;20
-0.862;-1.495;-1.79;20
-1.095;-1.602;-0.629;20
-0.61;-1.012;-0.715;20
0.044;-0.741;-1.669;20
-1.557;-0.929;1.231;20
-0.499;-0.087;3.306;20
0.356;0.197;2.081;20
-2.916;0.254;2.415;20
-4.16;-0.318;1.847;20
-5.755;-1.558;0.893;20
-6.57;-3.105;1.403;20
-4.35;-4.311;-0.954;20
-5.341;-4.866;-0.738;20
-3.938;-4.502;0.52;20
-3.278;-2.992;1.372;20
-7.68;-2.022;1.058;20
-2.563;-1.899;1.844;20
-3.075;-2.878;-0.335;20
-4.439;-2.296;2.217;20
-0.732;-2.236;2.854;20
0.763;-1.152;0.493;20
3.361;-1.616;0.25;20
2.479;0.23;1.091;20
-0.108;2.036;0.783;20
0.063;3.101;1.355;20
1.019;3.708;1.048;20
-0.115;2.85;0.23;19
-2.445;2.67;-0.402;20
0.563;1.416;1.05;20
4.93;0.101;2.346;20
4.823;-0.89;3.681;20
-0.088;-0.615;1.758;20
0.362;-2.11;3.212;20
-1.248;-3.147;0.013;20
-1.301;-4.699;0.154;20
-1.743;-4.455;-2.568;20
-1.841;-1.892;-2.107;20
-2.786;0.562;-3.096;20
-2.381;1.814;-1.621;20
0.134;0.718;0.081;20
1.136;1.213;1.218;20
0.981;3.386;0.686;20
1.262;3.743;0.249;20
0.011;2.612;0.02;20
-3.762;1.42;0.147;20
-6.762;1.126;-0.691;20
-6.11;1.768;-1.692;20
-0.632;0.879;-0.565;20
-0.884;1.691;-0.127;20
-2.381;2.278;-0.336;20
-0.699;1.322;0.52;20
1.483;1.574;1.323;20
1.309;2.171;0.119;20
0.412;2.501;1.04;20
1.07;1.967;0.832;20
-0.107;1.996;-0.193;20
-1.054;1.942;-0.963;20
1.516;0.656;-1.067;20
3.177;0.57;0.417;20
3.182;1.049;0.172;20
0.629;1.282;0.578;20
2.407;1.223;1.788;20
2.931;2.157;2.59;20
1.44;3.67;-0.266;20
2.279;2.247;-0.296;19
3.75;2.532;-0.562;20
3.941;3.315;-0.688;20
3.274;3.068;0.598;20
4.006;1.61;-0.437;20
-0.544;1.445;-1.024;20
-1.741;0.952;0.084;20
-0.07;0.247;-0.97;20
-1.674;0.021;0.21;20
-0.077;-0.701;0.106;20
-0.601;-0.915;0.915;20
-0.963;-1.471;0.131;20
-1.943;-1.709;-0.045;20
-0.954;-2.424;-1.051;20
-2.682;-2.54;-3.753;20
-1.747;-2.909;-2.697;20
0.374;-3.605;-1.332;20
-1.205;-3.505;-0.172;20
-2.177;-3.201;0.61;20
-1.536;-3.311;1.128;20
-2.29;-3.0;0.833;20
-2.295;-2.891;0.449;20
-2.384;-2.217;0.542;20
-0.593;-2.546;0.63;20
-2.331;-2.114;0.358;20
-0.886;-1.66;1.099;20
-0.609;-1.254;-0.356;20
-0.198;-0.698;-0.244;20
0.563;-0.225;0.54;20
1.265;-0.581;0.797;20
1.139;-0.222;1.028;20
2.36;-0.358;0.72;20
1.841;-0.179;0.054;20
0.217;-0.398;-0.645;20
-1.862;0.137;-0.793;20
-3.137;-0.225;-1.249;20
-2.882;-0.33;-0.584;19
-1.646;-0.756;-0.914;20
-0.262;-0.368;-0.151;20
0.395;-0.523;-0.283;20
-0.229;-0.748;-0.257;20
-1.102;-0.651;0.403;20
-1.494;-0.179;0.413;20
-0.637;1.147;0.674;20
0.728;1.801;0.681;20
0.916;1.637;-0.161;20
0.215;1.536;-0.611;20
-0.475;1.171;-0.24;20
-2.339;0.902;0.601;20
-2.248;0.606;-1.003;20
0.667;0.068;-0.455;20
2.197;0.668;0.896;20
3.713;1.939;1.96;20
4.132;3.815;2.698;20
4.819;4.258;2.368;20
4.253;3.818;1.95;20
4.064;3.681;1.866;20
4.996;3.111;1.082;20
3.842;3.268;0.341;20
4.905;3.087;1.791;20
5.481;3.135;0.196;20
4.093;2.628;-0.332;20
0.929;2.494;-0.98;20
-2.258;1.187;-0.113;20
-3.036;-0.85;-1.703;20
-4.374;-2.381;-2.073;20
-3.808;-3.452;-1.686;20
-2.944;-4.277;-1.663;20
-2.167;-4.538;-0.822;20
-2.247;-3.932;-0.858;20
-1.149;-3.163;-0.751;20
-0.242;-2.361;-0.427;20
-0.711;-1.818;-1.067;20
-1.848;-2.009;-1.088;19
-2.889;-2.434;-0.568;20
-3.902;-2.31;-0.209;20
-3.202;-2.002;0.133;20
-2.311;-2.427;0.049;20
-1.506;-2.443;-0.018;20
-1.05;-1.791;-0.066;20
-0.289;-1.117;0.071;20
0.594;-0.528;0.175;20
1.522;-0.16;0.56;20
1.466;-0.035;0.892;20
0.818;-0.09;1.133;20
0.852;0.048;0.995;20
0.509;0.318;0.384;20
2.226;-0.081;0.774;20
-0.199;-0.252;-0.56;20
-0.139;-1.981;-0.625;20
-3.47;-2.155;-0.366;20
-4.259;-1.896;0.783;20
-1.696;-1.767;-0.15;20
1.143;-1.494;-0.363;20
1.186;-1.553;-1.731;20
-1.183;-0.845;-0.953;20
-2.912;0.064;0.698;20
-2.924;0.847;0.267;20
-1.89;0.788;-2.199;20
0.161;0.008;-1.048;20
2.135;-0.403;0.372;20
2.386;0.393;0.799;20
1.85;1.835;1.469;20
3.521;2.474;2.275;20
4.651;3.732;2.335;20
4.316;5.117;1.288;20
4.13;5.327;1.093;20
6.103;4.05;2.63;20
4.114;4.179;0.463;20
0.223;5.113;-1.558;20
5.896;2.057;3.245;20
6.162;1.746;-0.154;20
-1.827;3.427;-2.383;19
-0.218;1.924;0.38;20
2.431;1.021;-0.043;20
1.519;-0.631;-1.814;20
-1.784;-1.269;-0.291;20
-1.663;-1.517;0.544;20
-2.857;-1.82;-0.743;20
-4.144;-2.605;-1.415;20
-5.274;-3.407;-1.921;20
-6.497;-3.605;-2.1;20
-5.82;-3.672;-1.532;20
-4.156;-4.238;-1.478;20
-3.43;-2.908;-0.727;20
-0.406;-1.094;2.151;20
1.87;-1.087;0.886;20
1.498;-0.67;1.086;20
2.051;-0.444;1.128;20
2.096;-0.38;0.909;20
1.61;-0.65;-0.598;20
0.281;-0.693;-1.34;20
0.216;-0.97;-1.427;20
0.478;-1.194;-1.739;20
-0.401;-1.487;-1.57;20
-1.789;-1.728;-1.284;20
-1.629;-1.349;-0.564;20
-1.014;-1.077;-0.436;20
-1.19;-0.717;-0.355;20
-1.011;-0.857;-0.313;20
-0.42;-0.911;0.701;20
-1.147;-0.18;0.692;20
-0.902;0.851;1.658;20
0.892;0.945;1.517;20
1.939;1.086;0.726;20
0.856;0.946;-0.422;20
-1.234;0.205;-0.082;20
-2.647;-0.086;-0.465;20
-2.85;0.679;-1.55;19
-1.02;0.084;-1.021;20
0.038;-0.509;-1.682;20
0.452;-0.382;-1.068;20
0.651;0.221;-0.869;20
1.123;1.684;-0.648;20
3.794;2.203;0.35;20
6.018;2.859;1.525;20
6.483;3.962;2.149;20
6.828;4.24;2.068;20
5.644;4.308;2.201;20
3.788;4.461;1.353;20
2.113;4.348;0.002;20
1.217;3.008;0.015;20
1.76;2.04;-0.06;20
1.639;1.652;0.287;20
1.488;1.45;0.732;20
0.081;0.901;1.761;20
-1.817;0.306;1.661;20
-1.392;-1.29;2.266;20
-2.725;-2.485;1.149;20
-5.198;-3.17;-0.273;20
-5.088;-4.52;-1.518;20
-4.413;-5.239;-1.75;20
-3.73;-4.679;-1.468;20
-3.638;-3.857;-0.559;20
-3.622;-2.803;-0.53;20
-2.487;-2.555;-1.468;20
-2.126;-2.315;-1.271;20
-1.153;-1.682;-0.396;20
-0.487;-1.396;-0.986;20
0.041;-1.559;-1.168;20
0.239;-2.127;-1.491;20
0.058;-1.911;-1.152;20
0.466;-1.283;-1.235;20
0.474;-0.462;-1.965;20
1.315;-0.081;-1.446;20
1.05;0.491;-0.802;19
0.239;0.299;-0.287;20
0.4;0.39;0.65;20
-0.413;-0.481;0.107;20
-1.679;-0.831;-0.048;20
-0.888;-0.997;0.443;20
-1.232;-0.278;0.829;20
-2.801;0.889;1.206;20
-3.235;1.618;1.306;20
-1.831;0.123;-0.172;20
-2.309;-1.009;-0.205;20
-2.865;-2.191;-0.251;20
-0.789;-2.653;-0.331;20
0.858;-0.563;-0.13;20
2.041;1.773;1.42;20
2.669;2.996;0.586;20
4.207;3.279;1.223;20
6.379;3.123;2.039;20
8.881;3.216;2.27;20
8.101;4.94;2.25;20
6.455;6.476;2.171;20
3.42;7.412;1.622;20
1.686;4.7;-0.172;20
0.891;1.798;-1.562;20
-0.122;0.701;-0.847;20
-0.185;0.297;-1.238;20
-1.092;-0.228;-1.639;20
-0.552;-0.391;0.379;20
0.181;0.629;1.234;20
-0.772;1.574;2.078;20
0.118;1.062;1.853;20
-1.812;-0.222;0.774;20
-5.451;-1.59;-1.089;20
-5.137;-3.571;-0.722;20
-4.735;-4.821;-0.954;20
-2.632;-5.807;-1.167;20
-1.263;-5.38;-0.636;20
-0.8;-3.465;0.194;20
-0.27;-1.319;1.164;19
-0.282;-0.601;1.035;20
-1.932;-0.599;0.528;20
-2.047;-1.676;-0.766;20
-2.761;-2.492;-2.133;20
-1.608;-3.223;-2.291;20
-0.537;-3.018;-2.041;20
0.141;-2.394;-1.34;20
1.35;-1.048;0.092;20
2.257;0.232;0.538;20
2.327;1.107;0.491;20
2.479;1.216;0.748;20
1.16;1.29;0.39;20
0.205;1.063;0.416;20
-1.123;0.401;0.367;20
-1.466;-0.517;-0.218;20
-1.465;-0.998;-0.748;20
-1.434;-1.007;-0.615;20
-1.241;-1.05;-0.314;20
-2.067;-0.804;-0.361;20
-2.808;-0.675;-0.736;20
-2.772;-0.393;-0.441;20
-2.106;0.184;-0.372;20
-0.925;0.895;-0.482;20
0.557;1.488;-0.067;20
1.764;1.929;1.59;20
3.679;1.997;2.117;20
5.178;2.215;1.93;20
4.247;3.387;1.786;20
4.331;4.325;2.237;20
3.913;5.054;1.827;20
2.644;4.65;0.356;20
1.485;3.422;-1.053;20
2.254;2.463;-1.49;20
2.344;2.547;-0.297;20
2.614;2.177;-0.629;20
2.273;1.949;-0.872;20
1.084;1.855;-0.718;19
0.62;1.751;-0.968;20
0.951;0.92;-0.589;20
0.373;0.14;0.337;20
-0.874;-0.679;0.024;20
-0.98;-1.992;0.085;20
-2.118;-2.455;0.058;20
-2.669;-2.554;-0.055;20
-1.473;-2.954;0.047;20
-1.5;-3.269;0.119;20
-1.994;-3.209;0.103;20
-1.849;-3.177;0.143;20
-2.029;-2.638;0.5;20
-1.293;-1.913;0.505;20
-1.304;-1.652;0.342;20
-2.081;-1.973;-0.066;20
-2.497;-2.088;-0.609;20
-3.132;-1.421;-1.136;20
-2.401;-1.39;-1.28;20
-1.152;-1.423;-0.603;20
-0.356;-0.891;-0.586;20
0.701;-0.11;-0.532;20
0.358;0.543;-1.181;20
0.205;-0.334;-1.793;20
0.634;-2.118;-1.641;20
0.367;-1.913;-1.053;20
1.671;-0.958;0.515;20
2.031;-0.027;1.127;20
0.711;-0.122;0.843;20
-0.78;-0.722;0.426;20
-1.419;-1.076;-0.923;20
-1.422;-1.135;-1.468;20
-1.101;-1.268;-0.973;20
-1.937;-1.093;-1.446;20
-1.592;-0.784;-0.286;20
0.047;-0.498;0.271;20
-0.129;0.391;1.033;19
-1.006;1.033;1.511;20
-2.415;0.577;0.668;20
-2.078;0.322;-0.532;20
-2.42;0.608;-0.311;20
1.272;1.16;0.86;20
2.308;3.839;2.917;20
4.204;5.038;2.502;20
8.758;4.007;2.354;20
10.382;2.974;1.536;20
7.301;2.98;0.424;20
4.238;3.063;-0.184;20
1.109;2.118;-1.809;20
-0.849;1.033;-2.765;20
0.051;0.343;-2.395;20
0.364;0.875;-1.081;20
0.236;1.213;0.797;20
1.076;0.86;1.578;20
-0.039;0.586;1.857;20
-0.834;-0.296;2.781;20
-2.155;-1.298;2.21;20
-2.601;-2.33;1.603;20
-3.224;-3.668;0.985;20
-2.976;-4.513;-0.25;20
-3.44;-4.218;-0.265;20
-2.666;-3.666;0.888;20
-3.695;-2.817;2.053;20
-5.167;-1.732;1.892;20
-4.619;0.14;1.916;20
-4.112;2.183;0.658;20
-1.827;2.813;0.304;20
-1.118;1.87;-0.673;20
-0.119;0.07;-0.33;20
0.1;-1.295;-0.167;20
-0.223;-1.429;0.118;20
1.179;-1.438;0.297;20
1.244;-1.33;-0.969;20
1.977;-1.838;-1.456;20
1.74;-2.112;-1.865;20
-0.263;-1.569;-2.559;20
-0.968;-1.353;-1.601;19
-1.243;-0.96;-1.083;20
0.027;-0.361;-0.715;20
1.658;-0.543;-0.102;20
0.722;0.042;0.17;20
0.385;-0.133;-0.426;20
-0.25;-0.801;-0.384;20
-1.322;-1.098;-1.216;20
-2.345;-0.431;-0.684;20
-2.27;0.435;-0.6;20
-1.78;1.436;-0.082;20
-0.632;1.625;0.173;20
1.396;1.358;0.369;20
3.114;1.417;1.999;20
3.651;2.989;3.122;20
4.718;4.354;3.603;20
6.197;5.542;2.486;20
6.038;6.207;2.36;20
3.711;5.837;1.617;20
2.444;3.588;0.422;20
2.512;2.29;-0.76;20
2.049;1.231;-1.513;20
0.625;0.579;-2.055;20
-0.297;0.153;-1.306;20
0.01;-0.169;-1.154;20
0.518;-0.191;-0.167;20
-0.347;-0.175;-0.347;20
-0.878;-0.225;0.046;20
-0.958;-0.652;-0.574;20
-2.329;-1.021;-1.003;20
-3.278;-1.973;-1.07;20
-3.421;-2.962;-0.246;20
-3.946;-3.087;0.317;20
-4.009;-2.662;0.561;20
-3.275;-2.579;0.254;20
-2.669;-2.529;0.526;20
-1.445;-2.563;0.997;20
-1.054;-2.41;0.705;20
-1.518;-1.127;0.759;20
-0.481;-0.168;0.526;19
-0.521;0.435;-0.049;20
-0.131;0.229;-0.337;20
-0.487;-0.104;0.185;20
-0.953;-0.482;0.312;20
-0.96;-0.657;0.481;20
-0.335;-0.526;0.419;20
0.432;-0.463;0.46;20
1.087;-0.119;0.346;20
0.392;0.345;0.071;20
0.355;-0.014;0.257;20
-0.968;-0.351;-0.076;20
-2.086;-0.683;0.295;20
-2.584;-1.266;-1.138;20
-2.429;-1.199;-1.342;20
-2.1;-1.046;-1.213;20
-2.554;-0.839;-1.409;20
-2.009;-1.296;0.031;20
-0.684;-1.963;-0.476;20
1.736;-1.394;-1.819;20
3.49;0.065;0.389;20
3.137;2.175;0.908;20
4.7;3.497;2.792;20
4.995;5.024;2.707;20
3.26;6.057;2.128;20
3.326;5.33;1.667;20
4.251;4.786;2.075;20
5.039;4.376;2.437;20
3.732;3.711;0.996;20
0.953;3.049;-0.011;20
-1.322;2.241;-1.288;20
0.175;1.0;-1.651;20
-0.782;1.204;-1.804;20
1.879;1.364;-0.823;20
2.513;1.542;-0.216;20
2.32;1.36;0.558;20
-0.089;0.273;0.935;20
-2.611;-0.172;0.975;20
-3.283;-1.084;0.346;20
-4.487;-1.9;0.213;19
-4.45;-1.527;0.028;20
-1.96;-1.816;0.303;20
-2.994;-2.179;-0.162;20
-2.258;-1.821;-0.594;20
-2.314;-2.047;-0.659;20
-3.997;-1.757;-1.256;20
-0.918;-3.218;-1.131;20
-1.648;-3.744;-1.089;20
-0.572;-3.374;-0.436;20
-1.069;-2.588;0.171;20
-1.374;-1.611;0.254;20
-0.835;-0.869;0.078;20
-0.117;-0.528;0.239;20
0.525;-0.269;0.33;20
1.946;0.394;1.153;20
2.55;0.718;1.376;20
1.379;0.27;1.391;20
0.493;-0.428;1.224;20
0.265;-1.49;-0.318;20
0.248;-1.802;-1.05;20
0.44;-1.75;-1.447;20
0.459;-1.209;-1.026;20
0.909;-1.27;-0.214;20
0.661;-0.874;0.105;20
0.597;-0.567;1.097;20
0.679;-1.122;1.255;20
-0.069;-1.175;-0.037;20
-0.585;-1.595;-1.592;20
-1.378;-1.937;-1.995;20
-1.322;-1.95;-2.069;20
-1.93;-1.891;-1.144;20
-1.767;-1.437;-2.402;20
-2.047;-0.272;-1.932;20
-2.122;0.449;-0.717;20
-1.371;1.117;0.695;20
0.933;1.785;2.144;20
4.486;3.432;3.306;20
3.431;5.746;5.39;20
2.635;5.155;3.524;20
4.741;5.35;2.556;19
4.791;6.512;2.442;20
3.9;5.132;1.135;20
3.22;4.36;0.008;20
1.171;4.356;-0.551;20
2.853;3.349;-0.034;20
1.22;3.553;-0.927;20
-0.344;1.899;-1.698;20
-1.311;1.146;-1.54;20
-0.939;0.745;-1.417;20
-0.294;0.063;-1.372;20
-0.465;-0.587;-0.823;20
-0.628;-1.159;-1.036;20
-0.608;-2.083;-0.354;20
-1.456;-2.733;-0.372;20
-3.069;-2.41;-0.379;20
-3.028;-1.985;-0.41;20
-2.438;-2.44;0.002;20
-3.31;-3.317;-0.126;20
-3.939;-3.343;-0.356;20
-2.78;-3.198;-0.657;20
-1.429;-2.551;0.034;20
-0.52;-2.125;0.782;20
-0.641;-1.425;0.198;20
0.679;-0.913;0.26;20
0.734;-0.408;0.982;20
0.644;-0.462;0.973;20
0.559;-0.625;0.846;20
-0.58;-1.592;0.004;20
-0.258;-1.42;0.098;20
1.089;-1.295;0.252;20
1.314;-1.341;0.243;20
1.109;-0.794;0.213;20
1.743;-1.034;0.252;20
0.561;-0.942;-0.385;20
-0.567;-1.108;-0.275;20
-1.316;-1.403;-0.583;20
-0.861;-1.145;-0.476;20
-1.302;-1.038;-1.009;20
-0.139;-0.449;-0.558;20
0.575;-0.263;-1.182;20
-1.436;-0.777;-2.457;19
-1.331;-0.836;-0.703;20
0.236;-0.811;0.374;20
-0.275;0.24;-0.649;20
0.71;0.17;-0.67;20
-0.049;0.537;-0.288;20
-1.065;1.084;-0.282;20
-0.225;1.537;0.094;20
0.775;2.424;0.477;20
1.206;3.118;0.771;20
2.155;3.574;2.175;20
3.482;3.616;3.272;20
3.512;3.501;2.008;20
2.393;3.717;1.709;20
2.271;3.096;1.181;20
1.213;2.987;0.949;20
2.968;2.605;-0.558;20
1.949;2.178;-0.88;20
2.624;1.325;-0.748;20
2.362;0.902;-1.61;20
1.488;0.618;-2.028;20
1.572;0.171;-1.846;20
0.833;-0.071;-1.342;20
0.391;-0.518;-1.932;20
-0.572;-1.591;-1.751;20
-1.703;-2.713;-1.313;20
-2.198;-3.6;-1.587;20
-2.104;-4.175;-1.618;20
-3.219;-3.417;-1.404;20
-2.939;-2.746;-0.729;20
-3.258;-1.591;0.311;20
-3.485;-0.865;0.833;20
-2.592;-0.739;1.169;20
-1.211;-0.713;1.202;20
0.512;-0.416;1.567;20
0.544;-0.235;1.806;20
0.288;-0.67;1.881;20
-0.821;-0.987;1.686;20
-1.534;-1.322;0.868;20
-2.398;-1.862;-0.209;19
-3.092;-2.177;-0.638;20
-2.748;-1.56;-0.992;20
-0.285;-0.789;-0.631;20
0.942;-1.114;-0.132;20
0.117;-0.599;0.411;20
1.894;-0.646;1.326;20
0.663;0.327;0.986;20
0.689;-0.548;0.116;20
-0.706;-0.904;-0.474;20
-1.154;-1.566;-0.74;20
-2.782;-0.681;-1.394;20
-1.666;0.382;0.33;20
-0.02;0.203;0.23;20
-0.296;-0.041;-0.331;20
-0.266;-0.878;-0.582;20
-0.743;-0.286;-0.148;20
-0.938;0.616;0.129;20
-1.407;0.457;-0.894;20
0.226;0.104;-1.755;20
1.838;0.273;0.366;20
1.355;0.329;0.519;20
0.16;1.282;0.522;20
1.91;2.364;1.624;20
3.301;3.169;1.986;20
3.93;4.154;1.457;20
3.428;5.28;0.452;20
4.07;4.676;1.551;20
3.779;4.379;1.321;20
3.572;4.355;0.28;20
3.259;4.123;0.692;20
1.478;3.819;-0.262;20
2.261;3.095;-0.573;20
2.844;2.261;-0.418;20
1.899;1.713;-0.375;20
1.434;1.012;0.163;20
-0.397;0.209;-0.174;20
-1.673;-1.416;-1.157;20
-4.027;-2.498;-1.462;20
-3.991;-3.405;-1.368;20
-4.02;-4.193;-2.009;19
-4.143;-4.092;-1.876;20
-2.199;-3.756;-0.799;20
-1.62;-2.963;-0.216;20
-1.344;-1.847;0.099;20
-0.593;-1.279;0.999;20
-0.839;-1.252;0.564;20
-1.684;-1.083;-0.14;20
-0.838;-1.347;0.169;20
-1.861;-1.235;-0.328;20
-1.611;-1.272;-0.612;20
-1.705;-1.391;-1.104;20
-0.401;-1.365;-0.357;20
0.141;-1.012;0.192;20
0.181;-0.798;0.413;20
0.652;-1.429;0.267;20
0.275;-1.325;0.461;20
-0.007;-1.315;0.15;20
-0.323;-1.068;-0.334;20
0.476;-0.497;0.207;20
0.562;-0.202;0.225;20
-0.325;0.007;0.071;20
-0.363;-0.178;0.115;20
-0.91;-0.323;-0.334;20
-0.6;-0.553;0.38;20
-0.846;-0.611;-0.465;20
-0.674;-0.277;-1.088;20
-0.515;0.073;-0.753;20
-1.257;0.318;0.364;20
0.225;0.184;-0.174;20
0.439;0.397;-0.685;20
0.327;0.417;0.044;20
0.907;0.803;0.025;20
2.477;1.671;1.482;20
2.652;3.533;1.779;20
4.213;4.074;1.562;20
4.544;3.93;1.345;20
4.759;3.248;0.81;20
2.151;4.063;0.515;20
2.545;4.178;1.22;19
4.854;3.181;0.868;20
2.338;2.318;-0.897;20
1.805;1.564;-0.143;20
2.726;1.31;-0.497;20
1.983;1.085;-0.95;20
1.652;0.795;-1.162;20
1.218;-0.12;-1.508;20
-0.852;-1.734;-1.419;20
-3.485;-3.125;-1.939;20
-5.173;-3.874;-2.194;20
-5.379;-3.628;-1.916;20
-4.11;-3.637;-1.044;20
-2.183;-3.2;0.19;20
-0.981;-3.333;0.394;20
-1.381;-3.118;0.887;20
-0.751;-3.048;1.646;20
-3.199;-2.49;1.713;20
-4.301;-2.463;0.18;20
-2.934;-1.697;-0.604;20
-0.929;-0.595;-1.302;20
-0.286;0.382;-0.889;20
1.535;0.51;0.733;20
0.296;0.862;1.999;20
0.066;0.601;1.621;20
-0.877;1.308;0.312;20
0.907;0.746;0.394;20
-0.12;-0.481;-0.149;20
-2.919;-2.681;-1.199;20
-1.796;-3.38;0.153;20
-0.974;-2.094;-0.166;20
0.192;-0.232;0.077;20
2.191;0.038;0.412;20
3.323;0.517;1.118;20
2.691;0.753;1.581;20
0.874;0.44;1.953;20
-2.444;-0.602;-0.224;20
-6.48;-1.411;-3.525;20
-3.755;-2.014;-2.029;20
-1.984;-1.894;-4.336;20
0.471;-0.693;-2.319;20
1.471;-0.585;1.392;19
1.315;0.59;1.304;20
0.69;2.233;-0.215;20
2.616;2.329;1.07;20
4.315;2.509;1.639;20
6.858;3.618;1.902;20
3.776;7.946;2.656;20
3.678;7.071;2.249;20
2.09;5.382;0.863;20
0.087;3.655;-0.494;20
2.94;2.941;1.124;20
7.259;2.457;3.147;20
5.784;3.721;0.493;20
3.516;3.382;0.681;20
-1.015;2.558;0.851;20
-2.758;1.161;0.07;20
-1.969;0.096;-1.891;20
-1.37;-2.138;-1.247;20
-4.638;-3.902;-1.545;20
-6.22;-4.854;-2.032;20
-1.988;-7.358;-2.023;20
-3.896;-7.254;-2.952;20
-4.675;-3.174;-1.134;20
-3.7;-1.543;-0.142;20
-2.956;-0.755;-1.105;20
-0.532;-0.946;-0.241;20
1.803;-1.011;1.041;20
2.168;-0.975;0.431;20
0.782;-0.41;0.528;20
0.698;-0.877;0.846;20
-0.721;-1.427;-0.042;20
-1.112;-1.791;-0.309;20
-1.649;-1.482;-0.776;20
-2.023;-1.662;-0.914;20
-1.765;-2.743;-0.748;20
-0.936;-3.169;0.602;20
-0.281;-2.08;-0.863;20
0.871;-0.02;-1.316;20
1.784;1.365;-0.342;20
3.399;1.601;1.845;20
2.302;1.631;1.732;19
-0.432;0.375;1.185;20
-1.083;-0.726;1.495;20
-1.88;-0.248;0.579;20
-2.022;0.853;-1.925;20
0.712;0.519;-2.023;20
-1.507;-0.08;0.389;20
-3.363;-1.072;0.943;20
-2.134;-1.256;-0.67;20
-2.037;-0.083;-1.3;20
-0.949;1.353;-1.12;20
1.771;2.132;-0.174;20
3.721;2.502;1.286;20
3.961;2.972;3.298;20
2.587;4.665;2.808;20
5.176;4.035;0.614;20
3.145;3.911;0.535;20
3.286;2.852;-0.111;20
3.427;2.776;0.478;20
4.298;2.26;0.846;20
3.113;3.138;-0.294;20
0.559;2.789;-0.709;20
-0.649;1.522;-1.242;20
-1.12;0.544;-1.401;20
0.096;0.018;-0.973;20
0.337;-0.326;-0.931;20
0.133;-0.548;-0.466;20
0.435;-0.941;-0.566;20
0.158;-1.365;-0.946;20
-1.035;-1.735;-0.879;20
-1.238;-2.162;-0.563;20
-1.734;-2.597;-0.138;20
-2.712;-3.248;0.145;20
-4.09;-3.969;0.035;20
-4.546;-3.726;-0.309;20
-3.388;-2.759;-0.377;20
-2.612;-2.071;0.093;20
-1.166;-1.928;0.876;20
-0.504;-1.28;1.019;20
0.278;-0.423;0.902;20
0.866;0.463;1.549;20
0.455;0.165;0.601;19
-0.288;-0.539;0.45;20
-0.725;-0.953;0.328;20
-1.546;-0.664;0.15;20
-1.215;-0.615;-0.248;20
0.312;-0.711;0.484;20
1.041;-0.828;0.395;20
1.708;-0.813;0.924;20
1.804;-0.945;0.747;20
0.082;-0.219;-0.039;20
1.006;-0.301;1.255;20
-0.921;-0.845;-1.192;20
-0.951;-1.405;-0.084;20
-0.813;-2.254;-0.72;20
-1.164;-1.457;-0.657;20
-0.81;-0.626;-0.085;20
-0.629;-0.632;-0.541;20
-0.155;-1.468;-1.879;20
1.221;-2.224;-0.468;20
1.858;-0.794;0.395;20
0.693;2.149;0.277;20
-0.96;2.362;-0.614;20
-2.096;1.103;-2.358;20
-2.182;0.861;-1.866;20
-0.537;0.905;-0.233;20
0.239;1.485;0.177;20
1.758;2.531;1.521;20
2.117;4.186;1.444;20
3.278;4.683;2.489;20
3.679;4.82;1.389;20
3.401;4.624;0.547;20
2.654;4.735;0.877;20
3.617;3.59;1.672;20
2.726;3.662;1.191;20
1.341;3.645;0.322;20
0.965;3.071;-0.273;20
0.602;2.177;-0.315;20
-0.368;1.356;-1.107;20
-1.735;0.358;-1.772;20
-1.769;-0.031;-1.451;20
0.126;0.035;-0.165;20
1.656;-0.101;0.038;19
0.94;-1.119;-0.043;20
-1.219;-2.715;-0.106;20
-3.828;-3.927;-0.929;20
-4.403;-4.281;-0.988;20
-3.597;-4.224;-1.137;20
-2.268;-4.073;-1.849;20
-1.067;-3.672;-1.819;20
0.117;-2.633;-0.271;20
0.517;-1.216;0.796;20
0.611;-0.167;1.611;20
0.529;0.248;1.777;20
0.683;0.266;1.864;20
-0.562;-0.522;0.926;20
-2.305;-1.791;0.064;20
-3.752;-2.861;-0.866;20
-3.172;-3.083;-1.392;20
-1.435;-2.99;-1.208;20
-0.511;-2.784;-0.601;20
1.03;-0.875;0.445;20
2.498;0.821;1.162;20
2.683;1.086;0.581;20
2.618;1.188;1.153;20
2.001;0.705;1.062;20
-0.067;0.811;0.321;20
-0.726;-0.064;0.445;20
-2.342;-0.317;-0.608;20
-2.623;-0.314;-0.343;20
-1.487;-1.121;-0.496;20
-1.654;-1.989;-1.085;20
-0.956;-2.464;0.061;20
-0.554;-1.843;0.525;20
-0.455;0.177;0.314;20
0.107;0.751;-0.279;20
-0.325;0.536;-1.071;20
-0.023;0.364;-0.722;20
0.605;1.045;-0.502;20
0.851;1.304;-0.332;20
0.664;0.467;-0.226;20
-0.18;0.329;0.414;20
0.689;1.294;0.48;20
1.977;2.183;0.111;20
1.313;3.269;0.557;19
1.607;3.591;1.105;20
1.016;3.284;1.739;20
0.529;3.21;0.002;20
1.373;3.506;0.045;20
2.193;3.937;-0.123;20
2.941;3.77;0.194;20
2.641;3.664;0.242;20
3.064;3.359;0.154;20
1.779;2.919;-0.201;20
1.12;2.021;-0.897;20
0.374;1.684;-1.314;20
0.652;0.927;0.131;20
0.635;-0.557;-0.369;20
-1.502;-0.846;-1.92;20
-0.99;-1.213;-1.571;20
-0.738;-1.297;-0.43;20
0.057;-0.732;1.363;20
0.731;-1.291;-0.089;20
-2.238;-1.594;0.86;20
-2.592;-1.909;0.557;20
-2.635;-2.197;0.382;20
-0.652;-2.48;-0.061;20
0.302;-3.173;0.437;20
-1.844;-3.018;0.477;20
-2.387;-2.313;-0.029;20
-2.309;-2.886;-0.566;20
-1.392;-3.17;-0.166;20
-0.442;-3.345;-0.858;20
-0.407;-3.309;-1.508;20
-0.476;-2.618;-1.699;20
0.345;-2.413;-1.654;20
1.04;-1.94;-1.156;20
0.922;-1.693;-1.254;20
2.036;-0.906;-0.234;20
0.796;-1.365;-1.46;20
0.075;-1.676;-0.501;20
0.668;-1.054;0.073;20
2.792;-0.22;0.274;20
0.982;-0.125;-0.958;20
1.017;0.77;0.485;19
2.984;1.123;2.048;20
-0.245;0.781;0.905;20
-1.105;0.883;1.622;20
-2.473;1.523;0.838;20
-0.998;1.764;1.047;20
-1.436;1.734;0.01;20
-1.934;1.242;-0.028;20
-1.256;-0.315;-0.164;20
-2.525;-1.387;-0.778;20
-1.445;-3.979;-2.133;20
-0.926;-2.504;-1.166;20
-0.935;-0.646;-1.015;20
0.882;-0.676;-0.41;20
2.169;-0.743;-0.918;20
-0.169;0.045;-0.374;20
-1.574;0.891;0.05;20
-2.365;0.251;-1.711;20
-1.101;-0.575;-2.405;20
1.407;0.428;0.409;20
3.15;2.402;1.833;20
2.949;4.389;1.752;20
3.327;4.551;1.582;20
2.219;4.153;0.996;20
1.565;3.556;1.667;20
1.754;3.486;1.286;20
1.062;3.359;-0.153;20
1.352;2.625;-0.385;20
1.182;1.748;0.147;20
0.919;1.365;-0.082;20
0.593;1.499;0.358;20
0.321;1.072;-0.104;20
-0.653;0.882;-0.672;20
-0.287;0.806;-0.085;20
0.445;0.867;0.479;20
-0.326;0.872;0.766;20
0.128;0.652;1.185;20
0.932;-0.404;0.97;20
-0.993;-1.186;1.206;20
-0.796;-1.781;0.866;20
-0.776;-2.437;1.282;20
-3.471;-2.289;1.711;19
-4.943;-1.945;1.216;20
-3.731;-1.093;-0.243;20
-1.852;-2.072;-1.992;21
-1.674;-2.696;-2.477;19
1.042;-2.892;0.988;20
0.269;-2.406;1.8;20
-0.797;-2.387;0.86;20
-1.098;-1.161;1.296;20
0.826;0.036;1.668;20
0.94;0.569;1.048;20
-0.033;0.044;-0.145;20
-0.159;-1.401;-0.734;20
-0.309;-2.301;-0.838;20
0.089;-2.77;-0.918;20
0.766;-2.296;-1.051;20
0.808;-1.45;-0.843;20
1.46;-0.884;-0.423;20
0.42;-0.357;-0.798;20
1.86;-0.64;-0.332;20
3.749;-0.133;0.78;20
2.269;-0.538;-0.082;20
-0.035;-0.951;-0.275;20
-0.764;0.118;0.629;20
0.021;0.832;0.368;20
-0.15;1.387;-0.207;20
1.02;0.492;-0.302;20
1.493;-0.402;0.222;20
0.661;-0.538;0.216;20
-1.396;-0.24;0.504;20
-2.71;-0.937;0.336;20
-3.855;-1.009;-0.752;20
-3.231;-1.146;-1.408;20
-1.608;-1.324;-0.73;20
-0.272;-0.491;-0.306;20
-0.718;0.061;-0.272;20
-0.877;-0.018;0.126;20
-1.074;0.29;0.267;20
-0.176;0.39;-0.408;20
0.799;0.362;-0.54;20
0.813;1.011;0.384;19
0.533;1.825;0.254;20
0.758;1.986;0.181;20
0.867;1.744;-0.118;20
1.114;1.54;0.102;20
0.802;1.943;-0.049;20
0.399;2.882;0.388;20
1.494;3.27;0.81;20
1.987;3.605;0.94;20
0.791;3.766;1.02;20
0.217;2.894;0.653;20
0.668;2.356;1.491;20
0.773;2.346;0.261;20
-0.815;1.958;-0.365;20
-0.425;1.801;-1.078;20
-0.206;1.495;-1.203;20
1.06;1.321;-0.425;20
1.855;1.377;-0.87;20
1.531;1.414;-0.71;20
1.008;1.14;-0.173;20
1.565;1.141;0.633;20
1.147;0.149;-0.334;20
-0.89;-0.897;-0.092;20
-1.945;-1.098;0.88;20
-2.523;-1.629;0.478;20
-3.665;-3.098;-0.54;20
-3.224;-4.129;0.386;20
-1.647;-4.228;1.371;20
-0.517;-3.343;0.863;20
-0.114;-1.982;1.707;20
-0.083;-1.262;2.562;20
-0.48;-0.56;2.151;20
-0.217;-0.029;1.88;20
-0.237;0.241;1.755;20
-0.936;0.288;1.27;20
-1.719;-0.557;0.494;20
-2.808;-1.684;-0.417;20
-2.483;-2.772;-1.061;20
-0.865;-3.008;-1.228;20
0.893;-2.933;-1.081;19
0.831;-2.42;-1.227;20
1.237;-1.325;-0.723;20
2.875;-0.331;-0.165;20
2.592;-0.479;-1.097;20
0.568;-0.078;-0.805;20
0.423;0.175;0.033;20
1.438;0.19;0.175;20
1.035;-0.282;-0.251;20
1.16;-0.401;0.577;20
1.126;0.025;0.57;20
0.06;0.076;0.109;20
-0.601;0.143;0.762;20
-0.629;-0.424;-0.107;20
-1.437;-0.711;-1.102;20
-1.465;-0.605;-1.041;20
-1.94;0.271;-0.581;20
-0.789;0.506;0.034;20
-0.091;0.652;0.272;20
0.875;0.856;0.679;20
0.629;1.204;0.632;20
0.046;1.765;0.827;20
0.071;1.299;0.301;20
-0.746;0.643;-0.468;20
-1.518;-0.267;0.08;20
-1.624;-0.558;-0.163;20
-0.706;0.531;-0.524;20
-0.04;0.803;-1.436;20
-0.708;1.792;-2.405;20
-0.74;1.661;-0.58;20
-0.991;1.236;-0.02;20
-0.553;0.925;-0.547;20
-0.325;0.761;-0.286;20
0.117;1.236;-0.473;20
1.654;1.65;0.617;20
1.83;2.281;0.684;20
2.071;2.608;1.226;20
2.284;2.882;0.74;20
1.478;3.45;0.117;20
2.112;3.122;-0.349;20
0.355;3.067;-0.874;20
0.042;2.465;-0.584;19
0.366;2.648;0.448;20
1.751;2.672;0.54;20
1.016;2.71;-0.133;20
-0.496;2.452;-0.326;20
0.846;1.575;0.249;20
1.222;1.119;-0.194;20
0.212;1.105;-0.16;20
-0.635;0.262;-0.593;20
-1.017;-0.291;-0.824;20
0.748;-0.322;-0.293;20
1.804;-1.609;-0.668;20
-3.639;-1.269;0.367;20
-1.328;-1.106;-0.963;20
-1.267;-2.346;-0.885;20
-2.298;-3.452;-0.605;20
-1.909;-3.601;-0.572;20
1.022;-3.567;0.438;20
0.383;-2.302;0.671;20
1.151;-1.551;1.078;20
1.034;-0.425;1.655;20
-0.462;-0.744;1.181;20
-2.886;-1.538;-0.096;20
-2.463;-2.867;-0.699;20
-1.815;-3.337;-0.906;20
-1.924;-2.957;-1.129;20
-1.455;-3.283;-0.444;20
-0.453;-3.087;0.901;20
0.311;-2.425;0.898;20
1.239;-0.796;1.026;20
2.731;0.73;0.875;20
2.286;0.513;-0.087;20
0.483;0.58;0.436;20
0.958;-0.801;-0.218;20
-1.565;-0.423;-0.408;20
-0.23;-0.593;-0.618;20
0.028;-1.242;-1.541;20
-1.224;-1.03;-0.648;20
0.656;-0.807;0.753;20
0.815;-0.768;-0.211;20
1.626;-1.897;0.397;19
0.12;-1.913;1.069;20
-0.742;-0.939;1.308;20
-0.18;-0.168;-0.456;20
2.341;0.503;0.801;20
-0.889;0.235;-1.878;20
-2.721;1.189;0.711;20
1.073;0.636;1.312;20
1.048;2.673;0.02;20
0.164;2.991;-1.005;20
0.049;2.116;-0.285;20
0.143;1.513;0.383;20
-1.92;0.848;0.208;20
-4.748;0.532;-0.351;20
-3.381;-0.813;-0.243;20
-3.752;-1.069;-1.236;20
-2.797;-1.145;-1.197;20
-0.592;-0.01;-0.656;20
1.44;0.803;-0.435;20
2.135;1.699;0.946;20
4.123;2.253;2.078;20
4.908;2.98;1.379;20
4.934;3.554;1.046;20
3.913;3.912;0.735;20
3.503;3.903;1.151;20
3.093;3.909;1.187;20
1.212;3.339;-0.032;20
-1.021;2.513;-0.88;20
-3.439;1.723;-0.999;20
-0.905;0.606;-0.936;20
-1.735;0.847;-2.45;20
-1.43;0.586;-1.12;20
-0.247;0.62;-1.911;20
0.405;1.157;-1.274;20
2.309;0.809;-0.278;20
0.599;1.165;0.567;20
1.768;1.241;0.736;20
1.259;0.957;0.475;20
0.272;0.371;0.793;20
-0.497;-1.089;0.552;19
-3.029;-1.59;-0.499;20
-2.217;-1.883;-0.179;20
-2.371;-2.38;-0.006;20
-2.875;-3.962;0.203;20
-2.792;-4.822;0.113;20
-0.945;-4.124;-0.377;20
-0.058;-2.242;0.031;20
-0.02;-1.007;0.681;20
0.075;-0.605;0.536;20
0.418;-0.845;0.978;20
0.014;-0.841;0.837;20
0.161;-0.916;0.923;20
-0.275;-1.595;0.672;20
-1.913;-1.16;0.678;20
0.552;-1.722;0.059;20
0.504;-1.782;-0.173;20
-0.732;-2.431;-0.238;20
0.844;-1.744;0.756;20
0.365;-1.187;0.384;20
0.903;-1.492;-0.162;20
0.179;-1.483;-0.543;20
1.017;-1.2;-0.192;20
0.983;-0.867;-0.403;20
0.744;-0.798;-0.555;20
1.636;-0.769;0.284;20
1.661;-0.25;-0.268;20
1.373;0.516;-0.013;20
0.969;0.298;0.072;20
-0.097;0.086;0.775;20
-0.532;-0.141;0.646;20
-1.505;0.162;0.661;20
-1.765;0.19;0.432;20
-1.668;-0.02;-0.136;20
-1.526;-0.878;-0.297;20
-1.825;-1.445;-1.374;20
-2.548;-1.518;-1.74;20
-1.552;-1.663;-1.251;20
-0.26;-0.787;-2.831;20
0.109;0.364;-2.234;19
0.574;1.071;-0.498;20
0.76;1.52;0.34;20
1.155;1.827;0.094;20
1.201;2.337;-0.761;20
1.92;2.512;-0.315;20
2.851;2.651;1.147;20
2.338;3.628;2.573;20
2.039;4.518;1.333;20
2.479;4.379;1.036;20
1.836;4.332;0.695;20
1.383;4.001;-0.18;20
0.445;3.604;0.804;20
-0.374;3.04;0.729;20
0.659;2.472;0.048;20
-0.486;2.029;-1.207;20
-0.568;1.67;-0.442;20
0.179;1.27;-0.606;20
0.608;1.101;-0.578;20
0.752;0.621;-1.05;20
0.047;0.283;-1.081;20
0.174;-0.389;-0.631;20
-0.268;-1.252;-0.475;20
-1.007;-1.964;-0.633;20
-0.887;-2.413;-0.685;20
-0.989;-2.651;-0.587;20
-1.354;-2.098;-0.258;20
-0.765;-1.839;0.338;20
-0.468;-1.959;0.467;20
-1.305;-2.323;0.376;20
-1.153;-1.887;0.099;20
0.568;-1.11;0.687;20
0.276;-1.128;1.848;20
-2.551;-3.436;0.48;20
-3.592;-5.181;0.03;20
-2.437;-4.615;-0.236;20
-1.236;-2.259;-0.199;20
-1.257;-0.686;0.121;20
0.446;-0.334;1.383;19
1.198;-0.438;0.392;20
1.212;-0.624;0.261;20
1.041;-0.361;0.251;20
0.052;-0.293;-0.154;20
0.774;-0.812;-0.446;20
0.852;-0.755;-0.45;20
0.581;-0.79;-0.901;20
0.923;-0.83;-0.163;20
0.668;-0.925;0.526;20
0.011;-1.121;0.492;20
-0.987;-1.427;0.125;20
-2.26;-0.541;0.199;20
0.534;0.005;1.31;20
0.586;1.011;-0.731;20
1.513;0.848;-0.315;20
-1.188;-0.414;-0.333;20
-5.048;-2.237;-0.694;20
-7.985;-0.786;-0.151;20
-1.054;0.782;-1.112;20
1.223;0.345;-1.764;20
-0.101;-1.527;-0.094;20
1.614;-1.854;1.155;20
2.265;0.771;0.953;20
1.831;3.323;0.434;20
2.522;4.006;0.468;20
3.156;3.927;0.364;20
2.649;3.955;0.034;20
3.338;3.773;2.45;20
2.827;4.217;1.378;20
2.502;4.258;0.75;20
1.225;3.862;-0.078;20
-0.356;3.115;-0.898;20
-0.204;2.348;-0.855;20
0.543;2.432;-0.552;20
0.171;1.707;-1.459;20
0.492;1.628;-0.819;20
0.867;1.165;-0.904;20
0.465;0.917;-0.437;19
0.841;0.96;-0.31;20
1.634;0.727;0.687;20
0.54;0.18;0.002;20
0.219;-0.65;-0.227;20
-0.058;-1.726;-0.247;20
-0.544;-2.636;-0.184;20
-0.286;-3.379;-0.222;20
-0.516;-3.004;-0.132;20
-0.868;-2.363;-0.315;20
-0.958;-1.775;0.246;20
-0.97;-1.992;0.843;20
-2.726;-3.296;0.065;20
-3.382;-4.037;-0.051;20
-3.138;-4.283;0.534;20
-5.294;-4.389;-0.588;20
-6.058;-4.149;-1.882;20
-4.532;-2.227;-1.968;20
-0.436;-0.701;-0.381;20
2.567;-0.06;0.61;20
3.376;0.247;0.923;20
3.204;0.437;1.1;20
3.405;1.189;2.16;20
2.601;0.938;1.308;20
2.997;0.258;1.345;20
0.692;-0.448;0.44;20
-2.377;-0.787;-0.174;20
-1.672;-1.101;0.243;20
-2.909;-0.648;-0.79;20
-0.901;-1.519;-0.478;20
-0.443;-1.265;-0.736;20
0.592;-0.794;0.112;20
1.241;-0.331;0.749;20
0.657;0.432;0.828;20
0.067;0.925;1.134;20
-0.136;0.633;0.181;20
-0.893;0.303;-0.734;20
-2.346;-1.05;-0.443;19
-4.172;-1.675;-0.539;20
-1.753;-1.437;-1.591;20
0.149;-0.493;-2.151;20
0.593;0.28;-0.77;20
0.483;0.749;-0.193;20
-0.314;1.622;-0.371;20
0.972;2.164;-0.215;20
3.129;2.422;1.429;20
3.217;3.48;1.237;20
4.286;4.48;2.546;20
5.325;4.837;2.755;20
3.131;5.031;1.067;20
0.807;4.08;0.2;20
-0.621;3.26;-0.158;20
-1.154;3.025;-0.236;20
-1.077;2.12;-1.361;20
-0.389;1.365;-1.527;20
-0.686;1.126;-1.72;20
1.184;1.284;-0.479;20
1.707;1.57;-0.772;20
1.205;1.742;-0.01;20
1.628;1.403;0.411;20
0.734;1.06;0.344;20
0.417;0.681;0.268;20
0.429;-0.114;-0.263;20
-0.2;-1.25;-0.615;20
-1.828;-2.657;-0.673;20
-2.134;-3.571;-0.955;20
-1.879;-3.617;-0.648;20
-1.229;-3.705;-0.177;20
-1.196;-2.697;0.524;20
-0.343;-1.64;1.296;20
-1.015;-1.017;0.73;20
-2.646;-0.925;0.334;20
-2.689;-1.64;0.528;20
-3.388;-2.436;0.464;20
-3.203;-2.087;-0.433;20
-1.89;-2.782;-0.758;20
0.488;-2.905;-0.134;19
0.666;-2.385;-0.167;20
1.661;-1.626;0.918;20
0.146;-0.812;-0.185;20
1.647;-0.758;0.842;20
0.73;-0.407;0.511;20
2.287;-1.08;0.883;20
1.021;-0.68;0.828;20
1.198;-0.24;0.618;20
1.498;-0.435;-0.177;20
0.995;-0.575;-0.589;20
0.263;-0.475;-0.177;20
-0.258;-0.421;-0.135;20
-0.421;-0.424;0.525;20
-1.292;-0.411;0.499;20
-1.294;0.218;1.583;20
-1.351;0.53;0.244;20
-0.468;-0.16;-0.704;20
-1.165;0.028;-0.989;20
-1.012;-0.137;-0.656;20
0.533;-0.205;1.082;20
0.438;0.627;0.168;20
-1.199;1.184;-0.963;20
-1.813;0.701;-1.543;20
-2.605;0.265;-1.471;20
-2.076;-0.085;-1.703;20
-0.884;-0.098;-1.63;20
-0.703;0.394;0.094;20
1.305;0.708;0.479;20
1.829;1.418;0.527;20
3.184;2.831;2.14;20
2.989;4.456;1.319;20
3.148;4.434;1.032;20
2.673;4.149;0.982;20
2.245;4.013;0.776;20
0.788;4.046;0.471;20
0.464;3.573;-0.144;20
-0.199;3.361;-0.224;20
-0.079;2.936;-0.942;20
0.006;2.57;0.04;19
1.466;2.174;-0.042;20
0.119;1.738;-0.523;20
1.601;1.301;0.241;20
3.002;0.236;0.053;20
1.16;-0.202;0.822;20
-0.391;0.832;1.442;20
2.086;0.015;0.719;20
-0.173;-1.744;0.091;20
-2.337;-2.523;-0.42;20
-2.324;-3.462;-1.798;20
-2.089;-4.241;-2.701;20
-2.64;-4.722;-2.721;20
-1.542;-4.268;-1.826;20
-1.437;-2.754;-0.887;20
-0.318;-2.749;-0.006;20
-1.722;-2.106;-0.742;20
-0.392;-2.107;-0.244;20
-0.689;-1.841;-0.025;20
-1.135;-0.976;-0.13;20
-1.015;-1.929;-0.002;20
-1.223;-1.738;0.606;20
-0.426;-1.263;0.728;20
-0.144;-1.607;0.395;20
-0.547;-1.049;0.772;20
-0.572;-1.053;0.467;20
-0.121;-0.773;0.749;20
0.004;-0.691;0.601;20
0.891;-0.138;1.235;20
1.904;0.343;1.302;20
1.405;0.403;1.141;20
0.688;0.648;1.214;20
0.664;0.097;0.857;20
0.169;-0.569;-0.447;20
-0.932;-0.739;-0.608;20
-1.89;-0.935;-0.084;20
-2.126;-0.795;0.036;20
-1.277;-0.049;0.345;20
0.295;-0.287;-0.045;20
-0.159;-0.633;-0.438;19
-0.312;-0.222;0.216;20
-0.414;-0.528;-0.17;20
-1.423;-0.384;-0.377;20
-0.936;-0.557;-0.587;20
-0.981;-0.395;-1.098;20
-0.539;-0.171;-0.831;20
0.169;0.276;-1.401;20
0.816;1.008;-0.675;20
0.882;1.38;-0.151;20
0.941;1.29;0.16;20
1.135;1.703;0.305;20
2.158;2.531;1.654;20
2.864;3.433;1.632;20
3.017;4.16;0.875;20
2.366;4.505;0.735;20
2.263;4.243;1.372;20
1.36;3.992;0.777;20
0.478;2.86;-0.3;20
-1.086;2.178;-1.166;20
-0.884;1.168;-1.057;20
-0.545;0.812;-1.326;20
-0.772;0.3;-1.642;20
-0.91;0.211;-1.921;20
-0.225;0.268;-1.404;20
0.141;-0.009;-1.31;20
-0.347;-0.242;-1.325;20
-0.423;-0.976;-1.358;20
-0.304;-0.697;-0.979;20
-0.748;-0.663;-1.322;20
-0.73;-1.292;-1.162;20
1.155;-1.579;-0.331;20
-0.244;-0.802;-0.436;20
-1.293;-1.003;-0.591;20
0.059;-1.545;-0.338;20
-0.136;-1.521;-0.604;20
-0.583;-1.504;-0.541;20
-0.327;-1.311;-0.486;20
0.205;-0.826;-0.438;20
0.698;-0.631;-0.227;20
0.399;-0.134;-0.154;19
0.288;-0.431;0.07;20
-0.087;-0.462;-0.032;20
-0.388;-1.184;0.025;20
-0.118;-1.024;0.066;20
-0.457;-0.523;-0.193;20
-0.453;-0.713;0.413;20
-0.718;-0.635;-0.107;20
-0.469;-1.061;-0.324;20
-0.39;-1.223;-0.246;20
0.303;-1.433;-0.669;20
0.95;-1.132;-0.473;20
0.896;-0.281;-0.293;20
1.155;0.416;0.612;20
1.579;0.394;1.579;20
1.347;-0.033;0.447;20
1.478;0.04;-0.043;20
1.977;0.728;0.181;20
2.0;1.42;0.557;20
1.277;1.511;1.55;20
-2.328;1.987;2.054;20
-5.994;-0.086;1.372;20
-5.666;-3.092;-2.367;20
-3.682;-0.897;-4.148;20
-2.613;2.413;-2.586;20
-1.705;4.017;0.31;20
-0.668;4.843;2.211;20
-0.284;5.165;2.92;20
-0.942;4.992;2.452;20
-2.299;3.96;1.705;20
-1.744;2.344;0.987;20
-3.412;0.397;-1.498;20
-2.69;-2.708;-0.782;20
1.379;-4.848;-1.103;20
6.17;-2.901;1.785;20
8.68;-0.173;-1.334;20
8.489;1.979;-2.627;20
5.919;2.661;-2.788;20
5.013;0.149;-3.698;20
6.114;-1.333;-0.823;19
3.113;2.155;-1.197;20
3.73;-1.906;-1.721;20
-0.624;0.091;-1.071;20
-4.264;-2.965;2.329;20
-7.758;-2.683;0.609;20
-6.02;-1.871;-0.684;20
-2.259;-1.145;0.141;20
1.072;-3.431;1.41;20
0.632;-3.145;0.649;20
-0.156;-1.19;-1.072;20
-1.713;0.025;-2.274;20
-1.158;-0.865;-1.691;20
-1.454;1.039;2.191;20
-0.452;0.222;4.009;20
0.329;-0.377;3.315;20
0.653;-0.264;1.989;20
-0.199;0.549;0.246;20
0.007;-0.848;-0.886;20
-1.268;-1.12;-1.637;20
-1.874;-1.057;-1.656;20
-1.026;-1.519;-1.655;20
-0.294;-1.97;-1.652;20
0.368;-2.154;-0.754;20
0.877;-1.602;-0.175;20
1.669;-2.011;0.467;20
1.943;-1.565;0.729;20
2.419;-0.714;1.547;20
2.34;0.626;1.96;20
1.653;1.212;1.366;20
2.001;0.824;0.601;20
2.513;0.663;-0.817;20
2.82;1.811;-1.828;20
3.825;-1.497;-1.254;20
3.734;-2.467;-0.11;20
4.821;-5.694;1.537;20
4.588;-0.455;0.072;20
2.76;-1.045;0.966;19
2.053;0.296;2.262;20
3.302;1.213;3.434;20
4.104;1.562;2.021;20
4.06;0.556;1.487;20
3.745;-1.417;1.148;20
3.032;-2.181;0.216;20
2.585;-4.462;-1.404;20
1.411;-2.271;-1.605;20
0.006;-2.082;-3.719;20
-0.191;-4.368;0.962;20
2.793;-1.473;1.978;20
0.703;4.393;1.121;20
-2.72;1.207;1.508;20
0.335;-4.497;1.573;20
2.796;-2.571;1.905;20
3.576;-1.46;2.117;20
1.789;-2.031;0.674;20
0.087;-0.941;-1.108;20
-0.981;0.399;-0.736;20
0.565;0.034;0.297;20
3.765;-2.154;4.495;20
2.465;-5.836;-0.891;20
-0.493;-3.088;-0.521;20
-1.597;-1.393;2.646;20
-3.085;0.823;2.529;20
-3.169;3.004;1.811;20
-1.535;3.803;2.166;20
1.154;0.988;0.605;20
2.771;-1.426;-1.617;20
4.097;-4.31;3.304;20
0.525;0.821;3.235;20
1.095;2.601;-1.571;20
2.786;1.304;-0.721;20
-0.723;0.681;0.811;20
-3.742;0.002;0.819;20
-3.051;1.315;0.249;19
-0.77;3.517;-0.813;20
-0.537;4.488;1.802;20
-1.822;3.8;3.084;20
-1.079;0.638;2.733;20
1.029;-4.495;0.212;20
1.184;-3.939;0.445;20
1.185;-6.537;0.274;20
-0.874;-1.081;0.297;20
-0.902;8.634;0.305;20
3.196;3.016;-0.674;20
2.982;-2.545;2.487;20
0.932;0.017;1.32;20
1.351;-4.175;0.855;20
0.931;-5.685;0.007;20
0.437;-3.785;-0.276;20
0.64;-1.259;3.422;20
-0.636;-0.555;2.04;20
-6.279;3.417;-0.548;20
-5.594;0.882;1.81;20
0.283;-0.124;-0.515;20
-1.146;-0.101;0.447;20
-4.597;-0.026;1.83;20
-7.725;2.769;0.276;20
-0.592;-1.197;1.058;20
-1.214;-1.289;0.043;20
-3.441;0.031;-1.814;20
-4.64;0.902;-2.747;20
-5.391;0.157;7.563;20
-6.471;-0.082;7.427;20
-7.34;3.229;4.691;20
-5.033;4.215;1.257;20
-2.65;4.341;2.817;20
-1.255;4.616;5.381;20
0.867;3.751;6.8;20
2.768;3.127;6.237;20
3.718;2.661;5.156;19
3.519;2.768;4.439;20
3.542;3.387;3.816;20
4.702;2.22;2.97;20
4.875;2.111;2.303;20
4.462;2.266;1.18;20
4.19;1.58;-0.719;20
3.997;2.78;-2.874;20
4.384;2.574;-3.596;20
4.147;2.224;-3.14;20
2.807;2.226;-2.762;20
0.766;2.555;-2.822;20
-1.283;3.093;-3.197;20
-2.475;3.753;-3.82;20
-1.77;2.87;-4.567;20
-16.161;4.319;14.354;20
-3.665;-2.084;-4.004;20
0.225;2.954;1.1;20
0.527;4.055;1.165;20
1.113;4.073;-0.331;20
0.344;4.214;0.444;20
-0.417;3.07;0.979;20
0.742;2.435;1.977;20
1.265;2.243;3.006;20
0.976;1.735;3.136;20
1.161;1.304;2.313;20
1.056;1.304;2.021;20
-0.583;1.583;0.785;20
-1.45;1.779;0.201;20
-1.34;1.564;0.134;20
-1.063;1.898;-0.174;20
-0.973;1.874;0.727;20
-1.406;1.879;0.683;20
-0.941;1.852;-0.439;20
-0.949;1.781;-1.027;20
-0.471;1.624;-0.226;20
-0.004;1.41;0.645;20
-0.749;0.869;1.458;19
-1.514;1.225;-0.043;20
-0.976;0.706;-0.144;20
-0.82;0.749;-0.539;20
-0.651;0.877;-0.812;20
-0.51;1.097;-0.809;20
-0.976;1.385;-1.098;20
-0.157;1.505;-0.989;20
0.357;1.44;-0.817;20
-0.113;1.366;-0.633;20
-0.592;1.268;-0.366;20
-0.32;1.114;-0.199;20
-0.075;0.826;0.508;20
-0.101;0.523;0.602;20
-0.327;0.487;0.685;20
0.059;0.351;0.472;20
-0.153;0.531;0.11;20
0.039;0.503;-0.509;20
0.253;0.558;-0.498;20
0.077;0.615;-0.861;20
0.151;0.585;-0.861;20
0.553;0.627;-0.7;20
0.162;0.685;-0.617;20
-0.036;0.521;-0.405;20
-0.469;0.504;-0.26;20
-0.433;0.309;0.342;20
0.322;0.175;0.756;20
0.809;0.201;0.652;20
0.907;0.25;0.461;20
0.49;0.099;0.336;20
0.289;0.162;-0.437;20
-0.824;0.275;-0.624;20
1.079;0.243;0.598;20
1.54;0.057;1.033;20
0.211;0.003;0.222;20
-0.56;0.155;-0.424;20
-0.5;0.151;0.017;20
0.042;0.222;0.18;19
0.153;0.216;0.054;20
0.396;0.049;-0.112;20
0.275;0.145;-0.406;20
0.254;0.26;-0.601;20
-0.066;0.28;-0.276;20
-0.016;0.188;-0.064;20
0.235;0.2;-0.118;20
0.308;0.249;-0.225;20
0.096;0.299;-0.034;20
0.053;0.243;0.041;20
0.211;0.239;0.055;20
0.147;0.164;0.012;20
-0.067;0.194;-0.212;20
-0.327;0.19;-0.231;20
-0.264;0.233;-0.148;20
-0.073;0.231;-0.3;20
0.093;0.186;-0.101;20
-0.08;0.127;-0.159;20
-0.438;0.206;-0.034;20
0.029;0.138;-0.118;20
-0.239;0.208;-0.066;20
-0.205;0.102;-0.022;20
0.035;0.008;0.014;20
0.108;-0.037;-0.009;20
0.217;-0.017;-0.269;20
0.208;0.021;-0.124;20
0.043;0.016;0.021;20
-0.092;0.028;0.089;20
0.147;-0.018;0.143;20
0.202;0.003;0.031;20
0.223;-0.107;-0.005;20
0.543;-0.186;0.856;20
0.798;-0.347;0.539;20
0.397;-0.268;0.548;20
-0.152;-0.223;0.263;20
-0.176;-0.135;0.112;20
-0.166;-0.116;-0.042;19
-0.065;-0.149;-0.019;20
-0.132;-0.138;0.128;20
0.144;-0.196;0.142;20
0.196;-0.107;-0.033;20
0.005;-0.045;-0.115;20
-0.29;-0.07;-0.083;20
-0.447;-0.04;0.276;20
-0.226;-0.068;0.169;20
-0.014;-0.141;0.105;20
0.046;-0.034;0.11;20
0.005;-0.084;0.262;20
-0.152;-0.07;0.151;20
-0.001;-0.098;0.064;20
0.288;-0.146;0.24;20
0.23;-0.139;0.148;20
-0.068;-0.073;-0.059;20
-0.305;0.002;-0.394;20
-0.075;0.045;-0.651;20
0.149;0.045;-0.861;20
-0.199;0.029;-1.134;20
0.407;-0.161;-0.23;20
0.667;-0.081;0.397;20
0.587;-0.236;0.528;20
0.315;-0.282;0.433;20
0.018;-0.34;0.32;20
0.156;-0.397;0.741;20
0.212;-0.439;1.138;20
0.048;-0.488;1.208;20
-0.114;-0.483;1.13;20
-0.037;-0.381;0.522;20
-0.201;-0.183;0.259;20
-0.164;-0.098;0.0;20
0.019;-0.061;-0.09;20
-0.003;-0.001;-0.244;20
0.094;0.026;-0.418;20
-0.002;0.05;-0.57;20
0.083;-0.031;-0.487;19
0.102;0.029;-0.155;20
0.052;0.007;0.076;20
-0.026;-0.006;0.026;20
-0.038;0.016;-0.014;20
-0.144;0.119;0.065;20
-0.146;0.04;0.072;20
0.008;0.072;0.068;20
0.091;0.023;0.018;20
-0.094;0.01;0.151;20
-0.211;0.014;0.072;20
-0.048;-0.02;0.077;20
0.169;0.022;-0.082;20
0.095;0.123;-0.104;20
-0.048;0.088;-0.194;20
-0.049;0.159;-0.258;20
-0.045;0.153;-0.247;20
-0.133;0.166;-0.053;20
0.163;0.099;-0.081;20
0.052;0.144;-0.069;20
-0.024;0.113;-0.15;20
-0.26;0.163;-0.181;20
-0.088;0.135;-0.182;20
0.051;0.137;-0.144;20
0.048;0.123;-0.147;20
-0.137;0.167;-0.151;20
-0.198;0.129;-0.027;20
-0.088;0.112;-0.136;20
0.063;0.148;-0.159;20
0.144;0.135;-0.145;20
-0.014;0.094;-0.224;20
-0.38;0.109;-0.993;20
-0.345;0.134;0.438;20

# Completed @Tue Jan 26 20:22:41 GMT+02:00 2021
