# Accelerometer Data File
# Started @Tue Jan 26 20:15:55 GMT+02:00 2021
#
#
# sensor Vendor: BOSCH
# sensor Name: BMI160 Accelerometer Non-wakeup
# sensor Resolution: 0.0023928226m/sec^2; Max Range: 78.4532; Min Delay: 2500 microseconds
# The sensor's attributes are the result hardware and the Android capabilities.
# It means that the Android may not utilize all features provided by the hardware.
#
# Some devices and Android versions save battery too much so the device may go to sleep.
# It just happens after couple of minutes from turning off the scree and it is easy to find it out.
#
# The following file provides the data from accelerometer in the m/s^2 format.
# The diff value is just a time delta between the samples
#
#
# data format:
# so we have 4 columns with values separated by the ";"
# X;Y;Z;time_from_previous_sample(ms)

# sensor speed set to:NORMAL
# units set to: m/sec^2
# gravity  filtered out
# Accuracy: HIGH
1.932;5.604;6.428;0
1.654;5.27;6.916;19
1.376;5.025;7.114;20
1.59;3.795;6.551;20
2.634;0.63;3.526;20
2.459;0.652;2.629;20
0.741;2.402;4.025;20
-0.278;2.572;3.323;20
-0.058;1.02;1.238;20
-0.69;2.17;2.002;20
-1.244;3.395;2.635;20
-0.361;3.232;2.219;20
0.321;2.613;2.541;20
0.982;1.7;2.383;20
1.382;1.1;1.641;20
1.24;1.323;0.643;20
0.66;1.642;0.006;20
-0.433;1.951;0.253;20
-0.644;1.663;-1.415;20
-0.71;1.087;-3.83;20
0.311;-0.326;-0.761;20
1.572;-0.771;1.876;20
1.957;-1.614;1.108;20
1.988;-2.312;-0.239;20
1.024;-2.765;1.366;20
1.561;-3.184;3.005;20
0.329;-3.656;4.161;20
-1.098;-3.323;5.675;20
-2.163;-1.729;7.122;20
-1.708;-1.651;5.014;20
-0.323;-1.508;1.037;20
0.627;-2.789;-0.135;20
0.723;-2.801;-1.902;20
-0.204;-1.948;-1.139;20
-1.321;-3.021;0.934;20
-2.965;-2.003;2.428;20
-3.11;-2.289;2.437;20
-2.046;-2.232;1.482;20
-1.593;-1.534;1.319;20
-1.05;-1.962;0.779;20
-0.728;-3.325;3.266;20
-2.87;-0.993;-1.527;20
-1.874;-1.934;-1.148;20
0.174;-3.408;-3.613;20
-2.816;0.278;-2.485;20
-2.722;-0.584;-2.238;20
-3.033;-1.427;-4.935;20
4.056;-3.69;-4.404;20
4.236;-5.568;-5.97;20
0.919;-4.636;-7.61;20
-1.552;-4.905;-7.353;20
-3.213;-4.322;-6.864;20
-5.165;-5.348;-5.61;20
-8.918;-4.644;-2.043;20
-14.927;-4.141;3.953;20
-21.639;-0.571;5.373;20
-21.75;2.079;1.232;20
-15.81;2.365;-4.987;20
-10.982;3.071;-9.191;20
-7.848;4.194;-10.027;20
-4.865;4.629;-6.447;20
-4.975;5.618;-4.783;20
-3.052;5.164;-5.512;20
-0.045;3.801;-2.692;20
2.131;1.826;1.751;20
3.93;0.716;1.749;20
5.731;-0.371;0.304;20
3.795;-0.17;1.09;20
3.251;-0.395;-0.411;20
3.164;-0.044;-1.849;20
2.627;-1.301;-0.056;20
0.667;-0.632;0.426;20
-0.089;-0.496;-0.225;20
1.825;-3.556;3.236;20
0.788;-3.207;2.387;19
-1.605;-3.335;1.108;20
-0.803;-3.467;1.25;20
-1.002;-2.468;0.949;20
-1.623;-1.612;0.675;20
0.13;-1.149;-0.495;20
1.453;-0.696;-0.269;20
1.492;0.787;-0.642;20
-7.123;7.045;1.148;20
-2.414;6.616;1.238;20
5.235;2.765;0.924;20
11.52;-0.473;-2.93;20
10.823;-3.279;-6.461;20
5.656;-2.059;-7.408;20
7.514;-1.388;-1.73;20
8.659;-5.559;8.185;20
-5.989;-0.028;11.591;20
-7.708;2.044;1.846;20
-6.326;1.852;-3.67;20
-8.293;2.109;-3.817;20
-2.481;-1.554;-3.358;20
2.4;-3.625;-0.385;20
1.466;-1.74;2.239;20
3.278;-1.863;-1.914;20
7.121;-7.114;0.268;20
2.866;-6.165;3.394;20
-1.486;-3.952;1.59;20
-3.269;-3.11;-0.569;20
-4.448;-5.153;-0.065;20
-2.57;-4.246;-0.427;20
-0.638;-1.67;-0.944;20
0.806;-3.628;-1.547;20
1.807;-1.223;1.526;20
2.478;3.25;-0.018;20
7.16;1.655;-5.034;20
3.561;4.371;4.994;20
1.137;-0.178;0.254;20
1.44;-1.657;-2.18;20
1.768;-2.675;-1.115;20
1.088;-3.23;0.06;20
1.368;-3.037;0.164;20
1.723;-2.357;-0.862;20
1.764;-1.613;-0.91;20
1.304;-0.889;-0.255;20
1.217;-0.084;-0.439;20
0.804;0.101;-0.493;20
0.308;0.197;-0.596;20
0.204;1.376;0.108;20
-0.227;-1.691;0.525;20
0.614;-1.384;-1.192;20
0.44;0.916;0.086;20
1.111;-0.783;-0.081;20
-0.271;-2.817;-0.035;20
0.477;-0.021;-2.352;20
-0.539;2.278;0.649;20
-1.355;1.16;0.883;20
-0.145;0.603;-0.593;20
-0.427;1.149;0.411;20
0.587;-0.122;0.357;20
0.891;-0.998;-0.241;20
1.109;-1.033;-0.142;20
0.352;0.918;-0.259;20
1.007;2.769;0.417;20
1.975;0.185;0.306;20
2.191;0.451;-0.202;20
1.736;2.175;0.671;20
1.828;0.867;-0.47;20
2.463;1.662;-0.659;20
2.302;1.104;-0.703;20
4.658;3.389;-0.298;20
1.557;-7.766;-2.43;20
0.678;-7.485;-2.277;20
0.338;-0.729;1.689;20
-1.352;-4.969;-2.07;20
-0.226;-6.784;0.812;20
1.919;-3.15;4.014;20
1.182;2.461;0.371;20
1.046;5.055;-0.887;19
2.209;0.685;1.742;20
1.904;-0.879;5.418;20
1.348;-3.405;-1.076;20
0.573;-4.852;-2.363;20
2.79;-5.904;-1.266;20
2.598;-3.552;-2.915;20
1.012;0.949;-0.933;20
0.327;2.387;1.55;20
1.774;-2.321;1.968;20
4.331;-7.911;1.198;20
1.387;-2.953;-1.906;20
-1.074;13.856;-1.852;20
-2.979;10.633;2.277;20
-3.858;3.828;3.885;20
-2.968;-0.032;4.556;20
-0.251;-2.714;2.457;20
1.846;-3.597;-2.496;20
2.556;-3.187;-4.959;20
2.122;-2.104;-3.276;20
0.862;-1.468;-0.497;20
0.006;0.063;1.501;20
-0.296;1.064;2.071;20
-0.404;1.236;1.765;20
-0.236;0.79;1.016;20
0.298;0.354;0.256;20
0.531;0.259;-0.2;20
0.259;0.298;0.105;20
0.004;0.13;0.33;20
0.072;0.057;-0.174;20
0.318;0.368;-0.754;20
0.104;0.642;-0.935;20
0.207;0.148;-0.17;20
1.014;-0.089;1.058;20
1.612;-0.249;2.244;20
1.52;-0.506;1.45;20
0.505;-0.686;-1.094;20
-1.166;-0.411;-1.743;20
-2.278;0.035;-0.914;20
-1.899;0.326;0.005;20
-0.535;0.356;0.294;20
0.02;0.385;-1.006;20
-0.338;0.319;-2.005;20
-0.844;0.267;-1.305;20
-1.07;0.576;-0.473;20
-0.894;0.6;0.135;20
-0.698;0.606;0.737;20
-0.084;0.112;0.221;20
-0.031;-0.427;-0.442;20
-0.843;-0.378;-0.295;20
-1.804;0.277;0.618;20
-1.516;0.167;1.342;20
0.515;-1.282;1.36;20
3.106;-3.201;-1.052;20
3.764;-2.757;-3.731;20
0.522;-0.856;-2.774;20
-2.109;-1.638;-1.469;20
-2.822;-3.378;-3.338;20
-0.725;-2.604;-4.413;20
1.825;-1.107;-3.547;20
2.248;-1.306;1.025;20
0.282;-1.545;-0.881;20
-2.823;-1.728;-5.938;20
-1.691;-0.202;-7.029;20
0.374;1.424;-2.494;20
1.369;1.711;-0.681;20
1.788;0.072;-2.924;20
1.696;-2.617;-3.372;20
-1.73;-1.905;-3.132;20
-4.471;-0.609;-2.188;20
-4.095;1.076;0.681;20
-0.498;2.222;-0.257;20
2.673;2.695;1.239;20
2.151;3.484;-0.133;20
1.521;3.101;0.141;20
3.399;3.353;0.654;20
4.815;4.922;1.701;20
5.479;6.699;3.082;20
5.581;7.954;4.874;20
4.842;8.934;5.506;20
2.817;9.853;3.844;20
1.138;9.428;2.406;19
-0.337;7.583;0.434;20
-1.77;6.146;-1.081;20
-3.23;4.392;-4.766;20
-5.302;1.337;-11.747;20
-4.092;-3.058;-13.186;20
-2.442;-3.319;-11.641;20
-0.694;-0.013;-3.995;20
1.782;4.095;0.643;20
2.179;6.116;2.971;20
1.735;6.364;4.685;20
1.942;2.813;0.472;20
1.295;0.043;-1.24;20
0.718;-2.23;-2.842;20
-1.816;-3.469;-2.18;20
-2.177;-3.923;-1.619;20
-1.658;-3.75;-1.58;20
-0.55;-2.704;-1.018;20
-0.06;-0.963;-1.05;20
0.672;0.964;-0.003;20
-0.985;1.791;0.415;20
-5.745;1.545;0.986;20
-7.9;0.599;3.687;20
-5.854;0.002;6.228;20
-3.86;-0.024;3.158;20
-3.592;-0.29;0.848;20
-4.183;-0.806;-0.262;20
-5.072;-1.714;-0.493;20
-7.068;-2.116;1.185;20
-8.649;-2.7;0.421;20
-6.917;-3.567;0.048;20
-6.65;-3.344;-0.714;20
-6.16;-1.766;1.449;20
-3.763;-0.133;2.508;20
-1.699;-0.428;1.458;20
-2.473;-1.338;-0.896;20
-0.417;-2.082;0.824;20
1.881;-1.32;0.7;20
2.414;-0.04;2.331;20
3.214;0.835;2.74;20
3.939;1.063;1.512;20
3.198;0.969;1.52;20
2.707;1.04;1.24;20
3.007;0.605;0.704;20
2.6;-0.878;0.773;20
1.01;-2.063;-0.244;20
-0.476;-3.086;-1.411;20
-1.548;-2.67;1.607;20
-2.951;-2.252;-1.445;20
-5.09;-3.33;-1.863;20
2.331;-4.436;3.691;20
3.578;-1.006;3.586;20
2.125;0.768;0.188;20
-4.158;1.282;-1.588;20
-0.298;0.669;1.883;20
-0.075;2.558;0.788;20
-0.57;2.568;0.329;20
-2.644;1.848;-0.532;20
-3.083;2.083;0.675;20
-2.181;0.995;0.939;20
-0.04;0.243;1.101;20
1.883;-0.009;0.58;20
1.876;0.249;-0.352;20
-0.394;0.703;-1.119;20
-0.66;-0.004;-0.989;20
-0.285;-0.19;-0.889;20
-0.437;0.222;-1.034;20
-1.048;0.427;-0.691;20
-1.392;0.798;-0.132;20
-1.172;0.527;0.072;20
-0.954;0.522;-0.14;20
0.328;0.869;0.263;20
0.607;1.894;0.678;20
0.675;2.261;0.936;20
0.293;1.914;0.186;20
0.05;1.639;-0.413;20
0.196;1.718;-0.367;20
0.412;1.516;-0.267;20
1.879;1.014;0.113;20
1.236;0.429;-1.936;20
-4.66;0.24;-3.302;20
-6.776;-1.047;-2.132;20
-5.06;-1.078;0.491;20
-2.757;-0.996;1.36;19
-1.511;-1.161;1.919;20
-0.749;-0.096;-0.063;20
0.607;2.597;-0.688;20
2.699;2.829;0.007;20
2.785;1.114;0.669;20
3.141;-0.178;0.221;20
2.451;0.141;-0.666;20
1.84;1.067;-0.684;20
2.808;0.686;-0.343;20
2.946;1.569;-0.536;20
2.082;1.968;0.6;20
2.747;1.333;1.357;20
1.132;2.564;0.472;20
0.165;2.068;0.012;20
0.139;2.08;0.709;20
0.466;3.428;-0.011;20
0.606;3.577;1.25;20
-0.622;3.934;-1.399;20
1.874;1.343;1.891;20
1.376;1.842;-1.748;20
-1.576;0.673;0.322;20
0.551;-1.57;-1.068;20
1.601;-1.846;-1.223;20
-3.363;-0.331;-1.726;20
1.333;-1.464;-0.223;20
3.155;-1.066;-0.161;20
3.263;-0.842;0.505;20
2.264;-0.401;1.328;20
-0.117;-0.514;1.735;20
-2.809;-0.599;1.105;20
-2.376;-1.502;1.622;20
-5.621;-1.533;0.657;20
-5.778;-2.099;1.233;20
-4.255;-2.934;1.181;20
-2.886;-2.807;1.363;20
-2.399;-2.086;1.169;20
-1.163;-2.394;1.302;20
0.23;-2.137;0.734;20
0.197;-1.802;0.97;20
-0.891;-1.884;1.458;20
-2.019;-1.571;-0.052;20
-0.462;-1.868;-0.631;20
-0.234;-2.45;-1.441;20
0.328;-2.832;-1.944;20
1.213;-2.647;-0.842;20
0.511;-2.85;-1.316;20
-0.405;-2.843;-1.371;20
0.007;-1.804;-0.354;20
0.951;-0.844;0.421;20
1.736;-0.456;1.495;20
2.011;-0.697;0.602;20
1.344;-0.015;2.1;20
4.221;-0.279;2.647;20
3.392;0.0;2.241;20
1.494;0.291;1.098;20
1.746;0.616;1.24;20
2.243;-0.055;1.121;20
-0.353;0.178;0.589;20
-2.144;0.284;-0.047;20
-2.922;-0.679;-0.989;20
-3.668;-0.877;-1.657;20
-3.661;-0.766;-1.071;20
-2.892;-1.002;-0.303;20
-1.366;-0.589;-0.735;20
-1.502;0.258;-1.524;20
-2.134;0.528;-1.177;20
-1.766;0.579;-0.182;20
0.809;0.771;-0.524;20
2.094;1.471;-0.29;20
3.146;1.678;0.727;20
2.534;2.131;0.322;20
0.064;2.081;-0.774;20
-0.987;0.793;-2.051;20
-1.098;0.99;-2.283;20
0.037;1.173;-0.903;20
-0.174;2.437;-0.332;20
0.372;2.669;0.87;20
2.845;2.206;1.547;20
2.344;2.91;0.105;20
1.293;3.824;0.399;20
2.631;3.046;0.939;20
1.927;2.623;0.074;20
-0.046;2.725;-0.111;20
-0.238;2.003;0.081;20
0.513;1.286;-0.712;20
0.612;2.579;-1.226;20
2.371;1.836;-0.286;20
4.417;2.179;-0.043;20
3.897;1.787;-0.504;20
3.011;2.061;-0.278;20
0.925;0.961;-0.06;19
2.645;0.182;-1.036;20
1.91;-0.218;-0.937;20
-0.623;-0.734;-1.581;20
-2.484;-1.009;-1.251;20
-2.122;-0.545;-0.661;20
-2.002;-1.301;-0.683;20
-3.576;-2.665;-1.254;20
-4.664;-3.642;-0.009;20
-4.437;-3.797;-0.99;20
-4.165;-3.466;-0.844;20
-2.374;-2.615;-0.272;20
-0.967;-1.724;-0.264;20
0.572;-1.001;1.471;20
2.385;-1.012;2.244;20
1.06;-0.437;1.341;20
-0.342;-0.68;1.986;20
-1.493;-1.739;0.541;20
-3.418;-2.295;0.0;20
-0.542;-2.902;-0.047;20
-2.444;-2.907;-1.022;20
-0.321;-3.949;0.135;20
-1.127;-3.135;-0.603;20
-1.871;-1.676;-1.003;20
-1.247;-1.203;-0.395;20
0.064;-1.483;-0.602;20
1.87;-1.216;-0.402;20
3.121;-0.579;0.098;20
4.188;0.377;0.634;20
4.243;0.839;0.743;20
3.656;0.725;0.542;20
1.634;0.782;0.187;20
-0.336;0.884;-0.163;20
-2.852;0.434;-0.924;20
-3.278;-0.987;-1.148;20
-3.137;-1.21;-0.616;20
-1.876;-1.509;-0.317;20
-0.491;-1.21;1.07;20
-0.158;0.052;0.169;20
-0.259;1.237;0.575;20
-0.197;1.283;0.45;20
-2.427;1.795;-0.092;20
-3.016;1.608;0.519;20
-1.239;1.085;0.447;20
0.153;1.155;0.108;20
0.819;0.823;0.541;20
1.737;-0.453;-0.093;20
-0.47;0.094;0.038;20
1.926;-0.585;-0.631;20
1.598;1.32;-0.207;20
5.039;3.702;1.284;20
4.517;3.344;-0.222;20
-2.766;1.96;-3.702;20
-4.335;-0.198;-2.943;20
3.221;3.117;-0.424;20
3.058;3.874;-0.207;20
2.115;1.811;0.39;20
-1.037;3.265;0.622;20
3.167;4.106;2.69;20
7.187;3.644;4.133;20
5.31;4.396;2.581;20
4.721;3.417;2.775;20
3.43;2.289;1.329;20
3.787;0.36;1.583;20
4.257;0.446;-0.649;20
-3.123;2.29;0.666;20
2.166;0.23;0.467;20
-7.275;0.616;-3.754;20
-14.46;-2.188;-5.734;20
-8.62;-8.246;-3.713;20
-2.962;-9.76;-2.579;20
0.157;-4.978;-1.129;20
-0.477;-0.684;1.162;20
2.059;0.561;1.544;20
-0.405;0.754;-0.844;20
4.155;-0.269;3.91;20
0.795;-0.694;1.244;20
-2.616;-0.94;0.294;20
0.162;-2.117;1.092;20
-0.55;-1.319;-1.301;20
-1.33;-0.76;1.199;20
-0.8;-1.437;1.452;20
-1.492;-2.206;0.373;20
-1.305;-2.685;0.129;20
-0.817;-3.563;-0.133;20
-3.632;-2.484;0.527;20
-1.508;-2.907;-1.356;20
-0.141;-1.993;-1.301;20
2.506;-2.418;-0.736;20
0.34;-1.591;-1.458;20
1.496;-0.517;0.074;20
1.206;0.734;0.1;20
0.61;0.753;0.218;20
0.294;-0.326;-0.184;20
-1.473;0.066;-0.544;20
-0.131;1.137;0.012;20
1.74;0.816;1.302;20
2.091;0.527;2.159;19
0.515;0.984;1.124;20
-0.638;0.467;0.869;20
-2.058;0.262;0.324;20
-2.657;0.637;-0.561;20
-0.136;0.569;0.258;20
3.697;-0.945;0.513;20
2.84;-1.265;-0.706;20
0.428;-0.807;0.53;20
-2.798;0.84;0.536;20
-3.519;0.596;0.031;20
-2.412;-0.392;-1.339;20
0.61;-1.718;-2.843;20
-0.589;0.131;-0.648;20
-2.302;1.706;0.255;20
-3.079;0.533;-1.331;20
0.375;-2.281;-1.63;20
0.351;-0.04;-2.458;20
-0.714;0.962;-1.744;20
2.257;1.244;-0.431;20
4.298;2.996;0.801;20
4.164;4.343;-0.658;20
1.931;3.36;-0.677;20
3.142;1.893;1.582;20
5.992;2.171;1.687;20
-0.688;6.594;-0.876;20
-0.569;3.994;-0.237;20
2.777;2.695;1.677;20
1.806;3.39;1.483;20
0.199;3.087;0.306;20
1.602;2.913;1.496;20
1.659;2.52;0.12;20
3.836;1.002;1.572;20
2.55;1.56;-0.224;20
-3.049;1.589;-0.151;20
-4.46;-0.051;-2.585;20
-0.875;-0.706;-1.677;20
-3.136;0.027;-0.874;20
-2.254;-1.872;-1.112;20
0.812;-3.645;-1.401;20
3.249;-2.939;0.208;20
0.978;-0.277;0.514;20
-2.707;0.913;1.605;20
-0.699;0.291;0.64;20
-0.349;-0.549;-0.217;20
0.914;-1.934;0.938;20
-0.257;-3.128;0.151;20
-1.339;-4.927;-0.436;20
-2.558;-5.375;-0.553;20
-4.304;-3.462;-0.615;20
-3.657;-3.408;-0.525;20
-5.547;-3.58;-0.385;20
-1.906;-3.52;-0.317;20
-1.873;-1.385;0.172;20
0.146;-0.044;1.195;20
2.874;0.928;2.759;20
4.191;0.606;2.085;20
2.151;0.182;0.342;20
-1.683;-0.064;-0.596;20
-1.86;0.344;-0.023;20
1.277;-0.159;0.237;20
1.895;-0.562;-0.427;20
1.97;-0.896;0.515;20
0.165;-0.23;1.096;20
0.418;-1.339;0.867;20
-1.031;-2.099;-0.984;20
-1.955;-1.942;-1.624;20
-1.225;-1.131;-1.898;20
2.488;-1.73;0.191;20
1.947;-1.397;0.597;20
-0.853;-1.109;-0.082;20
-0.671;-0.672;0.537;20
0.696;0.435;-0.163;20
0.243;0.949;-0.429;20
2.861;0.806;1.618;20
1.271;2.255;-0.534;20
0.424;2.19;0.919;20
0.22;-0.162;1.148;20
-4.031;0.568;0.423;20
-3.852;-0.169;-0.492;20
-4.029;0.745;-1.253;20
1.119;-0.757;0.405;20
0.467;-1.265;-2.921;20
-4.26;-0.945;-1.265;20
-4.038;-1.328;0.436;20
-1.834;0.027;-0.082;20
0.463;0.581;-1.874;20
-0.359;1.141;-1.189;20
0.31;1.253;0.53;20
1.056;2.615;1.557;20
4.23;2.554;-0.651;20
5.593;2.493;0.821;20
6.7;2.408;0.536;20
1.877;3.453;0.421;20
3.24;1.499;0.481;19
2.199;3.215;1.213;20
-0.295;5.094;-0.126;20
-3.046;5.724;-0.074;21
-2.507;3.731;0.392;20
1.346;2.734;0.462;19
2.273;3.755;0.485;20
2.285;4.066;1.119;20
3.416;3.18;1.595;20
3.523;2.1;-0.853;20
0.095;1.751;-0.041;20
1.531;0.289;-0.624;20
-7.234;-0.541;-1.725;20
2.158;-4.036;-0.645;20
0.388;-3.503;-2.283;20
-4.055;-2.744;-2.57;20
-2.375;-0.92;1.909;20
3.413;-1.454;0.324;20
0.638;-0.856;1.06;20
-0.632;-0.852;0.153;20
-0.098;-1.338;0.356;20
-1.481;-1.45;-0.09;20
-4.218;-1.487;-0.801;20
-3.869;-2.383;0.054;20
-4.202;-2.955;-0.677;20
-2.036;-2.99;0.678;20
-0.371;-2.057;0.994;20
1.655;-1.622;1.199;20
1.403;-1.236;0.977;20
1.436;-0.721;1.429;20
2.3;-1.413;1.01;20
-0.692;-0.801;0.385;20
-0.213;-1.49;0.257;20
-1.422;-2.434;-1.31;20
-2.423;-2.724;-0.102;20
-2.667;-2.743;-0.335;20
-1.114;-2.555;-0.163;20
0.127;-1.392;0.386;20
1.329;-0.545;0.699;20
1.636;-0.2;0.554;20
0.912;-0.119;0.007;20
0.418;-0.17;0.093;20
-1.438;0.094;-0.587;20
-0.372;-0.356;0.286;20
0.81;-0.509;0.161;20
2.182;-0.611;0.671;20
2.91;-1.272;0.726;20
-0.079;0.08;-0.289;20
-0.372;0.388;-0.226;20
-0.598;0.016;-0.499;20
-2.211;0.608;-1.182;20
-0.579;-0.365;-0.341;20
-0.852;-0.73;-0.473;20
-1.64;-0.221;0.15;20
-1.348;0.347;0.694;20
0.802;0.147;0.289;20
1.08;0.853;-0.574;20
0.875;1.316;1.844;20
0.951;0.315;-0.622;20
-3.029;2.14;-0.485;20
-0.261;0.529;0.942;20
2.071;0.938;-0.031;20
0.773;0.931;-0.456;20
-0.077;-0.113;-0.816;20
-1.896;0.105;-0.584;20
-3.607;0.496;-1.895;20
-4.417;0.893;-2.223;20
-3.008;1.077;-1.106;20
-1.27;0.568;-0.573;20
0.59;0.113;0.177;20
1.856;0.946;1.106;20
3.412;1.92;1.104;20
4.684;2.849;1.31;20
5.738;3.144;1.295;20
5.416;3.452;1.456;20
3.95;3.911;0.824;20
2.941;3.542;-0.137;20
-0.459;4.672;-0.152;20
-0.408;3.44;0.156;20
2.688;2.278;1.141;20
3.546;2.088;-0.393;20
-3.811;1.984;-2.113;20
-3.06;0.619;-1.826;20
0.366;1.07;-0.332;20
3.68;-0.12;0.138;20
0.022;-1.296;-0.305;19
-2.551;-0.91;0.723;20
0.118;-0.685;0.477;20
0.128;-0.036;0.286;20
1.094;-0.095;1.166;20
1.105;-0.872;0.506;20
-1.399;-1.968;-0.368;20
-2.96;-2.761;0.225;20
-3.772;-3.299;-1.422;20
-3.928;-3.186;-1.507;20
-1.893;-3.206;-1.758;20
-1.965;-2.575;-1.365;20
-1.338;-2.886;-0.752;20
-3.709;-2.634;-0.531;20
-1.792;-1.948;0.444;20
-1.259;-2.389;-0.189;20
-1.98;-2.621;0.97;20
-1.479;-3.061;0.259;20
-1.116;-1.997;0.452;20
3.11;0.445;2.823;20
5.635;0.664;3.107;20
3.454;0.641;1.802;20
2.19;0.593;1.317;20
-1.249;1.038;-0.11;20
-1.31;0.375;-0.574;20
-0.678;-0.518;-0.736;20
-0.244;-1.739;-2.107;20
1.847;-2.568;0.203;20
0.432;-2.935;-0.644;20
-0.355;-2.769;-0.77;20
-1.514;-2.224;-1.452;20
-1.449;-1.379;-1.656;20
-0.191;-1.045;-0.339;20
-0.731;-0.543;-0.541;20
0.348;0.242;0.72;20
1.657;1.127;0.902;20
3.214;1.687;1.395;20
2.838;1.597;0.801;20
1.103;1.415;0.79;20
-1.136;1.575;0.826;20
-1.753;1.216;0.355;20
-0.852;0.578;-0.051;20
-2.093;0.618;-1.049;20
-3.804;0.013;-1.683;20
-3.786;0.124;-1.586;20
-1.743;0.367;-1.279;20
-1.908;0.708;-1.919;20
-1.541;0.543;-0.463;20
-1.081;0.432;-0.708;20
1.08;0.284;-0.773;20
2.736;0.784;-0.08;20
4.688;1.374;1.057;20
5.692;1.984;1.157;20
5.139;3.23;2.016;20
4.528;4.092;2.218;20
3.883;4.232;2.85;20
1.917;4.63;1.794;20
1.946;4.003;1.64;20
1.085;4.187;0.45;20
-0.387;4.682;0.112;20
-0.817;2.979;-1.246;20
-3.336;1.584;-2.532;20
-2.323;-0.673;-2.052;20
-1.158;-0.763;-1.771;20
2.174;-1.254;-0.435;20
4.762;-1.296;0.455;20
5.491;-1.54;1.209;20
4.759;-1.435;1.699;20
0.433;-1.09;1.18;20
-10.61;-0.994;-2.297;20
-10.038;-4.251;-2.822;20
-0.755;-6.184;-3.639;20
-0.355;-4.945;-3.464;20
-3.983;-2.241;-0.814;20
-1.439;-1.423;1.879;20
0.701;0.182;2.462;20
-0.558;1.803;3.249;20
-1.16;0.549;3.223;20
-1.614;-2.974;1.736;20
-1.024;-5.213;-0.671;20
-0.058;-5.115;-2.265;20
-1.337;-3.06;-0.147;20
-0.61;-1.136;0.313;20
-1.404;0.611;0.897;20
1.935;0.324;1.318;20
0.666;-0.12;-0.092;20
-1.527;-0.197;-1.35;20
-1.972;0.613;-0.677;20
1.211;-0.213;0.68;20
2.007;-1.68;-0.214;20
0.038;-1.666;-0.821;19
-0.354;-1.649;-1.455;20
-0.29;-1.14;-0.945;20
-1.308;-1.177;-0.805;20
-0.058;-1.781;-0.181;20
-0.665;-2.088;-1.314;20
-1.034;-1.991;-0.169;20
-6.449;-1.156;-3.879;20
-8.992;-0.246;0.14;20
0.192;-3.89;-1.062;20
-0.216;-1.921;-1.972;20
2.099;-0.206;1.986;20
5.073;2.78;3.872;20
4.599;3.982;1.842;20
3.915;1.646;2.682;20
9.935;1.576;5.328;20
13.628;6.204;5.693;20
5.364;9.906;4.114;20
-1.255;8.219;0.319;20
4.854;5.529;-1.232;20
1.134;5.885;0.07;20
1.444;3.289;-2.752;20
1.141;1.082;-0.438;20
-0.01;1.118;0.144;20
1.043;0.956;0.753;20
5.294;-0.088;0.434;20
3.54;-0.508;1.602;20
-0.009;-1.606;1.993;20
0.123;-4.026;2.474;20
-1.409;-6.727;0.495;20
-7.797;-7.526;-2.514;20
-8.768;-7.851;-3.947;20
-8.48;-5.493;-4.778;20
-10.734;-1.584;-1.985;20
-8.312;-1.531;-0.843;20
-7.791;-3.275;-3.81;20
-6.028;-3.158;-2.877;20
-3.075;-0.344;-1.292;20
1.615;0.73;-0.319;20
4.76;1.544;1.264;20
7.411;0.76;1.555;20
3.544;1.646;1.771;20
3.197;1.151;3.024;20
3.524;0.928;1.86;20
0.735;-1.228;-1.087;20
-4.448;-2.686;-1.508;20
-3.273;-4.382;-1.732;20
-1.792;-1.661;-2.09;20
-2.195;1.194;0.024;20
-1.376;0.822;-0.536;20
-1.891;0.589;-0.681;20
-3.508;0.465;-0.585;20
-3.816;-0.425;-1.571;20
0.389;-0.845;-0.958;20
2.977;0.367;0.313;20
5.866;1.514;1.275;20
5.56;3.457;2.458;20
5.244;4.6;2.889;20
6.982;4.992;2.872;20
8.029;6.325;4.014;20
5.816;7.529;3.154;20
5.722;4.77;1.565;20
3.747;4.597;0.037;20
-0.847;2.438;-0.233;20
0.621;0.781;-2.006;20
-0.102;0.409;-1.139;20
3.138;0.245;-0.519;20
3.886;0.226;0.813;20
1.576;0.227;1.494;20
0.723;-2.466;0.84;20
-4.851;-4.758;-0.776;20
-7.048;-4.699;0.822;20
-3.439;-6.921;-0.785;20
-8.5;-8.302;-5.518;20
-9.035;-5.893;-3.219;20
-3.404;-2.655;-1.474;20
-4.68;0.173;-1.203;20
-1.841;-0.565;-1.113;20
-1.5;-0.993;-0.569;20
-1.616;-0.703;0.432;20
-0.734;0.126;-0.492;20
0.272;-0.146;-0.757;20
1.947;-1.139;0.251;20
1.147;-0.805;1.639;20
0.495;0.366;1.831;20
1.888;2.2;1.884;20
3.702;1.109;0.932;20
3.105;0.128;-0.16;20
1.436;0.054;0.573;20
0.468;-0.291;1.179;20
0.182;-0.571;0.116;20
0.04;-0.255;-0.296;20
0.173;0.062;-0.57;20
0.959;0.187;-0.109;20
-0.12;-0.018;-0.556;20
-0.515;0.091;0.221;20
-0.014;-0.949;-0.267;20
0.008;-1.164;0.053;20
-1.447;-0.556;-0.95;20
-1.748;0.365;0.453;20
-0.402;-0.198;-0.457;19
-2.062;0.443;-0.345;20
-1.529;0.473;-0.29;20
0.035;0.622;0.256;20
-0.41;1.495;0.68;20
-0.256;1.181;-0.139;20
-1.033;0.623;-0.08;20
-0.575;0.154;0.265;20
-0.889;0.687;-0.317;20
-2.898;0.553;-0.804;20
-3.38;-0.275;-2.567;20
-1.625;-0.17;-2.13;20
1.868;0.839;-0.371;20
3.855;1.868;0.726;20
4.956;3.117;1.388;20
3.879;3.362;-0.224;20
3.485;2.227;0.148;20
1.992;2.945;0.318;20
0.496;4.425;0.106;20
2.401;3.918;-0.069;20
-0.072;3.86;0.011;20
0.879;2.934;0.653;20
4.359;2.819;2.734;20
4.887;3.071;2.463;20
3.923;2.575;2.044;20
2.888;2.18;1.998;20
-1.45;2.587;-0.272;20
-4.055;1.136;-0.299;20
-1.891;-1.867;-3.456;20
-1.404;-3.808;-2.405;20
-4.539;-3.496;-1.959;20
-5.44;-2.755;-2.689;20
-1.427;-1.795;-1.137;20
0.13;-0.728;-0.252;20
-0.18;0.036;0.494;20
1.6;-1.347;1.627;20
-0.183;-3.12;0.343;20
-0.721;-5.01;-0.02;20
-1.671;-5.068;0.116;20
-2.859;-3.118;-0.324;20
-2.386;-0.61;0.314;20
-1.432;0.551;0.28;20
-1.336;0.525;-0.004;20
-0.906;-0.362;0.206;20
-0.482;-1.032;0.513;20
0.35;-1.827;-0.568;20
-1.796;-1.615;-1.085;20
-0.702;-1.831;-0.616;20
-0.16;-1.855;-0.957;20
-0.671;-1.464;-0.824;20
0.829;-0.712;1.898;20
1.77;0.058;2.134;20
1.347;0.823;1.252;20
1.784;0.217;0.54;20
0.95;0.297;0.69;20
0.736;0.314;0.691;20
1.56;0.039;1.227;20
0.03;-0.208;0.128;20
-1.022;-0.507;-0.202;20
-0.769;-0.863;-0.223;20
-0.956;-1.08;-0.935;20
-0.857;-0.983;-0.48;20
0.223;-1.137;-0.298;20
1.271;-1.021;-0.711;20
1.458;-0.108;0.193;20
1.414;-0.183;-0.044;20
0.578;0.1;-0.063;20
-0.439;0.317;0.098;20
-0.936;0.253;-0.382;20
-1.54;0.438;-1.258;20
-1.333;0.115;-1.431;20
-1.81;-0.074;-1.415;20
-2.373;-0.106;-1.041;20
-2.76;-0.261;-1.435;20
-2.542;-0.111;-1.381;20
-0.838;0.271;-0.993;20
0.806;0.823;0.079;20
2.067;1.608;1.133;20
2.633;2.808;1.031;20
2.377;2.995;1.062;20
3.225;2.499;1.891;20
2.672;2.913;0.783;20
2.162;3.317;0.987;20
1.02;4.153;1.099;20
1.497;4.026;0.621;20
0.706;3.957;0.711;20
1.817;3.021;0.357;20
3.141;3.0;0.242;20
1.43;2.59;0.616;20
2.493;2.127;0.609;20
3.348;1.423;0.175;20
1.272;1.24;0.66;20
2.102;0.272;0.611;20
0.734;-0.118;0.447;20
0.462;-0.724;0.089;20
-0.45;-1.521;-0.264;20
-1.781;-2.982;-1.094;20
-3.663;-4.194;-1.025;19
-3.411;-4.968;-0.554;21
-4.027;-5.354;-1.527;20
-3.964;-5.457;-1.414;19
-3.669;-4.511;-0.759;20
-3.485;-3.057;-0.302;20
-2.464;-2.285;-0.193;20
-2.799;-1.898;0.133;20
-1.554;-1.721;0.263;20
-0.683;-1.416;0.28;20
-0.167;-1.019;-0.449;20
-0.938;-0.333;0.215;20
-0.039;-0.092;0.796;20
1.392;0.238;1.33;20
1.152;0.366;0.123;20
1.566;0.048;0.407;20
0.382;-0.137;0.104;20
0.167;-0.274;-0.013;20
-1.172;-0.402;-0.439;20
-0.816;-1.44;-0.571;20
-1.627;-1.246;-1.026;20
-1.077;-1.383;-0.644;20
-1.141;-1.379;-0.748;20
-0.947;-0.489;0.219;20
-0.065;-0.387;0.343;20
-1.024;-0.028;-0.118;20
-0.303;-0.031;0.107;20
-0.034;0.365;-0.079;20
-1.461;0.985;-0.103;20
-1.512;0.566;-0.717;20
-1.104;0.379;-0.898;20
-0.816;0.366;-0.538;20
1.081;0.518;0.816;20
2.771;1.657;0.814;20
4.239;3.317;1.495;20
4.545;4.751;2.948;20
4.351;5.652;3.539;20
5.979;5.946;3.632;20
6.499;5.874;2.437;20
3.537;5.285;1.91;20
1.37;4.396;0.099;20
1.325;2.89;-0.451;20
1.592;1.951;-1.322;20
-0.531;1.713;-1.317;20
-0.137;0.885;-0.299;20
1.25;0.508;-0.499;20
0.575;0.393;-0.703;20
0.578;-0.032;-0.761;20
0.007;-0.993;-1.329;20
-2.142;-2.28;-1.543;20
-3.743;-3.712;-1.379;20
-3.768;-4.35;-2.001;20
-4.025;-3.696;-1.734;20
-2.488;-3.474;-1.31;20
-1.815;-3.079;-0.516;20
-2.68;-2.963;-0.509;20
-3.601;-1.782;0.312;20
-1.84;-1.498;0.59;20
-2.017;-1.079;0.813;20
-0.802;-1.051;0.948;20
-0.125;-1.189;0.659;20
-0.207;-1.276;0.64;20
-1.619;-1.181;-0.475;20
-0.865;-0.852;0.11;20
-0.346;-0.968;-0.013;20
1.229;-1.327;0.21;20
1.574;-1.295;0.231;20
1.491;-1.303;0.069;20
1.205;-1.538;-0.113;20
0.307;-1.658;-0.541;20
-0.339;-1.704;-1.356;20
-1.16;-1.287;-1.561;20
-1.544;-0.517;-0.2;20
-1.275;0.052;-0.13;20
-1.359;0.242;-0.734;20
-0.852;-0.134;0.57;20
-0.261;-0.375;1.045;20
-1.087;0.27;-1.044;20
-2.064;0.068;-1.438;20
-1.553;-0.273;-0.228;20
0.005;0.331;-0.21;20
1.35;1.114;-0.375;20
1.427;2.366;1.056;20
2.797;3.245;3.128;20
3.662;3.812;2.625;20
4.892;3.919;3.257;20
5.712;4.573;4.196;20
4.642;5.295;2.085;20
2.225;5.061;0.459;20
3.29;3.239;-0.978;20
2.918;2.329;-1.087;20
1.525;1.837;-2.153;20
1.841;1.216;-0.367;20
2.351;0.902;-0.772;19
0.414;0.671;-1.106;20
0.72;0.122;-0.746;20
1.707;-0.661;-0.328;20
2.002;-1.351;0.104;20
0.451;-2.425;0.167;20
-1.108;-3.368;1.166;20
-5.0;-4.227;-1.642;20
-9.524;-4.583;-1.152;20
-6.805;-5.711;-2.59;20
-5.234;-4.983;-3.889;20
-5.093;-1.801;-2.357;20
-2.78;-1.117;-1.199;20
-2.186;0.23;1.553;20
-1.112;2.232;3.191;20
2.463;1.961;3.932;20
4.78;-1.023;1.128;20
2.94;-2.537;-0.122;20
-0.054;-3.598;-2.208;20
-3.763;-2.283;-1.297;20
-2.612;-0.605;-0.396;20
0.332;-0.196;-0.125;20
1.412;-0.556;0.443;20
2.018;-0.181;1.794;20
0.979;0.367;0.918;20
0.195;0.375;0.049;20
0.097;0.077;0.105;20
-0.269;-0.109;-0.186;20
0.033;0.048;0.423;20
0.103;0.035;0.466;20
-0.346;-0.171;1.247;20
-0.818;-0.981;0.4;20
-1.66;-0.735;0.345;20
-0.643;-1.366;-0.37;20
0.352;-1.284;-1.302;20
-0.08;-1.011;-0.285;20
-0.516;-0.442;0.09;20
-0.74;0.238;-0.915;20
-1.526;0.294;-1.652;20
-3.733;0.298;-1.103;20
-3.34;-0.374;-2.481;20
-0.486;0.578;-1.434;20
2.054;0.629;0.205;20
3.202;0.806;1.385;20
3.853;1.799;2.984;20
4.625;3.192;2.187;20
2.297;4.992;1.413;20
2.935;4.72;1.51;20
3.194;4.061;0.517;20
1.771;4.036;-0.572;20
-0.618;4.166;-0.189;20
2.71;3.237;0.652;20
2.252;3.488;0.019;20
3.565;3.101;0.919;20
3.976;3.074;1.241;20
1.729;2.081;0.732;20
0.824;1.055;0.206;20
-0.206;-0.059;0.344;20
-2.332;-1.371;-1.485;20
-3.419;-2.487;-2.097;20
-2.655;-3.074;-1.803;20
-2.174;-3.6;-2.126;20
-2.414;-3.444;-1.774;20
-0.563;-2.8;-0.728;20
0.032;-2.311;-0.164;20
-0.087;-2.021;-0.177;20
-0.823;-2.073;-0.525;20
-0.666;-2.09;0.316;20
-0.877;-2.531;-0.365;20
-1.903;-2.338;-0.801;20
-1.507;-2.549;-0.611;20
-1.891;-2.167;-0.725;20
-1.377;-1.447;-0.286;20
-0.837;-0.48;0.091;20
-0.16;0.139;1.23;20
0.849;0.065;1.033;20
0.595;0.122;0.651;20
1.086;0.075;0.532;20
0.877;-0.294;0.22;20
1.301;-0.752;0.529;20
0.34;-0.941;0.007;20
0.738;-1.046;0.626;20
0.94;-0.828;0.448;20
2.111;-1.228;0.605;20
1.8;-1.572;-0.36;20
1.16;-1.464;-0.877;20
0.475;-1.826;-1.948;20
-0.337;-1.699;-1.657;20
-0.187;-2.13;-1.486;20
-1.34;-1.661;-1.739;20
-1.52;-1.407;-0.724;20
-2.213;-1.812;-0.794;20
-3.856;-1.889;-1.675;20
-3.988;-1.679;-1.6;20
-3.06;-2.222;-2.384;20
-1.376;-2.184;-1.032;20
0.852;-1.647;0.165;20
-0.434;-0.006;0.675;20
0.096;1.176;0.69;19
2.085;1.773;0.943;20
3.106;2.764;0.632;20
4.23;3.424;1.422;20
6.114;5.134;3.0;20
5.577;7.577;4.023;20
4.091;7.017;2.969;20
2.726;4.828;2.559;20
-0.394;4.534;0.516;20
-2.759;4.062;-0.435;20
-3.661;3.52;-0.14;20
-2.717;3.568;-0.368;20
-0.526;2.954;0.106;20
0.455;2.63;1.217;20
0.566;2.702;1.316;20
2.01;2.112;1.222;20
3.006;1.603;1.263;20
2.136;0.918;1.069;20
0.081;-0.269;0.425;20
-1.7;-1.358;-0.444;20
-2.415;-2.397;-2.148;20
-1.429;-3.672;-1.567;20
-3.147;-3.706;-2.054;20
-4.216;-3.997;-1.123;20
-1.219;-4.121;0.413;20
-1.222;-3.037;-0.023;20
-1.249;-2.295;0.294;20
-1.442;-1.807;0.248;20
-1.407;-2.726;-0.21;20
-2.418;-2.411;0.225;20
-2.271;-1.346;0.172;20
-1.864;-0.631;0.386;20
-2.271;-0.72;-0.051;20
-2.424;-0.9;0.664;20
-1.112;-0.244;1.086;20
1.596;0.349;1.175;20
2.609;0.326;1.258;20
3.052;-0.389;1.027;20
1.34;-0.26;0.983;20
0.241;-0.657;0.135;20
-0.077;-1.078;-0.051;20
0.011;-0.849;-0.333;20
1.06;-0.933;-0.193;20
1.096;-0.739;-0.459;20
0.678;-1.231;-0.699;20
-0.997;-0.999;-1.132;20
-1.099;-0.64;-0.294;20
-0.267;-0.691;-1.061;20
-0.369;-0.239;-0.516;20
-0.506;-0.817;-0.857;20
-0.681;-0.554;-0.338;20
-0.362;-0.802;0.244;20
-0.082;0.286;-0.089;20
-0.748;0.37;-1.084;20
-1.146;0.047;-1.638;20
-2.382;-0.231;-1.382;20
-1.759;-0.499;-0.355;20
0.905;0.222;0.603;20
2.806;2.641;1.788;20
3.662;4.303;1.736;20
2.821;4.038;1.673;20
1.395;3.262;0.981;20
1.794;3.128;1.418;20
2.911;4.536;0.606;20
1.538;4.24;-0.873;20
0.425;3.619;-0.941;20
0.168;3.143;-0.932;20
0.311;2.359;-0.315;20
0.097;1.567;-1.159;20
-1.359;1.929;-0.612;20
-0.717;2.059;-0.66;20
-0.161;2.185;-1.648;20
0.83;1.27;-0.977;20
0.128;1.159;-0.631;20
-0.569;0.749;-0.386;20
0.953;0.515;0.625;20
2.052;0.942;-0.122;20
-0.294;1.814;0.4;20
-1.065;1.547;0.5;20
-1.994;-1.152;-2.196;20
-0.479;-2.487;-1.663;20
-0.453;-1.164;-0.164;20
-0.337;-0.501;-0.334;20
-0.451;-0.544;0.326;20
1.394;-0.179;1.064;20
2.85;0.27;1.508;20
3.179;0.208;1.889;20
2.308;-0.593;1.858;20
0.689;-1.727;1.356;20
-0.752;-3.258;0.78;20
-1.902;-4.544;-0.012;20
-3.546;-5.154;-0.508;20
-3.873;-4.787;-0.889;20
-1.321;-3.758;-0.334;19
-0.937;-2.136;0.612;20
-1.813;-1.615;0.414;20
-4.176;-2.352;0.513;20
-5.039;-3.447;-1.255;20
-4.501;-2.282;-2.778;20
-2.052;-0.217;-1.587;20
0.255;0.482;-0.311;20
2.56;0.589;2.01;20
4.229;0.494;4.238;20
4.491;0.133;3.833;20
2.752;0.015;1.041;20
0.377;-1.044;-2.121;20
-1.815;-1.846;-1.518;20
-1.768;-0.922;-0.128;20
0.816;-0.414;0.173;20
2.362;-0.497;0.574;20
2.874;-0.419;0.849;20
2.309;-0.066;0.658;20
1.021;-0.409;0.159;20
-0.001;-0.562;-0.027;20
-1.217;-0.461;-0.289;20
-0.4;-0.83;0.111;20
-1.319;-0.924;-1.428;20
-0.415;-0.826;0.003;20
-0.484;-0.424;-0.455;20
-0.368;0.221;-0.143;20
0.079;0.296;-0.508;20
0.156;0.653;-0.518;20
-0.213;0.983;-0.157;20
-0.197;1.471;0.882;20
0.089;0.536;0.491;20
-1.378;-0.137;0.807;20
-1.527;-0.643;-0.319;20
-0.973;0.575;-1.132;20
-0.45;1.257;-0.695;20
-1.597;1.204;-0.991;20
-2.822;0.588;-0.023;20
-2.569;-0.449;0.46;20
-1.86;0.032;-0.917;20
1.512;0.39;-0.208;20
1.591;1.102;0.293;20
1.749;2.22;0.039;20
2.095;3.108;0.339;20
4.579;2.92;0.742;20
3.182;3.617;0.256;20
4.142;3.181;0.362;20
1.985;3.545;-0.175;20
0.112;3.341;-0.67;20
1.48;2.192;0.03;20
2.159;2.789;1.665;20
0.122;2.984;-0.059;20
-2.32;1.976;-0.685;20
-1.524;0.545;-1.722;20
-0.615;0.735;-1.465;20
0.338;1.383;-1.212;20
-0.434;1.391;-1.199;20
1.282;0.963;0.831;20
2.948;0.586;-0.166;20
1.197;0.602;1.57;20
0.647;0.601;1.624;20
1.31;-0.365;0.953;20
-1.071;-1.685;0.298;20
-2.925;-2.712;-0.558;20
-2.609;-2.919;-0.78;20
-2.949;-2.934;-0.953;20
-3.634;-3.14;-1.196;20
-3.193;-3.46;-0.929;20
-0.712;-2.953;0.202;20
0.318;-2.225;0.612;20
-0.024;-1.406;0.358;20
-0.348;-0.903;0.515;20
0.486;-0.996;0.378;20
0.616;-0.975;0.194;20
-0.436;-1.481;-0.223;20
-0.478;-1.488;0.424;20
-1.12;-1.898;-0.546;20
-1.566;-2.002;-0.674;20
-1.105;-2.543;-0.106;20
1.547;-2.418;0.582;20
2.859;-2.221;0.249;20
2.846;-2.141;0.426;20
1.978;-1.498;0.413;20
1.094;-0.16;1.007;20
1.406;0.582;0.701;20
1.34;0.674;0.202;20
1.243;0.172;0.065;20
1.781;-0.474;0.078;20
0.877;-0.272;-0.613;20
0.383;-0.328;-0.514;20
-1.539;-0.709;-0.87;20
-2.328;-0.468;-0.355;20
-1.208;-0.625;-0.122;20
0.224;-0.115;0.575;20
-0.553;-0.168;-0.637;20
-0.102;-0.151;1.049;20
-1.805;-1.231;-1.655;20
-3.347;-1.22;-0.4;20
-1.887;-0.892;1.281;20
0.878;-1.335;-0.909;20
0.887;-0.248;-0.317;20
0.646;-0.047;-1.094;20
0.062;0.873;0.167;20
0.624;1.336;1.016;20
-0.186;1.043;1.775;19
-1.977;0.772;1.487;20
-3.49;1.833;-3.948;20
-0.563;1.361;-4.696;20
-0.97;1.011;0.176;20
0.53;0.203;1.523;20
1.836;1.217;0.519;20
1.35;1.837;1.568;20
-1.876;2.082;0.775;20
0.843;2.296;-0.29;20
2.892;2.702;1.055;20
1.752;3.546;1.229;20
2.622;3.006;1.807;20
1.234;2.453;1.055;20
2.359;2.121;1.019;20
1.844;2.86;-0.088;20
1.467;3.183;-0.511;20
0.254;2.649;-1.638;20
-1.234;1.505;-0.754;20
1.933;0.343;-0.95;20
-2.458;0.157;-0.966;20
-0.051;-0.733;-1.714;20
-0.682;-0.166;-0.756;20
0.408;-0.214;-0.515;20
-0.09;0.042;0.244;20
-0.173;0.134;1.014;20
0.915;-0.746;0.153;20
-0.815;-1.54;0.144;20
-0.481;-1.171;1.547;20
0.817;-0.588;1.4;20
-0.098;-0.866;1.463;20
-2.117;-1.521;0.215;20
-2.044;-2.916;0.14;20
-1.317;-4.285;-0.616;20
-1.731;-4.669;-0.604;20
-0.192;-4.004;-0.415;20
0.602;-3.351;-0.196;20
0.245;-2.414;0.028;20
0.634;-1.935;1.137;20
-0.445;-1.518;1.643;20
-1.129;-0.392;2.475;20
-0.893;-0.195;2.47;20
-3.81;1.421;0.169;20
-0.186;0.956;0.316;20
-0.003;0.125;-0.397;20
-0.687;-0.874;-0.001;20
-0.884;-0.541;-0.194;20
1.655;-0.493;0.819;20
2.142;-0.627;0.207;20
2.077;-1.306;-0.993;20
1.414;-1.476;-1.473;20
0.189;-1.528;-1.49;20
0.553;-1.353;-0.938;20
0.595;-1.433;-1.172;20
2.024;-1.673;-0.518;20
1.532;-1.237;-0.595;20
0.586;-0.463;-0.46;20
0.038;0.033;-0.147;20
-0.298;0.14;-0.112;20
-0.632;0.566;0.267;20
-0.677;0.364;0.239;20
-1.365;0.295;0.626;20
-1.133;-0.196;0.691;20
-1.612;-0.757;-0.562;20
-1.84;-0.525;-0.324;20
-0.61;-0.405;-0.088;20
-0.439;-0.209;-0.584;20
-1.336;-0.321;-0.528;20
-1.945;-0.3;-0.479;20
-0.658;-0.09;-1.267;20
0.17;0.788;-1.064;20
0.827;1.614;-0.395;20
0.568;1.47;0.52;20
0.035;0.991;0.889;20
0.707;1.053;-0.657;20
2.167;2.025;-0.749;20
3.239;3.135;0.454;20
3.601;4.196;1.914;20
2.656;4.585;2.496;20
1.599;3.895;2.003;20
0.468;2.853;0.769;20
0.068;2.529;-0.358;20
-1.314;2.915;-0.109;20
0.788;2.815;0.181;20
-0.346;3.008;-0.042;20
1.695;1.572;1.342;20
-0.096;2.008;0.557;20
1.418;2.392;2.074;20
1.931;2.628;1.026;20
0.481;1.955;0.785;20
0.052;0.387;0.282;20
-0.406;-0.882;-0.321;20
-1.589;-2.896;-0.73;20
-3.599;-4.086;-1.382;20
-3.387;-4.455;-1.879;20
-2.694;-4.498;-1.197;20
-2.349;-3.573;-0.836;20
-1.56;-2.278;-0.555;20
-0.561;-1.811;0.555;20
-0.36;-1.902;1.743;20
0.138;-1.952;2.012;20
-0.6;-1.647;1.111;20
-0.275;-1.857;0.598;20
0.124;-2.184;0.314;20
-0.52;-2.064;0.41;20
-0.83;-1.831;-0.126;20
-1.101;-1.031;0.252;20
0.809;-1.012;0.564;20
-0.914;-1.295;0.21;20
-1.921;-0.445;-0.532;20
0.371;-0.5;-0.317;19
1.17;-0.815;-0.634;20
1.351;-0.46;0.053;20
0.201;0.046;0.305;20
1.475;-0.102;0.349;20
1.185;0.046;-0.082;20
2.136;0.208;0.386;20
1.615;0.236;-0.031;20
0.8;-0.271;-0.755;20
-0.158;-0.342;-0.983;20
-0.428;-1.52;-1.658;20
-1.87;-1.022;-2.045;20
-0.963;-0.951;-1.67;20
-0.604;-0.383;-1.339;20
-0.588;0.154;-0.599;20
-1.278;0.53;0.003;20
-0.897;0.617;0.389;20
-1.678;0.87;0.37;20
-2.033;1.154;0.765;20
-1.166;1.245;0.29;20
-0.977;1.444;0.052;20
0.564;1.108;-0.038;20
0.382;1.323;1.331;20
0.936;1.859;1.212;20
0.983;2.052;1.146;20
0.514;2.381;0.832;20
0.608;2.344;-0.439;20
2.595;1.799;0.415;20
2.824;2.755;0.545;20
0.712;4.054;0.464;20
1.325;3.003;-0.825;20
1.85;2.062;-1.471;20
2.271;2.361;-1.638;20
1.009;2.508;-1.084;20
2.126;2.178;-1.442;20
3.084;1.652;-0.472;20
0.994;1.26;-0.651;20
0.757;0.684;0.074;20
0.318;0.921;0.299;20
0.683;0.536;0.38;20
0.039;0.176;0.481;20
-0.573;-0.176;1.018;20
-1.899;-0.69;1.153;20
-2.894;-1.18;0.617;20
-4.061;-1.755;0.313;20
-3.969;-2.496;0.38;20
-3.538;-2.556;0.605;20
-2.906;-2.316;0.293;20
-2.533;-2.711;0.033;20
-1.524;-2.663;0.169;20
-0.995;-2.512;-0.48;20
-0.931;-1.672;-0.197;20
-0.069;-1.681;0.138;20
0.094;-1.562;0.757;20
1.206;-1.629;0.555;20
0.277;-1.412;0.082;20
0.054;-0.774;0.826;20
0.428;-0.851;0.249;20
0.184;-1.067;-0.231;20
-0.152;-0.796;-0.541;20
-0.49;-0.802;-0.302;20
0.729;-1.285;0.688;20
0.107;-1.406;-0.231;20
1.614;-0.4;0.423;20
1.534;-0.288;-0.523;20
1.053;-0.504;-1.637;20
0.043;-0.293;-0.89;20
-1.713;-0.012;-0.937;20
-0.881;0.331;0.314;20
0.113;0.433;0.028;20
-0.34;0.748;0.905;20
-1.213;0.784;0.295;20
-1.765;1.169;-0.113;20
-0.123;0.281;0.114;20
0.286;0.312;-0.02;20
-0.735;0.253;0.164;20
-1.254;-0.044;-0.378;20
-1.061;0.418;-1.248;20
-1.367;0.829;-1.377;20
-1.709;0.731;-1.717;20
-0.471;0.946;-0.049;20
2.388;0.824;0.817;20
3.271;1.637;1.383;20
3.289;2.931;1.342;20
3.557;3.243;1.327;20
2.279;3.536;1.19;20
2.519;4.088;0.635;20
3.387;4.237;1.839;20
2.493;3.323;0.734;20
1.377;2.732;-1.202;20
-0.52;2.406;-1.062;20
0.646;2.024;-0.687;20
2.596;1.716;-1.436;20
1.895;1.638;0.11;20
2.511;0.874;-0.135;19
1.515;0.53;-0.015;20
0.546;-0.217;-0.509;20
-1.731;-0.191;0.246;20
-2.264;-1.607;-1.626;20
-4.092;-2.387;-1.39;20
-3.225;-2.704;-1.178;20
-2.566;-3.952;-1.295;20
-2.517;-3.796;-0.272;20
-0.625;-3.373;0.309;20
-0.658;-2.597;0.417;20
-1.428;-1.989;0.13;20
-0.815;-1.595;0.888;20
-0.185;-1.725;0.964;20
-0.185;-1.618;0.841;20
0.299;-0.708;1.81;20
0.21;-1.384;1.155;20
-1.697;-1.495;0.517;20
-2.282;-1.693;-0.271;20
-2.309;-2.071;-0.563;20
-0.483;-2.509;-0.491;20
0.47;-1.829;-0.937;20
1.679;-0.835;-0.156;20
1.138;-0.199;0.681;20
1.826;-0.103;1.237;20
1.695;-0.288;0.639;20
0.937;-0.161;-0.599;20
0.505;-0.661;-1.108;20
-1.309;-0.114;-0.841;20
-1.832;0.002;-0.635;20
-1.133;-0.667;0.052;20
-1.407;-1.595;-0.918;20
-2.832;-2.585;-0.846;20
-2.801;-1.97;0.434;20
0.56;-0.493;-0.464;20
0.823;1.252;-0.266;20
0.594;1.256;-0.288;20
-0.347;1.836;-0.418;20
1.538;1.346;0.295;20
1.161;1.593;0.886;20
-1.04;1.902;-0.863;20
-0.628;0.582;-0.797;20
-1.024;1.389;-0.222;20
0.844;2.465;0.412;20
2.01;2.62;0.902;20
2.241;2.358;2.124;20
2.686;2.399;3.086;20
2.673;3.488;2.172;20
3.211;5.46;0.929;20
2.634;6.14;0.941;20
1.006;5.244;0.644;20
2.281;2.544;0.792;20
3.178;1.748;0.884;20
1.371;1.386;-0.351;20
2.139;0.809;-0.572;20
0.458;0.263;-2.469;20
1.238;-0.388;-0.947;20
2.233;-1.468;-0.868;20
-0.699;-0.645;-0.809;20
-0.798;-2.21;-1.361;20
-4.76;-2.889;-2.804;20
-5.634;-3.55;-1.778;20
-4.888;-3.882;-0.605;20
-4.288;-4.867;-1.531;20
-2.396;-5.429;-0.932;20
-1.203;-3.069;0.792;20
-0.859;-1.163;0.539;20
-1.511;0.079;1.232;20
-0.581;0.111;1.586;20
-0.505;0.298;1.549;20
-0.196;0.503;1.332;20
-0.232;0.227;1.096;20
-1.05;-0.001;0.243;20
-1.224;-0.484;-0.796;20
-0.268;-1.815;-0.176;20
-3.252;-2.947;-0.023;20
-3.289;-2.306;-0.22;20
0.548;-1.07;0.462;20
1.936;-0.603;0.527;20
1.367;-0.992;-1.092;20
0.811;-1.06;-0.856;20
-0.407;-0.345;-0.385;20
-1.96;0.371;-0.24;20
-5.694;0.159;-0.244;20
-5.322;-1.388;0.975;20
-0.522;-1.748;-0.147;20
2.384;-0.387;-0.334;20
3.199;-0.106;-1.665;20
1.017;-0.442;-1.705;20
-0.863;-1.017;-2.385;20
2.218;-0.254;-1.569;20
5.302;2.575;2.513;20
9.067;3.115;3.441;20
5.234;3.545;6.033;20
-2.667;6.357;4.446;20
7.852;7.59;4.919;20
10.505;6.691;2.079;20
6.434;3.994;-0.167;20
2.098;3.013;0.501;20
2.545;2.665;-1.494;20
0.272;2.053;-3.082;20
-1.62;0.94;-2.924;20
0.222;-0.348;-1.135;20
-0.417;-1.654;-0.556;20
-2.5;-3.307;-1.429;20
-6.111;-4.065;-0.657;19
-2.244;-4.473;0.506;20
-2.768;-5.676;0.306;20
-5.766;-6.466;0.331;20
-5.285;-6.34;-0.557;20
-4.607;-2.715;-1.199;20
-2.658;-1.02;0.757;20
-2.552;-1.211;2.918;20
-0.964;-2.528;1.13;20
0.982;-2.935;-2.789;20
2.899;-4.107;4.216;20
-2.233;0.439;0.952;20
1.34;-1.932;-1.505;20
1.098;-0.557;-0.065;20
-0.073;-2.278;-0.706;20
-0.598;0.603;-0.512;20
2.9;-0.356;0.786;20
3.091;-0.594;0.887;20
3.948;-0.249;2.069;20
3.754;0.78;1.031;20
2.833;1.472;0.629;20
1.6;0.87;-0.139;20
0.609;1.442;0.561;20
0.908;0.806;-1.083;20
-0.487;-0.292;-1.339;20
-0.712;-1.915;-0.324;20
-1.52;-1.543;0.618;20
-0.732;-0.315;0.541;20
-0.39;1.433;-0.612;20
0.793;1.298;0.655;20
-0.141;0.366;4.336;20
-2.955;1.493;2.397;20
0.001;1.209;1.83;20
1.779;1.703;-0.141;20
-0.506;0.745;-0.653;20
-0.691;0.138;2.489;20
-0.729;-0.905;1.632;20
1.35;-1.268;-2.061;20
0.451;-1.381;-0.5;20
1.055;-1.744;-0.57;20
1.586;-0.868;-0.954;20
2.409;0.453;-1.173;20
2.835;0.642;-0.856;20
3.076;-1.064;2.526;20
1.106;0.513;2.301;20
-0.401;0.255;-1.946;20
-3.745;-0.046;-3.865;20
-2.109;-1.862;-2.257;20
-1.674;-1.609;1.489;20
0.016;0.073;1.059;20
0.783;0.946;-1.98;20
-0.462;-0.228;-1.641;20
-1.786;0.982;0.454;20
-2.088;2.816;1.855;20
0.242;2.518;1.95;20
1.174;0.474;1.017;20
-1.538;-1.484;-1.863;20
-0.937;-0.662;-1.116;20
0.646;0.327;-0.013;20
1.471;3.068;1.247;20
1.006;4.111;1.048;20
1.82;2.23;1.256;20
0.659;0.541;0.27;20
-0.166;-0.392;-0.991;20
-2.182;0.427;-0.816;20
-3.145;-1.05;-0.45;20
0.048;6.211;-3.49;20
-6.649;7.065;4.23;20
-1.546;-11.711;1.553;20
1.762;0.286;0.962;20
3.414;-10.948;-2.84;20
0.74;-3.281;-0.684;20
-2.198;1.48;-1.212;20
-1.501;0.335;-3.283;20
-0.715;-1.959;1.5;20
-0.792;-3.719;12.543;20
6.428;-3.457;-8.292;20
-1.484;3.922;-0.902;20
-0.201;5.555;0.392;20
0.154;7.879;-0.271;20
0.549;8.034;-0.305;20
-1.425;3.418;1.74;20
-1.682;1.198;-1.544;20
-1.051;2.727;4.128;20
-4.484;-8.44;0.443;20
3.926;-12.556;-3.562;20
3.353;-5.487;-1.142;20
2.07;-3.374;-0.694;20
2.056;-3.374;1.389;20
-0.278;-3.122;2.238;20
-3.405;0.977;1.199;20
-4.363;4.851;-2.779;20
-1.368;3.185;-1.668;20
-2.062;0.685;0.144;20
-2.117;0.605;1.632;20
-3.066;4.351;0.69;19
-0.602;5.73;-1.159;20
2.843;3.902;0.87;20
5.187;2.336;-0.213;20
2.927;1.192;-0.554;20
-0.262;0.751;-0.585;20
-0.525;1.745;1.415;20
1.601;1.566;0.989;20
0.474;0.396;-0.277;20
-1.864;-3.023;-0.293;20
-0.192;-7.105;-0.942;20
-1.424;-1.826;-0.585;20
-1.867;4.82;1.887;20
2.685;6.61;-0.194;20
4.869;-0.188;-0.936;20
4.591;-4.124;-0.959;20
-0.002;-1.054;-2.296;20
-3.725;-0.21;2.128;20
-0.233;-2.638;2.345;20
0.709;-2.946;-0.362;20
-0.637;-2.06;1.696;20
-4.214;0.181;1.016;20
-6.879;2.057;-0.19;20
-3.616;2.552;0.489;20
-1.125;1.445;0.066;20
-3.135;5.788;2.855;20
-1.021;4.615;-0.532;20
0.781;6.119;-0.377;20
1.472;5.125;-0.93;20
2.33;3.676;-2.065;20
1.127;1.541;-3.437;20
-1.528;-1.735;7.893;20
-2.457;-1.695;2.563;20
0.978;-0.084;-3.756;20
1.115;-0.578;-2.559;20
0.876;-0.981;0.973;20
0.982;2.362;-1.324;20
-0.96;2.663;0.749;20
-1.007;1.146;-3.38;20
-2.902;-8.77;2.806;20
-4.513;-2.185;3.214;20
-0.386;-3.174;-1.883;20
0.466;-3.98;-1.152;20
0.248;-6.563;0.436;20
1.673;-5.3;0.569;20
0.806;-1.19;-1.007;20
1.289;-1.936;-3.601;20
0.871;-0.34;-1.277;20
-2.572;3.478;-2.293;20
-7.821;7.101;-4.865;20
-8.439;8.72;-2.647;20
-6.321;8.475;0.982;20
-6.008;8.126;2.785;20
-5.158;6.218;6.871;20
-2.552;3.441;15.263;20
-0.734;-1.579;20.206;20
-1.692;-5.328;10.196;20
5.866;-8.728;5.812;20
12.288;-9.395;3.419;20
9.082;-4.701;-0.383;20
5.003;-0.531;-1.681;20
4.336;1.738;-3.478;20
3.513;3.151;-4.236;20
3.279;2.448;-3.465;20
3.561;1.983;-2.217;20
2.834;2.991;-1.091;20
2.69;3.091;0.658;20
3.186;4.396;1.271;20
4.995;2.407;3.099;20
3.2;3.346;0.51;20
0.964;4.045;1.034;20
1.241;3.654;0.308;20
1.356;4.106;0.065;20
1.089;4.894;0.415;20
1.099;4.106;1.841;20
0.799;3.274;3.481;20
0.458;3.295;2.568;20
1.326;3.823;1.402;20
2.017;3.51;1.001;20
3.372;2.886;-0.988;20
4.411;2.199;-3.028;20
2.212;0.548;1.156;20
1.185;0.886;1.643;20
-0.469;1.696;2.871;20
0.941;-0.197;2.179;20
0.68;-0.496;-1.108;20
2.471;2.064;-3.105;20
-0.348;3.193;7.676;20
-0.202;2.743;3.131;20
-1.634;1.826;-0.195;20
-2.045;1.105;-0.36;20
-0.886;1.522;2.724;20
0.693;0.46;3.364;20
2.131;-0.25;2.891;20
1.474;-0.016;3.411;20
0.942;1.267;3.726;19
3.21;1.112;0.445;20
6.846;0.528;0.232;20
7.94;0.084;-0.624;20
5.121;0.574;-0.918;20
2.51;-0.438;3.342;21
2.003;-0.564;4.89;20
0.917;0.112;1.409;19
1.498;0.318;-1.689;20
2.087;0.278;-2.396;20
1.782;0.274;-1.259;20
0.644;0.593;0.408;20
0.227;0.835;0.992;20
0.827;0.326;0.092;20
1.221;0.378;-1.37;20
1.65;0.154;-2.471;20
1.473;0.257;-1.522;20
1.425;-0.423;-1.26;20
1.508;-0.759;0.412;20
1.222;-0.4;2.219;20
0.161;0.06;1.904;20
-0.004;-0.023;-0.317;20
0.531;0.309;-1.816;20
1.43;1.257;-3.776;20
0.51;0.391;1.054;20
0.658;0.678;2.056;20
0.151;0.84;2.195;20
0.886;0.173;-0.234;20
1.197;0.13;-4.258;20
0.948;0.411;-3.211;20
0.503;-0.253;-0.872;20
0.716;-0.107;-0.51;20
0.723;-0.168;0.801;20
0.413;-0.029;1.629;20
0.069;-0.056;-0.076;20
0.195;0.075;-1.143;20
-0.208;0.317;-0.256;20
-1.204;0.834;0.927;20
-0.927;1.057;-0.184;20
0.281;0.696;-0.325;20
1.26;-0.157;1.206;20
1.065;-0.386;1.575;20
0.689;-0.16;0.014;20
0.444;-0.081;-0.115;20
-0.12;-0.098;1.004;20
-0.09;-0.174;1.175;20
-0.315;-0.099;0.46;20
-0.485;0.076;-0.826;20
-0.892;0.485;-2.509;20
-0.552;0.77;-3.666;20
-0.097;0.473;-1.433;20
0.619;-0.037;2.978;20
1.343;0.079;6.107;20
1.694;0.625;4.764;20
0.714;0.878;0.58;20
-0.54;0.888;-2.68;20
-1.661;0.858;-3.62;20
-2.18;0.51;-2.472;20
-1.023;-0.427;-1.547;20
0.511;-1.6;-0.869;20
0.653;-1.308;-0.683;20
-0.08;-0.194;-1.688;20
0.476;0.454;-7.383;20
-0.679;0.54;-1.18;20
0.041;0.084;3.711;20

# Completed @Tue Jan 26 20:16:34 GMT+02:00 2021
