# Accelerometer Data File
# Started @Sun Jan 24 21:01:56 GMT+02:00 2021
#
#
# sensor Vendor: BOSCH
# sensor Name: BMI160 Accelerometer Non-wakeup
# sensor Resolution: 0.0023928226m/sec^2; Max Range: 78.4532; Min Delay: 2500 microseconds
# The sensor's attributes are the result hardware and the Android capabilities.
# It means that the Android may not utilize all features provided by the hardware.
#
# Some devices and Android versions save battery too much so the device may go to sleep.
# It just happens after couple of minutes from turning off the scree and it is easy to find it out.
#
# The following file provides the data from accelerometer in the m/s^2 format.
# The diff value is just a time delta between the samples
#
#
# data format:
# so we have 4 columns with values separated by the " "
# X Y Z time_from_previous_sample(ms)

# sensor speed set to:NORMAL
# units set to: m/sec^2
# gravity  filtered out
# Accuracy: HIGH
-1.299 4.64 7.253 0
-1.201 4.586 8.3 20
-0.576 3.191 6.349 20
-0.04 1.885 6.285 20
0.362 1.983 7.041 20
0.718 2.033 4.222 20
1.478 0.924 1.484 21
1.641 0.366 -0.55 20
1.25 -0.084 1.071 20
-0.292 -0.222 3.648 20
-2.214 2.684 4.458 20
-1.501 0.826 3.614 20
-0.661 0.172 3.121 21
-0.509 1.901 4.52 20
-0.311 0.653 3.954 20
-0.552 0.848 1.629 20
0.634 1.179 0.239 20
1.444 0.755 0.282 20
1.772 -0.121 0.808 21
0.724 0.131 1.107 20
0.865 -0.055 2.266 20
-0.508 -0.168 2.065 20
-0.472 -0.686 0.664 20
-0.863 -0.853 2.234 21
-0.149 -0.414 2.968 20
0.335 -0.424 0.506 20
-0.506 -0.056 -1.02 20
-0.563 0.682 -0.702 20
1.202 0.495 -2.057 20
5.102 -2.688 -5.26 21
3.077 -4.401 -4.891 20
-0.128 -1.449 0.219 20
1.544 -0.442 0.133 20
3.442 -0.311 1.512 20
3.984 0.185 3.189 21
4.922 -0.896 -0.788 20
4.766 -0.614 -1.856 20
4.132 0.265 0.067 20
4.105 0.213 1.813 20
4.348 -0.652 3.134 21
4.212 -1.685 1.408 20
3.062 -2.137 -2.332 20
2.601 -2.535 -1.508 20
1.2 -3.459 -4.365 20
-2.588 -3.29 -3.454 20
-2.933 -3.377 -0.17 21
0.356 -4.481 -0.103 20
2.065 -5.023 -1.971 20
-0.799 -3.371 -0.713 20
-0.167 -2.946 -1.178 20
3.887 -2.841 -4.346 20
4.304 -0.66 -4.446 21
6.4 1.26 -4.517 20
8.861 1.112 0.627 20
11.288 1.109 3.242 20
11.824 0.519 -1.643 20
9.014 1.185 -4.199 20
2.373 1.254 -5.642 21
1.635 5.96 -16.675 20
2.862 7.037 -13.578 20
-0.545 4.272 0.521 20
-4.58 3.72 6.671 20
-5.56 0.28 1.44 20
-2.79 -3.151 -0.212 21
-1.586 -3.481 3.857 20
-0.306 -3.111 2.303 20
-1.474 -2.323 -1.033 20
-7.178 -1.365 -2.232 20
-6.766 -2.11 4.068 21
-5.102 -2.891 4.189 20
-3.684 -1.034 -0.355 20
-1.919 -0.905 1.346 20
-0.916 -3.102 8.427 20
-0.464 -4.236 12.22 21
-2.951 -2.148 9.003 20
-7.205 0.86 1.185 20
-4.005 0.845 -0.606 20
1.825 0.702 0.273 20
1.677 2.527 -2.353 20
0.973 3.863 -5.712 21
3.797 2.354 -3.228 20
2.759 0.273 -0.788 20
2.634 -0.398 -1.999 20
0.15 1.335 -3.427 20
0.847 1.247 1.434 20
3.828 -0.367 4.447 21
3.076 0.67 1.917 20
2.846 0.975 -0.656 20
4.914 0.341 1.205 20
6.056 1.238 2.1 20
7.66 0.931 -1.013 21
5.344 0.922 -0.358 20
-2.938 1.748 -1.297 20
-2.295 -1.58 0.572 20
-6.043 -2.168 0.168 20
-8.666 -1.97 -0.978 20
-7.599 0.274 -5.921 21
-7.298 0.007 -7.808 20
-6.881 -1.271 -0.495 20
17.604 -8.7 0.276 20
14.923 -0.748 -6.005 20
-0.608 0.098 -10.113 21
-0.703 -5.029 -0.745 20
-0.02 -4.671 -3.579 20
-4.517 -0.015 -5.636 20
-14.039 3.649 -1.668 20
-11.747 4.573 2.338 20
-4.07 5.239 -4.117 21
3.143 2.928 -6.911 20
-0.536 3.588 -6.293 20
-2.337 1.733 -2.242 20
-6.572 0.432 0.514 20
8.826 -9.202 -5.733 20
10.128 -12.846 -2.195 21
1.67 -8.806 -8.165 20
3.392 -11.416 -3.89 20
-1.359 -13.144 5.587 20
-1.346 -10.911 5.184 20
1.213 -9.158 5.04 20
-4.047 -4.409 8.984 21
-5.203 0.628 3.912 20
-4.698 6.604 -0.956 20
-4.946 4.561 1.163 20
-2.035 -1.984 3.103 20
0.302 -2.269 3.22 21
2.706 0.768 -3.27 20
0.987 3.837 -8.043 20
-1.759 4.499 -4.678 20
-1.46 1.874 3.449 20
-0.029 3.859 7.817 20
-1.641 5.44 6.878 21
-4.984 3.253 0.283 20
-5.301 2.287 -5.516 20
-2.289 -1.875 -3.766 20
-0.348 -3.203 4.928 20
-3.291 -1.18 6.895 20
0.765 -5.005 -6.068 21
4.179 -4.677 -8.589 20
-0.067 -0.665 -0.894 20
-3.596 -3.938 1.913 20
-6.334 -10.635 7.845 20
-2.648 -11.822 2.425 21
-0.402 -6.416 -9.67 20
-3.054 -1.691 -3.725 20
-7.548 -3.404 2.964 20
-9.628 -3.228 5.946 20
-5.848 -4.623 -0.108 20
1.922 -8.227 -7.253 21
0.016 -6.384 -2.875 20
-5.485 -0.19 0.585 20
-4.309 3.318 0.813 20
-0.879 3.741 0.992 20
2.054 4.762 2.445 20
1.851 4.792 -0.066 21
1.928 3.867 -0.542 20
0.964 4.59 -0.122 20
-0.335 7.009 1.401 20
-0.668 10.541 2.957 20
-1.942 13.106 0.195 21
-3.373 9.178 -3.639 20
-2.814 1.747 -8.234 20
1.054 -3.163 -10.92 20
3.904 -4.155 -9.061 20
4.564 -2.349 -7.551 20
2.989 -0.006 -1.231 21
-0.828 1.964 12.963 20
-2.774 1.658 10.125 20
-2.82 0.509 -2.966 20
-3.87 -3.016 2.7 20
-1.34 -7.757 4.305 21
3.497 -8.413 -0.356 20
2.839 -6.308 -1.463 20
0.063 -4.985 -1.196 20
1.169 -5.233 2.831 20
5.097 -7.631 3.749 20
7.297 -8.245 3.891 21
10.271 -5.834 -3.314 20
12.116 -1.646 -12.587 20
1.189 6.279 -2.672 20
-4.832 6.68 0.272 20
-5.875 6.432 -3.844 21
-6.583 9.04 -3.544 20
-4.15 9.895 -0.876 20
0.16 7.804 1.675 20
0.001 5.758 1.617 20
-1.572 3.718 2.587 20
-0.177 -0.13 1.296 21
2.489 -4.606 3.175 20
2.782 -8.735 1.946 20
1.574 -24.085 -8.717 20
-5.729 -25.264 -5.556 20
2.184 -11.876 8.653 20
8.347 -4.205 8.02 21
1.973 1.682 -1.053 20
-0.01 8.003 0.006 20
0.057 12.209 1.655 20
-1.865 14.39 1.134 20
-4.522 15.398 -0.234 21
-3.455 13.985 2.195 20
-0.887 12.972 6.93 20
-1.147 11.861 5.228 20
-2.361 8.536 -1.117 20
-2.131 5.505 -4.69 21
0.164 2.192 -1.72 20
-1.962 -1.536 -4.415 20
-6.569 -5.224 0.449 20
-6.124 -8.056 9.886 20
-4.179 -18.254 11.374 20
5.789 -21.849 5.352 21
6.497 -7.142 -0.243 20
11.698 -4.902 -4.218 20
11.628 -6.688 2.354 20
8.904 -5.868 -1.037 20
8.857 -4.094 -8.582 20
2.471 0.381 -7.446 21
-3.193 2.622 -5.668 20
-6.094 4.192 -5.119 20
-7.417 7.729 -3.333 20
-4.885 10.041 -0.216 20
-0.294 11.167 1.24 21
4.219 10.693 -2.227 20
4.497 7.664 -0.456 20
0.721 1.844 2.262 20
0.94 -4.107 -0.488 20
-0.445 -5.729 3.829 20
-1.478 -14.129 -1.594 21
-2.85 -28.832 -6.253 20
-1.808 -19.776 -4.731 20
4.604 -4.145 6.157 20
6.55 0.826 6.934 20
1.807 4.896 1.047 20
-0.738 9.555 1.839 21
-2.197 11.596 2.836 20
-5.418 13.297 1.958 20
-7.39 14.563 2.851 20
-5.597 14.739 7.13 20
-3.737 14.14 5.231 21
-2.757 11.083 -2.376 20
-1.828 7.11 -9.108 20
1.299 1.662 -13.031 20
-4.798 -5.376 0.515 20
-8.733 -5.225 5.892 20
-7.375 -4.581 4.182 21
-4.16 -18.904 21.257 20
7.05 -24.521 22.222 20
14.897 -13.997 -10.934 20
18.901 -9.546 -17.497 20
10.664 -2.853 3.455 20
6.236 0.556 -5.037 21
1.132 -0.238 -9.36 20
-5.437 1.899 -3.302 20
-7.993 4.769 -3.804 20
-7.172 7.265 -6.148 20
-5.438 9.705 -3.543 21
-1.589 11.065 0.208 20
3.597 10.254 -2.173 20
4.253 6.859 -5.133 20
-1.014 2.321 2.507 20
-0.432 -2.078 2.17 20
2.282 -5.417 4.251 21
1.834 -10.911 1.877 20
1.195 -26.837 -5.845 20
-0.773 -21.795 -1.947 20
3.831 -4.987 4.646 20
7.274 -0.047 5.498 21
1.308 3.936 2.519 20
-1.269 8.976 1.273 20
-1.612 11.288 1.221 20
-5.116 13.126 -0.483 20
-6.907 13.542 -0.661 20
-5.011 13.467 3.8 21
-3.682 12.933 6.689 20
-3.37 10.551 3.612 20
-2.733 6.734 -3.792 20
-1.157 4.422 -5.202 20
0.352 0.802 -10.001 20
-4.733 -5.659 -2.858 21
-7.875 -4.843 4.839 20
-8.379 -6.825 9.247 20
-2.175 -18.63 20.615 20
7.665 -17.905 11.922 20
18.64 -15.105 -15.169 21
17.559 -9.57 -2.674 20
10.165 -2.266 -0.285 20
5.436 -2.438 -10.079 20
-1.801 -0.094 -8.622 20
-6.004 2.954 -2.439 20
-6.44 5.248 -1.863 21
-4.882 8.408 -4.266 20
-3.503 10.988 -5.04 20
-0.501 11.808 -2.508 20
4.205 9.806 -0.234 20
4.767 6.665 -2.751 21
0.315 2.931 0.99 20
-0.656 -0.938 3.321 20
3.009 -5.751 5.166 20
2.454 -9.451 2.457 20
1.614 -26.816 -7.791 20
-2.742 -29.619 -5.512 21
1.379 -10.964 4.786 20
5.435 -0.181 8.117 20
1.349 5.866 1.678 20
-1.808 11.402 1.419 20
-2.118 12.694 3.252 21
-4.778 12.869 2.556 20
-7.584 13.712 1.915 20
-6.957 14.331 5.339 20
-6.11 14.163 4.807 20
-5.937 12.41 -0.151 21
-4.554 8.987 -4.892 20
-1.695 5.685 -5.207 20
0.876 1.831 -9.856 20
-4.163 -5.203 -8.269 20
-5.241 -4.448 7.879 20
-6.603 -9.748 12.867 21
-1.411 -28.992 24.197 20
6.781 -24.122 16.109 20
16.337 -13.392 -17.309 20
18.61 -6.629 -11.486 20
12.116 0.827 0.993 20
6.946 0.712 -7.822 21
-0.841 0.216 -8.928 20
-8.074 3.611 -1.402 20
-9.442 6.544 -4.265 20
-7.01 8.708 -7.195 20
-3.754 10.946 -4.106 21
1.708 11.515 0.193 20
5.293 10.036 -1.248 20
2.815 6.801 -0.94 20
-0.357 2.374 3.747 20
2.479 -2.692 1.497 20
3.537 -6.073 7.494 21
2.862 -15.74 -2.864 20
-0.922 -33.156 -8.573 20
-0.869 -21.208 -1.028 20
6.509 -3.101 6.501 20
3.993 3.454 5.54 20
-1.332 9.723 1.662 21
-2.139 12.508 1.632 20
-3.074 11.924 2.557 20
-6.313 12.333 1.603 20
-6.954 13.26 3.029 20
-5.752 13.922 3.873 21
-5.711 13.577 1.837 20
-4.946 10.396 -2.169 20
-2.073 5.926 -4.67 20
2.874 1.304 -11.887 20
-0.694 -7.393 -10.142 20
-7.579 -4.125 8.731 21
-10.286 -2.796 10.902 20
-5.974 -20.512 22.085 20
5.329 -23.57 18.657 20
15.602 -18.01 -7.784 20
20.272 -12.298 -15.726 20
13.571 -0.217 -0.987 21
8.18 2.218 -5.953 20
-0.724 1.031 -8.317 20
-8.881 3.678 -3.208 20
-9.996 6.15 -3.92 20
-6.773 7.73 -6.249 21
-3.569 10.113 -5.229 20
2.183 10.962 -3.014 20
6.13 9.527 -0.813 20
2.954 7.076 -1.161 20
-1.532 3.111 3.779 20
-0.1 -0.94 3.451 21
4.139 -6.268 5.988 20
3.949 -13.458 -0.495 20
2.907 -33.9 -8.276 20
-1.694 -23.387 -0.549 20
3.931 -2.865 6.654 21
6.668 2.377 5.792 20
0.76 6.419 3.18 20
-4.077 10.748 2.536 20
-5.241 11.691 2.772 20
-7.526 12.941 1.606 20
-8.492 14.374 2.823 21
-7.944 15.08 1.978 20
-7.316 14.505 -0.278 20
-4.911 11.265 -2.046 20
-1.391 6.831 -6.017 20
3.559 2.69 -6.403 20
2.47 -3.278 -9.246 21
-3.545 -3.192 4.279 20
-5.937 -1.053 11.397 20
-5.171 -18.4 16.399 20
3.285 -28.803 19.903 20
12.214 -18.065 0.417 21
18.705 -10.403 -17.457 20
14.497 -3.239 -5.318 20
9.072 -0.555 -4.227 20
0.593 -0.777 -7.112 20
-6.2 2.473 -2.971 20
-9.142 6.024 -4.045 21
-8.624 8.376 -6.626 20
-5.319 9.838 -6.138 20
-0.838 10.62 -3.03 20
4.083 9.793 -2.623 20
3.942 6.761 -2.473 21
-0.664 3.313 2.816 20
-0.604 0.879 6.1 20
3.817 -4.416 5.367 20
4.811 -10.19 2.662 20
4.838 -31.884 -8.403 20
0.127 -29.685 -3.604 21
5.995 -5.724 3.486 20
5.031 3.227 6.438 20
-3.734 9.023 2.839 20
-3.842 13.336 3.251 20
-4.331 13.302 2.988 21
-7.149 12.811 1.614 20
-8.077 13.681 3.863 20
-7.495 14.296 3.463 20
-7.035 13.684 0.914 20
-5.184 10.871 -1.52 20
-1.231 6.177 -5.52 21
1.564 2.043 -5.197 20
1.643 -2.546 -7.021 20
-0.638 -3.893 -1.272 20
-3.079 -1.712 9.938 20
-5.996 -15.102 13.888 21
-3.066 -27.782 17.751 20
10.11 -19.361 5.841 20
18.424 -10.045 -13.266 20
14.887 -3.888 -4.374 20
11.175 -1.572 -6.392 20
2.76 -1.402 -8.291 21
-6.13 2.541 -3.339 20
-11.377 6.784 -4.275 20
-9.552 8.287 -5.963 20
-3.765 8.927 -4.612 20
1.487 10.817 -3.853 21
7.957 9.673 -3.472 20
5.81 6.384 1.553 20
-1.107 2.811 4.515 20
1.987 -2.969 3.384 20
4.248 -7.029 6.418 20
2.116 -15.965 -4.57 21
-1.605 -31.079 -5.598 20
-4.506 -18.302 2.248 20
0.778 -2.074 7.409 20
4.846 2.274 5.907 20
0.903 8.042 1.58 20
-2.8 12.696 1.711 21
-3.507 13.156 1.399 20
-5.379 12.944 -0.982 20
-6.534 13.454 -0.176 20
-6.865 13.911 1.155 20
-6.996 13.264 2.016 21
-4.589 10.012 0.058 20
0.08 5.3 -1.991 20
3.709 2.795 -4.209 20
2.357 -2.056 -12.437 20
-2.183 -5.007 3.358 20
-8.409 -4.907 11.413 21
-8.122 -24.505 16.806 20
4.075 -26.086 12.83 20
12.026 -12.129 -3.611 20
17.015 -8.891 -7.499 20
13.461 -1.978 -1.364 21
8.834 2.272 -8.197 20
1.677 1.357 -7.5 20
-5.303 2.398 -3.204 20
-9.722 5.797 -3.416 20
-10.777 8.771 -5.851 20
-7.125 10.123 -4.677 21
-0.693 10.904 -0.965 20
6.109 9.352 -3.089 20
6.548 6.143 -3.724 20
0.326 3.083 3.872 20
0.423 -0.505 4.468 21
4.365 -5.715 5.5 20
3.029 -11.443 -0.379 20
-0.379 -29.349 -6.449 20
-3.825 -28.126 0.09 20
2.099 -6.737 4.073 20
8.238 1.908 4.52 21
3.368 7.269 1.778 20
-1.235 11.224 2.588 20
-2.804 11.24 2.348 20
-5.815 11.584 0.376 20
-7.278 12.47 2.574 20
-6.636 12.764 4.593 21
-6.645 12.999 3.968 20
-6.228 11.792 -0.915 20
-2.673 7.53 -5.454 20
0.141 4.918 -4.527 20
0.147 2.693 -6.347 21
-2.76 -2.433 -8.273 20
-5.878 -2.164 4.506 20
-8.058 -16.28 15.516 20
-6.53 -31.809 22.146 20
5.609 -19.217 6.711 20
18.303 -10.39 -11.433 21
21.245 -7.014 -2.075 20
14.716 0.931 -4.438 20
8.346 2.448 -9.062 20
-0.417 2.186 -6.341 20
-6.871 3.959 -3.531 21
-11.227 7.121 -3.504 20
-9.289 9.274 -3.623 20
-4.098 10.554 -2.925 20
2.035 10.574 -1.744 20
7.318 8.202 -6.112 20
4.217 4.482 -1.566 21
-0.431 0.815 4.417 20
2.414 -4.481 7.009 20
2.633 -8.243 6.25 20
2.868 -25.305 -5.096 20
-0.925 -32.719 -4.358 21
0.207 -9.708 1.892 20
6.732 2.292 5.13 20
1.626 7.039 4.059 20
-3.74 11.878 2.825 20
-5.041 12.378 2.213 20
-6.354 11.636 1.963 21
-7.963 11.975 2.825 20
-8.555 12.739 2.237 20
-8.45 13.052 -1.254 20
-6.206 12.025 -2.334 20
0.246 7.028 -5.365 21
6.43 1.623 -7.56 20
3.422 -5.431 -7.106 20
-5.232 -4.868 0.048 20
-10.569 -4.194 8.811 20
-7.902 -20.479 19.725 20
2.956 -19.748 15.474 21
12.151 -11.538 3.619 20
19.288 -10.781 -13.448 20
13.474 -2.765 -5.502 20
8.14 0.688 -2.973 20
3.059 -0.311 -8.781 21
-2.452 2.123 -6.34 20
-6.767 5.563 -2.204 20
-7.675 8.096 -3.633 20
-4.643 9.294 -3.761 20
-1.35 11.253 -2.365 21
3.417 11.022 -3.75 20
4.226 7.947 -3.287 20
-1.309 3.764 3.166 20
-1.65 0.47 4.367 20
3.828 -5.52 3.223 20
4.336 -10.155 2.683 21
3.369 -28.515 -7.661 20
-2.949 -29.889 -1.596 20
-1.885 -7.18 3.961 20
6.584 2.174 8.136 20
6.201 5.984 2.931 20
-1.325 11.607 2.778 21
-3.597 11.949 2.088 20
-5.764 11.72 0.245 20
-8.173 12.667 1.645 20
-7.617 12.651 3.764 20
-6.749 12.207 1.643 21
-4.936 10.946 -4.106 20
-1.51 7.1 -7.052 20
3.081 2.874 -8.132 20
-0.598 -3.258 -2.569 20
-7.39 -3.063 4.534 20
-10.411 -0.513 6.202 21
-7.74 -19.442 20.251 20
5.061 -28.152 24.586 20
14.869 -19.999 -0.207 20
21.109 -11.527 -23.294 20
15.561 0.355 -5.668 21
8.096 5.241 -3.23 20
1.129 1.369 -6.641 20
-7.02 3.593 -3.411 20
-11.646 7.334 -5.222 20
-9.401 7.286 -7.108 20
-4.561 8.328 -3.764 21
-0.752 10.256 -2.282 20
2.765 9.289 -2.938 20
3.552 6.032 -2.756 20
-0.166 2.624 2.71 20
0.296 -1.353 5.25 21
5.186 -6.928 8.352 20
7.47 -17.41 -2.452 20
4.998 -33.686 -6.775 20
-4.025 -17.366 3.321 20
0.611 0.942 7.445 20
4.357 4.148 3.324 21
1.582 8.06 3.742 20
-3.165 11.618 3.461 20
-4.985 11.799 0.788 20
-6.979 12.245 -0.95 20
-8.21 13.372 1.229 20
-7.598 12.852 2.911 21
-4.913 11.427 0.041 20
-0.078 8.411 -4.977 20
3.586 4.465 -5.365 20
2.104 2.893 -3.768 20
-1.372 -1.893 -3.896 21
-4.656 -3.691 3.642 20
-6.991 -10.669 10.938 20
-5.162 -27.042 14.3 20
5.637 -19.34 11.268 20
11.623 -7.7 3.7 20
15.723 -6.716 -10.071 21
14.832 -2.636 -8.337 20
8.905 -0.083 -5.804 20
-0.524 0.724 -7.097 20
-6.096 3.155 -3.576 20
-9.173 6.532 -2.33 21
-8.747 8.876 -5.273 20
-5.98 10.586 -4.002 20
-0.809 11.056 -0.736 20
5.398 8.81 -4.912 20
5.805 4.945 -5.721 21
-0.684 1.497 2.133 20
-0.178 -3.123 5.236 20
3.15 -6.599 9.494 20
3.407 -15.77 -1.223 20
1.714 -32.656 -6.665 20
-1.587 -20.06 3.044 21
4.403 -0.302 8.736 20
6.703 4.923 2.793 20
-0.23 9.392 3.305 20
-4.409 10.718 3.059 20
-5.227 9.774 0.612 21
-7.718 10.922 -0.272 20
-8.483 12.389 2.212 20
-7.736 12.862 1.521 20
-6.676 12.994 -2.806 20
-2.645 11.302 -6.249 20
2.765 6.408 -3.263 21
4.767 2.304 -6.82 20
0.0 -4.378 -5.183 20
-7.002 -1.148 7.503 20
-8.628 -10.605 16.32 20
-0.46 -29.647 19.699 21
11.712 -22.275 9.586 20
15.551 -9.617 -7.502 20
14.0 -2.472 -15.109 20
10.834 1.392 -6.041 20
4.434 0.834 -3.21 20
-2.586 0.145 -4.282 21
-8.142 4.037 -3.767 20
-11.471 7.361 -6.663 20
-7.754 7.595 -3.968 20
-3.204 9.683 -0.439 20
2.044 10.856 -5.379 21
6.268 8.183 -7.008 20
1.711 3.519 2.247 20
-0.257 -1.366 3.49 20
3.228 -5.774 7.063 20
3.938 -10.914 2.027 21
4.098 -27.588 -5.878 20
-0.565 -26.092 -0.741 20
-0.706 -4.597 6.837 20
5.191 2.853 4.424 20
4.626 5.673 3.796 20
-0.99 10.213 4.018 21
-4.362 11.337 2.189 20
-6.651 11.494 -0.702 20
-8.538 12.358 0.156 20
-7.965 12.811 2.652 20
-6.761 12.368 0.899 20
-4.854 11.591 -4.075 21
-0.755 8.15 -3.12 20
2.584 4.291 0.781 20
2.685 1.165 -11.408 20
-1.801 -3.95 -4.589 20
-6.351 -1.52 11.549 21
-6.162 -18.628 15.597 20
2.322 -31.368 17.381 20
11.063 -15.591 4.68 20
13.514 -3.847 -13.095 20
13.661 -1.401 -5.475 21
10.958 0.079 -2.069 20
4.198 -1.327 -7.028 20
-2.796 -0.224 -5.805 20
-7.773 3.21 -3.204 20
-9.992 6.082 -4.779 20
-6.707 7.393 -5.972 21
-2.367 9.299 -4.502 20
2.073 9.363 -2.12 20
4.616 7.441 -3.389 20
1.166 3.855 3.109 20
1.231 -1.369 4.65 20
5.577 -6.064 6.854 21
4.347 -9.692 -1.18 20
3.103 -25.571 -4.915 20
-2.988 -23.99 1.321 20
-0.072 -5.055 4.876 20
6.081 1.574 4.392 21
2.23 5.418 3.397 20
-2.259 9.026 3.54 20
-3.971 9.182 2.184 20
-7.269 10.452 -0.065 20
-10.015 13.053 -0.58 20
-9.354 14.548 1.542 21
-7.496 14.548 2.447 20
-4.776 12.777 -0.46 20
-0.379 8.754 -3.462 20
3.547 4.475 -2.245 20
4.881 -1.062 -13.274 21
-2.223 -6.039 -4.543 20
-8.294 -3.161 9.126 20
-7.669 -21.2 16.266 20
3.273 -28.89 16.61 20
9.569 -11.127 9.716 20
12.734 -4.562 -8.424 21
16.751 -2.883 -15.033 20
12.668 1.138 -1.079 20
4.48 0.444 -4.356 20
-2.62 0.452 -7.141 20
-7.735 3.259 -3.036 21
-10.044 5.826 -5.235 20
-7.009 7.307 -5.134 20
-3.15 9.821 -2.277 20
1.243 10.945 -2.657 20
6.209 8.958 -4.696 20
4.551 5.018 2.445 21
0.026 0.663 4.563 20
4.143 -4.878 5.603 20
4.49 -8.04 4.189 20
4.532 -22.724 -6.905 20
-0.43 -33.234 -1.855 21
-1.504 -12.657 3.89 20
4.15 2.136 5.12 20
2.514 6.308 3.157 20
-0.933 9.993 3.098 20
-3.638 10.677 2.063 20
-6.659 10.75 0.387 21
-9.456 12.101 -0.621 20
-9.306 12.667 1.734 20
-8.153 12.286 2.119 20
-7.075 11.65 0.035 20
-5.477 9.877 -2.58 21
-2.146 6.992 -3.174 20
1.121 4.277 -4.432 20
0.955 -2.274 -9.648 20
-0.888 -3.931 4.372 20
-3.764 -11.532 12.267 21
-2.879 -30.822 14.962 20
4.948 -20.998 10.745 20
14.008 -7.847 3.985 20
19.116 -4.882 -9.387 20
14.335 1.038 -5.468 20
8.352 0.119 -5.974 21
1.148 -1.912 -7.797 20
-5.981 1.441 -3.829 20
-11.633 5.318 -1.779 20
-10.728 6.991 -5.122 20
-5.727 8.502 -6.477 21
-0.795 10.01 -4.234 20
3.625 8.949 -5.244 20
5.442 5.161 -2.57 20
0.282 1.956 5.538 20
1.532 -2.384 4.033 20
4.557 -5.578 6.37 21
4.867 -12.866 -1.924 20
3.308 -29.605 -4.176 20
-1.663 -24.833 2.217 20
1.962 -5.424 6.656 20
4.957 3.33 4.544 21
-0.186 9.712 2.679 20
-4.44 13.105 3.457 20
-4.622 12.62 2.432 20
-6.904 12.962 -0.984 20
-8.505 13.869 0.155 21
-8.472 13.797 1.713 20
-8.161 12.73 0.79 20
-6.179 10.508 -1.41 20
-0.874 6.456 -2.629 20
6.717 2.529 -13.588 20
2.124 -3.986 -7.734 21
-7.914 -2.425 7.656 20
-9.792 -1.335 11.493 20
-4.822 -21.34 18.504 20
7.806 -28.14 23.251 20
13.019 -16.901 -1.605 20
15.41 -8.894 -31.067 21
10.639 -3.386 -3.008 20
5.975 -2.468 1.807 20
-0.874 -0.533 -9.668 20
-4.969 4.034 -4.775 20
-5.231 7.378 -3.282 21
-3.343 9.365 -4.463 20
-2.623 11.781 -2.952 20
-0.267 13.097 -3.055 20
4.211 10.64 -3.377 20
4.464 6.094 -2.783 21
-1.85 1.744 -1.373 20
-5.183 0.848 3.11 20
-2.356 -1.588 5.97 20
5.375 -7.871 8.609 20
8.535 -21.505 -5.156 20
3.417 -36.652 -5.936 21
0.441 -22.849 5.68 20
8.596 -1.827 6.453 20
1.488 8.369 2.272 20
-2.929 12.348 4.847 20
-1.193 12.431 3.166 20
-5.138 12.216 0.417 21
-10.156 14.088 -1.667 20
-9.638 14.572 1.2 20
-7.638 14.223 3.316 20
-7.132 13.445 0.919 20
-4.472 9.949 -1.787 21
1.832 5.457 -7.846 20
3.298 0.175 -14.73 20
-6.416 -6.143 -2.445 20
-8.885 -0.881 7.744 20
-8.807 -15.24 17.549 20
3.132 -32.237 27.865 21
11.477 -20.439 10.683 20
16.004 -9.483 -22.572 20
16.758 -3.058 -8.828 20
12.941 2.453 1.561 20
6.869 1.518 -6.068 21
-1.847 2.172 -7.104 20
-8.094 5.441 -3.395 20
-10.76 7.273 -5.735 20
-8.614 7.766 -4.791 20
-4.083 9.223 -2.026 20
-0.394 10.254 -3.732 21
4.388 7.516 -7.213 20
3.125 3.037 -0.964 20
-1.125 0.58 5.362 20
1.955 -3.002 4.918 20
4.407 -5.513 7.535 21
5.124 -15.356 -0.944 20
4.094 -31.814 -4.933 20
0.789 -19.392 2.126 20
5.908 -0.246 6.04 20
4.114 6.638 3.146 20
0.029 10.262 4.479 21
-3.358 11.064 3.32 20
-5.404 10.102 1.269 20
-8.438 11.224 -0.228 20
-9.498 12.311 1.264 20
-9.499 12.641 1.485 21
-8.795 11.959 -1.056 20
-4.977 9.97 -3.531 20
0.334 6.459 -4.836 20
2.815 3.584 -5.395 20
0.823 -1.75 -11.927 20
-3.393 -2.875 5.93 21
-4.638 -8.55 16.321 20
-3.457 -28.295 18.195 20
5.9 -23.454 6.251 20
14.632 -9.641 -5.938 20
15.967 -3.729 -3.246 21
9.854 1.517 -0.015 20
7.105 1.568 -6.652 20
3.658 -0.673 -5.821 20
-1.803 0.314 -4.891 20
-6.392 2.016 -4.081 20
-10.797 5.997 -5.292 21
-8.277 8.334 -6.267 20
-3.297 10.079 -2.012 20
0.44 11.138 -1.787 20
3.58 9.585 -3.113 20
3.722 5.3 2.371 21
4.139 -1.475 1.921 20
4.096 -6.265 7.228 20
4.747 -14.253 -2.309 20
3.386 -33.02 -3.719 20
-4.152 -25.738 2.764 21
1.611 -1.612 4.56 20
4.13 6.032 4.166 20
0.023 9.484 3.359 20
-3.085 11.187 1.428 20
-4.186 9.566 1.335 20
-6.352 9.603 0.123 21
-8.076 11.09 -0.026 20
-7.525 11.887 2.379 20
-6.934 12.25 0.061 20
-4.617 11.045 -2.038 20
1.333 6.782 -0.678 21
3.685 4.12 -0.293 20
2.782 -0.379 -13.381 20
-3.855 -5.2 -1.94 20
-7.857 -7.651 12.76 20
-4.305 -26.858 18.87 20
6.469 -22.776 13.674 21
10.959 -7.782 0.063 20
14.425 -3.373 -9.678 20
13.177 -0.207 -6.656 20
9.164 1.363 -3.918 20
1.732 0.478 -5.385 20
-4.457 1.467 -5.676 21
-8.515 3.787 -4.904 20
-9.768 5.553 -6.018 20
-7.816 7.574 -3.894 20
-3.596 9.458 0.673 20
1.161 9.788 -2.231 21
6.344 7.272 -6.414 20
5.561 2.186 2.054 20
3.918 -4.851 3.518 20
2.23 -9.73 5.507 20
1.628 -20.145 -1.467 20
-2.837 -31.906 -1.17 21
-4.783 -15.146 5.891 20
6.045 3.313 8.441 20
7.793 7.186 -0.319 20
-0.264 10.917 3.595 20
-2.262 10.731 2.071 21
-4.095 9.612 0.46 20
-7.639 10.779 0.386 20
-9.085 12.169 1.723 20
-8.39 12.384 2.325 20
-7.154 12.211 -0.677 20
-3.435 10.28 -3.477 21
0.956 6.674 -2.644 20
3.003 3.102 -8.198 20
-2.136 -4.46 -11.505 20
-7.715 -3.813 4.523 20
-9.982 -13.726 14.958 21
-3.565 -33.143 27.01 20
9.07 -22.96 14.141 20
17.591 -9.069 -18.071 20
20.961 -2.488 -12.894 20
14.493 4.277 -1.03 20
6.821 2.125 -3.734 21
-0.022 1.227 -6.644 20
-6.457 5.845 -2.002 20
-10.317 8.22 -3.973 20
-9.346 8.435 -6.969 20
-5.488 9.733 -4.655 21
-1.073 10.786 -1.714 20
4.485 8.812 -3.74 20
6.197 5.197 -1.525 20
1.686 1.72 4.125 20
3.759 -3.736 4.747 20
5.322 -9.157 6.266 21
4.996 -25.368 -5.316 20
-1.453 -36.135 -0.306 20
-3.502 -13.099 7.215 20
4.427 4.175 4.232 20
4.752 7.304 1.06 21
0.569 10.385 3.981 20
-4.67 11.056 2.914 20
-7.525 10.841 1.541 20
-9.569 11.945 1.136 20
-9.839 12.613 1.473 20
-8.807 12.762 0.022 21
-5.37 12.35 -5.428 20
0.017 9.813 -6.888 20
3.088 5.96 -3.372 20
2.52 -0.534 -16.063 20
-4.736 -4.434 4.268 21
-8.164 -3.303 14.302 20
-5.17 -23.103 20.814 20
4.797 -27.961 21.201 20
11.583 -14.568 2.021 20
15.433 -7.316 -18.383 20
14.401 -0.882 -11.761 21
8.092 1.928 0.131 20
2.434 -0.237 -5.161 20
-4.129 2.628 -5.369 20
-9.255 6.261 -4.599 20
-9.506 6.771 -7.351 21
-5.945 7.676 -5.288 20
-1.677 9.155 -1.739 20
2.157 9.102 -1.505 20
5.287 6.967 -5.422 20
2.864 3.23 2.688 21
2.239 -1.772 4.267 20
4.212 -6.019 7.898 20
4.944 -16.134 -0.682 20
3.535 -32.628 -2.934 20
-3.326 -19.498 3.639 20
0.352 1.451 7.472 21
3.93 5.838 1.874 20
2.694 8.242 4.591 20
-2.71 11.268 3.601 20
-6.078 11.131 0.482 20
-7.868 11.374 -0.54 21
-8.98 12.177 1.587 20
-8.843 11.972 2.094 20
-7.62 11.642 -1.359 20
-3.092 9.904 -5.63 20
3.165 5.522 -6.746 21
7.255 -0.516 -10.577 20
-1.132 -5.447 1.542 20
-9.541 0.323 7.034 20
-9.712 -11.324 12.024 20
-1.351 -26.12 18.747 20
9.969 -18.226 14.514 21
15.01 -10.858 -4.734 20
16.924 -5.542 -23.222 20
11.81 0.994 -2.419 20
5.699 0.633 0.543 20
-1.728 1.098 -8.115 21
-6.928 4.99 -4.656 20
-8.557 6.662 -4.261 20
-7.43 7.153 -4.67 20
-4.259 8.835 -3.386 20
-0.185 9.868 -3.049 20
4.496 7.896 -6.066 21
4.581 3.566 0.891 20
2.023 -1.017 4.749 20
4.604 -5.811 7.931 20
5.691 -11.963 0.051 20
4.04 -28.202 -6.154 21
-3.965 -27.501 2.485 20
-2.443 -5.664 9.968 20
4.553 4.849 3.782 20
2.297 7.899 2.291 20
-2.144 10.986 4.586 20
-4.222 11.616 0.76 21
-6.139 11.752 -0.164 20
-8.851 13.134 -0.426 20
-8.908 13.364 0.381 20
-7.368 12.862 0.979 20
-5.401 11.544 -3.335 21
-0.659 7.811 -4.09 20
2.974 4.621 -0.454 20
3.447 1.065 -6.188 20
-0.163 -4.169 -3.071 20
-6.024 -3.916 5.874 20
-8.778 -22.404 14.309 21
-1.267 -29.611 15.205 20
8.337 -12.923 7.447 20
14.786 -7.62 -6.064 20
16.75 -3.133 -9.263 20
13.314 3.104 -5.144 21
6.64 2.401 -5.041 20
-0.437 1.072 -6.068 20
-6.913 4.085 -2.93 20
-11.877 7.044 -2.557 20
-11.174 8.017 -6.609 20
-5.048 8.899 -4.199 21
0.184 9.432 -2.063 20
3.839 7.712 -4.778 20
4.874 4.822 0.155 20
4.882 0.888 3.38 20
5.739 -4.197 7.149 21
6.124 -9.883 1.723 20
6.476 -26.14 -4.759 20
-2.525 -31.022 0.789 20
-5.205 -9.942 4.766 20
1.213 4.022 3.922 20
2.105 7.295 2.375 21
0.575 9.394 2.54 20
-3.759 10.162 2.394 20
-7.14 10.787 0.563 20
-9.432 12.396 0.203 20
-9.243 12.694 1.619 21
-7.058 12.024 1.107 20
-3.84 11.179 -3.122 20
1.694 7.588 -3.405 20
4.2 4.656 -2.827 20
1.057 1.55 -14.059 20
-4.75 -5.264 -0.468 21
-7.393 -4.341 12.761 20
-5.923 -19.772 16.715 20
3.172 -26.869 16.603 20
10.67 -12.866 3.647 20
14.617 -4.833 -12.237 21
16.226 -2.524 -7.21 20
11.867 0.815 -1.373 20
4.639 0.796 -5.74 20
-2.138 1.762 -6.767 20
-7.26 3.744 -4.04 20
-10.469 6.015 -3.97 21
-8.585 8.095 -3.625 20
-3.631 9.864 -3.556 20
1.38 10.684 -4.905 20
6.47 8.715 -4.615 20
4.814 5.797 2.356 21
0.383 1.298 3.013 20
3.44 -5.139 5.758 20
3.969 -10.513 5.21 20
3.669 -26.522 -5.932 20
-0.97 -31.685 1.055 20
0.554 -6.597 8.616 21
5.815 7.002 2.537 20
1.118 9.495 1.606 20
-3.027 10.054 4.28 20
-5.32 9.592 1.373 20
-7.817 9.737 -0.21 21
-9.385 10.539 -0.392 20
-9.19 11.128 0.858 20
-8.715 11.374 0.253 20
-6.005 10.258 -1.488 20
-0.674 7.13 -4.997 21
4.877 2.512 -14.21 20
-4.121 -4.962 -0.233 20
-8.327 -2.069 5.755 20
-6.66 -13.536 16.261 20
2.81 -29.434 22.872 20
12.763 -18.691 8.333 21
14.636 -6.736 -12.69 20
14.725 -2.294 -14.357 20
10.072 1.375 1.665 20
5.933 0.761 -1.032 20
0.124 1.332 -7.2 21
-4.684 5.11 -5.085 20
-7.933 7.272 -4.896 20
-8.571 7.687 -5.583 20
-5.474 8.65 -4.492 20
-0.931 9.292 -2.678 20
2.904 7.489 -4.172 21
3.445 3.606 -0.818 20
1.896 -0.262 3.154 20
4.953 -4.996 7.5 20
5.762 -9.895 2.08 20
7.18 -24.206 -4.815 21
-0.527 -26.181 1.737 20
-5.357 -6.154 7.833 20
1.777 3.742 6.243 20
4.089 4.903 2.531 20
-0.441 7.972 2.774 21
-5.573 9.462 1.783 20
-7.135 9.969 -0.214 20
-8.616 11.443 -0.154 20
-8.664 12.495 1.654 20
-7.653 11.966 1.771 20
-6.075 11.192 -3.383 21
-1.512 8.285 -5.953 20
3.487 4.173 -6.213 20
3.188 -0.555 -9.682 20
-4.979 -3.727 4.838 20
-7.771 -2.431 7.486 20
-6.005 -21.119 14.236 21
2.673 -27.446 18.929 20
8.589 -12.072 5.062 20
13.756 -5.856 -11.831 20
17.201 -3.619 -11.174 20
13.066 1.308 1.126 21
6.385 2.059 -2.854 20
0.393 1.928 -7.842 20
-4.429 4.325 -4.447 20
-9.372 7.301 -5.166 20
-9.392 8.308 -5.469 20
-4.124 8.842 -0.675 21
-0.182 10.228 -3.291 20
4.747 8.069 -7.214 20
3.222 4.074 1.057 20
-0.491 0.529 3.967 20
3.751 -5.085 5.752 21
4.85 -10.266 4.086 20
5.836 -27.425 -5.655 20
-0.322 -28.776 0.082 20
-0.594 -4.52 4.683 20
4.268 5.078 3.898 20
1.284 6.808 2.717 21
-2.825 8.717 3.935 20
-4.276 8.858 1.739 20
-6.569 9.691 -0.568 20
-8.844 11.582 -1.402 20
-8.6 12.636 1.07 21
-7.816 12.528 0.903 20
-5.523 11.577 -1.136 20
-0.512 7.66 -0.371 20
2.843 4.08 -2.901 20
1.77 0.389 -15.189 20
-3.561 -3.347 2.317 21
-5.447 -4.105 11.309 20
-3.686 -22.44 12.681 20
4.231 -26.673 13.484 20
8.896 -9.724 5.248 20
10.766 -2.965 -1.957 21
13.797 -2.686 -8.766 20
13.506 -0.949 -5.984 20
6.569 0.281 -2.761 20
-0.227 0.376 -5.726 20
-5.266 2.513 -3.894 20
-9.149 5.399 -3.075 21
-9.053 7.437 -5.612 20
-5.22 8.977 -3.735 20
-2.421 10.08 -3.416 20
0.722 8.55 -4.171 20
1.805 4.92 -0.742 21
0.484 0.798 2.142 20
3.937 -4.462 4.927 20
5.453 -8.384 4.982 20
7.948 -23.426 -3.967 20
2.451 -29.026 0.441 20
-2.269 -8.043 3.674 21
5.007 3.415 5.008 20
4.901 5.915 3.256 20
-1.284 8.548 2.881 20
-4.845 9.321 1.433 20
-7.217 9.987 -0.046 21
-9.597 11.469 -0.826 20
-9.666 12.567 1.506 20
-8.779 12.388 2.177 20
-7.401 11.238 -1.347 20
-3.121 7.785 -3.066 20
1.623 4.87 -6.94 21
1.512 0.226 -14.63 20
-5.022 -4.286 3.795 20
-6.091 -5.097 12.179 20
-3.684 -27.125 18.384 20
5.788 -27.757 18.154 21
11.836 -10.607 1.6 20
16.536 -4.618 -11.427 20
15.933 -0.163 -9.776 20
11.526 1.894 -2.186 20
4.229 0.465 -4.58 21
-3.206 1.662 -5.504 20
-8.664 4.896 -3.725 20
-11.022 7.151 -5.866 20
-7.314 7.845 -4.191 20
-3.322 9.728 -2.898 20
-0.356 10.294 -5.064 21
2.715 7.437 -3.581 20
0.641 3.849 2.226 20
-0.755 0.545 4.783 20
4.641 -4.489 4.811 20
6.104 -8.966 2.148 21
7.434 -23.67 -4.262 20
3.819 -29.215 1.984 20
1.552 -8.427 2.864 20
5.483 4.031 4.13 20
1.315 7.911 3.557 20
-3.499 9.164 3.247 21
-5.566 8.976 1.533 20
-8.325 9.786 -1.031 20
-9.73 11.168 -1.581 20
-8.574 12.125 0.357 20
-7.606 12.325 0.92 21
-5.168 10.676 0.388 20
0.64 6.364 1.104 20
3.797 4.613 -6.066 20
-0.958 1.409 -12.423 20
-6.86 -4.569 -1.613 20
-9.927 -5.871 11.923 21
-4.75 -27.658 23.699 20
8.798 -27.529 19.546 20
10.615 -10.37 -2.514 20
17.653 -5.556 -15.459 20
18.361 -0.891 -7.81 20
9.188 3.362 -1.214 21
1.075 1.594 -5.965 20
-4.997 2.642 -6.015 20
-9.241 6.099 -2.456 20
-9.448 7.716 -4.146 20
-7.389 8.975 -4.141 21
-3.088 10.072 -3.339 20
2.379 9.032 -4.637 20
5.715 5.699 -5.713 20
1.821 2.12 2.237 20
0.104 -2.095 5.569 20
3.543 -6.669 7.489 21
4.62 -13.69 -0.358 20
3.44 -29.75 -5.436 20
-2.424 -23.172 4.72 20
-0.472 -0.63 10.114 20
5.88 5.861 1.766 21
3.261 7.666 1.626 20
-1.322 9.747 4.113 20
-3.432 9.469 0.925 20
-6.771 9.828 -0.928 20
-10.052 11.652 -1.398 20
-9.152 12.13 0.442 21
-6.489 11.609 1.728 20
-3.328 10.463 -0.772 20
0.675 7.269 -0.768 20
3.264 5.426 -8.781 20
0.156 -1.131 -15.677 21
-6.872 -2.837 4.629 20
-11.335 -8.478 10.587 20
-5.178 -33.693 23.789 20
7.815 -25.68 19.88 20
9.841 -7.766 -2.026 20
17.896 -4.053 -19.321 21
18.551 1.413 -7.909 20
10.845 5.799 1.028 20
2.961 2.152 -5.748 20
-4.154 2.667 -6.027 20
-9.596 5.82 -2.587 21
-12.823 7.892 -5.146 20
-8.85 8.939 -5.112 20
-2.92 9.304 -2.273 20
1.34 7.322 -6.381 20
1.713 3.086 -2.625 20
0.082 -0.617 2.664 21
3.95 -4.932 5.39 20
4.803 -8.569 3.376 20
6.839 -23.755 -0.686 20
3.395 -27.435 1.421 20
0.533 -6.185 5.464 21
5.956 4.195 5.407 20
3.23 7.123 2.527 20
-2.62 9.142 3.803 20
-4.475 9.425 1.441 20
-6.472 10.528 -1.044 21
-8.632 12.655 -0.536 20
-7.605 13.414 2.423 20
-6.208 13.038 1.23 20
-4.011 11.525 -2.676 20
0.244 7.434 -0.134 20
3.309 4.613 -4.245 21
1.867 -0.395 -17.564 20
-6.237 -5.018 -0.041 20
-10.589 -2.962 12.675 20
-6.074 -24.139 19.428 20
7.72 -29.169 19.134 21
9.358 -11.452 1.778 20
14.054 -5.178 -15.157 20
17.057 -2.543 -7.538 20
10.889 2.147 1.173 20
2.534 2.506 -5.082 20
-2.567 1.822 -6.764 21
-7.258 4.565 -3.25 20
-10.872 7.078 -6.101 20
-9.449 7.592 -6.263 20
-3.15 7.82 -4.304 20
1.098 7.799 -5.068 21
2.927 4.95 -3.83 20
0.754 1.044 3.656 20
2.75 -3.596 4.599 20
4.635 -6.964 5.928 20
6.455 -17.452 -1.821 20
5.02 -31.025 -0.522 21
-3.005 -14.353 5.132 20
1.464 3.197 6.822 20
5.207 5.682 1.58 20
0.797 8.195 3.72 20
-3.835 10.256 4.288 21
-5.351 10.312 0.677 20
-7.858 11.685 -0.903 20
-9.747 13.892 0.46 20
-8.995 14.053 2.184 20
-7.528 13.206 -1.513 21
-3.526 10.264 -3.578 20
1.07 5.534 -1.088 20
4.15 2.794 -11.61 20
0.988 -4.467 -5.175 20
-5.903 -3.537 8.447 20
-6.852 -16.822 13.615 21
2.717 -32.161 18.543 20
9.622 -16.098 7.166 20
10.628 -3.919 -3.396 20
14.886 -2.643 -11.357 20
13.777 -0.314 -5.269 21
7.061 0.782 -1.685 20
0.029 0.27 -6.729 20
-5.867 2.634 -4.95 20
-11.108 6.059 -3.897 20
-11.581 7.918 -6.845 20
-5.743 8.762 -4.599 21
-0.119 9.481 -3.014 20
3.926 7.983 -5.351 20
3.391 4.132 0.586 20
1.126 -0.685 3.761 20
3.937 -5.383 6.047 21
4.96 -10.683 1.014 20
4.27 -26.396 -4.109 20
-0.854 -27.286 2.374 20
-1.191 -5.109 8.41 20
4.554 5.601 4.225 20
3.09 7.906 1.356 21
-1.513 9.83 4.588 20
-3.0 9.923 1.958 20
-4.576 10.295 0.026 20
-7.874 12.734 -0.864 20
-9.546 14.21 1.943 21
-9.131 13.114 2.408 20
-4.697 10.789 -1.337 20
1.099 6.468 -2.78 20
3.072 4.004 -10.332 20
1.122 -1.492 -18.524 20
-4.767 -5.991 4.333 21
-8.917 -4.694 11.424 20
-6.837 -22.461 19.916 20
4.064 -22.72 19.537 20
7.37 -8.774 3.272 20
14.875 -8.183 -12.061 21
18.299 -5.269 -7.826 20
13.332 0.942 2.586 20
6.741 0.973 -5.593 20
-1.45 1.358 -9.138 20
-8.985 3.997 -2.841 20
-13.086 6.327 -1.183 21
-9.746 6.876 -4.366 20
-3.127 8.105 -6.161 20
1.943 9.172 -8.505 20
6.431 6.694 -3.918 20
4.859 4.472 1.466 21
0.941 1.155 3.128 20
3.326 -4.304 5.286 20
2.605 -7.653 4.561 20
2.765 -21.968 -5.208 20
0.304 -31.213 -2.322 20
-1.236 -13.25 8.045 21
4.595 3.142 7.563 20
5.772 7.299 0.973 20
1.34 10.797 4.435 20
-4.498 11.737 2.577 20
-6.417 10.033 0.819 21
-9.458 11.845 -0.551 20
-10.644 13.617 2.34 20
-9.864 13.404 2.971 20
-8.356 12.59 -2.457 20
-3.881 9.414 -5.731 21
1.572 5.262 -8.054 20
3.752 -1.03 -15.831 20
-3.096 -5.511 2.25 20
-7.827 -2.228 11.74 20
-5.199 -22.883 20.447 20
6.884 -30.038 21.077 21
11.609 -13.141 2.608 20
16.09 -6.517 -16.695 20
15.926 -1.805 -9.381 20
10.761 2.58 2.939 20
4.592 1.001 -4.115 21
-2.084 1.526 -8.791 20
-8.089 5.344 -2.682 20
-11.904 7.843 -4.229 20
-10.192 7.934 -5.731 20
-3.85 8.068 -5.408 21
0.831 8.436 -5.62 20
3.499 6.167 -5.146 20
2.036 2.452 1.626 20
1.402 -1.629 5.234 20
4.584 -5.701 8.736 20
6.283 -12.038 0.946 21
5.366 -29.975 -6.59 20
-3.248 -25.819 1.043 20
-2.403 -1.659 9.331 20
4.092 6.283 4.668 20
2.881 8.153 0.241 21
-1.231 10.539 4.499 20
-3.955 11.367 1.591 20
-6.151 12.236 -0.84 20
-7.796 13.828 0.658 20
-6.811 13.437 3.313 20
-4.774 11.938 -0.064 21
-2.033 10.175 -3.306 20
0.94 6.719 -0.387 20
2.916 3.904 -8.215 20
0.886 -4.152 -21.282 20
-7.726 -3.355 5.654 21
-13.369 -4.55 14.059 20
-8.303 -27.964 24.58 20
7.077 -27.282 21.895 20
10.576 -12.373 0.432 20
18.653 -7.455 -26.736 20
17.969 -0.33 -5.845 21
9.342 5.449 4.736 20
2.097 3.081 -7.851 20
-3.225 4.491 -6.152 20
-9.224 7.439 -1.456 20
-13.924 8.028 -5.264 21
-9.878 6.72 -7.087 20
-1.092 6.411 -4.296 20
2.584 6.145 -5.104 20
3.298 3.271 -3.255 20
1.785 0.134 4.693 20
4.163 -3.52 7.012 21
5.314 -6.587 3.501 20
9.429 -20.985 -2.212 20
5.45 -29.75 2.167 20
-2.844 -9.963 6.042 20
2.001 4.17 5.134 21
2.62 6.049 2.4 20
-0.998 8.849 4.117 20
-4.785 10.734 1.494 20
-5.874 11.316 0.471 20
-8.242 13.119 -0.368 20
-9.563 14.034 2.147 21
-8.107 13.241 1.794 20
-4.886 11.554 -4.602 20
-0.801 8.48 -4.536 20
1.51 5.187 -3.533 20
2.012 -0.106 -17.46 21
-2.461 -5.586 2.739 20
-7.907 -4.381 10.865 20
-8.302 -26.513 18.484 20
3.594 -29.685 22.489 20
9.556 -11.642 3.57 21
15.208 -6.056 -17.172 20
17.947 -2.769 -10.261 20
12.451 3.367 1.138 20
5.936 2.989 -4.339 20
-0.891 2.093 -7.803 20
-8.74 6.23 -2.562 21
-13.808 8.82 -2.838 20
-12.19 8.257 -7.545 20
-3.526 7.618 -5.801 20
1.404 7.919 -3.244 20
3.933 5.702 -5.494 21
1.69 3.034 2.146 20
0.792 0.051 5.932 20
5.115 -4.207 8.241 20
7.491 -10.316 3.75 20
9.777 -28.623 -6.473 20
0.613 -26.694 0.536 21
-3.966 -2.796 8.595 20
1.352 5.139 4.855 20
2.7 6.317 3.132 20
-1.935 9.465 2.452 20
-5.777 10.193 0.017 21
-8.255 11.009 -2.2 20
-9.57 12.452 0.0 20
-8.443 12.578 1.496 20
-6.281 12.176 -1.792 20
-1.742 10.896 -4.855 21
2.614 7.051 -0.67 20
2.212 4.798 0.315 20
2.153 0.521 -10.806 20
-1.33 -2.975 7.793 20
-3.59 -11.894 12.425 20
-2.129 -31.962 7.651 21
3.574 -19.584 4.967 20
4.437 -2.292 3.645 20
6.44 -1.155 1.437 20
9.194 -3.56 -5.495 20
13.834 -3.525 -9.354 21
7.656 0.0 -1.85 20
0.013 1.287 -4.429 20
-3.275 2.458 -4.73 20
-8.133 6.231 -1.678 20
-9.853 9.064 -4.55 20
-6.575 10.031 -5.992 21
-1.757 9.888 -3.054 20
3.706 8.03 -5.21 20
4.235 4.696 -4.318 20
-0.532 0.732 4.277 20
1.234 -3.879 3.64 21
3.752 -6.736 5.186 20
6.22 -16.257 -3.509 20
6.43 -31.502 -2.992 20
-3.049 -19.508 3.558 20
1.91 -1.323 7.53 21
5.783 4.423 4.245 20
-0.667 8.076 1.715 20
-3.27 9.162 2.205 20
-4.741 10.371 -0.444 20
-8.21 12.439 -2.379 21
-9.381 13.359 -0.078 20
-8.053 12.472 4.456 20
-6.176 11.423 2.433 20
-2.827 9.401 -1.488 20
-0.03 6.936 -3.413 20
0.188 5.171 -5.014 21
0.011 -0.61 -16.877 20
-3.156 -4.084 4.524 20
-4.772 -8.928 15.741 20
-4.368 -28.85 16.23 20
4.569 -22.979 10.149 20
13.376 -7.435 -3.965 21
17.788 -1.884 -4.178 20
13.849 1.477 -0.854 20
10.53 0.719 -4.125 20
4.835 -0.285 -6.158 20
-2.253 1.193 -5.359 21
-8.34 2.831 -3.732 20
-13.14 5.24 -0.414 20
-11.662 8.065 -4.199 20
-4.948 10.011 -6.288 20
0.353 9.963 -6.183 20
3.707 7.781 -4.166 21
1.739 4.817 1.752 20
-0.055 0.426 3.068 20
3.595 -4.91 3.523 20
3.485 -7.75 5.951 20
5.429 -22.246 -3.7 21
4.668 -30.79 -2.373 20
1.021 -8.213 4.015 20
5.709 4.038 4.523 20
4.74 5.601 2.098 20
-0.125 7.557 4.074 21
-3.909 8.097 2.324 20
-7.134 9.214 -0.178 20
-9.486 10.895 -1.57 20
-8.701 11.571 1.229 20
-7.275 11.268 2.732 20
-5.954 10.357 0.108 21
-3.099 8.346 -1.609 20
-0.586 6.375 -2.526 20
1.091 5.328 -12.35 20
-1.452 -2.428 -10.753 20
-4.536 -3.181 10.21 21
-3.645 -17.791 18.149 20
1.38 -32.308 19.732 20
9.529 -16.06 5.088 20
12.39 -3.196 -9.811 20
15.278 -0.627 -7.292 20
10.354 1.207 0.449 21
6.389 0.65 -3.622 20
1.056 -0.543 -5.653 20
-3.304 0.424 -4.814 20
-7.531 3.12 -3.632 20
-10.212 6.391 -3.87 21
-8.081 8.845 -4.544 20
-4.17 10.6 -3.294 20
0.484 10.055 -5.81 20
3.471 6.523 -2.631 20
0.233 1.975 3.407 21
1.428 -3.062 0.891 20
3.079 -5.686 6.299 20
4.776 -14.786 0.883 20
8.349 -31.76 -3.572 20
2.368 -16.295 2.34 20
3.597 3.536 6.161 21
5.1 6.752 3.562 20
-1.903 8.798 0.972 20
-6.902 9.388 1.577 20
-7.777 8.579 1.098 20
-8.564 9.103 0.096 21
-8.665 10.042 1.917 20
-7.13 10.379 2.352 20
-4.686 10.197 -1.217 20
-0.878 8.168 -2.523 20
2.294 5.905 -1.406 20
3.706 0.351 -13.274 21
-1.151 -4.661 2.284 20
-4.638 -8.119 12.285 20
-1.553 -32.218 14.265 20
6.794 -23.247 4.73 20
7.05 -0.699 -0.998 21
12.384 1.633 -6.267 20
12.543 1.375 -5.761 20
5.696 1.194 -3.393 20
-0.726 2.09 -1.708 20
-4.105 2.716 -1.63 21
-6.568 4.003 -3.097 20
-9.824 6.679 -3.535 20
-11.498 12.703 -1.037 20
-9.162 11.109 1.377 20
-2.35 6.678 -1.109 20
4.331 5.551 -1.658 21
6.918 2.072 -1.673 20
5.06 -1.771 3.708 20
8.251 -5.664 10.113 20
9.858 -12.699 6.922 20
-1.93 -22.724 -11.331 21
-9.591 -18.874 -6.145 20
-6.179 -8.408 1.829 20
-2.187 -2.839 4.647 20
-1.106 2.402 4.031 20
1.949 3.268 3.001 20
5.999 2.008 -2.927 21
2.047 5.185 -2.992 20
-3.728 7.433 2.252 20
-5.345 6.881 2.71 20
-5.97 7.336 0.416 20
-5.854 8.562 -0.032 21
-5.172 9.752 -0.337 20
-4.141 10.592 -1.359 20
-3.098 11.007 -2.771 20
-0.815 7.05 -8.964 20
3.793 -0.366 -10.586 21
16.086 -14.121 0.7 20
18.552 -18.922 3.391 20
-0.888 -5.804 -5.756 20
-5.217 -3.173 -2.324 20
-5.307 -5.566 -2.167 21
-1.816 -8.508 2.126 20
5.371 -7.004 7.702 20
-3.105 -2.175 5.666 20
-8.198 0.208 1.773 20
-7.949 0.366 5.183 20
-6.031 1.839 3.485 21
-3.561 1.398 2.374 20
-0.671 0.528 2.513 20
4.017 -0.635 3.241 20
7.576 -1.427 0.515 20
8.282 0.067 0.315 21
5.384 -0.099 -1.643 20
1.14 1.327 -1.071 20
-1.065 1.949 -0.449 20
1.02 1.184 0.768 20
-0.528 0.71 3.108 20
-2.59 -0.571 1.917 21
10.789 0.716 4.086 20
19.52 0.381 -4.21 20
11.029 -0.641 -0.669 20
0.552 -0.821 3.236 20
-4.112 -0.713 6.882 21
-5.003 -0.251 8.058 20
-5.99 0.441 7.294 20
-6.656 1.693 6.202 20
-6.48 2.686 4.575 20
-4.855 2.288 1.571 20
-3.316 2.637 -1.049 21
-2.921 3.589 -2.813 20
-3.526 4.564 -3.92 20
-3.986 4.916 -4.822 20
-3.892 4.927 -5.366 20
1.513 2.921 -5.664 21
2.69 2.111 -17.026 20
1.723 1.385 -13.898 20
2.193 1.08 -5.935 20
1.639 2.585 -3.737 20
2.381 3.271 -1.072 20
3.663 2.37 -3.56 21
3.656 1.126 -4.129 20
2.943 1.024 -4.387 20
1.78 1.776 -2.532 20
0.871 2.624 -0.599 20
0.331 3.554 0.857 21
0.945 5.924 5.415 20
-0.136 10.087 5.436 20
-0.487 11.825 5.79 20
0.277 10.354 5.881 20
-0.681 9.909 5.765 21
2.008 6.999 4.423 20
4.118 2.214 1.586 20
4.42 1.481 -2.47 20
3.055 3.618 -1.544 20
1.423 3.416 0.869 20
-0.785 2.227 1.304 21
-1.41 0.883 2.736 20
0.082 -0.271 5.671 20
-0.837 0.684 7.288 20
-4.681 3.634 8.719 20
-2.767 1.684 8.587 21
-1.321 0.291 10.222 20
-3.365 1.064 7.611 20
-4.222 0.897 4.552 20
-3.845 1.529 3.971 20
-2.376 2.301 2.539 21
-3.322 1.334 1.587 20
-3.044 1.836 1.238 20
-1.17 1.409 1.196 20
-1.098 1.068 0.553 20
-1.478 0.739 0.976 21
-1.58 0.292 1.443 20
-2.088 0.664 1.189 20
-2.229 0.987 1.122 20
-1.954 0.617 1.477 20
-1.612 0.023 1.746 20
-1.203 -0.265 0.954 21
-1.033 -0.228 -0.05 20
-1.037 0.178 -1.632 20
-1.022 0.757 -1.979 20
-1.114 0.886 -1.708 20
-1.043 0.7 -1.608 21
-0.947 0.818 -1.814 20
-1.047 0.975 -2.292 20
-1.164 1.029 -1.994 20
-1.203 0.958 -0.729 20
-1.005 0.802 1.061 20
-0.777 0.832 1.88 21
-0.288 0.968 -0.125 20
-0.582 1.466 -1.934 20
-1.444 2.424 -1.055 20
-1.955 2.608 -0.501 20
-2.062 2.08 -1.031 21
-2.062 1.492 0.05 20
-1.61 0.638 1.048 20
-1.253 0.195 0.311 20
-0.949 0.035 -0.78 20
-0.966 0.185 -1.079 20
-1.512 0.528 -0.555 21
-1.417 0.553 -2.162 20
-1.872 0.754 -0.07 20
-1.417 0.407 1.021 20
-0.976 0.328 0.108 20
-1.165 0.566 -0.948 21
-0.788 0.443 -1.728 20
-1.011 0.524 -0.781 20
-0.979 0.728 0.518 20
-0.521 0.722 0.165 20
-0.262 0.52 -0.347 21
-0.332 0.401 -0.058 20
-0.469 0.406 0.769 20
-0.28 0.264 0.909 20
-0.23 0.055 0.415 20
-0.33 -0.094 -0.048 20
-0.204 -0.225 -0.44 21
-0.065 -0.384 -0.131 20
-0.106 -0.418 0.239 20
-0.087 -0.336 0.207 20
-0.184 -0.198 0.27 20
-0.476 0.036 0.448 21
-0.312 0.0 0.371 20
-0.162 -0.016 0.103 20
-0.034 -0.118 -0.072 20
0.133 -0.203 -0.091 20
-0.022 -0.047 -0.134 20
-0.052 -0.083 -0.103 21

# Completed @Sun Jan 24 21:02:32 GMT+02:00 2021
