# Accelerometer Data File
# Started @Sun Jan 24 21:06:12 GMT+02:00 2021
#
#
# sensor Vendor: BOSCH
# sensor Name: BMI160 Accelerometer Non-wakeup
# sensor Resolution: 0.0023928226m/sec^2; Max Range: 78.4532; Min Delay: 2500 microseconds
# The sensor's attributes are the result hardware and the Android capabilities.
# It means that the Android may not utilize all features provided by the hardware.
#
# Some devices and Android versions save battery too much so the device may go to sleep.
# It just happens after couple of minutes from turning off the scree and it is easy to find it out.
#
# The following file provides the data from accelerometer in the m/s^2 format.
# The diff value is just a time delta between the samples
#
#
# data format:
# so we have 4 columns with values separated by the " "
# X Y Z time_from_previous_sample(ms)

# sensor speed set to:NORMAL
# units set to: m/sec^2
# gravity  filtered out
# Accuracy: HIGH
-3.241 7.236 5.257 0
-1.986 5.152 4.587 20
-0.834 3.218 5.945 20
0.104 2.256 6.442 20
1.053 1.448 5.996 20
1.612 0.452 5.732 20
1.442 -0.634 5.733 21
1.554 -0.695 4.793 20
1.817 -0.29 4.085 20
0.676 1.403 3.646 20
-1.107 3.817 2.514 20
-0.569 2.687 0.372 20
0.194 0.935 0.371 21
0.558 -0.076 0.696 20
1.278 -0.971 1.416 20
0.303 0.073 3.669 20
1.004 -0.75 7.429 20
-0.598 0.059 6.998 20
-1.739 0.823 1.402 21
0.814 1.366 -2.128 20
1.802 1.54 -2.448 20
1.928 1.342 0.06 20
2.103 0.329 -2.711 20
0.418 1.3 -4.43 20
-0.327 1.338 0.904 21
0.284 0.019 4.353 20
0.681 -0.084 2.019 20
1.475 0.338 0.706 20
1.838 -0.297 1.515 20
1.943 -0.528 1.553 21
1.971 0.048 -1.009 20
3.833 -2.232 -0.417 20
4.504 -3.568 -0.284 20
2.318 -0.477 -1.056 20
0.275 1.736 -2.765 20
0.907 0.845 -1.432 21
1.487 2.838 -3.943 20
1.239 5.254 -5.517 20
2.484 2.995 -3.965 20
-2.325 2.553 1.693 20
-5.465 3.046 4.887 21
-1.611 -1.33 0.516 20
2.43 -7.087 0.697 20
4.25 -7.027 6.536 20
4.832 -6.26 5.978 20
3.171 -5.686 3.554 20
0.306 -3.504 0.424 21
-2.671 -0.623 -3.951 20
-1.503 -0.164 -4.953 20
2.187 -0.225 -5.95 20
6.536 -0.625 -4.723 20
7.383 0.264 -2.44 21
4.28 0.499 -4.291 20
0.788 0.557 -8.094 20
1.119 0.908 -11.976 20
4.668 -2.118 -11.128 20
13.937 -3.562 -7.891 20
15.422 0.788 1.982 21
-0.178 4.428 -4.53 20
-2.67 3.037 -7.613 20
-0.555 -0.946 -5.271 20
-1.446 -3.121 -5.328 20
0.125 -5.33 0.917 20
5.901 -5.676 7.433 21
6.589 -1.844 11.17 20
-11.601 2.847 -1.907 20
-9.9 0.1 2.459 20
3.939 -1.095 12.072 20
-2.267 1.366 7.262 20
-4.655 -0.869 2.276 21
-3.506 -1.309 3.165 20
-4.74 0.106 1.102 20
-5.516 0.952 3.551 20
-2.574 1.891 9.967 20
5.353 2.411 3.822 20
9.052 3.621 -14.037 21
-5.21 7.801 -12.987 20
-6.867 2.117 3.178 20
2.15 -3.866 10.184 20
4.339 -4.38 2.73 20
0.55 -1.944 -5.748 21
3.196 -4.785 -3.554 20
5.326 -5.492 -1.818 20
-1.807 -0.116 -12.114 20
3.139 -4.0 -4.304 20
1.055 -1.562 -1.467 20
4.423 -3.967 -6.727 21
13.863 -4.146 4.176 20
-2.56 2.893 1.316 20
-13.448 -12.886 -10.778 20
-6.273 -12.652 1.779 20
-0.575 2.135 -2.546 20
-2.6 5.974 -5.516 21
-6.232 7.38 -1.651 20
-2.004 -3.93 8.167 20
5.218 -12.514 1.139 20
2.063 -6.175 -0.084 20
-3.834 -4.387 0.398 21
2.575 -8.128 -3.72 20
6.103 -9.185 1.025 20
1.655 -5.66 1.223 20
-5.288 -1.556 -2.042 20
-6.997 -14.991 6.188 20
0.347 -17.435 -2.038 21
-0.282 0.003 -8.24 20
-1.134 1.574 -1.155 20
1.76 0.11 0.352 20
4.413 1.675 -2.323 20
-1.213 12.059 -3.169 20
-4.58 13.228 -0.56 21
-4.534 3.909 1.14 20
-4.084 5.405 -0.624 20
-3.652 9.228 1.492 20
-5.842 11.478 4.331 20
-8.653 9.076 6.282 21
-7.553 4.156 6.557 20
-0.196 -1.53 -3.832 20
1.869 -2.162 -0.562 20
-2.756 1.378 6.627 20
-8.744 -0.326 1.955 20
-11.06 -14.43 -8.873 21
-3.335 -24.862 0.43 20
0.326 -21.379 9.464 20
-2.413 -13.356 2.526 20
-0.193 -5.427 -2.135 20
-2.025 -3.723 -1.546 20
-3.476 -5.053 -1.538 21
-5.936 -4.867 -8.098 20
-4.999 -0.78 -19.833 20
-4.737 7.261 -14.926 20
-2.771 8.534 -1.188 20
-0.873 2.234 7.679 21
4.351 0.853 2.144 20
5.833 2.156 -4.488 20
2.805 5.468 -6.982 20
-2.11 6.928 2.923 20
-4.887 6.388 10.082 20
-3.413 1.899 3.591 21
0.612 -3.764 -2.748 20
5.716 -17.27 -13.017 20
2.932 -32.424 -7.259 20
-3.013 -18.529 0.735 20
4.555 -3.305 11.297 20
7.03 2.165 12.179 21
0.49 9.938 2.128 20
0.694 13.459 2.875 20
2.319 14.303 1.569 20
0.021 15.175 0.582 20
-1.983 15.204 0.602 20
-0.954 14.351 4.493 21
1.279 12.526 6.98 20
1.267 9.406 0.442 20
1.975 6.157 -9.381 20
4.47 2.464 -9.333 20
-0.329 -0.194 -1.511 21
-10.644 -0.694 5.982 20
-12.51 -5.337 2.434 20
-11.875 -13.382 13.969 20
-0.027 -23.727 22.629 20
9.174 -19.605 9.453 20
23.471 -18.893 -23.091 21
23.466 -12.502 -7.221 20
8.142 0.34 -6.4 20
-0.07 3.824 -6.525 20
-2.098 0.382 -2.313 20
-9.512 6.616 -9.017 21
-9.322 9.171 -7.393 20
-4.269 8.325 -3.278 20
-0.966 9.657 -2.432 20
3.398 9.482 -2.976 20
6.447 6.49 -2.922 20
0.837 3.204 3.861 21
-2.014 0.305 5.13 20
1.852 -4.211 3.744 20
4.463 -10.32 0.119 20
5.67 -26.783 -7.238 20
-0.786 -27.636 -4.735 20
0.092 -8.591 8.664 21
5.36 1.764 10.381 20
3.58 7.176 3.077 20
-3.471 14.388 2.836 20
-3.782 15.568 4.066 20
-3.951 14.35 0.229 20
-4.836 14.765 1.724 21
-4.838 15.118 6.239 20
-4.675 13.484 4.196 20
-3.41 9.964 -3.102 20
-0.883 5.986 -6.343 20
1.66 2.08 -6.456 21
-2.452 -3.549 -7.604 20
-9.442 -4.181 6.664 20
-9.082 -1.778 2.615 20
-9.985 -13.227 17.236 20
3.955 -26.56 30.66 20
14.748 -23.598 4.922 21
25.097 -18.304 -28.967 20
14.774 -4.338 -13.924 20
5.529 4.176 -1.892 20
0.17 1.645 -0.275 20
-5.443 3.596 -7.733 20
-8.318 9.225 -5.903 21
-6.488 9.016 -7.596 20
-4.733 9.658 -3.822 20
-1.841 11.215 -1.81 20
3.681 9.349 -4.488 20
3.392 4.622 -1.411 21
-1.795 1.706 5.404 20
0.469 -2.385 5.739 20
4.225 -6.314 6.903 20
7.09 -18.463 -4.295 20
4.837 -32.713 -8.638 20
-4.304 -19.843 3.627 21
1.084 -1.532 11.847 20
6.113 4.29 4.285 20
0.662 9.592 2.804 20
-3.747 14.081 4.758 20
-3.873 14.281 1.869 20
-5.393 14.189 0.072 21
-6.879 14.465 3.71 20
-7.568 14.163 4.178 20
-6.725 12.529 -1.599 20
-4.063 9.799 -3.881 20
-0.632 6.782 -5.069 21
3.941 1.915 -18.537 20
0.813 -6.686 -7.37 20
-5.172 -2.204 17.323 20
-8.346 -8.36 12.124 20
-8.037 -25.319 15.989 20
2.21 -20.547 17.068 21
14.524 -14.48 3.684 20
21.454 -12.881 -22.494 20
14.294 -1.663 -10.248 20
5.426 2.95 2.194 20
0.041 0.424 -7.377 20
-4.194 3.716 -5.947 21
-7.834 8.146 -5.52 20
-6.587 8.265 -5.88 20
-4.605 9.915 -1.91 20
-1.367 11.379 -1.658 20
4.402 8.976 -5.31 20
6.465 3.844 -4.672 21
0.297 0.547 2.622 20
-0.021 -3.28 6.387 20
1.968 -6.535 7.021 20
2.543 -14.828 -2.996 20
2.166 -30.615 -6.187 21
-3.36 -21.557 4.357 20
2.581 -1.609 9.125 20
8.954 3.891 2.81 20
2.402 8.709 3.48 20
-3.644 11.604 3.595 20
-3.963 10.325 1.994 21
-6.089 10.987 1.109 20
-8.041 12.868 2.809 20
-8.951 14.123 3.944 20
-9.226 14.528 0.027 20
-5.18 12.083 -5.224 20
0.412 8.527 -5.827 21
3.545 5.521 -4.106 20
2.63 -0.062 -10.351 20
-4.21 -4.366 2.043 20
-7.872 -3.545 13.455 20
-8.426 -24.118 18.361 21
1.548 -30.968 18.295 20
17.435 -22.02 1.458 20
22.205 -12.195 -22.35 20
15.267 -0.092 -10.411 20
5.738 3.78 0.223 20
-0.426 0.784 -6.29 21
-5.266 4.625 -4.225 20
-8.851 9.542 -5.396 20
-7.308 9.551 -7.159 20
-5.402 10.873 -4.317 20
-1.188 11.01 -1.343 21
3.485 8.689 -3.337 20
3.18 5.211 -3.751 20
-1.132 2.12 3.968 20
0.263 -1.683 5.863 20
4.507 -5.729 6.568 20
6.743 -15.151 -3.736 21
6.021 -32.233 -5.251 20
-2.046 -23.154 5.812 20
0.62 -2.867 5.418 20
3.613 3.637 3.501 20
0.772 8.639 2.683 21
-3.019 12.315 2.11 20
-3.681 11.985 1.261 20
-5.669 12.86 0.344 20
-8.092 14.584 3.714 20
-9.2 14.1 4.459 20
-8.051 12.561 -1.477 21
-3.82 9.983 -4.712 20
0.929 5.856 -4.584 20
2.748 3.442 -4.181 20
0.039 0.597 -12.755 20
-5.16 -2.236 2.054 20
-7.11 -4.255 11.365 21
-7.197 -26.21 19.773 20
-0.826 -28.681 22.666 20
9.882 -15.775 4.697 20
20.146 -11.686 -17.889 20
20.252 -4.774 -13.875 20
11.861 2.582 -2.258 21
1.607 3.251 -4.391 20
-3.572 2.721 -5.357 20
-8.958 7.282 -3.258 20
-10.572 9.417 -7.872 20
-6.889 9.597 -4.939 20
-2.05 10.372 -0.935 21
2.919 9.572 -3.785 20
5.574 5.506 -5.493 20
0.021 2.047 3.537 20
-0.797 -1.432 4.586 20
3.855 -5.564 7.704 21
8.27 -15.951 -0.503 20
7.333 -33.862 -6.513 20
-4.744 -21.604 2.511 20
0.484 -0.498 9.247 20
5.142 5.586 3.416 20
-2.079 10.072 2.171 21
-4.822 12.15 3.922 20
-4.355 11.254 1.175 20
-5.918 11.879 0.152 20
-7.195 13.558 2.905 20
-8.246 14.387 2.871 21
-7.525 12.765 -2.492 20
-3.389 9.785 -4.289 20
1.556 5.859 -1.098 20
3.409 2.822 -3.008 20
1.928 -4.503 -11.747 20
-5.387 -2.345 2.263 21
-10.311 -6.034 12.549 20
-9.004 -25.636 20.551 20
5.544 -28.648 25.391 20
18.367 -21.682 -1.365 20
20.153 -7.95 -33.569 20
13.912 1.919 -8.002 21
4.194 2.022 0.703 20
-2.716 1.548 -7.891 20
-8.664 7.855 -5.069 20
-7.767 9.212 -7.886 20
-5.428 9.214 -2.363 21
-3.815 11.492 -0.663 20
0.784 10.808 -5.743 20
4.968 5.448 -5.063 20
0.895 1.904 3.411 20
-0.722 -1.14 6.226 20
3.04 -5.719 7.583 21
5.914 -15.552 -1.014 20
4.902 -30.906 -7.184 20
-3.15 -20.806 2.616 20
-1.891 -0.486 8.596 20
4.379 5.158 5.359 21
2.227 8.09 2.809 20
-3.126 11.478 4.026 20
-4.887 11.997 1.405 20
-6.451 13.007 1.364 20
-7.214 14.819 6.46 20
-6.826 15.202 4.779 21
-5.697 13.753 -5.415 20
-0.889 10.0 -8.374 20
2.989 4.891 -2.361 20
3.662 -0.382 -10.843 20
-0.629 -6.768 -3.312 20
-7.907 -3.308 9.108 21
-11.562 -18.433 14.562 20
-6.755 -24.935 16.012 20
6.583 -14.18 15.368 20
14.583 -11.882 4.92 20
19.153 -9.636 -30.329 21
17.28 -0.781 -11.234 20
6.504 3.642 4.504 20
-1.512 2.821 -7.038 20
-7.126 6.943 -2.441 20
-9.16 10.367 -5.07 20
-6.562 10.311 -5.141 21
-2.937 10.604 -3.928 20
2.622 8.407 -7.056 20
4.087 3.666 -4.958 20
-1.805 2.081 1.179 20
-1.345 -1.519 5.037 21
3.023 -5.66 8.907 20
4.624 -11.695 1.879 20
6.639 -27.404 -7.773 20
-0.358 -24.338 0.258 20
-3.034 -3.991 9.708 20
3.6 3.453 5.341 21
5.707 5.013 1.797 20
0.046 9.29 4.069 20
-4.022 11.114 2.39 20
-5.519 11.307 -0.161 20
-8.022 13.418 1.272 21
-9.076 14.758 4.584 20
-8.664 14.009 2.237 20
-6.079 12.192 -3.07 20
-1.0 8.586 -5.69 20
4.357 3.894 -5.19 20
5.795 -3.738 -11.863 21
-4.563 -5.669 -0.486 20
-10.454 0.252 10.296 20
-10.713 -15.448 14.773 20
-2.132 -26.013 19.722 20
10.897 -18.692 17.968 21
18.114 -15.342 -14.035 20
19.09 -7.879 -27.003 20
11.884 0.79 1.934 20
2.309 1.696 -3.532 20
-3.455 3.933 -8.204 20
-6.619 8.966 -4.374 21
-5.729 10.055 -7.977 20
-4.71 9.694 -2.272 20
-2.613 10.385 -1.178 20
1.509 8.889 -5.333 20
4.354 3.794 -6.113 20
-0.472 0.579 2.692 21
-0.179 -3.205 8.337 20
4.027 -6.886 7.238 20
6.852 -17.932 -4.836 20
4.442 -31.407 -5.581 20
-5.412 -19.108 5.876 20
-2.45 -0.114 13.393 21
5.508 5.172 3.341 20
3.297 8.456 1.513 20
-3.622 11.782 3.485 20
-5.414 11.507 1.505 20
-6.847 12.18 0.774 21
-8.206 13.849 3.495 20
-8.617 14.555 3.115 20
-8.77 14.348 -1.99 20
-5.524 11.814 -5.693 20
-0.489 7.487 -6.208 20
2.702 3.657 -5.546 21
0.942 -1.78 -11.824 20
-3.487 -3.353 3.865 20
-6.71 -5.021 12.372 20
-8.126 -25.539 16.556 20
-0.837 -28.263 17.703 21
15.419 -19.249 6.818 20
23.558 -12.516 -15.948 20
18.953 0.124 -15.731 20
9.775 6.653 -3.337 20
2.698 2.217 -3.057 20
-4.659 2.955 -3.364 21
-10.788 8.724 -1.982 20
-10.768 10.141 -7.35 20
-7.414 9.935 -5.919 20
-1.177 9.72 -3.587 20
3.669 7.25 -5.386 21
3.897 3.25 -5.501 20
-0.639 0.879 4.01 20
1.181 -3.076 8.447 20
5.92 -6.308 9.883 20
8.219 -14.491 -3.634 20
6.929 -29.481 -8.072 21
-3.344 -22.975 4.907 20
-3.499 -2.725 9.413 20
2.344 4.077 3.847 20
3.528 7.157 3.737 20
-1.699 10.792 2.671 20
-4.821 11.459 1.358 21
-6.749 11.934 0.588 20
-8.105 13.375 2.218 20
-8.553 14.515 1.204 20
-8.341 13.917 -2.248 20
-5.745 11.952 -2.939 21
-1.273 8.303 -2.066 20
2.409 5.052 -1.674 20
2.58 0.474 -12.646 20
-1.922 -4.255 -1.19 20
-6.184 -1.538 11.273 20
-6.93 -19.216 14.595 21
-2.639 -29.992 15.494 20
12.424 -21.903 8.406 20
20.963 -13.236 -9.228 20
17.177 -1.508 -13.93 20
10.869 4.284 -6.328 21
4.729 0.936 -4.841 20
-2.254 1.461 -5.901 20
-9.544 6.584 -3.993 20
-8.577 7.56 -7.451 20
-4.688 8.201 -2.485 20
-2.432 11.395 -3.499 21
2.006 11.157 -4.383 20
4.951 7.723 -1.353 20
0.892 4.006 2.248 20
-0.417 -0.936 3.858 20
4.251 -6.351 7.448 21
6.163 -12.908 -0.57 20
4.768 -28.671 -6.226 20
-3.338 -26.56 3.931 20
0.182 -5.229 6.168 20
6.556 4.274 4.115 20
0.241 10.265 3.408 21
-3.876 12.423 3.701 20
-4.317 10.501 0.705 20
-6.888 10.413 -0.897 20
-9.571 12.211 0.19 20
-10.968 13.437 -0.574 21
-11.124 13.069 -1.22 20
-5.044 9.796 0.165 20
2.503 5.046 -1.287 20
4.367 3.549 -7.759 20
1.555 -1.41 -13.192 21
-4.313 -2.396 7.965 20
-8.15 -8.723 12.422 20
-5.807 -29.395 19.545 20
3.962 -22.982 15.374 20
11.697 -11.312 -1.444 20
17.161 -7.251 -14.304 21
17.129 -0.073 -4.86 20
13.034 4.264 -5.309 20
4.226 1.443 -5.701 20
-3.694 2.495 -4.299 20
-11.056 7.195 -2.633 20
-11.796 8.608 -5.507 21
-6.414 8.922 -3.87 20
-1.825 10.289 -3.996 20
1.903 8.609 -4.637 20
2.706 5.467 -3.906 20
-0.316 2.094 4.068 21
1.959 -2.842 4.746 20
5.803 -6.913 5.86 20
8.325 -16.853 -4.097 20
5.817 -30.371 -2.782 20
-4.015 -19.137 3.353 20
-1.211 0.653 7.575 21
5.43 6.154 5.658 20
3.611 8.419 1.66 20
-2.128 9.839 2.949 20
-5.115 9.307 1.686 20
-7.8 10.578 -0.881 20
-9.773 12.976 1.358 21
-9.969 13.237 3.302 20
-8.474 11.762 -0.382 20
-3.688 8.736 -1.952 20
1.298 4.855 -4.156 20
4.223 0.635 -17.39 21
-5.676 -3.767 -1.137 20
-9.409 0.33 6.996 20
-9.85 -9.007 13.111 20
-2.693 -27.264 23.334 20
9.481 -23.529 18.851 20
18.581 -16.374 -5.752 21
21.723 -6.846 -25.225 20
16.528 3.74 -8.894 20
7.444 2.978 1.701 20
-2.094 1.52 -8.028 20
-10.75 6.723 -2.73 21
-12.488 8.744 -6.212 20
-8.111 7.658 -5.58 20
-3.37 8.888 -2.909 20
0.356 9.614 -2.254 20
3.793 7.719 -6.869 20
4.86 3.362 0.479 21
1.794 0.122 5.905 20
4.596 -4.43 8.316 20
7.443 -10.282 2.114 20
7.921 -24.242 -5.871 20
-0.487 -28.958 0.066 21
-5.069 -9.824 7.267 20
1.351 4.078 7.068 20
3.835 7.493 1.482 20
-0.269 10.167 2.274 20
-4.907 10.89 2.648 20
-6.745 10.515 0.238 21
-8.804 11.975 0.794 20
-9.549 13.576 2.222 20
-9.181 13.499 -0.071 20
-5.606 11.84 -2.121 20
0.302 8.393 -2.504 20
4.138 4.44 -0.749 21
4.575 0.12 -5.208 20
-0.316 -5.033 -5.633 20
-8.44 -3.32 5.47 20
-11.682 -21.219 12.072 20
-4.404 -26.643 14.044 21
5.625 -12.645 12.789 20
14.887 -12.092 -0.53 20
22.68 -7.519 -19.014 20
20.011 3.947 -9.183 20
8.379 5.458 -0.156 20
-2.791 2.653 -5.39 21
-11.418 6.66 -4.416 20
-11.969 8.362 -5.809 20
-7.391 8.424 -5.536 20
-3.101 10.048 -4.029 20
1.819 8.91 -2.937 21
5.055 5.923 -5.599 20
1.537 3.192 0.93 20
-0.429 -0.071 5.612 20
4.499 -5.262 8.557 20
7.332 -12.271 0.798 20
7.519 -29.112 -8.295 21
-0.986 -28.208 4.682 20
-1.942 -6.553 5.811 20
1.429 4.04 1.386 20
1.644 8.032 3.03 20
-2.09 12.021 3.307 21
-4.515 11.593 2.606 20
-6.185 10.953 0.59 20
-8.52 12.583 0.898 20
-9.332 13.418 1.347 20
-8.837 12.65 0.214 20
-5.329 11.038 -0.268 21
-0.077 7.194 -1.045 20
3.543 3.857 -2.607 20
3.551 -1.443 -12.721 20
-4.48 -4.738 -4.019 20
-10.291 -1.226 8.041 21
-10.016 -19.58 15.951 20
0.207 -27.815 20.597 20
11.188 -18.124 10.05 20
22.005 -14.804 -13.288 20
21.938 -2.525 -14.343 21
14.264 7.64 -3.102 20
4.945 2.756 -2.85 20
-4.735 2.463 -6.469 20
-11.676 7.99 -4.744 20
-11.59 9.142 -5.615 20
-7.775 9.414 -1.966 21
-4.639 11.036 -2.155 20
1.375 8.74 -5.969 20
5.491 3.34 -6.252 20
0.137 1.264 3.134 20
-0.853 -1.489 6.326 21
4.335 -5.684 7.179 20
7.45 -12.933 -0.392 20
7.878 -28.952 -5.294 20
-0.66 -25.261 5.391 20
-0.225 -4.522 6.861 20
4.255 4.189 1.322 21
0.259 8.744 2.766 20
-3.804 11.685 2.927 20
-4.678 10.948 1.502 20
-6.612 10.877 -0.245 20
-8.449 12.32 0.437 20
-9.286 12.852 1.753 21
-8.461 12.207 2.039 20
-4.752 10.436 -0.512 20
1.035 6.618 -2.78 20
4.072 4.068 -10.214 20
-1.26 -2.347 -12.72 21
-8.576 -2.226 3.143 20
-12.201 -7.48 10.974 20
-7.385 -29.397 25.845 20
4.544 -25.375 21.374 20
15.057 -16.311 -1.565 20
23.723 -9.398 -23.711 21
20.318 2.491 -9.64 20
10.63 6.124 0.477 20
1.09 1.237 -6.479 20
-7.064 4.032 -4.887 20
-12.993 8.706 -4.965 21
-10.836 8.471 -6.051 20
-5.016 8.896 -2.553 20
-0.909 10.277 -2.332 20
3.277 8.725 -7.148 20
5.135 5.095 -1.791 20
1.612 2.167 5.721 21
3.602 -2.372 5.401 20
7.08 -8.451 5.588 20
9.491 -19.811 -2.343 20
5.586 -31.235 -0.949 20
-4.626 -15.795 5.335 21
0.859 2.041 4.678 20
3.059 6.852 2.705 20
-1.983 10.254 2.448 20
-5.383 10.9 3.279 20
-6.785 9.698 0.784 20
-9.806 11.175 -0.451 21
-10.929 13.112 1.917 20
-10.535 13.847 -0.531 20
-7.645 13.174 -1.461 20
0.037 7.9 -3.606 20
5.704 2.664 -6.628 21
2.423 0.831 -4.728 20
-4.454 -3.9 -0.553 20
-10.341 -3.41 3.515 20
-10.4 -20.269 15.726 20
2.715 -27.131 23.504 20
9.603 -15.342 9.951 21
17.256 -11.634 -8.728 20
23.343 -5.605 -18.055 20
17.71 4.859 -2.102 20
6.591 2.832 -2.241 20
-3.238 2.331 -7.543 21
-10.958 8.022 -2.524 20
-12.728 9.544 -7.521 20
-8.023 7.992 -6.374 20
-2.546 8.717 -3.747 20
1.349 7.852 -3.42 20
3.788 4.533 -6.529 21
1.262 0.751 3.462 20
3.658 -3.863 9.012 20
7.162 -9.011 3.245 20
8.104 -21.36 -5.092 20
2.203 -30.444 -0.825 21
-7.556 -14.645 9.581 20
-2.627 2.816 8.951 20
4.756 6.874 2.345 20
2.181 10.263 2.546 20
-4.026 12.583 3.582 20
-6.26 11.689 1.081 21
-8.605 12.629 1.557 20
-10.079 14.453 3.71 20
-9.789 14.062 0.974 20
-8.116 12.446 -4.277 20
-3.132 8.94 -6.404 21
2.384 4.651 -4.321 20
4.992 -1.1 -12.508 20
0.314 -6.707 -2.694 20
-7.178 -1.498 7.114 20
-10.763 -17.035 14.977 20
-4.14 -28.784 23.295 21
11.393 -20.482 16.632 20
21.915 -14.941 -20.083 20
19.12 -1.621 -25.563 20
9.399 6.668 5.772 20
2.983 1.971 -2.117 21
-2.549 2.54 -6.713 20
-7.874 8.173 -5.196 20
-10.32 10.105 -8.193 20
-8.206 10.506 -5.157 20
-2.196 10.072 -1.33 21
2.615 8.028 -4.59 20
3.229 4.748 -4.951 20
-0.303 1.994 4.708 20
2.003 -1.977 6.201 20
6.369 -6.415 6.996 20
9.949 -18.038 -2.695 21
8.714 -33.605 -2.616 20
-0.909 -18.313 5.469 20
2.244 1.942 4.646 20
2.563 6.687 3.011 20
-2.795 9.903 4.363 21
-5.648 11.125 3.103 20
-6.81 10.523 0.367 20
-8.925 12.054 0.413 20
-9.628 13.916 2.066 20
-9.808 14.271 0.214 20
-8.195 12.979 -2.378 21
-1.921 8.553 -2.832 20
3.013 4.069 -3.308 20
3.192 0.961 -9.361 20
-0.323 -4.744 -3.561 20
-5.935 -3.364 5.722 20
-8.644 -20.661 13.629 21
-3.854 -30.849 16.966 20
6.325 -14.201 9.414 20
13.885 -7.878 1.496 20
21.127 -6.735 -14.281 20
20.113 0.798 -13.94 21
10.127 3.889 0.182 20
1.409 1.948 -3.5 20
-6.729 5.591 -4.91 20
-12.968 10.184 -3.864 20
-9.634 10.265 -3.34 20
-4.641 10.673 -3.989 21
0.097 9.29 -6.343 20
3.386 4.858 -5.7 20
0.225 2.244 -0.055 20
-0.784 -0.635 5.628 20
3.761 -5.263 8.614 21
6.728 -11.504 1.446 20
7.711 -26.857 -6.48 20
0.479 -26.343 5.132 20
-2.004 -4.18 5.938 20
3.001 5.07 1.953 20
1.181 7.732 2.31 21
-2.746 10.947 4.763 20
-4.2 10.734 1.05 20
-6.609 10.163 -0.442 20
-9.242 11.922 0.41 20
-9.765 13.431 3.255 21
-10.198 13.258 0.761 20
-7.432 10.979 -1.278 20
-1.157 5.889 -3.477 20
2.559 2.478 -4.293 20
1.969 -0.902 -11.688 20
-1.8 -5.128 -5.605 21
-7.242 -5.413 11.719 20
-5.257 -28.487 18.951 20
5.53 -28.055 18.282 20
12.991 -11.437 4.924 20
17.743 -5.168 -7.27 21
19.41 -1.148 -15.934 20
13.017 2.34 -7.22 20
3.007 1.647 -1.526 20
-4.513 1.275 -5.597 20
-13.31 6.975 -7.001 20
-14.972 9.567 -7.769 21
-6.873 9.052 -2.066 20
-1.13 9.755 0.358 20
3.294 8.396 -3.527 20
6.129 4.933 -2.517 20
5.904 1.557 2.317 21
5.833 -2.989 6.221 20
3.963 -6.964 5.499 20
4.996 -18.293 -5.111 20
0.243 -30.732 -1.015 20
-2.424 -17.185 6.146 20
3.19 2.36 6.211 21
4.497 8.215 1.164 20
-0.77 10.853 2.233 20
-4.68 10.404 4.241 20
-6.81 9.279 2.012 20
-9.815 10.939 2.339 21
-11.317 13.314 3.584 20
-11.647 14.276 0.91 20
-10.61 14.207 -1.713 20
-6.435 11.283 -4.224 20
-0.575 7.156 -7.992 20
3.104 2.407 -14.124 21
-0.562 -5.668 -7.499 20
-1.401 -4.034 16.452 20
-2.696 -20.839 16.859 20
-2.317 -32.199 11.692 20
7.072 -15.744 9.158 21
18.764 -10.494 3.335 20
22.581 -6.129 -12.438 20
14.508 3.174 -8.433 20
6.476 3.132 -3.485 20
-0.145 0.577 -3.985 20
-5.507 3.628 -4.697 21
-11.603 8.278 -4.611 20
-13.798 9.828 -7.026 20
-8.438 9.992 -3.243 20
-1.616 10.429 -2.819 20
5.211 7.294 -9.311 21
4.632 2.46 -0.879 20
1.053 -0.747 7.519 20
3.826 -4.445 7.771 20
6.94 -10.363 1.352 20
9.096 -28.172 -7.069 20
-0.389 -31.859 1.795 21
-5.108 -6.404 11.472 20
5.136 7.697 5.278 20
4.456 9.389 0.559 20
-3.127 10.798 4.778 20
-5.897 10.807 1.73 21
-7.388 10.496 0.652 20
-9.169 12.611 0.951 20
-10.139 14.672 1.468 20
-10.621 14.499 -2.08 20
-6.06 11.147 -3.215 20
0.759 5.736 -1.798 21
3.839 2.249 -3.485 20
3.645 -4.548 -14.507 20
-2.057 -4.236 5.037 20
-9.755 -5.931 8.384 20
-9.049 -25.47 15.52 21
0.986 -22.893 14.706 20
9.961 -11.93 6.991 20
18.328 -11.44 -8.65 20
19.223 -3.867 -12.099 20
14.567 5.285 -6.122 21
6.595 2.911 -1.64 20
-2.088 1.665 -6.456 20
-10.751 7.153 -4.866 20
-13.14 9.215 -8.711 20
-6.859 8.174 -3.541 20
-1.971 9.879 -1.384 21
2.852 9.782 -4.984 20
6.367 6.395 -3.783 20
2.283 2.94 2.752 20
0.067 -0.757 5.59 20
4.387 -5.593 8.424 21
6.622 -12.146 -0.709 20
6.613 -29.056 -9.053 20
-3.327 -28.401 4.117 20
-4.688 -4.556 7.512 20
3.192 6.282 4.698 20
4.33 9.23 1.007 21
-0.733 11.798 3.403 20
-4.681 11.015 2.043 20
-7.481 10.594 -0.655 20
-9.572 12.335 0.473 20
-10.309 13.922 2.926 21
-9.945 13.17 -0.067 20
-6.158 10.684 -1.235 20
-0.448 6.054 -1.83 20
3.112 2.758 -2.278 20
2.417 -1.104 -12.832 20
-2.705 -4.379 -3.779 21
-7.035 -4.117 7.93 20
-6.458 -25.388 15.308 20
0.514 -27.967 19.675 20
9.809 -13.311 8.726 20
16.563 -8.008 -6.256 20
20.663 -2.32 -17.292 21
16.288 4.282 -5.382 20
6.13 2.64 -2.082 20
-1.575 1.266 -7.096 20
-8.405 5.261 -4.062 20
-13.342 8.678 -4.96 21
-10.244 9.242 -4.417 20
-3.274 9.307 -2.425 20
1.048 7.919 -5.923 20
3.823 3.997 -7.642 20
-0.402 2.032 3.408 21
0.204 -1.428 6.96 20
5.994 -6.259 9.39 20
10.088 -17.001 -1.323 20
8.786 -32.393 -4.448 20
-3.05 -18.361 6.763 20
-0.413 1.737 6.274 21
4.302 6.097 3.018 20
-0.14 9.165 3.506 20
-4.539 11.379 3.722 20
-6.006 10.595 0.754 20
-8.753 11.566 -0.972 21
-9.965 13.527 1.804 20
-9.328 14.039 2.029 20
-7.947 13.019 -1.883 20
-4.153 9.606 -2.661 20
0.019 4.776 -0.989 20
2.298 2.274 -4.779 21
1.115 -4.617 -13.805 20
-5.2 -4.463 -2.41 20
-9.831 -8.564 10.244 20
-7.412 -28.128 20.284 20
2.534 -21.441 17.557 21
11.112 -11.044 7.589 20
19.741 -9.269 -7.094 20
21.604 -1.642 -17.197 20
17.689 3.168 -10.363 20
5.983 2.336 -2.831 20
-3.794 2.451 -7.243 21
-13.494 6.005 -3.649 20
-13.703 7.467 -4.076 20
-5.755 8.351 -2.094 20
-1.788 11.359 -4.616 20
2.971 10.211 -5.649 21
5.252 6.865 0.359 20
1.843 3.596 3.516 20
2.027 -1.439 3.054 20
5.849 -6.288 8.557 20
8.011 -14.367 -1.762 21
6.498 -30.704 -4.635 20
-2.306 -24.346 5.657 20
1.384 -1.264 5.108 20
2.802 6.951 2.909 20
-2.449 11.286 3.185 20
-4.509 12.229 3.136 21
-6.063 10.57 0.546 20
-9.29 10.79 -0.98 20
-10.73 12.095 1.202 20
-10.134 12.472 1.575 20
-8.206 11.757 0.025 21
-4.471 9.01 -2.786 20
0.695 4.866 -4.814 20
4.403 1.771 -9.556 20
-0.025 -5.615 -5.46 20
-6.314 -3.69 3.556 21
-8.61 -16.041 12.762 20
-3.043 -27.832 20.705 20
7.057 -14.918 12.125 20
15.92 -9.985 1.601 20
20.925 -5.296 -15.139 20
17.047 2.878 -6.09 21
8.752 2.984 -2.461 20
-0.384 0.629 -7.195 20
-7.562 3.363 -4.261 20
-12.874 6.752 -4.15 20
-12.231 7.879 -7.792 21
-4.842 7.947 -4.068 20
-0.684 9.366 -1.602 20
2.604 8.248 -5.314 20
4.094 5.319 -2.719 20
0.707 2.601 4.988 21
1.43 -0.935 4.987 20
6.472 -5.449 7.0 20
9.744 -14.929 -1.394 20
8.076 -32.602 -3.326 20
-1.12 -23.743 5.849 20
0.25 0.364 3.49 21
1.062 7.984 2.813 20
-1.695 10.331 3.413 20
-4.315 11.436 2.947 20
-5.824 10.472 0.414 20
-8.357 10.905 -2.077 21
-10.009 12.139 0.438 20
-10.636 12.579 0.379 20
-8.287 11.903 -0.544 20
-1.398 8.298 -0.267 20
2.822 4.497 -0.657 20
4.719 1.225 -13.005 21
-1.148 -5.569 -6.601 20
-9.855 -2.759 7.446 20
-10.116 -19.524 16.056 20
0.571 -26.814 20.015 20
8.449 -13.184 8.913 20
14.749 -9.65 -1.239 21
20.995 -6.348 -17.808 20
17.558 2.285 -7.177 20
6.94 3.436 0.477 20
-1.47 2.01 -8.172 20
-9.03 6.08 -2.821 21
-12.568 8.831 -3.47 20
-9.438 7.948 -6.329 20
-3.371 7.776 -5.144 20
1.406 7.608 -3.37 20
3.447 5.897 -5.877 20
1.738 3.52 -0.82 21
-0.513 0.973 6.119 20
4.455 -3.823 8.892 20
6.81 -8.647 3.191 20
9.58 -23.875 -8.22 20
2.734 -31.064 1.945 21
-6.341 -10.589 7.662 20
-1.798 4.2 6.754 20
4.012 6.643 3.597 20
2.369 9.859 2.558 20
-3.405 11.493 1.795 20
-6.611 10.675 0.889 21
-9.001 11.8 -0.79 20
-10.604 13.43 1.5 20
-12.016 13.958 1.326 20
-9.417 12.601 -1.696 20
-2.681 8.62 -3.301 21
2.297 5.227 -3.236 20
4.247 1.393 -15.453 20
-0.853 -5.492 -3.71 20
-7.533 -4.393 10.546 20
-6.913 -26.869 17.878 21
1.804 -31.053 21.029 20
9.186 -12.065 7.705 20
14.046 -5.822 -6.22 20
20.892 -3.812 -18.92 20
18.294 3.65 -4.469 20
6.754 3.83 -0.178 21
-1.686 1.975 -7.833 20
-9.479 6.725 -3.236 20
-13.119 8.832 -7.406 20
-8.226 7.653 -5.087 20
-2.238 8.311 -2.446 21
0.598 8.67 -4.101 20
3.442 6.043 -6.538 20
1.19 3.251 3.346 20
0.674 -0.35 5.827 20
5.089 -5.082 8.073 20
9.618 -13.827 -3.0 21
9.594 -32.236 -5.531 20
0.306 -25.856 6.795 20
-0.364 -2.049 8.032 20
1.224 7.701 2.216 20
-1.853 10.395 1.645 21
-3.934 12.046 3.557 20
-5.056 10.766 0.455 20
-7.124 10.662 0.185 20
-9.435 12.877 2.352 20
-10.142 13.689 3.991 20
-9.896 12.512 -0.101 21
-6.836 9.241 -3.139 20
-1.028 4.921 -3.317 20
3.534 2.376 -6.825 20
0.973 -4.095 -14.617 20
-6.529 -3.274 -1.841 21
-9.733 -3.222 11.543 20
-7.748 -23.254 22.197 20
3.189 -26.15 26.139 20
13.712 -18.428 7.551 20
21.493 -11.529 -28.482 21
20.548 -0.826 -15.844 20
10.329 5.694 6.878 20
2.992 1.459 -7.766 20
-4.82 4.776 -7.36 20
-12.319 9.731 -4.785 21
-10.809 8.592 -6.452 20
-4.715 7.972 -2.665 20
0.539 8.33 -2.241 20
4.008 6.6 -6.954 20
3.819 3.267 -0.979 20
1.401 0.275 5.234 21
3.814 -3.837 8.915 20
6.155 -9.252 2.841 20
9.595 -26.954 -6.868 20
2.416 -31.522 3.263 20
-4.42 -7.833 9.355 20
1.103 5.687 5.698 21
1.65 8.376 1.595 20
-2.899 10.565 4.568 20
-5.873 11.041 1.688 20
-7.748 11.097 0.846 20
-10.427 13.45 1.775 21
-11.23 15.466 3.354 20
-11.167 15.7 -0.173 20
-8.028 13.856 -4.209 20
-1.29 8.849 -6.502 20
3.807 3.85 -8.963 20
2.331 -5.5 -14.802 21
-3.164 -5.677 2.489 20
-8.619 -6.101 14.652 20
-6.295 -26.505 24.389 20
4.186 -24.402 19.874 20
17.846 -17.274 2.935 21
22.313 -10.631 -24.673 20
15.981 3.224 -9.712 20
9.095 6.237 2.335 20
2.806 0.915 -6.137 20
-4.795 4.159 -6.239 20
-11.682 8.24 -3.543 21
-14.28 8.287 -10.125 20
-7.7 7.023 -6.935 20
0.729 6.963 -1.132 20
2.717 6.78 -1.385 20
3.463 5.007 -5.308 21
1.946 2.356 4.382 20
4.095 -1.837 7.014 20
7.372 -5.592 8.108 20
10.168 -15.998 -4.32 20
6.323 -33.157 -3.834 20
-4.51 -24.429 7.078 21
-3.171 -0.293 6.254 20
2.235 8.697 4.311 20
1.542 11.902 3.781 20
-2.876 13.635 2.592 20
-6.253 12.614 0.651 21
-9.108 12.554 1.806 20
-10.124 13.387 3.553 20
-10.63 13.879 1.725 20
-9.584 12.968 -3.136 20
-4.074 9.219 -5.847 21
0.886 5.26 -5.452 20
1.504 2.043 -9.367 20
0.041 -4.669 -8.816 20
-3.11 -2.147 10.776 20
-4.953 -18.117 17.082 20
-2.843 -32.048 17.368 21
12.897 -22.479 13.008 20
19.398 -11.42 -3.541 20
15.999 -0.74 -24.078 20
11.413 3.442 -7.838 20
4.244 0.819 -1.162 21
-1.419 0.604 -5.42 20
-8.799 6.045 -4.246 20
-11.118 9.237 -7.995 20
-7.29 9.922 -5.437 20
-2.667 10.7 -0.212 20
0.813 10.095 -2.112 21
5.244 6.302 -6.165 20
3.465 2.93 -0.879 20
-1.456 1.49 7.502 20
3.242 -3.153 6.747 20
9.097 -9.099 4.279 21
10.509 -21.452 -7.37 20
1.716 -31.346 1.309 20
-4.886 -14.137 4.849 20
2.376 1.576 4.226 20
3.768 6.724 3.049 21
-0.309 11.155 4.066 20
-2.958 11.691 2.924 20
-6.506 11.043 0.286 20
-9.851 11.922 -1.43 20
-9.624 12.526 1.618 20
-8.078 12.06 2.856 21
-6.407 11.007 -0.376 20
-4.652 9.113 -2.796 20
-1.781 6.21 -3.185 20
-0.413 5.082 -3.431 20
-1.438 -0.035 -13.331 21
-3.448 -4.007 0.072 20
-6.439 -11.361 11.159 20
-5.995 -32.278 22.082 20
2.03 -23.746 19.122 20
12.081 -11.497 1.592 21
22.12 -7.437 -15.622 20
20.889 1.716 -8.842 20
13.016 5.324 -4.399 20
3.446 0.434 -5.408 20
-4.751 1.99 -5.354 20
-12.169 6.094 -1.587 21
-13.11 7.816 -5.501 20
-7.996 8.983 -6.798 20
-1.52 9.768 -2.574 20
2.081 8.839 -2.433 20
5.777 5.812 -6.78 21
3.013 2.728 2.713 20
0.127 -0.368 5.378 20
4.245 -4.962 8.57 20
8.035 -14.274 1.006 20
9.288 -33.429 -7.004 20
-2.374 -27.688 5.161 21
-2.954 -2.319 9.597 20
4.729 6.872 3.368 20
2.059 10.303 2.632 20
-3.658 12.821 4.087 20
-5.364 11.802 0.734 20
-8.019 11.676 -1.061 21
-10.218 12.895 0.063 20
-10.994 13.453 0.891 20
-10.354 13.095 -1.066 20
-5.14 9.918 -1.945 20
0.37 6.038 -3.257 21
1.101 4.768 -4.945 20
0.135 -0.024 -12.966 20
-2.032 -3.614 2.615 20
-5.905 -12.242 13.258 20
-3.236 -33.25 22.466 21
4.1 -20.874 12.372 20
12.497 -9.103 -2.13 20
19.929 -6.718 -6.201 20
16.511 1.242 -8.17 20
10.082 3.462 -7.196 21
2.253 -0.363 -6.961 20
-3.316 -0.223 -4.984 20
-9.606 3.875 -2.308 20
-13.125 8.071 -3.414 20
-8.171 10.066 -5.0 20
-1.912 11.08 -4.36 21
3.004 9.853 -5.267 20
6.336 6.684 -3.811 20
3.008 3.424 1.651 20
-0.727 -0.106 3.829 20
2.747 -4.61 7.148 20
5.238 -10.554 4.48 21
7.325 -29.855 -6.792 20
0.668 -31.8 1.102 20
-1.155 -4.84 8.197 20
6.154 7.166 5.15 20
2.855 10.425 1.666 21
-2.753 11.644 4.779 20
-4.651 10.435 1.509 20
-7.12 9.801 -0.48 20
-9.446 11.14 0.294 20
-9.848 12.35 2.556 21
-10.53 12.652 -0.07 20
-8.919 11.294 -2.691 20
-2.656 7.194 -3.543 20
5.165 3.883 -13.585 20
0.63 -3.373 -9.208 20
-8.362 -2.706 3.419 21
-11.361 -4.934 11.614 20
-4.128 -28.96 27.78 20
10.91 -30.503 25.509 20
19.333 -18.527 -6.465 20
19.963 -4.676 -31.619 21
12.245 4.584 -5.654 20
4.94 4.188 3.461 20
0.02 1.409 -7.86 20
-7.71 7.138 -4.959 20
-11.772 9.792 -9.523 20
-8.239 7.621 -6.701 21
-1.919 7.581 -1.637 20
1.536 8.314 -0.738 20
3.45 6.901 -5.709 20
2.363 3.755 -0.38 20
1.439 -0.179 5.493 21
4.997 -5.186 8.43 20
6.771 -12.213 0.996 20
8.3 -29.969 -4.764 20
-0.081 -27.841 5.691 20
-2.052 -2.833 9.018 20
5.999 7.099 4.063 21
4.05 9.783 2.986 20
-3.079 11.54 4.647 20
-5.998 11.014 0.638 20
-8.093 10.77 -0.486 20
-11.018 13.123 0.894 21
-12.262 14.598 3.252 20
-12.154 14.025 1.215 20
-7.321 11.255 -2.577 20
-0.003 6.281 -4.689 20
4.334 3.004 -10.798 21
2.683 -5.661 -17.893 20
-3.548 -5.612 6.724 20
-9.169 -9.151 13.423 20
-7.903 -27.59 20.198 20
3.705 -19.885 17.887 21
15.222 -11.94 4.553 20
23.686 -10.485 -19.696 20
17.325 1.366 -9.081 20
9.95 4.866 -0.957 20
4.083 0.32 -4.054 20
-3.739 3.19 -4.705 21
-12.273 8.47 -1.57 20
-15.401 9.917 -7.542 20
-8.286 9.05 -8.924 20
0.319 8.613 -3.597 20
3.098 7.534 -1.618 21
5.054 4.521 -5.965 20
2.112 1.469 2.131 20
1.177 -1.284 6.7 20
4.258 -4.534 8.828 20
6.98 -11.635 -0.347 20
8.77 -29.769 -7.27 21
1.028 -27.48 5.325 20
-0.05 -3.698 9.298 20
4.895 6.159 3.261 20
2.297 9.217 1.21 20
-2.802 10.985 4.107 21
-5.564 10.544 1.594 20
-8.342 10.594 -0.614 20
-10.492 12.333 1.292 20
-11.348 13.538 2.637 20
-12.072 13.398 -0.545 20
-8.67 11.495 -1.961 21
-2.247 7.884 -3.731 20
2.306 4.685 -8.754 20
2.379 -3.516 -19.324 20
-4.041 -5.075 9.093 20
-8.94 -10.172 13.629 21
-5.205 -32.513 22.134 20
6.39 -22.981 17.525 20
12.773 -9.127 0.403 20
23.29 -8.497 -10.116 20
22.47 0.355 -14.313 20
14.053 6.554 -4.176 21
4.569 1.999 -2.079 20
-4.394 2.364 -7.466 20
-13.287 7.041 -3.153 20
-17.161 8.896 -4.203 20
-9.477 7.553 -3.552 21
-0.621 8.301 -4.488 20
3.482 8.128 -9.013 20
4.872 4.806 -5.291 20
0.971 2.523 3.921 20
-0.207 -0.296 6.825 20
5.164 -5.171 9.359 21
8.791 -12.252 1.869 20
9.809 -30.305 -12.065 20
-0.679 -29.26 1.979 20
-3.161 -4.257 9.428 20
2.136 6.318 3.945 21
2.233 9.267 1.996 20
-1.596 11.969 5.229 20
-5.071 12.044 2.252 20
-8.236 11.906 -0.272 20
-10.167 13.566 0.799 21
-10.483 14.76 1.705 20
-9.508 13.825 0.006 20
-6.177 11.192 -1.083 20
-1.556 6.246 -3.404 20
2.031 2.883 -9.143 20
-1.278 -3.234 -14.548 21
-6.208 -3.555 5.596 20
-8.849 -7.36 11.545 20
-4.855 -30.756 24.865 20
5.413 -26.386 20.583 20
13.879 -13.13 1.467 21
23.581 -8.973 -15.26 20
22.961 1.795 -19.249 20
13.899 6.467 0.056 20
2.722 0.965 -2.312 20
-5.546 3.25 -8.261 20
-11.009 8.212 -0.728 21
-15.619 9.853 -6.218 20
-10.256 9.173 -6.887 20
-1.835 8.61 -2.059 20
3.403 6.472 -9.276 20
4.563 2.356 -5.332 21
0.649 -0.006 7.808 20
2.938 -2.99 8.851 20
6.805 -7.237 7.022 20
12.198 -23.069 -6.971 20
7.106 -33.862 -2.231 20
-6.548 -12.486 9.312 21
-0.643 3.627 6.936 20
3.947 8.022 3.097 20
-1.388 12.245 3.626 20
-5.414 12.84 3.315 20
-7.339 11.297 0.017 21
-9.13 12.373 1.186 20
-10.123 14.299 1.418 20
-10.757 14.667 -1.269 20
-9.548 12.489 -2.289 20
-3.6 7.652 -2.176 21
1.343 4.61 -4.326 20
1.275 0.51 -12.758 20
-1.881 -6.715 -9.551 20
-7.099 -5.472 10.173 20
-6.963 -26.163 24.389 20
1.86 -27.382 21.741 21
14.198 -15.809 4.87 20
24.797 -10.64 -15.136 20
22.259 2.438 -14.198 20
13.175 7.896 -2.464 20
4.202 3.015 -3.615 21
-4.257 1.463 -5.875 20
-13.173 5.176 -4.481 20
-19.032 8.105 -5.824 20
-11.481 8.465 -4.302 20
-3.276 9.503 -1.644 21
1.682 8.878 -5.55 20
6.34 4.884 -6.571 20
4.32 2.42 3.888 20
2.961 0.117 5.728 20
6.558 -4.3 9.961 20
10.352 -12.302 2.092 21
12.415 -30.242 -5.725 20
3.031 -27.36 2.515 20
0.099 -2.261 4.767 20
0.053 7.336 3.753 20
-1.724 8.733 1.724 21
-4.529 10.397 4.063 20
-6.79 10.239 1.206 20
-8.983 10.836 -1.264 20
-10.533 12.641 2.165 20
-10.679 13.443 3.229 20
-9.005 12.799 -1.256 21
-5.004 10.924 -4.516 20
-0.522 6.856 -4.109 20
0.933 4.685 -2.631 20
0.952 0.351 -12.309 20
-2.68 -3.764 -1.156 21
-5.528 -9.623 11.368 20
-3.438 -33.018 22.567 20
4.0 -25.982 18.689 20
11.87 -10.159 2.38 20
18.794 -5.332 -12.662 20
19.032 0.933 -16.844 21
10.598 4.119 -3.284 20
3.088 1.346 -3.564 20
-2.767 1.692 -4.71 20
-10.135 6.255 -1.734 20
-13.932 8.564 -4.301 21
-9.954 8.822 -4.366 20
-3.003 9.938 -3.55 20
1.907 8.735 -4.002 20
4.491 4.839 -5.734 20
2.22 1.195 2.984 20
3.643 -2.986 7.308 21
6.498 -7.126 7.127 20
10.121 -19.112 -3.366 20
7.106 -32.626 -3.534 20
-4.426 -18.034 8.061 20
-1.194 2.247 10.168 21
3.959 6.142 2.226 20
-0.175 9.333 2.053 20
-6.274 11.655 1.522 20
-7.25 10.878 -0.388 20
-8.836 11.547 -0.733 20
-10.337 12.973 2.476 21
-9.049 12.396 3.229 20
-7.204 12.227 -3.169 20
-3.379 10.565 -8.011 20
0.502 7.033 -6.431 20
2.979 2.408 -7.172 21
1.609 -3.954 -3.812 20
-3.68 -2.136 8.118 20
-7.473 -13.909 11.838 20
-4.787 -29.768 18.014 20
5.496 -19.325 12.013 20
13.031 -11.244 1.448 21
16.641 -6.368 -12.368 20
14.602 1.445 -12.662 20
8.866 4.59 -3.1 20
3.159 1.393 -3.273 20
-3.001 1.995 -6.188 21
-9.841 6.431 -2.87 20
-12.571 8.519 -6.336 20
-6.519 8.521 -4.603 20
-0.581 9.435 -2.049 20
3.242 8.649 -4.516 20
5.579 5.024 -3.107 21
2.25 1.493 4.537 20
3.674 -3.052 7.035 20
5.741 -7.569 6.355 20
8.886 -20.33 -4.651 20
4.168 -32.25 -3.665 21
-6.094 -15.908 6.864 20
-1.211 2.89 8.482 20
4.025 6.048 1.093 20
1.57 9.009 3.616 20
-3.722 11.135 2.562 21
-5.617 10.244 0.689 20
-7.528 10.694 -0.914 20
-8.746 12.279 1.378 20
-8.732 12.65 2.201 20
-8.397 12.487 -1.002 20
-5.279 10.335 -2.598 21
-1.45 6.656 -3.257 20
0.151 4.835 -4.835 20
0.697 -0.824 -16.31 20
-1.778 -3.588 4.012 20
-4.256 -12.532 15.917 21
-1.948 -35.709 21.153 20
6.009 -23.631 11.171 20
12.486 -8.25 -3.205 20
17.834 -4.353 -12.534 20
15.158 2.215 -10.438 20
7.496 6.075 -1.417 21
-0.253 4.281 -2.482 20
-3.865 3.396 -4.873 20
-9.17 6.126 -3.265 20
-15.238 8.834 -4.796 20
-12.539 9.753 -3.849 21
-3.606 10.662 -1.907 20
5.886 7.86 -1.186 20
9.198 3.978 -3.722 20
4.128 2.328 4.786 20
5.565 -1.408 11.118 21
12.716 -9.66 11.733 20
8.809 -20.48 -9.207 20
-4.719 -29.854 -8.735 20
-11.168 -18.896 3.894 20
-6.175 -1.654 9.847 20
-1.935 5.681 5.786 21
1.161 6.706 1.881 20
4.363 6.572 -1.939 20
2.616 6.885 -1.724 20
-3.151 8.945 0.58 20
-8.944 10.985 0.858 21
-8.94 11.258 0.262 20
-7.235 11.91 -1.807 20
-8.238 13.567 -2.261 20
-5.015 10.908 -5.031 20
1.848 4.762 -4.683 20
5.479 -0.676 -5.575 21
9.303 -6.568 -15.422 20
3.833 -5.208 14.086 20
1.392 -13.934 16.217 20
-1.896 -25.166 2.499 20
-5.125 0.796 8.783 21
-0.167 6.626 4.057 20
5.626 -9.818 -4.176 20
6.187 -12.305 3.773 20
-0.334 -1.629 -4.002 20
-5.196 -2.277 -2.99 20
-4.571 -1.372 1.997 21
-2.846 0.819 1.222 20
0.736 0.86 -1.478 20
4.644 0.625 -4.025 20
5.314 2.082 -5.235 20
2.726 3.556 -3.534 21
-1.002 4.548 -1.786 20
-2.363 4.278 2.238 20
-3.287 2.794 -0.093 20
-3.734 2.564 -0.977 20
-1.923 1.301 2.214 20
1.058 1.168 -2.926 21
2.843 -1.42 -3.065 20
1.729 -1.912 6.265 20
2.746 -4.787 6.193 20
3.812 -5.877 1.05 20
0.186 -4.796 1.318 21
-4.648 -4.023 4.472 20
-7.947 -2.211 5.601 20
-11.229 -0.194 7.658 20
-10.356 0.491 2.341 20
-1.738 -0.4 -7.784 20
6.562 -1.315 -10.703 21
10.981 1.081 4.354 20
11.571 3.502 9.636 20
7.359 1.44 -4.51 20
1.365 0.578 1.438 20
-2.664 0.744 2.568 21
-3.515 0.146 -0.771 20
-3.465 -1.45 1.703 20
-4.895 -0.846 4.879 20
-5.477 -0.061 4.248 20
-4.925 1.135 1.952 21
-4.544 2.11 -0.062 20
-4.002 3.227 -1.959 20
-2.918 5.222 -3.883 20
-1.011 7.821 -18.428 20
0.954 6.852 -0.056 21
8.859 4.429 -1.993 20
2.665 5.31 0.67 20
7.452 3.933 5.285 20
7.694 3.413 -1.354 20
6.175 3.897 -4.278 20
5.328 3.208 -3.538 21
3.83 2.458 -2.382 20
3.576 1.641 3.737 20
5.303 1.433 1.761 20
2.544 2.56 -7.413 20
-0.293 3.96 -27.034 21
2.349 1.746 -7.092 20
4.802 1.479 4.7 20
5.085 2.066 1.341 20
3.369 1.213 1.03 20
2.256 0.602 -0.629 20
-0.006 1.557 -3.327 21
-2.006 2.986 0.32 20
-2.691 5.039 3.774 20
-3.002 6.959 4.91 20
-2.728 7.421 4.738 20
-1.778 7.461 5.873 20
-1.158 7.377 4.697 21
-1.312 6.837 5.126 20
2.037 2.46 3.563 20
4.287 0.121 2.877 20
4.509 0.152 3.139 20
2.172 1.689 3.073 21
0.497 3.044 2.794 20
0.182 3.747 2.833 20
-0.195 3.859 1.865 20
-2.127 4.42 1.001 20
-3.08 4.012 1.649 21
-2.986 3.109 2.836 20
-2.739 2.336 3.641 20
-2.497 0.958 2.973 20
-3.142 0.288 2.777 20
-4.315 0.883 4.562 20
-4.716 0.411 9.093 21
-3.757 -2.146 7.866 20
-3.015 -2.36 5.381 20
-2.748 -1.251 4.388 20
-3.357 -0.235 3.488 20
-3.422 0.611 2.533 21
-2.679 1.084 0.611 20
-2.088 1.131 -0.833 20
-1.592 0.729 -1.058 20
-0.728 0.037 -1.235 20
-1.252 0.176 -0.15 20
-1.353 0.406 0.155 21
-0.974 0.262 -1.226 20
-0.396 -0.003 -2.302 20
-0.095 0.014 -1.945 20
-0.368 0.623 -1.31 20
-1.192 1.354 -2.361 21
-1.943 2.111 -2.685 20
-2.342 2.572 -0.963 20
-3.205 3.083 0.99 20
-3.581 2.949 1.46 20
-2.809 2.18 0.76 20
-1.9 1.209 -0.205 21
-1.54 0.767 0.44 20
-0.991 0.526 0.896 20
-0.998 0.385 0.578 20
-0.887 0.446 -0.447 20
-0.596 0.55 -1.868 21
-1.371 0.821 -1.671 20
-2.072 1.553 -1.801 20
-2.124 1.271 2.108 20
-1.523 0.223 2.268 20
-0.89 0.024 -0.606 20
-0.508 0.045 -2.123 21
-0.297 0.248 -1.725 20
-1.374 0.947 0.606 20
-1.424 0.958 1.039 20
-0.557 0.211 0.228 20
-0.042 -0.195 -0.244 21
-0.24 0.11 -0.146 20
-0.262 0.347 0.113 20
-0.128 0.338 0.307 20
0.02 0.151 0.284 20
0.096 0.061 0.148 21
0.028 0.074 0.092 20
-0.002 -0.021 0.251 20
-0.041 -0.017 0.105 20
-0.276 0.129 0.187 20
-0.304 0.133 -0.014 20
-0.041 -0.02 -0.515 21
0.072 -0.063 -0.12 20
0.061 -0.011 0.104 20
-0.074 0.095 -0.035 20
0.034 0.094 -0.15 20
0.117 0.095 -0.102 21
0.03 0.219 0.041 20
0.044 0.262 0.088 20
0.054 0.169 0.355 20
0.053 0.051 0.111 20
0.11 -0.053 -1.782 20

# Completed @Sun Jan 24 21:06:45 GMT+02:00 2021
