# Accelerometer Data File
# Started @Sun Jan 24 21:00:22 GMT+02:00 2021
#
#
# sensor Vendor: BOSCH
# sensor Name: BMI160 Accelerometer Non-wakeup
# sensor Resolution: 0.0023928226m/sec^2; Max Range: 78.4532; Min Delay: 2500 microseconds
# The sensor's attributes are the result hardware and the Android capabilities.
# It means that the Android may not utilize all features provided by the hardware.
#
# Some devices and Android versions save battery too much so the device may go to sleep.
# It just happens after couple of minutes from turning off the scree and it is easy to find it out.
#
# The following file provides the data from accelerometer in the m/s^2 format.
# The diff value is just a time delta between the samples
#
#
# data format:
# so we have 4 columns with values separated by the " "
# X Y Z time_from_previous_sample(ms)

# sensor speed set to:NORMAL
# units set to: m/sec^2
# gravity  filtered out
# Accuracy: HIGH
-1.695 3.804 9.155 0
-0.258 2.477 7.836 20
0.267 1.444 7.151 20
0.365 1.405 6.221 20
0.596 1.634 4.725 20
0.728 1.798 3.403 20
0.638 1.269 4.654 21
0.225 0.933 3.85 20
1.022 0.242 3.165 20
1.221 -0.109 2.892 20
-0.234 1.014 2.588 20
-0.304 1.826 2.212 20
0.584 1.191 1.689 21
1.008 0.354 1.639 20
0.942 0.155 1.619 20
-0.156 1.057 2.065 20
-1.009 1.879 1.826 20
-0.186 1.01 1.68 20
0.733 0.117 1.9 21
0.998 0.239 2.085 20
0.918 0.174 1.491 20
0.688 0.2 0.768 20
0.442 0.124 0.834 20
0.081 0.083 1.703 21
-0.644 0.592 1.173 20
0.131 0.111 -0.64 20
0.581 -0.191 -0.091 20
-0.134 0.244 -0.351 20
0.694 0.752 1.164 20
1.832 0.806 1.17 21
2.88 0.527 -0.06 20
2.311 0.692 0.684 20
0.321 1.64 0.323 20
-1.146 3.16 -0.233 20
1.598 -0.033 0.699 21
6.328 -8.259 -3.037 20
5.671 -9.354 -7.836 20
3.097 -0.836 -5.625 20
2.787 2.636 -8.958 20
-0.173 3.847 -10.609 20
0.018 -1.425 8.201 21
1.461 0.295 7.877 20
2.511 -1.544 0.41 20
5.86 -5.07 -4.763 20
6.208 -4.891 -2.506 20
6.113 -5.891 -1.678 20
3.613 -5.809 -3.989 21
0.895 -2.688 -3.401 20
-1.733 -1.374 -0.426 20
-2.597 -1.519 1.597 20
0.219 -2.339 0.42 20
2.329 -2.832 -0.216 20
3.653 -2.564 -0.408 21
3.684 -1.428 -2.308 20
4.665 0.84 -5.459 20
5.363 4.091 -6.647 20
5.254 3.247 -1.938 20
7.253 1.788 -2.268 21
6.154 0.145 1.505 20
3.204 0.678 4.711 20
-0.623 0.884 5.285 20
-1.643 0.418 1.381 20
-1.554 1.153 -1.182 21
-3.238 1.443 -1.176 20
-4.36 1.165 -1.047 20
-3.357 1.874 1.482 20
-0.159 1.827 -1.662 20
-0.056 3.235 -30.032 20
-2.498 3.647 -6.927 21
-3.028 1.281 7.496 20
0.387 -0.424 8.021 20
2.487 -0.957 9.816 20
1.505 -3.44 17.159 20
-2.344 -3.717 13.166 20
-3.774 -0.896 0.029 21
2.516 1.236 -16.809 20
10.463 -0.811 -1.401 20
4.428 -3.46 4.44 20
-0.53 -2.191 -1.386 20
0.046 -2.218 -0.736 20
-1.978 -2.166 -0.73 21
-0.165 -3.663 1.843 20
-3.762 -1.986 0.943 20
-2.649 -0.334 -1.543 20
3.044 -2.448 -1.607 20
-2.863 0.637 -2.772 20
-3.094 0.955 -2.277 21
1.067 -1.043 -0.428 20
4.171 -1.292 -2.634 20
1.1 2.24 -4.153 20
-0.562 2.003 -1.769 20
0.966 1.175 2.287 21
-3.588 4.264 0.845 20
-12.907 4.212 -7.291 20
-7.578 -1.223 -0.441 20
-7.825 3.021 -0.414 20
-1.485 0.972 0.426 20
10.059 -4.637 4.999 21
5.334 1.11 -0.224 20
4.301 -2.497 -3.502 20
5.002 -6.227 -3.684 20
6.826 -8.275 -3.423 20
3.705 -7.87 1.381 20
-3.589 -5.6 1.577 21
-4.229 -3.617 -2.172 20
-18.938 8.295 -16.104 20
12.618 -15.384 17.502 20
8.573 -7.794 27.365 20
-7.765 -0.665 -2.981 21
-8.808 -3.94 -21.97 20
0.851 -8.766 -9.239 20
2.531 -8.197 -3.393 20
3.035 -5.914 1.887 20
-1.092 -0.862 1.025 20
-8.08 3.328 -1.814 21
-9.909 4.076 2.898 20
-7.303 4.472 2.74 20
-2.768 3.975 0.159 20
-0.022 4.358 -4.069 20
-0.208 4.392 -10.654 21
-2.905 4.072 -10.006 20
0.04 2.222 -0.421 20
5.532 -0.192 6.401 20
8.516 2.202 7.66 20
-4.05 10.507 3.94 20
-8.983 7.281 3.622 21
-9.82 -0.115 4.868 20
-7.594 -5.521 6.526 20
-4.321 -11.864 4.155 20
1.119 -14.174 -7.897 20
0.586 -13.304 -9.033 20
-8.854 -13.502 1.254 21
-10.857 -8.23 11.622 20
-4.492 -7.843 9.735 20
-1.559 -12.108 3.999 20
2.475 -13.083 -28.855 20
1.83 -3.082 -23.169 20
-3.433 4.448 -0.841 21
-8.547 9.729 -1.026 20
-5.454 12.363 -3.931 20
1.877 6.966 -4.818 20
7.133 2.615 -5.352 20
3.988 -0.677 -1.997 21
-1.662 -1.582 3.391 20
-3.785 2.683 7.733 20
-3.001 2.57 6.388 20
-2.902 -2.093 3.462 20
-5.716 -8.423 -1.245 20
-4.89 -17.105 -13.226 21
-2.842 -18.034 -9.051 20
0.494 -7.872 4.496 20
5.073 -1.326 9.507 20
2.682 5.06 3.848 20
4.177 8.704 3.903 20
4.033 11.415 3.286 21
1.183 14.699 3.585 20
-0.877 16.597 1.394 20
0.861 15.45 2.278 20
3.765 12.954 7.018 20
1.565 10.066 3.511 21
-0.087 6.845 -5.801 20
2.751 4.0 -13.297 20
0.292 -0.517 -10.749 20
-12.195 -4.579 19.503 20
-12.155 -8.726 7.329 20
-4.711 -14.746 4.768 21
4.215 -19.191 14.868 20
8.625 -12.779 2.164 20
17.725 -13.45 -16.621 20
16.877 -13.237 1.674 20
10.722 -5.723 0.821 20
5.047 1.988 -14.518 21
0.713 1.182 -2.547 20
-5.583 4.071 -4.608 20
-7.537 9.11 -5.094 20
-5.798 10.486 -4.953 20
-3.564 11.216 -6.294 20
-0.058 10.258 -2.325 21
2.991 7.697 0.034 20
-0.162 4.603 2.409 20
-1.333 0.364 3.767 20
4.109 -5.381 -0.103 20
6.639 -9.09 0.777 21
7.068 -21.118 -5.155 20
-2.249 -27.363 -4.206 20
0.118 -14.968 4.395 20
5.414 -2.002 7.746 20
1.214 4.92 3.664 20
-1.125 10.736 2.61 21
-1.392 13.659 3.08 20
-3.087 13.71 2.377 20
-5.805 13.574 1.605 20
-6.037 14.028 3.542 20
-4.451 13.416 5.807 20
-3.514 11.182 3.346 21
-2.915 8.682 -2.625 20
0.364 6.302 -5.122 20
3.747 1.5 -10.161 20
-1.695 -6.328 -7.093 20
-8.248 -2.099 9.673 21
-10.008 -5.035 10.814 20
-3.145 -25.47 22.804 20
11.826 -27.411 20.597 20
20.973 -17.111 -14.849 20
17.276 -5.828 -21.692 20
9.876 -0.487 1.723 21
1.8 -1.027 -4.47 20
-4.019 0.944 -9.018 20
-9.212 6.487 -2.354 20
-6.514 7.887 -7.573 20
-3.815 9.021 -6.843 20
-2.228 11.101 -2.554 21
0.514 11.058 1.678 20
3.095 9.387 -1.115 20
3.021 6.279 -3.159 20
-0.887 1.937 3.762 20
0.147 -3.525 4.088 21
5.114 -8.862 6.135 20
7.539 -20.39 -6.54 20
-0.328 -31.224 -5.129 20
-5.937 -19.402 4.177 20
5.372 -2.946 9.035 20
6.362 4.245 2.862 21
-1.688 11.178 2.675 20
-2.155 13.085 3.888 20
-3.097 12.098 1.186 20
-6.052 12.501 0.52 20
-8.206 14.098 2.604 20
-8.603 14.075 5.625 21
-7.702 12.355 2.611 20
-4.931 9.875 -3.972 20
-0.473 7.228 -5.908 20
2.822 4.498 -5.964 20
1.71 -1.846 -18.803 21
-3.675 -6.469 2.385 20
-7.749 -2.568 14.595 20
-7.929 -19.885 18.924 20
2.825 -28.128 21.79 20
13.266 -17.371 2.426 20
19.727 -11.048 -18.371 21
14.009 -2.54 -4.816 20
7.654 0.669 -3.877 20
1.833 -0.919 -7.724 20
-3.455 1.52 -5.427 20
-7.956 6.288 -3.472 20
-7.322 8.494 -6.553 21
-5.022 9.947 -4.882 20
-2.041 11.552 -2.486 20
1.791 10.647 -1.491 20
4.734 7.34 -3.185 20
2.788 2.738 0.989 20
0.407 -1.346 5.066 21
3.13 -5.461 8.542 20
5.404 -11.309 -0.368 20
4.284 -25.953 -8.326 20
-5.779 -26.434 0.095 20
-5.216 -7.962 10.287 21
6.492 2.143 6.977 20
5.935 5.846 0.836 20
-1.106 11.3 3.445 20
-3.42 12.218 2.363 20
-4.952 11.628 0.842 20
-8.066 13.026 1.883 21
-9.6 13.664 3.933 20
-9.281 13.166 2.39 20
-5.987 11.85 -2.656 20
-0.408 9.151 -6.391 20
4.666 4.75 -7.611 20
5.572 -3.177 -13.136 21
-0.99 -7.943 2.22 20
-9.226 -6.401 10.872 20
-11.561 -22.053 16.349 20
-1.846 -20.852 14.104 20
9.083 -11.17 9.285 20
19.83 -12.224 -6.604 21
19.494 -5.739 -17.021 20
11.324 2.173 -5.175 20
2.862 1.057 -3.584 20
-4.327 2.158 -5.073 20
-10.077 7.171 -1.998 21
-9.794 9.118 -7.505 20
-6.335 9.459 -6.082 20
-1.584 10.335 -1.293 20
2.698 9.482 -2.309 20
6.052 6.587 -6.241 20
2.67 3.162 2.122 21
-0.733 0.317 5.693 20
4.643 -5.179 8.201 20
7.406 -12.187 3.034 20
6.523 -29.66 -8.516 20
-5.641 -28.206 -1.332 20
-4.891 -6.538 8.698 21
4.742 3.584 6.306 20
3.388 7.056 0.35 20
-1.483 11.178 4.338 20
-3.021 11.895 3.15 20
-5.166 11.971 0.032 21
-7.618 12.82 2.148 20
-8.779 13.618 2.496 20
-8.516 13.468 0.351 20
-4.915 11.373 -3.148 20
0.088 8.09 -4.706 20
2.472 5.712 -3.531 21
2.001 1.355 -15.318 20
-1.103 -3.432 6.011 20
-4.793 -3.177 14.881 20
-7.155 -20.963 11.198 20
-2.479 -32.098 16.102 20
10.822 -19.77 12.161 21
15.362 -8.275 -10.393 20
14.652 -2.116 -20.425 20
11.423 -0.824 -3.112 20
3.138 -0.597 -4.739 20
-3.181 2.221 -3.989 21
-7.712 6.783 -3.264 20
-6.751 8.647 -7.284 20
-5.256 10.304 -6.219 20
-2.989 11.555 -2.793 20
1.063 10.113 0.735 20
4.442 7.575 -4.303 21
3.358 3.631 -1.783 20
0.463 -0.698 3.663 20
3.372 -5.736 10.019 20
6.7 -13.684 2.413 20
3.937 -31.006 -6.373 20
-5.789 -26.737 -0.637 21
-0.676 -4.772 6.124 20
5.403 5.934 6.663 20
0.956 10.683 1.34 20
-3.538 12.282 2.228 20
-4.166 10.142 2.016 21
-5.892 9.897 0.848 20
-7.948 11.563 2.031 20
-8.822 12.848 2.563 20
-9.199 13.262 -0.389 20
-6.03 11.067 -3.692 20
0.565 7.259 -2.788 21
5.226 3.754 -2.08 20
3.755 1.177 -7.876 20
-0.158 -4.058 -5.793 20
-4.721 -4.698 9.06 20
-7.897 -22.547 14.669 21
-3.289 -27.803 13.825 20
10.108 -14.646 12.953 20
17.887 -9.784 -0.791 20
15.126 -2.295 -22.194 20
11.636 0.213 -8.539 20
2.515 -0.032 -1.196 21
-4.734 1.303 -3.985 20
-8.072 5.333 -2.802 20
-8.957 9.263 -6.725 20
-7.264 11.04 -7.055 20
-3.323 11.885 -2.322 20
1.739 10.524 0.285 21
5.726 7.846 -5.296 20
3.299 3.961 -0.216 20
-0.451 0.417 6.01 20
4.157 -4.761 5.366 20
6.05 -11.212 1.448 20
5.391 -28.951 -5.808 21
-3.48 -31.448 -0.396 20
-1.797 -7.94 5.266 20
7.324 4.297 6.197 20
1.855 10.05 0.896 20
-3.458 12.035 4.299 21
-3.61 10.405 2.481 20
-6.466 11.572 -0.459 20
-9.032 13.606 1.382 20
-8.577 13.685 4.329 20
-6.201 12.064 1.643 20
-1.681 9.689 -4.107 21
2.127 6.457 -3.631 20
0.781 4.808 -2.313 20
-1.295 2.284 -12.173 20
-4.897 -3.883 0.974 20
-6.781 -8.777 12.273 20
-7.642 -29.456 17.091 21
1.1 -27.127 16.897 20
10.577 -11.623 3.207 20
17.173 -4.937 -13.407 20
19.64 -2.003 -11.061 20
13.013 -0.044 -6.344 21
1.275 0.531 -5.649 20
-6.88 3.964 -2.939 20
-11.274 8.149 -6.81 20
-7.559 8.615 -6.492 20
-3.138 10.036 -1.589 20
-0.317 11.624 -0.57 21
4.797 9.496 -3.231 20
6.896 5.59 -3.434 20
1.209 2.388 2.182 20
-0.935 -1.461 5.529 20
3.523 -7.276 8.081 20
6.146 -19.398 -2.6 21
2.963 -33.44 -3.748 20
-3.56 -19.344 5.439 20
5.153 0.522 6.788 20
4.332 8.001 1.453 20
-3.198 11.396 3.791 21
-5.176 11.117 3.062 20
-7.218 10.585 0.184 20
-9.682 11.721 -0.001 20
-10.762 13.071 0.69 20
-9.891 12.726 -0.165 20
-6.064 10.785 -2.731 21
0.097 7.768 -3.618 20
4.007 4.906 -3.267 20
3.106 2.928 -9.509 20
-0.729 -3.017 2.871 20
-4.411 -5.537 9.496 20
-6.698 -21.36 9.435 21
-1.765 -28.902 14.116 20
6.178 -11.5 9.647 20
12.209 -5.206 2.609 20
17.659 -5.037 -13.029 20
15.377 -0.529 -11.784 21
6.757 0.12 -3.161 20
-1.724 1.072 -5.622 20
-9.313 4.955 -3.63 20
-11.288 7.54 -5.307 20
-7.016 7.942 -6.402 20
-2.573 9.603 -4.071 21
1.428 9.796 -2.448 20
4.657 7.583 -2.828 20
2.581 4.71 0.338 20
-0.223 1.339 4.612 20
4.66 -4.294 6.054 20
6.611 -10.216 2.941 21
5.607 -25.764 -6.372 20
-2.511 -30.359 3.287 20
-3.687 -9.892 6.138 20
5.123 3.308 3.282 20
2.672 9.048 2.193 21
-2.548 12.315 4.524 20
-3.712 11.607 1.974 20
-6.322 12.048 -0.95 20
-9.407 13.773 -1.006 20
-9.902 13.819 1.17 20
-8.552 12.064 1.633 21
-3.497 9.316 -0.172 20
2.121 6.114 -0.996 20
2.437 4.718 -4.184 20
1.596 0.975 -17.419 20
-2.234 -5.966 5.797 20
-6.508 -9.608 12.537 21
-6.245 -28.656 15.228 20
3.056 -22.195 15.128 20
7.797 -6.089 1.122 20
15.885 -5.814 -9.704 20
17.824 -4.06 -3.881 21
12.745 0.187 -4.931 20
4.524 0.302 -7.732 20
-3.564 2.637 -5.094 20
-10.568 6.431 -2.926 20
-11.604 8.142 -6.157 20
-6.427 8.035 -5.097 21
-1.585 9.456 -4.878 20
2.915 8.549 -2.976 20
5.044 6.34 -1.684 20
1.584 4.65 0.997 20
-0.857 1.917 4.202 20
4.223 -3.483 5.164 21
7.194 -9.369 2.962 20
7.96 -24.442 -6.128 20
-0.43 -31.616 2.793 20
-4.5 -12.897 6.685 20
3.147 2.742 3.408 21
3.606 7.5 0.219 20
-1.501 10.057 3.242 20
-5.675 11.345 2.822 20
-8.158 11.758 0.373 20
-9.945 12.766 -0.482 20
-10.287 13.54 0.43 21
-8.564 12.684 1.025 20
-5.409 11.043 -0.937 20
-0.427 7.778 -3.097 20
4.037 3.835 -3.171 20
4.226 0.806 -8.694 20
0.151 -4.609 -1.286 21
-6.51 -3.678 9.053 20
-8.638 -20.452 11.2 20
-1.392 -28.717 15.075 20
6.712 -11.745 10.185 20
12.077 -5.946 0.582 21
18.001 -5.8 -15.281 20
16.287 -1.688 -10.116 20
6.608 -0.122 -2.869 20
-2.483 1.896 -5.053 20
-9.541 6.408 -2.473 20
-8.531 7.96 -5.928 21
-4.699 8.367 -6.43 20
-1.969 10.145 -3.853 20
1.689 10.375 -3.522 20
5.321 7.781 -2.98 20
3.038 3.92 0.508 20
-0.986 -0.098 4.745 21
2.846 -5.614 9.05 20
6.015 -13.635 1.408 20
5.301 -30.241 -6.972 20
-5.16 -27.517 3.454 20
-3.09 -4.851 9.352 21
5.456 5.107 2.091 20
0.334 9.544 2.305 20
-4.543 11.869 4.467 20
-5.781 10.912 0.899 20
-8.047 11.544 -0.501 20
-10.168 13.524 0.585 21
-10.47 14.226 1.43 20
-8.395 12.782 0.291 20
-2.679 10.133 -2.538 20
4.52 5.864 -3.519 20
4.523 3.048 1.249 20
2.906 -0.214 -9.603 21
2.63 -5.47 -2.153 20
-3.757 -12.126 12.648 20
-5.006 -31.942 8.264 20
0.327 -18.663 7.019 20
4.078 -2.526 10.495 21
10.368 -3.843 8.126 20
14.333 -5.007 -11.319 20
15.957 -1.028 -16.937 20
6.548 2.288 -3.517 20
-2.553 2.833 -4.175 20
-10.486 5.605 -5.023 21
-12.238 8.313 -5.7 20
-6.734 8.553 -2.987 20
-2.609 10.097 -2.899 20
2.071 9.158 -7.684 20
4.66 5.004 -2.037 21
0.404 2.609 5.485 20
1.894 -1.239 4.917 20
6.986 -6.837 6.443 20
7.857 -17.439 -5.034 20
1.729 -31.017 -3.426 20
-7.832 -20.745 6.99 21
0.485 -1.251 7.451 20
8.013 5.494 1.611 20
2.613 10.149 2.026 20
-3.018 11.411 3.412 20
-5.547 10.936 0.579 20
-8.884 12.218 -0.921 21
-10.056 12.68 -0.441 20
-9.426 12.527 -0.198 20
-7.435 11.319 -0.883 20
-2.38 8.758 -0.562 20
1.158 6.604 -1.743 21
1.089 4.684 -6.454 20
1.364 -2.012 -11.725 20
-1.703 -5.187 8.947 20
-4.737 -15.972 11.474 20
-3.564 -32.7 14.712 20
3.589 -16.365 10.774 21
8.712 -3.39 4.537 20
14.934 -3.441 -4.662 20
19.249 -2.66 -14.73 20
12.482 -0.089 -6.133 20
0.9 1.083 -5.044 21
-6.8 3.333 -4.459 20
-11.714 7.075 -3.289 20
-8.572 7.954 -5.754 20
-4.645 9.5 -3.682 20
-0.151 10.855 -4.58 20
4.38 8.419 -5.316 21
5.151 4.527 -2.952 20
0.141 1.282 4.213 20
0.302 -3.588 5.847 20
4.536 -8.91 7.472 20
5.904 -20.605 -3.608 21
0.825 -33.106 -4.39 20
-6.535 -18.252 8.809 20
2.64 1.606 10.198 20
5.338 7.991 0.352 20
-3.439 12.198 3.13 20
-5.309 12.718 1.938 21
-5.276 12.093 -0.885 20
-7.651 12.832 0.19 20
-8.054 13.207 2.113 20
-6.705 12.591 1.13 20
-4.534 11.179 -4.4 20
0.286 7.899 -3.815 21
3.045 4.886 1.843 20
1.46 3.397 -7.014 20
0.24 -4.572 -10.189 20
-4.866 -5.076 4.267 20
-7.034 -19.362 15.088 21
-3.804 -29.801 15.013 20
5.249 -12.85 8.984 20
11.671 -5.753 2.006 20
17.211 -4.367 -12.632 20
16.24 0.273 -6.214 20
8.566 0.713 -3.609 21
-0.413 0.355 -5.833 20
-6.4 2.922 -4.353 20
-11.203 6.571 -3.941 20
-10.96 8.395 -6.585 20
-5.576 9.664 -5.049 21
-0.097 10.373 -4.108 20
5.097 8.074 -3.469 20
5.773 5.231 -1.863 20
0.502 1.847 5.409 20
2.119 -2.756 3.536 20
7.221 -8.023 6.409 21
7.607 -16.864 -4.441 20
0.937 -28.702 -1.647 20
-8.131 -20.244 6.265 20
0.339 -2.302 5.811 20
7.795 5.678 1.64 20
3.001 11.41 2.701 21
0.187 12.088 3.369 20
-3.636 10.989 0.902 20
-8.93 11.869 -1.04 20
-10.524 12.362 1.058 20
-10.77 12.107 0.732 21
-9.857 11.107 -0.567 20
-5.756 8.686 0.164 20
-0.372 5.273 -0.057 20
1.499 4.153 -2.041 20
2.977 -0.31 -20.684 20
-0.757 -5.831 0.599 21
-4.314 -8.915 13.876 20
-4.091 -27.095 14.506 20
2.405 -21.328 13.582 20
11.15 -7.849 4.218 20
18.963 -5.796 -7.243 21
18.58 -1.48 -3.796 20
12.55 -1.295 -4.563 20
0.58 -0.737 -7.011 20
-7.296 2.132 -3.334 20
-11.195 5.269 -1.192 20
-9.078 6.984 -2.748 21
-6.193 8.754 -7.695 20
-2.572 10.615 -8.846 20
1.963 9.491 -3.686 20
3.981 6.91 -1.91 20
0.955 3.897 -2.161 20
-1.787 0.075 4.852 21
2.774 -4.489 7.79 20
6.189 -9.256 5.0 20
8.757 -26.004 -7.316 20
0.937 -33.39 -0.166 20
-5.29 -12.131 8.361 21
4.063 3.763 6.197 20
3.697 8.395 0.763 20
-3.346 12.16 4.067 20
-5.461 11.283 3.197 20
-7.23 10.543 0.445 20
-9.87 12.36 0.823 21
-10.386 13.86 1.444 20
-10.089 13.813 -2.145 20
-6.937 12.142 -3.981 20
-0.217 8.106 -2.615 20
4.506 4.331 1.466 21
2.908 2.69 -5.557 20
2.613 -3.638 -13.491 20
-3.216 -2.237 8.519 20
-4.093 -17.991 14.601 20
0.467 -34.504 15.126 20
8.156 -17.786 11.132 21
13.634 -6.067 -2.155 20
15.446 -1.29 -12.781 20
13.968 0.315 -4.744 20
4.236 -0.406 -3.66 20
-3.094 0.947 -5.691 20
-8.004 4.358 -1.659 21
-9.129 7.031 -3.893 20
-6.582 8.309 -6.912 20
-4.429 10.731 -6.436 20
0.635 10.076 -2.697 20
3.879 7.611 -3.423 21
2.702 4.826 -2.738 20
-1.545 2.036 2.918 20
0.156 -1.683 4.437 20
5.11 -5.938 7.383 20
7.596 -13.781 -1.545 20
6.081 -30.271 -4.331 21
-4.46 -26.541 4.119 20
-0.287 -4.591 6.07 20
5.616 6.153 3.055 20
-0.735 10.74 2.064 20
-3.915 11.281 3.161 21
-4.597 10.189 1.472 20
-7.979 11.147 -0.595 20
-9.096 12.445 0.343 20
-8.527 13.268 -0.029 20
-7.361 12.946 -2.19 20
-3.807 10.834 -1.976 21
0.807 6.583 2.923 20
2.341 4.345 0.641 20
3.508 -0.577 -17.623 20
-2.693 -5.58 2.251 20
-7.617 -10.015 12.268 20
-5.021 -31.131 14.616 21
4.559 -22.057 12.29 20
8.141 -4.994 6.432 20
16.093 -4.81 -5.801 20
19.259 -2.811 -10.628 20
12.217 -0.143 -3.653 21
1.371 -0.04 -5.633 20
-7.704 2.858 -5.064 20
-11.381 6.188 -2.334 20
-7.843 7.138 -7.301 20
-4.034 8.32 -7.918 20
0.657 9.051 -4.919 21
3.525 8.441 -1.484 20
4.371 7.006 -2.045 20
0.784 4.212 3.107 20
-0.263 0.162 6.34 20
5.16 -5.788 6.655 21
5.617 -11.36 -0.885 20
4.272 -28.606 -8.194 20
-4.152 -31.402 5.509 20
-2.321 -9.697 6.639 20
4.432 4.888 4.499 20
2.445 10.803 1.162 21
-2.503 12.378 3.122 20
-5.693 10.97 1.576 20
-8.895 11.32 0.203 20
-10.954 13.445 2.237 20
-11.553 14.766 0.655 20
-10.355 14.477 -0.904 21
-5.225 11.686 -2.126 20
1.829 6.535 -2.83 20
4.39 3.435 -4.895 20
3.421 -1.547 -17.642 20
-2.823 -3.682 5.682 21
-7.754 -8.538 14.921 20
-3.283 -33.348 21.229 20
5.021 -24.156 14.378 20
9.288 -6.698 2.072 20
17.412 -5.866 -7.146 20
21.52 -3.085 -16.204 21
14.385 1.183 -6.389 20
1.251 1.108 -2.546 20
-8.81 3.325 -4.376 20
-12.875 7.236 -1.548 20
-8.957 8.23 -5.571 21
-5.47 9.628 -5.303 20
-0.51 10.517 -4.777 20
4.514 9.002 -6.004 20
6.523 5.991 -4.46 20
0.97 3.076 1.58 20
-2.696 -0.35 4.766 21
2.399 -6.091 7.482 20
4.783 -13.262 1.596 20
6.788 -31.046 -6.861 20
-1.787 -29.058 3.041 20
-0.899 -6.117 12.564 21
9.36 5.793 2.371 20
2.801 10.394 1.619 20
-5.101 12.86 4.785 20
-6.165 11.462 2.155 20
-8.722 11.245 0.42 20
-11.521 13.212 0.516 21
-12.482 14.344 -0.779 20
-11.031 13.949 -2.223 20
-4.732 11.886 -3.879 20
4.327 6.784 -4.905 20
5.531 3.447 -3.375 20
3.835 -2.125 -13.649 21
-1.595 -5.903 7.536 20
-7.465 -13.05 13.429 20
-3.325 -33.093 17.752 20
2.78 -16.839 9.703 20
4.615 -3.214 0.286 21
13.346 -5.949 -5.354 20
18.399 -6.193 -4.609 20
14.304 -0.119 -4.446 20
4.298 2.248 -4.387 20
-2.388 2.965 -6.039 20
-9.94 7.015 -4.26 21
-11.626 9.118 -7.538 20
-6.673 9.416 -6.23 20
-1.498 10.986 -3.156 20
3.767 9.497 -3.289 20
6.393 4.794 -5.773 21
0.062 1.139 3.252 20
-0.428 -2.547 6.271 20
5.922 -8.08 6.081 20
7.061 -16.655 -2.969 20
3.015 -28.703 -4.64 20
-6.217 -23.683 10.171 21
0.71 -5.083 9.061 20
5.009 5.311 -2.842 20
-3.388 11.768 4.908 20
-4.792 13.557 4.018 20
-3.681 12.174 0.833 21
-6.665 12.556 -1.127 20
-9.59 14.252 -0.351 20
-10.039 14.344 0.063 20
-7.487 12.823 0.055 20
-0.161 9.034 -1.332 20
6.275 3.885 -3.251 21
6.184 2.154 -5.306 20
4.276 -5.883 -10.92 20
-5.813 -6.532 2.855 20
-12.717 -12.189 12.432 20
-5.394 -25.777 12.994 20
3.57 -12.84 10.276 21
5.621 -5.271 8.728 20
14.286 -10.397 -2.408 20
21.951 -7.089 -15.913 20
15.729 1.988 -5.752 20
2.333 2.973 -3.036 21
-5.915 3.085 -6.598 20
-11.867 6.439 -3.597 20
-13.744 9.379 -7.407 20
-8.622 10.692 -5.256 20
-1.146 10.379 -2.736 20
5.964 5.691 -7.119 21
5.219 1.405 -3.072 20
-0.237 0.087 5.836 20
3.621 -4.237 8.273 20
6.991 -10.507 3.099 20
8.118 -25.414 -4.572 21
-0.252 -30.283 1.964 20
-7.447 -9.636 11.7 20
2.736 5.674 5.502 20
4.4 8.407 0.61 20
-2.67 11.564 5.568 20
-5.568 12.68 1.023 21
-6.12 12.136 -0.646 20
-8.09 13.087 -0.002 20
-8.48 13.88 0.185 20
-8.307 14.185 -1.38 20
-5.266 12.464 -3.547 21
1.939 7.417 -0.558 20
3.342 4.237 2.427 20
3.331 0.545 -12.4 20
0.916 -5.408 -6.38 20
-6.518 -6.033 10.112 20
-7.272 -26.76 14.833 21
0.692 -27.508 11.379 20
7.386 -8.655 8.931 20
13.192 -5.681 -0.337 20
18.641 -3.937 -15.294 20
15.403 0.351 -6.482 21
4.347 0.965 -1.759 20
-4.176 2.037 -4.911 20
-10.226 5.513 -4.09 20
-11.424 8.123 -6.46 20
-7.94 9.611 -6.502 20
-2.919 10.93 -5.541 21
2.874 8.423 -4.974 20
4.519 4.228 -4.658 20
-0.525 2.066 3.7 20
-0.06 -1.104 6.186 20
5.251 -5.476 7.129 21
8.537 -13.362 0.873 20
8.281 -28.17 -4.463 20
-1.494 -23.255 6.676 20
-0.208 -2.466 6.558 20
2.317 4.829 -0.722 20
-1.521 7.494 6.058 21
-3.79 10.009 3.695 20
-5.069 10.838 0.299 20
-7.466 11.606 -1.438 20
-9.009 12.75 -0.63 20
-8.968 13.513 -2.087 20
-7.884 13.226 -3.573 21
-2.18 10.256 -0.158 20
2.845 5.503 1.502 20
3.115 3.381 -5.693 20
2.594 -2.542 -13.73 20
-3.097 -4.592 8.841 21
-8.374 -13.721 10.977 20
-2.403 -34.264 14.245 20
4.876 -15.879 9.378 20
5.056 -0.761 4.038 20
13.306 -4.143 -1.458 20
20.588 -4.649 -14.114 21
13.459 1.28 -2.962 20
2.797 1.739 -3.269 20
-4.407 2.759 -6.767 20
-10.617 5.997 -3.182 20
-11.332 7.683 -5.035 21
-5.783 7.805 -5.402 20
-0.257 9.379 -5.261 20
3.472 8.508 -5.146 20
3.685 5.727 -2.646 20
-0.425 2.462 3.829 20
1.764 -2.08 4.442 21
6.313 -6.811 7.042 20
8.422 -14.86 -1.949 20
5.521 -28.241 -3.42 20
-4.905 -22.467 7.358 20
-0.357 -3.254 4.854 21
4.16 5.158 0.828 20
-1.627 10.189 4.01 20
-4.112 11.859 4.454 20
-5.029 11.281 1.814 20
-8.372 12.354 -0.911 20
-10.78 13.602 0.305 21
-11.42 12.727 0.33 20
-9.049 10.85 -2.013 20
-2.101 6.857 -1.829 20
3.369 3.545 -3.323 20
2.323 3.555 -7.1 21
0.331 -0.734 -15.464 20
-2.055 -4.979 10.366 20
-4.827 -15.108 13.611 20
-1.759 -28.906 14.569 20
2.93 -11.342 9.574 20
6.339 -1.401 2.731 21
17.606 -5.851 -3.304 20
17.82 -2.622 -5.739 20
9.936 0.025 -4.415 20
1.365 -0.319 -6.524 20
-4.031 1.566 -5.675 21
-9.305 3.906 -3.681 20
-10.483 5.824 -5.298 20
-6.586 7.851 -4.367 20
-2.383 10.552 -3.797 20
3.483 9.925 -4.577 20
6.802 6.721 -2.435 21
2.94 2.862 3.094 20
3.689 -2.289 2.877 20
5.631 -7.064 6.631 20
5.075 -13.649 -1.962 20
1.702 -28.6 -3.816 20
-7.246 -28.48 4.5 21
-2.975 -7.19 7.265 20
7.312 5.709 4.49 20
5.197 10.791 1.398 20
-1.725 12.79 3.746 20
-4.765 11.649 1.189 21
-8.965 12.69 -1.302 20
-11.955 13.825 -0.48 20
-11.361 13.708 0.533 20
-9.011 13.251 -0.455 20
-3.085 10.253 -2.197 20
2.994 5.224 -5.5 21
5.903 2.067 -12.502 20
4.138 -8.321 -0.573 20
-6.6 -10.359 5.095 20
-10.032 -20.189 12.021 20
-2.263 -16.714 11.647 21
1.431 -1.172 10.456 20
7.458 -2.917 5.996 20
20.433 -10.068 -10.469 20
17.283 -3.839 -4.944 20
9.607 -0.734 1.159 20
0.432 -0.23 -6.469 21
-5.811 2.319 -7.687 20
-10.27 5.142 -1.716 20
-9.006 6.005 -5.0 20
-4.772 7.227 -8.53 20
-0.986 9.076 -5.409 21
2.691 8.921 -1.912 20
5.867 6.744 -2.605 20
3.355 2.801 0.113 20
0.383 -1.014 5.239 20
4.781 -6.057 8.326 20
7.22 -12.982 0.918 21
4.81 -26.984 -7.105 20
-6.167 -27.683 2.843 20
-7.174 -8.698 12.288 20
3.714 5.404 4.014 20
4.265 10.023 -1.533 21
-1.826 12.067 4.173 20
-4.179 11.418 1.322 20
-6.816 11.488 -1.336 20
-9.562 12.653 -0.883 20
-9.912 13.315 0.187 20
-9.279 12.3 -1.001 21
-4.647 9.768 -0.582 20
1.515 6.279 -1.058 20
3.946 4.228 -3.393 20
7.063 -3.571 -13.303 20
2.345 -10.559 0.774 21
-10.389 -11.325 10.726 20
-8.071 -23.078 11.318 20
1.553 -10.948 11.02 20
4.804 -2.221 8.385 20
13.236 -7.361 2.577 20
18.089 -6.332 -12.269 21
14.184 -1.113 -4.136 20
4.696 -0.111 -4.042 20
-1.649 0.436 -7.917 20
-8.0 3.115 -2.514 20
-10.744 5.885 -1.421 20
-7.287 7.916 -7.023 21
-2.208 9.795 -6.978 20
2.373 9.96 -4.359 20
5.54 8.031 -4.044 20
4.264 3.722 0.395 20
0.778 -1.198 4.48 21
4.62 -6.173 7.467 20
6.178 -10.49 2.561 20
4.275 -22.614 -7.445 20
-5.819 -30.457 -0.908 20
-7.845 -14.118 9.123 20
3.144 3.072 8.163 21
5.6 9.058 0.426 20
0.804 12.059 4.991 20
-2.104 11.771 3.388 20
-5.343 11.407 0.384 20
-9.006 12.866 -0.36 21
-10.693 14.141 1.469 20
-11.1 13.38 -0.133 20
-8.369 11.302 -2.691 20
-2.196 7.65 -1.655 20
2.74 4.233 -3.429 21
5.879 -0.021 -19.071 20
-0.879 -5.973 -2.007 20
-6.142 -3.627 11.346 20
-5.739 -18.981 12.24 20
0.8 -27.27 17.091 20
6.359 -10.831 10.609 21
10.844 -4.13 1.075 20
18.857 -4.946 -14.776 20
18.791 -1.512 -9.045 20
7.872 0.83 0.914 20
-1.635 1.72 -7.486 21
-8.918 4.726 -4.031 20
-11.57 7.101 -5.064 20
-7.339 6.839 -6.349 20
-2.961 8.21 -4.354 20
0.979 9.019 -3.824 20
4.775 6.881 -4.202 21
4.2 4.359 -2.096 20
-0.91 2.562 4.009 20
1.008 -1.615 4.872 20
6.703 -6.847 7.426 20
7.697 -14.456 -2.549 21
2.576 -26.643 -2.689 20
-4.823 -22.396 4.782 20
1.378 -3.816 3.916 20
5.449 5.852 1.575 20
-0.007 11.137 2.211 20
-3.082 12.085 3.717 21
-4.51 10.658 2.209 20
-8.72 11.63 -0.607 20
-10.87 12.743 0.115 20
-10.544 11.958 1.263 20
-8.666 9.986 0.124 20
-4.52 7.681 -0.22 21
0.579 5.132 -1.942 20
2.675 4.6 -16.417 20
-0.981 -3.817 -7.186 20
-5.378 -7.133 11.025 20
-6.91 -21.539 16.291 21
2.516 -27.504 22.867 20
7.654 -8.755 4.545 20
15.771 -5.617 -5.645 20
20.593 -3.723 -5.717 20
12.564 2.534 -1.868 20
7.222 -0.961 -5.82 21
-0.275 -1.037 -7.067 20
-6.746 2.284 -4.629 20
-12.164 5.505 -3.31 20
-11.54 7.682 -7.487 20
-5.68 8.977 -6.268 21
-1.878 10.097 -3.992 20
1.717 8.688 -6.204 20
3.924 4.331 -3.334 20
0.431 1.179 4.981 20
2.432 -2.159 5.184 20
7.052 -6.351 7.19 21
9.846 -16.035 -2.106 20
6.326 -28.865 -1.958 20
-5.924 -19.552 5.218 20
-2.874 -0.56 4.629 20
4.075 5.072 1.991 21
1.662 7.92 2.975 20
-2.505 10.114 3.799 20
-4.218 9.997 1.903 20
-7.039 10.642 -1.011 20
-9.237 12.359 -1.24 20
-8.673 13.324 0.151 21
-7.26 12.94 0.567 20
-3.938 10.57 -0.347 20
1.284 5.986 1.181 20
2.423 4.437 -1.881 20
3.047 0.973 -20.06 21
-4.369 -5.954 1.058 20
-9.354 -9.659 12.197 20
-4.441 -30.925 20.384 20
5.447 -21.145 14.788 20
5.178 -3.105 0.615 20
13.131 -3.534 -6.691 21
21.442 -4.351 -8.702 20
16.879 0.544 -2.768 20
5.093 0.392 -3.771 20
-4.016 1.718 -7.072 20
-11.869 5.444 -2.517 21
-12.573 6.997 -3.942 20
-7.431 7.483 -7.013 20
-1.735 8.651 -6.083 20
1.803 7.872 -4.405 20
3.979 4.957 -6.131 20
1.395 1.849 1.199 21
0.693 -2.069 6.986 20
3.894 -5.254 8.491 20
5.809 -11.157 -0.142 20
7.296 -26.327 -5.341 20
-2.236 -23.171 4.971 21
-6.298 -4.059 10.485 20
2.911 4.144 5.523 20
5.261 6.427 0.65 20
-1.421 9.613 2.694 20
-4.72 10.096 1.349 20
-6.231 10.802 -0.924 21
-8.562 12.82 -1.308 20
-8.842 13.601 0.883 20
-9.171 13.239 -0.047 20
-6.788 11.368 -2.138 20
-0.756 7.665 -1.437 20
1.531 5.206 -2.199 21
1.85 1.184 -16.372 20
-2.096 -5.765 -2.038 20
-7.585 -8.384 13.103 20
-3.48 -33.222 22.143 20
6.325 -26.015 14.699 21
6.99 -5.448 -2.077 20
14.126 -3.69 -6.951 20
19.17 -2.092 -6.019 20
13.918 3.192 -4.662 20
5.03 2.021 -4.795 20
-1.996 1.726 -6.582 21
-8.363 4.619 -3.815 20
-13.71 7.43 -6.411 20
-9.978 7.187 -6.617 20
-2.403 7.811 -0.997 20
0.325 9.49 -2.833 21
4.513 7.245 -6.601 20
4.513 3.347 2.383 20
3.647 -0.542 3.046 20
5.818 -5.185 6.816 20
7.709 -12.111 -0.012 21
6.49 -27.13 -4.553 20
-4.026 -28.138 4.823 20
-4.257 -5.157 8.049 20
4.054 7.004 3.68 20
3.129 9.964 2.221 20
-2.189 11.305 4.185 21
-5.086 10.045 1.229 20
-7.837 9.987 -0.51 20
-10.546 11.629 2.388 20
-11.658 12.396 1.964 20
-10.923 12.199 -3.893 20
-5.7 10.516 -5.285 21
-0.766 7.492 -3.827 20
0.681 5.869 -6.161 20
1.197 -0.376 -10.475 20
-1.33 -5.226 7.075 20
-1.924 -20.907 14.7 21
2.411 -37.021 18.394 20
7.321 -15.175 6.906 20
9.441 -1.267 2.055 20
13.645 -0.192 -2.356 20
16.138 0.439 -15.936 20
9.746 0.895 -6.167 21
-0.177 1.17 -4.056 20
-7.149 2.668 -4.976 20
-13.13 6.219 -4.222 20
-10.168 7.195 -5.279 20
-2.433 8.245 -2.377 21
1.895 10.23 -3.256 20
6.545 8.506 -6.852 20
5.494 5.586 -1.411 20
-0.955 2.345 4.548 20
0.144 -3.285 4.32 20
5.246 -8.359 9.737 21
8.151 -20.991 -3.24 20
3.662 -34.809 -6.896 20
-4.281 -17.228 4.71 20
1.954 2.871 9.37 20
4.447 9.209 2.446 21
-0.824 11.841 2.46 20
-4.475 11.443 2.766 20
-6.136 9.488 0.355 20
-8.914 10.43 -1.637 20
-10.299 12.272 -0.307 20
-9.5 12.241 1.46 21
-8.213 11.116 0.109 20
-4.934 9.213 -1.975 20
-0.226 6.345 -3.261 20
3.441 3.3 -16.077 20
-2.093 -4.984 -6.251 21
-6.886 -3.306 9.096 20
-7.04 -21.023 16.957 20
1.515 -33.93 26.562 20
8.273 -14.422 9.927 20
12.601 -4.985 -3.174 20
19.738 -2.201 -17.045 21
18.635 2.603 -10.291 20
9.241 1.573 -1.124 20
-1.106 0.81 -7.809 20
-9.589 4.146 -4.335 20
-13.617 7.179 -2.41 21
-10.647 7.994 -5.077 20
-2.967 8.704 -3.744 20
1.537 9.459 -4.147 20
4.826 7.34 -6.915 20
4.505 3.726 0.254 20
1.375 0.486 4.571 21
4.055 -3.617 7.693 20
6.536 -8.449 5.252 20
8.912 -24.308 -6.166 20
1.167 -32.034 2.0 20
-4.026 -10.781 9.484 20
2.733 5.043 4.174 21
3.738 7.955 0.259 20
-2.285 10.364 4.731 20
-5.939 11.071 2.02 20
-7.217 10.732 -0.029 20
-9.35 11.584 0.232 21
-9.572 12.751 2.058 20
-9.434 12.798 -0.643 20
-8.689 12.152 -3.938 20
-4.093 9.065 -4.702 20
1.38 5.196 -4.341 20
3.62 1.169 -12.587 21
-2.342 -3.517 1.813 20
-6.202 -2.788 9.969 20
-4.806 -22.568 15.205 20
0.654 -30.377 18.686 20
9.635 -15.109 9.211 21
15.448 -7.581 -4.933 20
17.035 -2.254 -18.6 20
15.696 2.071 -6.116 20
6.425 2.124 0.941 20
-1.941 1.198 -6.868 20
-9.997 5.231 -3.107 21
-12.596 7.914 -4.943 20
-7.4 7.732 -6.185 20
-2.432 9.085 -4.663 20
0.714 9.254 -2.666 20
4.028 6.66 -4.15 21
2.98 4.105 -1.057 20
1.055 0.72 3.334 20
4.612 -4.14 7.306 20
6.085 -8.367 4.46 20
8.136 -22.247 -5.374 21
1.413 -31.848 0.703 20
-5.494 -15.52 7.09 20
1.804 3.086 7.14 20
6.623 7.818 0.51 20
1.645 10.096 2.783 20
-4.762 10.153 2.813 21
-6.625 9.125 1.281 20
-9.858 10.996 -0.616 20
-11.291 13.003 1.741 20
-11.428 13.716 2.03 20
-10.138 12.914 -2.756 21
-5.183 10.305 -4.28 20
-0.094 7.539 -3.665 20
2.143 4.571 -5.547 20
2.72 -2.948 -12.15 20
-1.574 -4.663 7.81 20
-1.604 -19.044 16.429 21
-0.323 -34.262 13.096 20
3.549 -13.254 5.254 20
9.608 -3.331 2.84 20
16.576 -4.171 -1.807 20
16.022 -0.627 -11.349 20
10.794 1.157 -2.632 21
1.377 0.494 -3.621 20
-3.701 1.102 -7.317 20
-9.369 4.818 -3.075 20
-11.192 7.853 -4.809 20
-5.808 8.574 -6.275 21
-1.937 9.851 -4.313 20
1.112 9.2 -3.418 20
3.4 6.728 -3.49 20
1.096 3.634 1.603 20
0.143 0.33 5.901 20
5.502 -4.851 7.842 21
7.739 -10.609 1.131 20
8.526 -25.506 -7.005 20
-0.134 -28.865 4.219 20
-0.703 -8.498 6.05 20
4.299 4.044 1.871 21
2.58 6.852 1.472 20
-1.67 9.33 3.977 20
-4.556 9.421 2.169 20
-8.039 10.188 -0.578 20
-11.245 11.782 -2.143 20
-11.086 12.447 -0.752 21
-9.303 12.246 0.959 20
-7.618 11.511 1.113 20
-3.728 8.833 -1.77 20
0.859 5.997 -2.688 20
4.699 2.892 -12.138 21
0.566 -5.787 -3.176 20
-5.858 -7.004 10.921 20
-4.714 -25.852 13.005 20
4.402 -27.354 13.724 20
6.531 -5.862 5.345 20
9.804 -0.906 1.01 21
16.697 -4.224 -9.426 20
16.405 -2.626 -5.616 20
7.898 -0.811 -1.176 20
-0.381 0.907 -7.666 20
-6.638 4.147 -3.75 21
-9.669 6.88 -3.584 20
-7.075 7.18 -7.447 20
-2.864 7.537 -3.643 20
-1.044 9.067 -2.845 20
0.782 8.615 -5.264 20
2.965 5.382 -1.652 21
1.267 2.649 2.16 20
2.173 -1.698 3.673 20
5.03 -6.897 7.561 20
7.563 -16.185 -1.703 20
5.364 -30.867 -3.014 20
-4.852 -20.739 3.422 21
-1.452 -0.019 7.334 20
3.903 6.627 2.907 20
0.538 8.995 0.456 20
-4.178 9.823 4.17 20
-6.46 9.957 0.951 21
-9.446 11.723 -1.093 20
-11.067 13.67 -0.179 20
-9.115 13.509 2.046 20
-5.733 12.046 -0.157 20
-0.244 8.793 -3.217 21
7.549 3.89 -7.473 20
4.147 -1.032 -13.598 20
-9.332 -5.553 -1.189 20
-13.312 -4.793 10.911 20
-7.824 -26.455 20.278 20
5.548 -24.641 18.501 21
7.043 -7.586 7.277 20
12.149 -5.312 -8.091 20
22.65 -6.104 -19.502 20
17.297 2.049 1.045 20
5.609 3.172 0.787 20
-2.721 3.685 -8.441 21
-8.52 7.796 -2.888 20
-11.432 9.645 -6.559 20
-8.372 8.467 -5.888 20
-1.63 7.73 -4.377 20
2.258 6.709 -3.952 21
2.741 4.412 -5.087 20
-0.399 1.938 -0.366 20
-0.333 -1.415 5.702 20
5.164 -5.836 7.762 20
7.565 -11.013 0.143 21
8.044 -25.906 -5.62 20
-1.377 -26.784 5.507 20
-4.575 -5.328 10.581 20
3.143 6.014 3.915 20
3.954 8.142 0.617 20
-0.584 9.902 4.311 21
-4.585 9.78 1.619 20
-7.201 10.055 -0.638 20
-10.055 12.029 -0.223 20
-10.447 13.169 2.131 20
-10.098 12.829 -1.028 21
-7.75 11.74 -3.424 20
-1.688 8.162 -3.388 20
1.575 4.541 -2.232 20
0.9 2.662 -6.105 20
2.77 -3.791 -8.868 20
-0.955 -5.665 11.501 21
-2.404 -27.231 12.108 20
1.354 -31.601 11.802 20
3.013 -6.536 4.553 20
6.092 0.129 3.677 20
12.929 -3.494 0.832 21
18.617 -4.818 -13.272 20
12.782 -0.38 -5.417 20
2.893 1.831 -1.755 20
-3.548 3.137 -4.824 20
-9.886 6.78 -1.744 20
-9.956 8.292 -6.636 21
-5.901 8.297 -5.929 20
-1.594 9.147 -3.116 20
2.006 8.383 -5.292 20
4.187 5.214 -3.849 20
0.655 2.056 4.008 21
2.032 -2.719 4.586 20
5.591 -7.212 8.154 20
8.423 -17.326 -5.374 20
4.78 -32.475 -5.091 20
-7.134 -22.13 6.596 20
-2.891 -0.727 10.326 21
5.619 7.425 3.623 20
2.895 10.497 0.551 20
-2.921 10.68 2.984 20
-5.311 9.166 1.415 20
-8.594 10.274 -0.702 21
-10.632 12.439 0.954 20
-11.127 13.651 0.544 20
-11.45 13.961 -3.276 20
-8.145 11.931 -4.615 20
-1.221 7.644 -3.591 20
3.126 4.967 -4.877 21
3.534 -0.274 -12.541 20
-1.469 -3.623 6.083 20
-3.383 -12.102 13.566 20
0.895 -36.114 18.987 20
6.064 -21.8 12.046 21
9.381 -5.766 -1.662 20
15.051 -3.284 -8.979 20
14.654 0.56 -5.24 20
10.698 3.177 -1.454 20
3.924 0.585 -4.074 20
-1.844 0.458 -6.398 21
-8.276 4.292 -3.913 20
-13.028 7.209 -6.506 20
-9.679 7.448 -6.045 20
-4.395 8.997 -2.515 20
-1.425 9.923 -3.018 21
3.193 7.236 -7.455 20
3.636 2.796 2.414 20
2.044 -0.424 5.682 20
5.759 -4.303 8.512 20
10.566 -11.619 2.221 20
11.096 -26.773 -5.216 21
-1.611 -27.457 1.818 20
-3.796 -6.735 5.997 20
2.288 5.032 4.975 20
1.244 7.843 1.815 20
-2.661 9.199 3.257 21
-5.206 9.458 1.592 20
-8.092 10.289 -2.391 20
-10.407 11.819 -1.25 20
-9.758 12.698 0.109 20
-8.44 13.084 -1.335 20
-4.243 11.728 -2.68 21
1.492 7.841 -2.5 20
1.401 4.976 0.372 20
-1.653 3.966 -6.108 20
0.607 -2.324 -3.401 20
-1.294 -6.867 10.488 21
-1.33 -28.43 10.508 20
2.566 -30.422 8.504 20
5.785 -6.412 4.72 20
7.856 1.123 6.546 20
10.408 -0.484 -1.257 20
13.523 -1.274 -12.049 21
10.181 -0.384 -5.833 20
0.492 -0.289 -4.297 20
-3.845 -0.01 -5.536 20
-8.958 3.394 -2.548 20
-10.073 6.062 -5.943 21
-5.233 7.808 -4.991 20
-1.504 10.05 -2.205 20
2.141 10.06 -5.058 20
4.846 7.17 -0.812 20
1.668 3.434 4.809 20
3.763 -2.716 4.084 21
6.357 -7.647 7.197 20
9.654 -18.487 -3.674 20
4.948 -29.96 -2.608 20
-6.103 -19.203 5.413 20
-1.429 -0.552 6.67 21
2.854 6.929 3.174 20
-1.162 9.72 0.657 20
-4.948 9.979 0.971 20
-6.706 9.639 -0.44 20
-9.19 10.93 -0.942 20
-9.862 12.148 0.676 21
-9.143 12.169 -0.201 20
-8.567 11.48 -0.8 20
-5.216 9.161 -0.168 20
-0.175 6.076 -2.926 20
0.762 4.664 -4.53 21
0.649 1.578 -15.881 20
1.457 -4.725 7.285 20
0.708 -16.468 17.677 20
3.772 -37.924 12.242 20
4.884 -15.461 5.494 20
4.844 2.24 2.191 21
10.769 1.706 0.077 20
11.969 -0.184 -2.752 20
10.656 -2.391 -5.115 20
3.448 -2.408 -6.037 20
-0.921 -0.718 -7.348 21
-4.018 1.013 -4.878 20
-10.955 4.984 -5.155 20
-9.361 7.241 -7.003 20
-2.393 8.657 -1.568 20
-0.394 10.818 -1.027 20
2.749 10.342 -5.665 21
4.177 5.628 2.942 20
2.541 0.432 3.827 20
5.926 -5.004 6.331 20
8.223 -10.558 0.631 20
8.476 -24.994 -4.978 20
-2.754 -29.653 2.219 21
-3.435 -10.033 5.566 20
5.3 4.315 4.634 20
1.918 8.682 2.019 20
-2.662 9.815 3.229 20
-5.113 9.579 0.989 21
-8.857 10.421 -1.144 20
-11.285 11.727 -1.413 20
-10.545 12.743 0.646 20
-8.651 12.805 0.144 20
-6.493 11.667 -0.844 21
-2.346 8.792 -1.51 20
1.296 5.486 0.018 20
-0.055 5.043 -3.9 20
0.495 -1.172 -11.781 20
0.372 -7.102 8.897 20
1.758 -26.703 14.294 21
2.263 -33.546 7.485 20
2.485 -7.117 5.025 20
6.417 1.116 6.823 20
11.56 -0.644 2.773 20
14.526 -2.11 -11.465 21
12.452 -1.925 -8.501 20
0.884 0.006 -4.477 20
-4.259 0.853 -5.444 20
-8.598 3.544 -1.801 20
-10.53 6.266 -2.913 20
-7.892 8.009 -5.913 21
-2.461 9.44 -4.054 20
1.764 9.545 -3.765 20
5.589 7.353 -6.476 20
3.614 4.236 2.117 20
0.635 0.805 5.456 21
4.7 -4.667 8.022 20
7.328 -11.065 2.226 20
8.089 -26.074 -8.355 20
-1.728 -30.95 0.688 20
-6.984 -11.487 8.57 20
0.903 3.511 5.831 21
5.015 6.4 0.705 20
2.109 8.698 2.075 20
-3.732 9.818 2.309 20
-6.603 9.591 0.847 20
-9.211 10.958 -0.994 21
-10.054 12.544 0.683 20
-9.495 12.909 1.307 20
-8.896 12.403 -1.197 20
-5.698 10.537 -2.205 20
-1.139 7.435 -3.439 20
1.597 4.45 -10.872 21
0.129 -2.863 -10.168 20
-2.362 -2.445 10.322 20
-1.171 -15.492 16.933 20
-0.112 -31.279 15.621 20
5.127 -16.295 6.703 21
13.44 -7.21 2.695 20
16.964 -3.396 -4.863 20
15.345 1.604 -17.5 20
10.68 0.967 -3.885 20
0.536 -0.194 -2.005 20
-7.084 1.155 -5.774 21
-14.745 4.907 -1.971 20
-14.042 6.965 -3.68 20
-10.452 12.99 -3.473 20
-6.632 17.215 -5.426 20
7.755 4.015 -4.239 21
12.261 -0.171 -3.213 20
4.723 0.056 4.819 20
3.923 -2.445 10.421 20
12.603 -10.839 14.432 20
5.868 -15.35 -3.085 20
-9.496 -16.126 -12.993 21
-8.885 -15.785 -1.406 20
-5.047 -10.949 6.51 20
-1.886 -1.925 7.791 20
1.628 3.642 4.144 20
5.611 6.656 -0.51 21
3.241 10.246 -2.638 20
-1.258 10.97 0.945 20
-4.554 9.39 1.518 20
-6.466 8.91 -0.605 20
-6.138 9.34 -0.652 21
-5.483 9.954 -0.928 20
-4.963 10.72 -2.76 20
-2.466 9.303 -4.588 20
2.331 5.141 -0.46 20
5.709 1.089 0.081 20
7.218 -7.707 -12.553 21
4.918 -11.389 3.857 20
-7.016 -15.926 11.343 20
-15.492 -11.733 7.526 20
-1.546 -5.179 7.032 20
9.654 -8.35 4.322 20
9.094 -9.339 -1.156 21
0.6 0.265 -2.285 20
-4.303 7.369 -2.474 20
-1.958 1.656 0.573 20
-2.692 0.261 -0.484 20
-5.23 2.451 -2.859 21
-3.484 5.339 1.492 20
0.576 4.781 -0.038 20
2.885 3.576 -6.452 20
2.998 2.512 -1.961 20
1.441 1.081 3.195 20
-1.488 1.764 -1.802 21
0.553 -1.719 -2.844 20
0.256 -2.735 -3.995 20
-0.585 -3.03 -2.013 20
-0.589 -4.325 2.195 20
-0.323 -5.483 3.146 21
1.101 -5.605 4.325 20
1.672 -6.116 6.827 20
-1.474 -7.796 6.099 20
-5.425 -4.212 0.483 20
-8.2 -1.352 -0.095 20
-4.748 -0.965 -0.217 21
-1.248 -0.014 0.52 20
-1.27 1.312 4.323 20
-1.076 2.953 2.812 20
2.148 1.575 -4.21 20
-0.314 2.08 -5.231 21
0.417 0.839 -6.077 20
8.013 2.016 2.451 20
19.835 3.651 2.227 20
15.249 2.557 0.03 20
3.701 3.181 0.835 20
-1.907 3.199 3.44 21
-5.357 3.013 5.724 20
-7.316 2.94 5.867 20
-6.55 2.571 4.459 20
-3.459 2.092 1.672 20
-0.638 1.54 1.319 21
0.643 0.616 2.047 20
-0.696 0.526 0.301 20
-3.203 0.913 -15.171 20
-4.364 2.48 -11.306 20
-0.597 2.111 -7.799 21
1.213 1.978 1.789 20
5.826 1.422 2.295 20
7.835 1.465 -1.92 20
3.119 3.673 -3.506 20
0.709 6.128 -5.878 20
2.887 5.329 -7.563 21
3.062 3.71 -4.646 20
4.334 2.425 1.755 20
5.504 2.452 1.732 20
4.087 1.18 -0.777 20
3.072 -0.351 -2.053 20
2.461 1.55 -1.473 21
2.362 3.506 1.985 20
0.558 4.233 2.567 20
-0.066 4.75 2.125 20
0.63 4.827 3.346 20
0.579 4.443 3.024 21
0.912 4.244 1.875 20
0.711 4.993 1.728 20
0.557 5.16 2.23 20
0.599 4.268 3.048 20
-0.305 4.152 4.841 20
-0.756 4.028 4.542 21
-0.397 3.312 2.482 20
0.165 2.444 2.003 20
-0.256 2.297 4.931 20
-2.052 2.72 5.667 20
-2.054 2.127 4.242 21
-1.378 0.642 3.902 20
-2.696 0.66 6.206 20
-4.125 1.025 7.412 20
-5.443 1.203 5.461 20
-6.801 2.29 3.893 20
-7.032 3.699 1.352 21
-5.676 4.039 -1.203 20
-3.944 3.984 0.712 20
-1.573 2.628 0.943 20
-1.348 1.772 -0.067 20
-1.923 2.281 -0.002 21
-1.849 2.091 1.383 20
-1.983 1.565 1.883 20
-1.571 0.85 1.046 20
-2.046 0.916 0.484 20
-2.566 1.008 0.175 20
-2.365 0.75 -0.385 21
-2.346 0.748 -0.459 20
-1.931 0.708 0.207 20
-1.207 0.768 0.523 20
-1.076 0.857 -0.268 20
-1.093 0.659 -0.888 21
-0.852 0.434 -0.814 20
-0.801 0.576 -0.806 20
-0.725 0.734 -1.016 20
-0.543 0.764 -1.048 20
-0.126 0.659 -1.086 21
0.319 0.507 -0.576 20
-0.113 0.745 0.323 20
-0.563 0.798 0.944 20
-0.582 0.218 0.6 20
-0.373 -0.09 0.328 20
-1.093 0.093 1.757 21
-1.22 -0.469 3.203 20
0.086 -0.496 1.664 20
0.233 0.251 -0.474 20
-0.619 0.923 -1.384 20
-1.767 1.669 -1.211 21
-2.243 2.063 -0.889 20
-1.693 1.701 -1.943 20
-0.672 1.134 -1.738 20
0.032 0.436 -0.555 20
0.598 -0.617 -0.668 20
0.736 -0.75 -1.194 21
0.482 -0.218 -1.061 20
-0.262 0.497 -0.022 20
-1.21 1.032 0.95 20
-1.691 1.373 0.488 20
-1.847 1.744 -1.34 21
-1.58 1.913 -1.62 20
-0.911 0.865 -1.227 20
-0.764 -0.281 -0.268 20
-0.992 -0.277 0.008 20
-0.722 0.069 -0.488 20
-0.736 0.444 -0.635 21
-0.703 0.512 -1.257 20
-0.831 0.562 -1.789 20
-0.987 0.495 -1.358 20
-1.494 0.59 -1.675 20
-1.201 0.559 0.71 21
-0.96 0.169 1.036 20
-0.745 0.158 -0.095 20
-0.388 0.114 -1.705 20
-0.556 0.258 -1.672 20
-0.475 0.249 0.631 21
0.294 -0.089 0.492 20
0.431 -0.029 -0.544 20
0.262 0.049 -0.558 20
0.182 0.042 -0.291 20
0.011 0.02 0.242 20
0.046 -0.037 0.377 21
0.141 -0.15 0.037 20
0.219 -0.128 -0.207 20
0.305 -0.059 -0.542 20
0.173 0.0 -0.307 20
0.035 0.069 0.351 21
-0.116 0.0 1.169 20
-0.005 -0.146 0.942 20
0.081 -0.108 0.206 20
0.075 0.008 -0.094 20
0.175 -0.012 -0.055 20
0.16 -0.01 0.043 21
0.003 0.072 0.387 20
0.13 -0.004 0.237 20
0.238 -0.083 0.032 20
0.07 -0.019 0.231 20
-0.014 0.015 0.23 21
0.004 0.017 -0.064 20
0.005 -0.139 -0.357 20
0.082 -0.204 -0.145 20
-0.046 0.031 0.33 20
0.01 0.038 0.83 20
0.127 0.009 0.941 21
0.134 -0.071 0.114 20

# Completed @Sun Jan 24 21:00:58 GMT+02:00 2021
