# Accelerometer Data File
# Started @Sun Jan 24 21:04:46 GMT+02:00 2021
#
#
# sensor Vendor: BOSCH
# sensor Name: BMI160 Accelerometer Non-wakeup
# sensor Resolution: 0.0023928226m/sec^2; Max Range: 78.4532; Min Delay: 2500 microseconds
# The sensor's attributes are the result hardware and the Android capabilities.
# It means that the Android may not utilize all features provided by the hardware.
#
# Some devices and Android versions save battery too much so the device may go to sleep.
# It just happens after couple of minutes from turning off the scree and it is easy to find it out.
#
# The following file provides the data from accelerometer in the m/s^2 format.
# The diff value is just a time delta between the samples
#
#
# data format:
# so we have 4 columns with values separated by the " "
# X Y Z time_from_previous_sample(ms)

# sensor speed set to:NORMAL
# units set to: m/sec^2
# gravity  filtered out
# Accuracy: HIGH
-3.327 5.252 8.016 0
-1.664 3.563 7.48 20
-1.25 3.118 6.674 20
-1.187 3.214 6.897 20
-0.737 2.976 5.211 20
-0.044 2.155 3.448 20
0.671 1.698 4.547 21
0.282 1.905 3.491 20
0.237 1.4 2.728 20
1.125 0.406 3.214 20
1.59 -0.011 2.479 20
1.336 0.119 2.007 20
0.601 -0.179 1.823 21
-1.37 1.414 1.589 20
-1.076 1.993 3.463 20
0.109 0.349 4.007 20
0.141 0.206 2.224 20
0.069 0.063 1.064 21
-0.168 0.248 0.69 20
0.264 0.249 0.089 20
0.705 0.351 0.412 20
0.0 0.17 0.825 20
-0.336 0.709 0.909 20
0.026 -0.032 1.633 21
0.327 -0.785 1.36 20
-0.112 -0.344 0.553 20
0.741 0.019 0.534 20
0.419 -0.014 -0.376 20
0.802 -0.416 0.258 21
1.42 -0.174 -0.446 20
0.054 1.084 -1.822 20
-0.225 1.107 0.379 20
1.793 -1.128 1.65 20
5.208 -3.223 0.286 20
5.291 -3.983 -2.309 21
0.146 -1.14 -0.886 20
0.058 -0.299 0.353 20
0.712 -0.405 -1.712 20
0.162 1.525 -3.149 20
-1.496 2.843 -3.792 20
2.287 -1.808 -0.896 21
1.789 -2.593 1.249 20
4.421 -3.144 2.967 20
5.842 -3.692 2.433 20
6.584 -5.373 -0.008 20
3.45 -2.549 2.728 21
2.922 -2.843 3.403 20
3.973 -3.1 -0.409 20
2.114 -1.544 -3.863 20
1.118 -0.243 -4.294 20
-0.03 0.167 0.08 20
-1.297 0.322 3.595 21
0.47 -1.802 -0.151 20
2.295 -2.532 -9.178 20
1.52 -0.2 -10.933 20
-0.307 1.945 -7.229 20
0.146 0.724 -6.301 21
1.619 -1.152 -3.623 20
0.036 -1.815 2.107 20
1.018 -3.645 1.797 20
6.181 -5.482 -1.107 20
6.643 -4.89 -1.367 20
4.003 -3.08 -1.166 21
2.868 -2.498 -3.324 20
3.075 -1.832 -6.063 20
3.056 0.017 -6.897 20
3.216 1.022 -6.115 20
4.054 0.853 -5.488 21
5.141 2.734 -6.739 20
6.194 5.968 -10.349 20
8.968 0.77 -11.33 20
9.925 -4.963 -7.198 20
1.779 -3.895 2.405 20
-3.318 -1.285 8.956 21
-1.632 -0.676 11.294 20
0.814 -1.891 8.772 20
1.137 -1.758 -2.114 20
1.056 -1.66 -5.663 20
0.733 -0.676 -0.174 20
-1.015 -0.251 4.076 21
-1.448 -0.208 0.769 20
0.8 -0.451 -0.447 20
-3.405 0.557 0.873 20
-13.472 7.008 -0.111 20
-13.998 9.703 -8.736 21
-10.832 8.01 -9.354 20
-3.225 2.964 -0.196 20
4.644 -2.37 0.782 20
6.659 -5.306 1.24 20
-0.739 0.635 6.642 20
1.456 1.018 6.989 21
1.178 2.106 4.013 20
-9.662 9.365 -9.859 20
1.949 3.017 4.941 20
0.18 1.467 8.084 20
1.169 0.154 3.093 20
-0.21 -0.839 1.925 21
-2.145 -1.337 3.757 20
-0.591 -4.358 6.548 20
-2.541 -2.436 1.793 20
-3.63 -1.554 -1.701 20
-3.084 -0.366 -0.16 21
-0.68 -2.684 -4.303 20
9.6 -5.57 -4.196 20
6.633 -4.178 -2.799 20
7.78 -4.864 -0.314 20
3.688 0.768 -1.449 21
-0.564 3.966 -2.086 20
-6.238 2.866 1.334 20
-6.85 -0.869 4.55 20
-5.067 -2.375 -1.986 20
-4.386 0.334 -3.507 20
-1.731 -0.136 3.166 21
-1.012 1.767 -1.772 20
-0.476 1.015 -4.1 20
3.866 -3.753 -1.293 20
1.549 -4.719 -3.166 20
2.567 -10.061 -4.723 21
3.798 -13.641 1.19 20
-1.475 -11.414 -0.532 20
-4.49 -3.406 -3.103 20
-0.195 -2.693 7.857 20
0.628 -2.264 8.011 20
-1.256 -1.789 0.913 21
-0.408 -1.654 -2.157 20
0.158 -0.718 2.852 20
-2.942 -0.177 -1.231 20
-5.392 0.392 -7.211 20
1.448 -15.001 -2.027 20
-8.971 -5.987 3.448 21
-6.828 0.298 5.259 20
-0.057 11.787 1.359 20
-7.983 8.942 6.447 20
-5.322 -1.593 -0.057 20
-0.206 -2.087 -12.372 20
0.696 -2.214 -14.662 21
0.837 1.365 -4.274 20
0.935 2.807 8.271 20
-5.537 -6.161 4.057 20
-8.778 2.2 -6.14 20
-5.807 2.435 1.346 21
-1.837 -0.477 -3.975 20
-0.536 -3.363 -7.141 20
2.03 -0.438 -4.532 20
-0.073 -1.633 -1.289 20
-0.773 -1.675 -3.305 20
0.724 -1.712 -4.201 21
-1.238 -2.558 -5.295 20
-1.828 -0.733 -4.291 20
-0.082 3.028 -0.716 20
-3.89 5.998 8.597 20
-7.362 5.198 10.639 21
-6.639 3.85 -2.404 20
-6.792 3.098 -7.472 20
-6.32 0.212 0.648 20
-4.357 -4.709 9.092 20
2.793 -10.533 13.64 20
7.25 -12.401 8.173 21
9.679 -12.383 -1.472 20
14.752 -13.799 -2.868 20
13.575 -9.213 1.169 20
11.738 0.355 -5.708 20
7.38 7.486 -8.281 20
2.815 7.179 -1.537 21
-1.48 4.046 0.039 20
-5.26 5.315 -0.714 20
-6.883 8.752 -1.322 20
-6.911 10.307 -3.837 20
-3.279 10.132 -5.294 21
1.093 7.538 1.913 20
2.316 5.502 1.351 20
-0.116 2.679 0.019 20
1.218 -2.268 1.742 20
5.93 -7.086 5.239 20
7.7 -12.306 0.951 21
6.027 -27.75 -8.75 20
1.711 -27.874 -2.843 20
1.973 -8.691 4.669 20
1.828 3.765 5.466 20
1.513 8.433 0.081 21
1.246 10.554 2.919 20
-0.482 9.995 1.698 20
-3.7 8.933 1.638 20
-6.077 8.591 2.52 20
-6.933 8.601 1.983 20
-6.395 8.901 1.261 21
-5.962 10.576 4.328 20
-6.487 12.147 5.736 20
-2.96 9.822 -0.934 20
2.126 5.176 -3.33 20
4.543 -1.476 -12.309 20
-2.816 -7.451 -5.171 21
-9.651 -0.557 13.606 20
-9.173 -10.177 13.373 20
2.547 -24.296 16.613 20
12.373 -18.038 14.154 20
12.882 -9.732 -8.005 21
14.459 -7.84 -12.226 20
20.837 -7.185 -0.797 20
14.299 -0.13 -3.733 20
1.576 2.542 -7.842 20
-5.126 4.26 -1.392 20
-9.393 7.495 -1.389 21
-8.699 7.785 -7.668 20
-6.184 7.802 -6.979 20
-4.039 8.817 -4.573 20
-2.379 8.509 -0.86 20
-0.226 6.686 -1.594 20
-0.889 3.592 1.165 21
-0.96 0.18 4.64 20
4.221 -4.112 3.939 20
5.698 -8.64 -1.533 20
6.817 -25.951 -8.094 20
2.858 -32.643 -0.387 21
2.089 -10.338 6.804 20
3.253 5.717 5.5 20
-0.158 11.2 1.417 20
-3.268 12.871 3.53 20
-4.815 11.0 3.528 21
-8.305 10.292 1.576 20
-9.587 10.492 2.334 20
-8.499 11.219 3.897 20
-8.199 11.768 1.084 20
-7.935 10.966 -2.191 20
-5.449 8.6 -4.44 21
0.22 4.48 -4.546 20
2.653 -2.487 -10.384 20
-3.327 -4.079 -0.317 20
-7.135 -0.62 8.262 20
-4.964 -19.399 16.694 20
4.879 -32.6 26.259 21
15.947 -22.077 14.994 20
22.504 -10.131 -34.797 20
21.323 0.376 -17.477 20
8.398 4.952 11.78 20
-0.621 1.624 -9.462 20
-7.065 6.373 -2.788 21
-9.543 10.028 -3.615 20
-6.098 8.876 -5.282 20
-4.329 9.528 -4.726 20
-1.498 9.392 -4.855 20
1.695 6.198 -6.307 21
-0.673 2.754 -1.378 20
-2.966 0.35 4.324 20
1.803 -3.536 6.901 20
4.576 -6.908 7.588 20
8.87 -20.925 -4.035 20
8.904 -30.679 -5.303 21
0.819 -11.604 5.776 20
1.53 2.955 6.261 20
2.766 6.15 3.666 20
-2.783 9.448 4.035 20
-7.129 10.027 3.079 21
-8.406 10.083 0.969 20
-9.814 12.041 1.612 20
-10.799 13.196 2.121 20
-11.483 13.081 -0.783 20
-7.601 11.956 -4.221 20
-1.123 8.684 -5.584 21
2.753 4.767 -2.007 20
2.697 2.555 -7.261 20
0.912 -1.852 -6.382 20
-3.766 -0.621 13.157 20
-3.208 -16.355 13.602 20
1.725 -35.225 16.998 21
10.965 -21.41 12.467 20
12.887 -5.848 -3.973 20
16.296 -3.161 -23.314 20
14.936 -1.78 -3.627 20
1.572 1.64 -1.762 21
-3.804 3.343 -5.651 20
-7.347 6.374 -3.486 20
-8.346 7.78 -7.68 20
-6.388 8.393 -5.759 20
-3.772 10.076 -2.456 20
1.116 9.519 -2.316 21
4.635 6.827 -5.493 20
-0.085 3.872 2.386 20
-2.647 0.951 6.345 20
2.789 -3.849 4.854 20
5.36 -9.667 3.082 21
8.244 -28.946 -6.494 20
3.924 -32.16 -0.696 20
-1.602 -5.819 4.728 20
3.367 5.343 6.038 20
2.87 8.834 3.83 20
-2.241 11.555 4.348 21
-6.537 11.879 1.404 20
-8.79 11.45 -0.82 20
-9.845 12.711 1.654 20
-9.876 13.197 2.635 20
-9.362 12.481 -1.971 21
-5.679 10.885 -4.213 20
1.056 6.405 -2.338 20
3.518 3.344 -0.065 20
2.771 1.144 -13.276 20
-0.09 -4.223 -5.492 20
-5.604 -4.495 14.585 21
-4.748 -23.729 15.306 20
1.631 -29.6 14.606 20
7.235 -10.288 5.774 20
10.232 -3.162 -0.641 20
15.496 -4.419 -10.617 20
16.76 -2.548 -8.464 21
6.098 0.545 -2.032 20
-2.454 2.08 -6.235 20
-6.453 4.467 -2.572 20
-9.43 7.205 -2.554 20
-8.189 7.709 -7.507 21
-4.637 8.693 -5.215 20
-0.212 9.645 -1.968 20
3.434 7.654 -2.263 20
2.772 5.242 -4.205 20
-0.902 1.893 4.079 20
2.156 -3.006 5.003 21
5.034 -6.65 5.305 20
6.206 -15.545 -4.678 20
4.815 -31.632 -3.173 20
-2.338 -22.943 4.536 20
1.021 -1.261 6.943 21
5.839 6.861 3.819 20
1.596 11.03 2.273 20
-4.384 12.169 3.285 20
-6.543 10.674 0.865 20
-9.056 10.889 0.063 20
-10.476 12.413 2.905 21
-11.35 13.192 1.851 20
-10.463 12.845 -1.88 20
-4.695 10.457 -3.66 20
1.332 5.989 -2.58 20
3.068 3.679 -7.837 20
2.802 -3.538 -12.152 21
-3.602 -2.434 9.867 20
-3.878 -15.113 14.85 20
1.329 -34.38 18.563 20
9.876 -21.629 11.306 20
11.771 -5.862 -0.099 21
12.825 -0.819 -15.642 20
14.82 0.335 -11.857 20
7.402 0.692 -2.483 20
-1.115 0.455 -4.975 20
-7.907 2.932 -3.108 21
-12.364 6.666 -7.148 20
-7.704 6.939 -7.645 20
-2.682 8.774 -1.585 20
-0.407 10.693 0.0 20
3.165 9.677 -3.792 20
4.543 5.566 0.344 21
1.486 1.032 4.374 20
3.864 -4.018 6.56 20
6.162 -9.071 5.227 20
8.495 -25.428 -5.32 20
-0.111 -31.723 -1.0 20
-4.209 -8.765 3.944 21
2.121 4.449 5.69 20
2.277 8.059 3.327 20
-1.664 11.185 3.365 20
-4.755 11.52 1.429 20
-7.218 10.818 -0.302 21
-9.478 11.604 -0.953 20
-9.289 12.174 0.724 20
-8.19 11.405 -0.104 20
-5.161 10.09 -1.918 20
-0.417 7.08 -1.631 20
2.48 4.16 -1.446 21
2.696 2.091 -12.672 20
-1.71 -2.785 -1.5 20
-5.937 -2.392 10.347 20
-4.86 -21.608 14.756 20
4.846 -33.217 18.715 21
10.242 -13.631 7.828 20
11.042 -2.085 -9.835 20
15.284 -0.769 -15.164 20
14.06 -0.373 -0.587 20
2.995 0.405 -5.562 20
-3.521 1.74 -5.938 21
-8.056 4.774 -2.591 20
-9.008 6.323 -5.236 20
-5.776 7.086 -5.387 20
-2.163 9.122 -4.973 20
2.562 8.981 -4.446 21
5.051 7.262 -3.583 20
0.956 4.414 2.619 20
-1.704 -0.142 4.919 20
3.109 -5.421 5.561 20
4.35 -9.57 3.116 20
8.305 -27.04 -5.573 21
3.318 -29.299 -2.103 20
-1.819 -5.622 6.357 20
2.851 3.983 5.898 20
3.391 6.702 4.071 20
-1.966 10.592 4.544 20
-6.144 11.404 1.713 21
-8.606 11.262 0.016 20
-10.393 12.466 1.674 20
-9.78 12.936 3.615 20
-8.571 12.642 0.725 20
-7.74 12.18 -3.631 21
-4.202 8.429 -8.004 20
1.049 3.149 -6.014 20
0.724 -1.085 -7.286 20
-2.674 -3.807 -3.304 20
-5.397 -2.635 10.343 20
-3.29 -22.145 18.913 21
3.357 -29.469 19.184 20
14.489 -17.266 4.442 20
17.143 -5.562 -8.572 20
14.413 0.963 -11.686 20
13.396 0.964 -5.233 21
5.925 0.111 -4.688 20
-0.638 1.074 -6.406 20
-8.541 5.02 -2.385 20
-13.348 8.237 -6.298 20
-7.182 7.628 -3.696 20
-2.833 9.36 0.554 21
-1.911 10.927 -1.527 20
1.461 9.039 -5.016 20
3.326 5.278 -1.759 20
0.626 1.249 3.036 20
2.793 -4.323 2.228 21
5.53 -8.202 6.375 20
6.779 -20.012 -3.308 20
4.2 -31.992 -1.666 20
0.759 -14.708 0.276 20
4.154 3.397 5.472 20
4.733 7.708 2.288 21
0.036 9.953 2.152 20
-5.204 9.971 4.213 20
-8.497 8.888 1.843 20
-10.26 9.732 0.087 20
-10.396 11.148 4.071 21
-11.413 12.439 3.041 20
-10.166 12.159 -2.447 20
-4.189 9.186 -4.102 20
1.246 5.102 -4.916 20
5.522 -0.827 -21.866 21
-1.599 -5.058 -0.401 20
-6.294 -1.426 16.306 20
-4.19 -21.39 17.611 20
4.63 -30.524 19.791 20
12.991 -14.566 9.576 20
15.579 -5.784 -12.705 21
17.475 -1.842 -19.603 20
11.786 1.659 3.873 20
4.25 1.055 -2.999 20
-1.866 2.006 -8.024 20
-9.682 7.01 -2.45 20
-13.556 8.659 -8.406 21
-8.029 7.071 -4.547 20
-2.358 8.259 -1.132 20
0.206 9.356 -2.623 20
3.453 7.26 -6.912 20
2.246 2.91 1.436 21
-0.257 -1.047 5.201 20
3.61 -5.241 7.566 20
6.146 -10.473 1.609 20
8.041 -27.335 -6.802 20
1.116 -28.163 1.984 20
-2.401 -4.991 6.507 21
4.265 4.286 4.977 20
4.675 7.404 3.058 20
-0.948 10.648 3.559 20
-5.64 10.4 2.59 20
-8.551 10.106 -0.115 20
-10.775 11.952 0.293 21
-10.689 12.9 2.691 20
-10.219 12.537 0.311 20
-7.634 11.315 -2.442 20
-1.334 7.586 -3.739 20
3.132 3.82 -2.701 21
3.683 -0.106 -15.045 20
-1.24 -3.4 -2.257 20
-4.906 -1.689 12.982 20
-2.768 -20.678 14.961 20
4.415 -31.698 17.951 20
11.957 -15.354 9.802 21
11.695 -2.972 -6.07 20
14.356 -0.184 -18.045 20
14.281 -0.101 -5.579 20
4.246 0.596 -1.555 20
-2.061 0.767 -6.017 21
-7.346 3.812 -3.742 20
-12.029 7.781 -6.276 20
-8.907 8.764 -3.616 20
-4.537 10.473 -0.96 20
-0.017 10.739 -4.855 20
5.005 7.338 -7.584 21
1.965 2.566 2.181 20
-0.018 -2.253 3.716 20
3.008 -6.273 7.956 20
5.77 -14.215 2.186 20
7.858 -32.775 -4.62 21
0.742 -23.416 0.168 20
-0.03 0.338 7.708 20
4.696 6.608 6.109 20
1.273 9.075 2.141 20
-4.174 10.339 3.389 20
-6.555 9.732 0.534 21
-8.603 10.293 -1.293 20
-9.491 12.09 1.612 20
-9.445 13.02 2.117 20
-8.71 12.233 -2.198 20
-4.801 10.62 -3.647 20
1.581 5.664 -2.237 21
3.046 2.709 1.36 20
0.997 0.754 -9.481 20
-1.033 -2.339 -3.419 20
-3.635 -4.681 10.019 20
-2.209 -26.609 13.7 21
4.785 -28.991 13.233 20
10.218 -9.116 7.613 20
10.595 -1.092 -3.975 20
13.485 -0.952 -11.686 20
14.961 -1.144 -6.697 20
4.434 0.192 -1.972 21
-2.858 1.081 -4.577 20
-7.007 3.76 -1.877 20
-10.646 7.043 -4.167 20
-9.655 8.6 -7.781 20
-5.154 10.001 -5.891 21
-0.361 9.777 -2.751 20
2.456 7.116 -2.017 20
0.699 3.532 -0.125 20
-0.129 -0.638 3.263 20
4.05 -5.22 5.614 20
5.398 -9.256 1.937 21
8.008 -26.222 -6.493 20
2.132 -30.053 1.677 20
-2.588 -6.685 6.755 20
4.127 5.032 6.776 20
5.152 7.351 1.957 21
-0.731 9.634 2.722 20
-5.092 9.169 1.624 20
-7.476 8.892 -0.219 20
-10.038 11.135 -0.387 20
-9.67 12.439 2.618 20
-8.666 12.525 1.711 21
-6.795 12.107 -1.818 20
-1.648 9.445 -2.695 20
5.119 4.59 -4.128 20
7.774 -2.642 -18.695 20
-4.338 -4.333 2.939 21
-10.178 0.56 13.791 20
-5.195 -20.339 16.271 20
7.493 -32.873 16.988 20
11.302 -15.701 7.89 20
9.505 -4.093 -6.386 20
14.225 -1.469 -22.712 21
12.093 0.401 -2.014 20
1.96 1.211 -0.843 20
-4.802 1.553 -7.295 20
-9.198 4.862 -4.895 20
-9.445 6.124 -6.395 21
-5.661 6.969 -3.306 20
-2.299 9.476 -2.2 20
0.358 10.311 -4.983 20
3.103 7.788 -6.028 20
0.79 2.773 3.06 20
-0.446 -1.973 4.543 21
3.599 -5.686 6.822 20
5.982 -11.079 2.77 20
8.852 -29.583 -5.748 20
2.424 -25.767 -0.04 20
1.168 -2.027 6.58 21
5.221 5.61 5.238 20
2.631 8.785 4.158 20
-3.156 11.041 4.277 20
-6.616 10.099 2.597 20
-9.216 10.395 0.272 20
-10.427 12.174 2.456 21
-10.749 13.067 3.026 20
-9.978 12.909 -1.842 20
-5.548 11.493 -5.502 20
0.038 7.015 -4.357 20
4.23 3.42 -11.913 20
-0.547 -3.705 -11.302 21
-6.941 -1.082 8.011 20
-6.792 -6.911 14.615 20
-0.762 -31.436 21.939 20
10.61 -29.374 18.842 20
16.453 -12.147 -4.499 21
18.28 -0.903 -25.115 20
15.43 3.257 -1.137 20
7.866 2.562 1.865 20
1.066 -0.416 -8.443 20
-5.1 1.809 -5.417 20
-12.155 5.536 -5.431 21
-13.177 6.97 -6.852 20
-6.284 7.899 -3.299 20
-2.027 10.343 -1.527 20
1.641 10.742 -5.77 20
4.922 7.102 -2.041 20
1.912 1.929 5.969 21
2.646 -3.066 3.686 20
4.414 -6.989 6.68 20
8.252 -20.703 -3.354 20
6.556 -31.258 -3.614 20
-0.746 -9.498 4.299 21
3.312 4.688 6.37 20
4.473 6.908 3.376 20
-0.999 9.608 3.537 20
-4.536 9.426 3.388 20
-6.281 8.405 1.171 20
-9.195 9.505 -0.84 21
-9.876 10.698 1.724 20
-9.392 11.206 1.181 20
-9.203 11.842 -0.26 20
-5.159 9.474 -0.469 20
0.412 4.698 -3.007 21
4.708 1.279 -14.197 20
-0.324 -6.06 -10.867 20
-7.391 -1.724 9.421 20
-8.161 -14.06 16.721 20
2.11 -29.634 23.908 20
12.968 -18.754 8.862 21
14.407 -7.013 -5.289 20
17.377 -1.922 -17.555 20
15.206 1.509 -4.276 20
6.474 1.576 -0.949 20
-1.095 0.185 -7.272 21
-8.066 3.174 -4.283 20
-12.94 6.373 -3.266 20
-10.236 7.148 -4.675 20
-4.359 9.022 -4.337 20
-0.411 10.149 -4.121 20
3.393 7.709 -4.763 21
2.765 3.762 -0.423 20
-0.053 0.042 3.837 20
3.554 -4.159 6.582 20
5.816 -8.846 3.55 20
8.419 -24.866 -5.784 21
2.616 -28.114 0.524 20
-3.552 -6.139 7.826 20
1.979 4.148 5.614 20
4.504 5.727 2.538 20
-0.475 9.438 3.326 20
-5.632 10.812 1.792 21
-7.544 10.289 0.554 20
-9.273 12.046 1.07 20
-9.984 13.543 2.033 20
-10.081 12.736 -0.647 20
-7.191 11.109 -3.005 21
0.073 6.921 -2.616 20
4.173 3.017 -2.488 20
3.721 -0.356 -13.672 20
-1.023 -3.591 0.647 20
-4.329 -4.752 9.266 20
-4.256 -22.8 11.237 21
2.098 -26.66 11.985 20
5.956 -7.439 9.493 20
8.286 -2.594 5.408 20
14.285 -4.769 -8.891 20
17.455 -2.115 -12.365 21
10.068 1.216 -2.677 20
0.614 1.413 -5.99 20
-5.315 2.244 -6.368 20
-11.601 5.307 -2.148 20
-11.835 7.187 -5.29 21
-5.551 8.26 -3.194 20
-1.551 10.381 -2.736 20
3.83 9.213 -5.528 20
5.9 5.252 -0.901 20
1.852 1.355 2.791 20
3.163 -3.751 5.55 21
3.914 -7.632 5.885 20
6.786 -20.552 -3.206 20
4.661 -32.465 -3.348 20
-3.665 -12.9 4.781 20
1.97 3.681 8.32 20
5.845 6.389 3.355 21
-0.973 10.256 2.51 20
-7.048 10.759 2.792 20
-8.413 9.336 -0.147 20
-10.12 10.53 0.281 20
-10.949 12.097 1.827 21
-11.122 12.2 0.471 20
-8.869 11.818 -3.641 20
-1.825 8.386 -6.405 20
4.449 3.897 -7.345 20
4.97 -1.651 -9.517 20
-2.77 -3.064 5.141 21
-6.945 -2.852 10.67 20
-3.71 -22.833 15.232 20
6.792 -28.261 17.506 20
12.762 -12.784 7.418 20
12.264 -3.641 -8.419 20
14.601 -0.653 -21.073 21
11.602 -0.262 -3.958 20
2.887 0.119 -1.307 20
-4.409 1.746 -5.781 20
-10.704 5.706 -4.414 20
-10.739 7.199 -7.002 20
-5.526 8.238 -4.087 21
-1.343 9.99 -1.693 20
2.406 9.58 -4.268 20
4.265 6.597 -3.0 20
1.551 1.55 4.588 20
3.145 -4.091 6.018 21
5.087 -7.5 5.524 20
7.414 -18.495 -4.447 20
3.501 -32.028 -3.319 20
-3.338 -15.709 5.185 20
3.39 2.719 7.676 21
6.3 6.884 3.882 20
0.099 10.298 2.898 20
-4.692 10.437 2.74 20
-7.614 10.02 0.25 20
-10.296 11.592 -0.382 20
-10.098 12.727 1.647 21
-8.636 12.319 0.935 20
-7.069 11.617 -1.303 20
-4.01 9.882 -2.035 20
0.292 5.953 -2.122 20
3.275 3.974 -11.103 20
-0.85 -2.893 -10.445 21
-5.511 -2.437 7.8 20
-5.856 -14.006 14.553 20
2.184 -34.574 24.561 20
10.212 -19.464 11.532 20
12.127 -4.612 -6.441 21
18.615 -1.57 -18.853 20
13.414 3.096 -0.555 20
6.055 1.769 -2.304 20
-0.319 -0.432 -7.72 20
-5.64 1.454 -4.99 20
-10.578 3.947 -5.271 21
-11.368 5.704 -5.04 20
-6.686 8.012 -3.207 20
-2.305 10.156 -4.279 20
1.902 8.914 -5.79 20
2.874 5.196 -0.994 21
-0.347 1.477 5.773 20
2.888 -3.329 4.299 20
6.819 -7.0 7.254 20
9.914 -19.336 -3.142 20
6.995 -32.514 -3.423 20
-1.465 -14.423 5.538 21
1.07 2.774 5.115 20
2.502 5.983 4.119 20
-2.154 9.619 3.761 20
-5.683 10.912 2.412 20
-7.088 10.487 0.032 21
-8.8 11.482 -0.58 20
-8.765 12.86 1.745 20
-8.55 13.204 0.497 20
-7.743 12.16 -2.818 20
-4.603 9.68 -2.038 20
0.694 5.398 -0.584 21
4.324 1.694 -11.219 20
0.276 -5.339 -6.287 20
-5.513 -1.97 8.843 20
-4.162 -16.796 15.033 20
3.773 -31.514 15.185 21
11.946 -14.815 10.519 20
13.602 -4.446 -0.003 20
16.458 -0.983 -18.716 20
11.952 1.908 -4.103 20
3.508 0.922 -1.401 20
-1.425 -0.692 -5.54 21
-7.487 2.265 -3.27 20
-12.094 5.359 -6.16 20
-8.519 5.849 -6.943 20
-3.923 8.168 -3.189 20
-0.87 10.588 -3.418 21
3.036 9.203 -3.691 20
3.058 4.842 1.259 20
3.022 -1.199 3.457 20
4.725 -6.648 8.447 20
5.087 -11.865 -0.805 20
5.794 -28.809 -7.224 21
-1.876 -28.962 3.104 20
-5.114 -5.112 11.249 20
2.768 5.691 5.73 20
6.169 6.613 1.428 20
0.065 10.592 3.855 21
-6.093 11.559 1.863 20
-8.164 10.78 0.008 20
-9.553 11.959 0.943 20
-9.484 12.794 1.838 20
-8.649 12.254 -1.055 20
-6.847 11.973 -4.351 21
-2.299 9.508 -4.302 20
2.831 5.537 -3.693 20
4.87 -0.977 -9.873 20
-1.481 -3.839 2.011 20
-7.58 -2.25 11.13 21
-4.862 -23.697 15.338 20
7.789 -30.541 18.222 20
15.095 -14.737 7.038 20
16.028 -5.754 -19.445 20
15.602 -0.244 -10.947 20
6.365 2.858 0.401 21
-0.642 0.298 -5.431 20
-5.741 1.766 -4.384 20
-10.915 5.721 -6.468 20
-10.573 6.375 -8.505 20
-6.129 7.756 -4.408 21
-1.784 9.679 -1.845 20
2.337 9.017 -5.876 20
4.882 4.953 -4.081 20
1.004 0.355 4.558 20
0.91 -4.026 4.231 20
3.396 -6.907 6.669 21
5.445 -16.015 0.382 20
6.895 -32.124 -4.14 20
-0.186 -18.137 4.345 20
2.908 2.178 8.289 20
7.543 5.981 3.965 21
0.847 9.389 4.664 20
-4.909 10.897 4.008 20
-6.917 11.058 0.285 20
-9.258 11.957 -0.939 20
-9.419 13.012 0.816 20
-8.593 13.252 0.495 21
-7.318 12.41 -3.247 20
-4.626 10.173 -4.464 20
-0.462 6.592 -2.739 20
3.496 3.704 -11.194 20
-1.009 -3.78 -3.822 21
-6.432 -1.747 6.381 20
-8.065 -11.026 12.718 20
-2.675 -29.846 22.249 20
7.384 -21.323 14.561 20
15.782 -12.442 -3.991 20
21.077 -6.912 -20.065 21
15.6 2.749 -3.318 20
7.462 3.785 1.111 20
-0.342 0.677 -8.278 20
-6.142 3.313 -4.932 20
-10.137 5.948 -2.333 20
-9.035 6.386 -4.671 21
-5.4 8.123 -4.219 20
-2.197 10.586 -4.834 20
2.741 9.378 -5.597 20
4.938 6.039 -4.373 20
1.134 1.552 2.227 21
0.814 -3.6 2.901 20
2.164 -5.933 6.955 20
3.092 -11.658 1.918 20
5.894 -27.05 -2.848 20
2.495 -21.156 2.265 20
3.378 -1.194 5.492 21
6.069 4.593 2.181 20
1.439 7.307 3.83 20
-3.992 9.752 3.382 20
-5.939 9.671 2.516 20
-7.74 9.98 0.956 21
-9.055 10.627 -1.008 20
-7.82 10.933 0.771 20
-6.49 10.879 0.138 20
-6.287 10.613 -1.621 20
-3.503 7.557 -2.052 20
1.603 4.229 -2.64 21
1.02 2.455 -9.424 20
-6.974 -2.365 -3.771 20
-8.745 -2.156 8.694 20
-3.951 -22.558 20.559 20
8.721 -32.86 25.241 21
15.44 -17.686 0.899 20
17.529 -4.562 -26.942 20
17.212 -0.79 -3.192 20
10.461 1.401 3.658 20
2.326 0.042 -8.219 20
-4.82 3.287 -2.76 21
-11.267 7.287 -3.803 20
-8.933 6.718 -9.632 20
-5.064 7.04 -7.382 20
-2.943 9.244 -4.953 20
-1.017 9.105 -1.112 21
1.514 7.047 -2.283 20
1.824 2.772 1.904 20
2.232 -1.643 4.978 20
4.891 -5.368 7.332 20
6.452 -11.702 -1.101 20
6.753 -29.041 -4.49 21
0.587 -25.509 3.316 20
-0.083 -2.326 5.188 20
3.563 6.432 5.342 20
2.448 8.835 3.458 20
-2.795 10.642 3.224 21
-6.418 9.772 2.66 20
-9.825 10.129 0.665 20
-11.21 11.307 1.338 20
-10.362 11.812 0.717 20
-8.949 11.817 -2.107 20
-5.935 10.939 -3.996 21
-0.385 7.523 -4.165 20
4.9 3.856 -7.91 20
2.737 -1.968 -10.687 20
-5.89 -2.073 4.026 20
-8.39 -4.203 11.188 21
-3.877 -27.741 20.323 20
7.386 -28.011 22.495 20
13.113 -12.221 3.942 20
19.231 -6.066 -19.841 20
20.266 -0.054 -12.978 21
10.913 2.192 3.857 20
0.424 -0.078 -8.041 20
-9.349 3.762 -6.269 20
-14.854 7.915 -4.863 20
-8.539 6.462 -6.817 20
-3.481 7.48 -4.73 21
-0.505 9.877 -2.953 20
3.042 9.159 -4.188 20
5.305 5.798 -2.499 20
0.814 2.705 5.257 20
1.207 -1.521 5.0 20
4.413 -5.579 6.648 21
5.994 -12.77 -1.2 20
6.597 -29.967 -4.368 20
1.8 -25.856 4.757 20
4.134 -3.729 6.417 20
2.86 5.34 0.817 21
-1.823 8.939 3.156 20
-5.517 11.266 3.483 20
-6.528 11.155 3.137 20
-8.243 11.639 0.484 20
-9.641 12.549 0.664 20
-9.869 12.736 1.242 21
-9.747 12.713 0.355 20
-7.681 11.547 -1.668 20
-2.536 7.674 -6.716 20
2.628 3.651 -6.769 20
3.033 -4.151 -16.598 21
-4.884 -3.833 3.27 20
-8.694 -3.883 14.111 20
-3.744 -29.213 24.195 20
6.81 -29.394 24.184 20
13.64 -13.167 0.338 20
18.627 -3.699 -22.822 21
19.671 2.586 -11.478 20
10.824 4.544 3.768 20
1.547 0.116 -8.256 20
-5.719 2.965 -6.568 20
-12.786 7.101 -2.632 21
-12.71 7.273 -7.327 20
-5.374 7.298 -4.12 20
-0.062 9.259 -3.065 20
2.214 8.788 -4.138 20
3.409 5.604 -3.619 21
-0.105 2.2 6.088 20
1.216 -2.141 5.527 20
6.036 -6.901 7.102 20
8.547 -17.844 -3.456 20
7.447 -33.753 -4.524 20
-2.632 -19.286 6.129 21
-0.771 1.377 7.711 20
4.744 6.127 2.781 20
1.631 9.108 3.622 20
-5.208 11.433 3.052 20
-7.391 10.893 0.746 21
-8.987 12.053 0.197 20
-10.054 14.226 2.387 20
-10.193 14.135 1.053 20
-8.441 12.431 -1.955 20
-3.22 8.732 -2.059 20
1.484 4.78 -2.196 21
2.698 2.545 -7.933 20
1.022 -4.008 -14.468 20
-5.517 -0.966 6.64 20
-6.204 -11.024 14.507 20
-1.55 -30.912 20.695 21
10.063 -24.119 14.495 20
16.031 -10.992 0.306 20
15.812 -1.454 -18.472 20
15.819 2.424 -14.37 20
6.664 1.695 -1.515 20
-1.78 -0.112 -4.949 21
-9.032 2.879 -3.731 20
-12.244 6.552 -5.462 20
-7.449 7.587 -5.572 20
-2.832 9.734 -2.071 20
0.216 11.15 -3.442 21
5.002 8.135 -5.638 20
3.568 2.982 2.6 20
0.603 -1.205 3.187 20
3.462 -5.178 7.258 20
4.693 -10.279 2.397 20
6.856 -26.822 -4.083 21
1.495 -26.317 2.372 20
0.8 -4.237 8.141 20
6.284 4.208 2.25 20
1.016 7.703 3.943 20
-4.888 10.781 3.241 21
-6.223 10.74 0.523 20
-8.35 10.972 -0.925 20
-9.789 12.104 0.87 20
-8.894 12.368 2.38 20
-7.714 12.181 0.081 21
-5.979 11.179 -3.807 20
-1.377 7.487 -3.34 20
1.937 4.707 -0.867 20
2.462 0.011 -11.817 20
-2.315 -4.433 -5.182 20
-7.799 -2.64 10.575 21
-5.146 -24.129 19.993 20
3.785 -28.995 23.192 20
10.171 -14.468 4.412 20
16.081 -7.008 -15.304 20
19.022 -0.784 -17.07 21
12.006 4.024 -0.112 20
3.551 0.708 -2.845 20
-3.765 0.588 -7.159 20
-10.044 4.593 -3.703 20
-11.926 6.667 -5.15 21
-8.026 8.359 -4.545 20
-3.187 10.056 -2.296 20
0.852 9.477 -4.781 20
4.095 5.619 -6.295 20
0.963 1.677 3.136 20
0.336 -1.593 4.427 21
4.021 -4.667 6.556 20
6.271 -10.761 1.647 20
9.221 -28.76 -5.272 20
2.695 -26.13 2.065 20
1.201 -3.708 5.907 20
5.08 4.988 4.443 21
1.424 8.784 4.105 20
-3.318 10.384 3.416 20
-5.918 10.331 1.854 20
-8.213 11.135 0.026 20
-8.963 12.33 -0.163 21
-8.127 12.811 1.577 20
-7.595 12.483 0.283 20
-6.085 11.118 -2.077 20
-1.236 7.195 -0.901 20
0.713 5.128 -0.66 20
0.034 3.981 -11.598 21
-2.636 -3.774 -12.15 20
-8.113 -2.219 11.011 20
-5.26 -19.057 20.345 20
3.048 -30.857 20.363 20
12.414 -19.001 4.035 20
16.972 -8.473 -6.966 21
16.793 -1.85 -7.542 20
15.23 2.105 -6.35 20
5.059 2.697 -3.473 20
-2.545 0.95 -7.336 20
-8.625 3.52 -3.396 21
-12.979 6.382 -4.236 20
-9.935 6.854 -4.854 20
-4.045 8.232 -4.855 20
-0.269 9.039 -3.857 20
2.758 7.553 -5.232 20
3.26 4.273 -0.337 21
0.11 1.452 5.631 20
2.678 -2.307 3.716 20
5.031 -5.414 4.821 20
7.04 -15.749 -3.081 20
7.276 -31.217 -1.785 21
-1.035 -18.154 3.838 20
0.77 0.953 5.369 20
3.753 5.788 2.448 20
1.43 7.917 3.572 20
-3.957 10.256 2.576 21
-7.272 11.037 1.816 20
-8.741 11.046 -1.038 20
-9.025 11.614 0.449 20
-8.331 11.526 1.064 20
-7.522 11.344 -0.165 20
-5.174 10.05 -1.194 21
-0.681 6.578 -0.712 20
3.428 4.122 -9.838 20
0.365 -2.451 -10.48 20
-6.497 -1.261 5.728 20
-7.363 -8.713 13.089 21
-0.654 -28.873 20.945 20
10.77 -24.31 16.597 20
14.475 -10.89 -0.996 20
16.891 -4.263 -21.276 20
15.564 0.449 -9.102 20
6.328 1.085 2.369 21
-1.628 0.056 -7.29 20
-9.565 4.66 -3.036 20
-12.504 7.57 -4.714 20
-7.888 6.724 -6.317 20
-3.952 8.1 -3.65 21
-0.728 9.002 -2.694 20
1.744 7.187 -4.225 20
2.335 3.457 -2.36 20
1.814 -1.407 3.246 20
3.405 -5.037 7.837 20
4.664 -10.624 0.589 21
5.72 -27.091 -5.253 20
-0.107 -27.676 1.215 20
-2.576 -5.356 10.532 20
4.58 5.656 7.263 20
6.81 7.477 1.41 21
-0.075 10.735 4.043 20
-5.811 10.899 2.296 20
-6.262 10.217 1.061 20
-8.816 12.401 0.354 20
-10.127 13.304 2.709 20
-8.625 12.003 1.369 21
-5.662 10.863 -3.579 20
-1.073 7.774 -4.196 20
1.094 4.968 -3.843 20
1.746 0.577 -20.229 20
-3.912 -3.25 -2.429 21
-7.954 1.03 11.649 20
-6.895 -15.468 15.148 20
0.41 -29.896 22.895 20
13.082 -21.924 12.902 20
19.939 -11.897 -12.797 21
19.986 -1.23 -20.108 20
13.288 3.144 1.934 20
4.402 1.059 -3.788 20
-2.755 1.759 -6.893 20
-10.655 6.82 -3.075 21
-11.889 8.074 -5.441 20
-7.367 7.84 -5.496 20
-3.358 9.188 -2.821 20
-0.549 9.427 -2.86 20
3.338 6.294 -5.605 20
2.413 2.441 -0.332 21
0.48 -0.611 3.775 20
4.217 -4.672 8.061 20
6.519 -10.388 2.104 20
8.227 -25.434 -4.931 20
0.262 -26.979 0.85 20
-4.342 -5.865 6.301 21
1.839 3.698 4.352 20
4.541 5.126 1.745 20
1.341 8.656 3.291 20
-3.342 10.371 3.083 20
-6.75 10.373 0.823 21
-9.274 11.317 -0.737 20
-10.013 12.667 1.442 20
-9.163 12.918 1.442 20
-5.778 11.964 -2.461 20
-0.308 8.866 -2.295 20
2.289 5.856 -0.58 21
1.942 3.615 -16.176 20
-3.064 -3.071 -3.809 20
-7.274 -2.794 12.042 20
-4.988 -24.505 18.097 20
5.943 -33.08 21.808 21
11.236 -13.79 3.904 20
14.038 -3.843 -12.652 20
18.076 -0.721 -16.594 20
12.681 2.174 1.016 20
3.425 0.528 -3.226 20
-3.729 1.109 -5.65 21
-10.247 5.57 -2.621 20
-12.236 7.443 -4.471 20
-8.673 8.139 -4.845 20
-4.087 9.809 -3.742 20
-0.384 9.809 -3.696 21
2.599 6.892 -5.361 20
1.116 2.768 0.68 20
0.52 -1.561 3.454 20
4.309 -5.643 6.903 20
6.77 -11.029 1.739 20
9.275 -26.65 -3.393 21
2.427 -25.669 2.654 20
-0.88 -4.028 5.08 20
2.796 4.394 2.791 20
2.096 7.13 2.417 20
-1.267 9.194 2.673 21
-4.225 9.313 2.0 20
-5.648 9.419 -0.238 20
-7.733 10.553 -1.514 20
-8.15 11.249 0.182 20
-6.655 10.87 1.08 20
-3.715 10.043 0.616 21
0.549 7.364 1.51 20
0.858 5.94 -0.363 20
-0.078 4.675 -14.521 20
-3.651 -3.598 -9.089 20
-8.879 -3.232 9.534 21
-9.192 -19.981 18.834 20
1.849 -30.341 22.53 20
9.639 -15.449 4.121 20
12.995 -5.537 -10.188 20
18.163 -2.347 -10.471 20
16.248 2.21 -2.344 21
6.933 2.577 -4.209 20
-1.385 1.153 -7.464 20
-6.807 3.028 -3.385 20
-11.458 6.006 -2.007 20
-11.308 7.965 -4.361 21
-6.242 9.566 -4.002 20
-1.274 10.267 -4.286 20
3.451 8.309 -5.789 20
4.08 4.617 -2.666 20
-0.319 0.723 2.893 20
1.755 -4.286 4.613 21
4.715 -7.455 7.901 20
6.643 -18.541 -3.571 20
6.679 -31.522 -4.452 20
-0.354 -13.505 5.3 20
0.736 3.799 7.855 21
4.239 5.902 2.223 20
2.524 7.681 3.417 20
-1.972 8.957 3.925 20
-4.862 9.109 1.072 20
-7.985 10.557 -1.518 21
-9.588 11.885 1.082 20
-9.973 11.585 3.102 20
-8.382 10.213 -0.402 20
-4.215 8.222 -1.718 20
-0.743 5.612 -2.982 20
1.928 3.718 -17.646 21
-4.458 -2.523 -8.489 20
-6.959 -1.316 11.006 20
-5.72 -10.715 17.953 20
0.26 -29.28 22.628 20
13.144 -23.133 15.437 21
16.103 -8.697 -9.267 20
17.739 -1.978 -21.602 20
13.05 0.357 -2.914 20
4.262 -0.132 -2.12 20
-2.974 0.919 -7.626 20
-11.011 4.764 -3.146 21
-12.907 6.124 -5.951 20
-6.744 5.835 -4.709 20
-2.482 8.55 -2.41 20
0.575 9.957 -2.583 20
5.021 8.327 -7.055 21
5.36 4.138 0.911 20
2.372 -0.471 4.116 20
3.586 -4.561 6.846 20
4.32 -8.481 1.961 20
7.264 -23.705 -4.087 21
2.754 -30.595 1.629 20
-2.298 -8.912 6.211 20
2.952 4.56 4.863 20
2.959 7.942 2.581 20
-2.424 10.763 3.784 20
-5.709 10.461 3.671 21
-7.74 10.02 0.355 20
-10.314 11.81 0.668 20
-11.076 13.576 2.346 20
-9.863 13.161 0.36 20
-6.947 11.825 -4.081 21
-1.104 7.689 -5.105 20
2.507 4.107 -1.104 20
3.649 0.889 -11.622 20
-1.648 -4.434 -6.271 20
-6.006 -2.13 10.529 21
-4.535 -20.559 15.972 20
3.638 -30.352 18.9 20
11.984 -14.459 9.445 20
16.7 -5.995 -12.329 20
17.33 0.062 -12.871 20
12.462 1.865 0.9 21
3.8 -1.669 -3.951 20
-5.218 0.041 -6.902 20
-12.128 4.747 -3.534 20
-10.249 6.092 -5.453 20
-5.477 6.673 -7.997 21
-2.329 9.153 -7.301 20
1.801 9.178 -1.731 20
3.692 8.34 0.436 20
1.639 5.96 1.334 20
0.359 0.89 5.157 20
5.077 -4.902 4.262 21
5.25 -8.375 0.261 20
6.057 -22.611 -8.44 20
2.19 -33.598 -0.242 20
-2.021 -13.593 5.717 20
1.705 4.187 8.959 20
3.932 8.867 2.675 21
-0.007 11.665 2.656 20
-4.945 11.57 3.811 20
-7.68 10.471 1.024 20
-10.116 11.487 -0.266 20
-10.251 12.074 1.228 20
-8.67 12.151 0.903 21
-6.425 12.038 -0.664 20
-2.484 9.221 -2.753 20
1.713 4.852 -1.13 20
2.122 2.791 -9.634 20
-3.464 -4.654 -14.203 21
-9.068 -1.554 7.342 20
-9.071 -15.811 19.306 20
3.938 -34.575 30.348 20
14.357 -22.479 10.514 20
18.3 -8.263 -16.074 21
19.93 0.543 -13.33 20
15.712 4.154 1.201 20
5.183 1.363 -5.822 20
-4.734 1.25 -8.273 20
-13.693 5.137 -1.832 20
-14.816 6.193 -7.413 21
-8.369 5.58 -9.087 20
-2.261 8.008 -4.364 20
1.023 9.536 -1.869 20
3.784 8.793 -4.42 20
4.324 5.685 1.875 21
1.686 1.567 5.505 20
4.65 -4.366 5.966 20
5.345 -8.892 3.733 20
9.275 -25.997 -6.809 20
4.963 -34.554 -0.857 20
1.681 -10.031 7.535 21
2.319 6.417 5.102 20
-0.417 9.19 3.319 20
-4.004 11.114 4.6 20
-6.852 10.68 2.42 20
-9.067 10.17 1.887 21
-11.566 12.857 0.782 20
-11.634 14.169 -0.171 20
-10.669 13.953 -1.057 20
-6.98 12.265 -1.076 20
-0.778 7.711 -2.747 20
3.337 3.42 -3.88 21
5.01 -3.277 -19.783 20
0.219 -6.037 -3.51 20
-6.572 -0.981 13.658 20
-5.986 -17.833 17.031 20
1.651 -25.878 21.416 21
10.985 -14.52 9.226 20
17.186 -9.959 -8.674 20
16.539 -3.019 -13.714 20
12.337 1.197 -0.204 20
4.415 0.605 -2.812 20
-2.301 1.017 -8.313 21
-8.319 4.351 -3.025 20
-12.801 7.543 -3.244 20
-10.7 8.222 -7.54 20
-3.699 8.601 -6.232 20
1.109 8.568 -3.983 21
4.211 6.517 -5.197 20
3.647 3.505 -1.674 20
0.249 0.588 6.463 20
3.301 -3.244 5.959 20
6.204 -7.07 5.32 21
8.453 -20.786 -3.372 20
4.788 -33.114 -1.782 20
-3.915 -13.777 5.491 20
1.59 3.668 7.315 20
3.871 7.369 1.802 20
0.181 9.758 4.454 21
-4.297 10.895 2.595 20
-6.217 9.821 1.346 20
-8.838 10.932 0.034 20
-10.082 12.691 1.714 20
-9.979 13.058 1.676 21
-8.694 12.789 -1.737 20
-3.338 9.859 -3.131 20
2.08 5.456 -2.861 20
2.942 2.487 -9.791 20
0.86 -5.104 -18.201 20
-6.462 -0.422 8.457 21
-8.679 -7.705 14.987 20
-1.712 -31.931 24.96 20
9.02 -25.758 16.817 20
14.306 -11.128 -6.535 20
18.558 -3.72 -18.964 21
17.394 2.692 -4.802 20
9.594 3.796 2.779 20
0.162 1.254 -8.12 20
-5.237 3.166 -6.004 20
-10.717 6.695 -1.495 20
-13.159 7.917 -4.627 21
-8.829 8.712 -5.41 20
-2.526 9.662 -4.487 20
1.899 8.403 -6.009 20
4.245 4.533 -4.828 20
0.183 1.857 3.754 21
-0.563 -0.908 4.562 20
4.636 -5.056 6.52 20
8.239 -11.79 2.91 20
11.097 -29.186 -7.019 20
2.317 -25.565 0.594 20
-0.863 -3.226 7.761 21
4.463 4.907 5.799 20
3.428 7.678 2.598 20
-2.651 9.946 2.793 20
-6.327 10.536 2.134 20
-8.055 10.131 -0.694 21
-9.767 11.487 -0.077 20
-9.463 12.889 3.252 20
-9.672 13.26 -0.228 20
-7.653 11.464 -2.456 20
-2.483 7.69 -2.264 20
0.41 5.187 -2.874 21
3.527 0.673 -19.082 20
0.369 -6.143 -4.102 20
-4.203 -3.701 21.697 20
-2.032 -22.404 14.528 20
8.347 -29.906 13.616 21
12.759 -13.611 5.017 20
11.524 -3.243 -6.048 20
13.606 -1.157 -13.308 20
10.964 -0.297 -0.904 20
2.094 0.385 -1.812 21
-2.45 0.609 -7.32 20
-7.341 4.043 -3.054 20
-11.664 7.787 -4.443 20
-9.217 8.433 -4.816 20
-3.953 9.756 -4.011 20
0.251 9.856 -3.703 21
2.746 7.334 -4.246 20
1.436 3.804 -2.554 20
-0.985 0.284 3.381 20
2.363 -4.335 4.27 20
5.316 -8.213 4.955 21
9.419 -21.567 -2.604 20
5.125 -30.699 0.238 20
-2.762 -11.395 6.208 20
3.448 3.069 5.222 20
4.953 5.679 2.083 20
-0.099 8.798 4.043 21
-4.198 9.587 2.777 20
-6.229 9.208 0.319 20
-9.862 10.997 -2.392 20
-11.523 13.034 1.473 20
-10.619 13.328 4.512 21
-7.809 12.315 -1.0 20
-1.586 9.257 -3.546 20
2.375 4.944 -1.716 20
0.391 3.792 -4.418 20
1.272 -2.642 -17.188 20
-3.748 -3.751 5.406 21
-4.462 -14.451 16.238 20
-0.226 -33.867 16.168 20
8.398 -19.306 8.541 20
10.374 -4.026 2.301 20
14.129 -2.685 -3.76 21
16.629 -1.595 -9.955 20
11.064 0.443 -5.157 20
1.856 1.1 -5.876 20
-4.784 1.951 -5.881 20
-13.046 6.102 -3.515 21
-13.332 8.004 -6.322 20
-5.678 8.236 -2.449 20
-1.932 10.607 -2.353 20
2.251 9.745 -5.668 20
5.087 6.802 -3.704 20
1.345 3.677 4.304 21
-0.108 -0.87 3.42 20
4.071 -5.813 5.969 20
5.809 -10.955 0.425 20
7.912 -28.591 -6.261 20
3.596 -28.918 2.686 21
3.948 -4.954 5.146 20
3.497 6.939 3.547 20
-1.239 9.735 3.02 20
-3.866 10.489 3.337 20
-6.457 10.033 0.739 20
-9.942 10.258 -1.505 21
-11.614 11.684 -0.315 20
-10.425 12.311 1.975 20
-8.481 12.024 1.333 20
-5.408 10.557 -1.233 20
-0.092 6.304 -1.782 21
2.913 3.731 0.133 20
4.174 -1.376 -13.693 20
-1.432 -5.399 -1.609 20
-7.217 -9.542 10.849 20
-2.36 -33.32 18.299 20
7.445 -22.374 12.623 21
8.531 -4.014 4.986 20
14.607 -3.104 -4.485 20
18.102 -0.793 -11.125 20
12.69 2.054 -3.879 20
3.319 0.954 -5.634 21
-4.153 1.529 -7.377 20
-11.432 4.541 -3.153 20
-14.294 7.01 -6.57 20
-8.594 7.443 -5.421 20
-2.67 9.191 -1.406 20
0.825 9.68 -5.875 21
4.266 6.232 -5.173 20
0.81 2.5 4.952 20
0.332 -1.589 3.565 20
4.494 -5.688 5.618 20
6.802 -12.994 -0.104 21
8.34 -30.831 -4.084 20
0.51 -23.373 3.755 20
0.847 -0.337 6.915 20
3.917 6.515 3.981 20
0.791 9.675 3.396 21
-2.941 11.327 3.289 20
-5.7 10.492 1.414 20
-8.551 10.928 -0.934 20
-9.593 11.976 0.189 20
-9.251 12.098 2.078 20
-8.61 11.737 -0.388 21
-4.532 9.177 -1.166 20
0.892 4.857 -4.445 20
4.808 1.634 -16.848 20
-1.874 -5.26 -10.84 20
-8.89 -0.169 9.284 21
-7.861 -11.676 19.646 20
0.612 -30.653 25.13 20
11.07 -20.305 11.173 20
14.322 -7.734 -5.442 20
17.7 -2.084 -15.13 20
14.794 1.797 -4.905 21
8.668 0.893 1.923 20
-0.923 0.668 -8.496 20
-8.066 2.737 -6.167 20
-13.919 5.842 -3.537 20
-12.956 6.047 -6.042 21
-5.423 7.009 -4.237 20
-0.739 9.76 -1.983 20
2.807 9.707 -5.117 20
5.471 6.628 -4.069 20
2.113 2.606 4.547 21
1.656 -1.89 3.279 20
4.295 -5.131 6.884 20
6.185 -11.601 0.301 20
8.841 -28.566 -6.524 20
0.11 -24.258 2.639 20
-1.681 -3.222 8.162 21
3.132 5.153 5.709 20
3.701 7.816 1.801 20
-1.72 10.29 2.112 20
-5.651 10.401 1.595 20
-7.552 10.542 -1.534 21
-8.838 11.366 -1.631 20
-7.849 11.648 0.957 20
-6.568 11.477 1.249 20
-5.157 10.482 -0.809 20
-1.648 6.478 -0.834 20
1.905 3.414 -6.129 21
0.298 -2.403 -14.328 20
-5.658 -4.461 -1.557 20
-9.699 -1.479 11.417 20
-6.332 -21.457 19.822 20
6.475 -27.721 22.44 21
13.369 -16.11 4.676 20
16.818 -7.729 -17.484 20
16.553 0.185 -10.71 20
10.788 4.159 2.582 20
3.248 1.428 -5.471 20
-3.173 1.781 -9.742 21
-9.056 5.624 -2.391 20
-11.507 7.385 -1.6 20
-8.657 7.457 -4.639 20
-2.939 8.566 -4.35 20
0.685 8.785 -3.893 21
3.301 6.343 -4.002 20
2.904 3.277 1.24 20
2.449 -0.676 2.957 20
5.65 -5.032 6.309 20
5.921 -9.169 1.767 21
7.31 -23.205 -3.773 20
0.379 -28.499 1.562 20
-5.964 -9.622 7.729 20
0.394 3.744 6.859 20
6.219 4.625 0.217 20
2.186 8.448 2.103 21
-3.562 10.257 1.36 20
-5.32 10.036 0.646 20
-7.6 11.403 -0.901 20
-8.773 12.751 1.991 20
-8.129 12.511 4.567 21
-7.184 12.008 -0.992 20
-4.838 10.115 -3.911 20
-1.966 6.333 -2.906 20
-0.077 3.871 -8.736 20
-1.045 -2.638 -18.717 20
-5.548 -2.445 6.78 21
-5.558 -6.51 17.647 20
-3.071 -27.938 19.53 20
6.554 -25.81 17.696 20
14.024 -11.486 -0.732 20
18.348 -4.426 -16.796 21
17.532 1.16 -10.304 20
9.439 2.782 4.239 20
2.014 0.386 -5.929 20
-3.535 1.426 -6.131 20
-10.411 5.202 -2.222 21
-13.664 6.295 -5.801 20
-8.706 6.017 -6.244 20
-2.756 8.054 -4.419 20
-0.419 9.456 -3.753 20
2.767 6.911 -5.178 20
3.433 2.069 3.085 21
4.387 -2.614 4.801 20
5.921 -5.912 6.44 20
9.783 -16.01 -0.106 20
9.993 -30.285 -3.126 20
-1.637 -17.133 4.192 21
-1.643 1.086 8.593 20
1.946 4.733 2.683 20
0.378 7.096 1.602 20
-5.383 10.712 1.543 20
-8.014 10.817 0.934 20
-7.447 10.273 -0.42 21
-8.589 11.985 -1.014 20
-9.466 13.102 -1.751 20
-7.92 12.816 -1.457 20
-4.338 11.869 -0.812 20
0.952 8.401 -4.204 21
8.0 2.736 -7.526 20
9.675 -6.424 -6.676 20
-0.577 -8.416 12.232 20
-5.269 -25.354 6.552 20
-2.847 -34.334 4.142 20
-6.848 1.035 2.902 21
-0.439 7.455 9.45 20
5.979 1.639 7.005 20
11.008 -5.494 -3.241 20
9.659 -3.923 -1.552 20
7.128 1.386 -0.106 21
2.549 1.707 -4.196 20
0.792 2.952 -3.026 20
-0.239 5.346 -1.587 20
-3.089 4.966 -2.441 20
-9.703 3.885 -4.922 21
-13.599 2.026 -10.288 20
-4.928 0.513 -5.365 20
0.777 2.788 2.804 20
1.691 4.173 0.922 20
0.946 6.789 0.161 20
1.347 6.483 1.749 21
8.23 -2.786 2.685 20
15.257 -11.877 5.993 20
4.361 -13.47 -3.147 20
-9.268 -17.877 -4.016 20
-9.546 -13.582 -1.853 21
-4.961 -5.403 -0.305 20
-2.115 0.333 6.074 20
-0.209 1.949 7.639 20
0.773 3.265 0.595 20
0.844 5.653 -4.894 20
0.272 6.443 -2.316 21
-1.582 6.933 2.022 20
-3.584 8.253 3.767 20
-4.782 9.519 0.318 20
-4.727 11.562 0.717 20
-4.178 11.274 -1.193 21
-1.445 1.758 -1.554 20
-0.104 -6.523 -2.893 20
1.533 -8.703 -14.823 20
7.337 -8.126 -13.757 20
15.235 -9.373 6.085 20
7.483 -6.478 5.128 21
-1.618 -2.764 1.312 20
-3.942 -1.032 -2.615 20
-3.61 -2.809 -0.148 20
-2.411 -1.89 -0.019 20
-0.137 0.501 1.879 21
1.224 0.264 8.172 20
-0.217 0.147 5.96 20
-0.418 0.68 3.971 20
-1.876 0.344 3.531 20
3.58 -2.173 1.889 21
22.33 0.066 2.351 20
17.244 1.698 0.287 20
2.004 2.164 0.948 20
-2.348 2.801 3.279 20
-2.917 3.407 3.898 21
-3.886 4.084 3.715 20
-4.448 4.081 2.636 20
-5.207 4.093 0.561 20
-6.633 4.298 -0.684 20
-6.474 3.327 0.024 20
-5.803 2.962 -0.833 21
-5.783 2.659 -0.972 20
-4.444 3.129 0.573 20
-1.597 3.682 -0.197 20
2.712 4.53 -1.214 20
3.986 4.888 -7.789 21
2.318 4.742 -14.879 20
0.945 3.7 -11.501 20
3.772 2.61 1.405 20
4.848 1.825 -0.97 20
3.662 2.486 -3.902 21
4.208 1.907 -3.952 20
4.074 1.102 -3.145 20
3.291 1.324 -1.964 20
2.505 1.357 -1.597 20
1.55 2.554 -0.234 20
0.733 4.051 1.828 21
0.467 5.091 4.182 20
0.36 6.589 5.843 20
-0.712 8.972 6.371 20
-2.117 9.944 4.768 20
-2.66 8.822 1.214 21
-4.099 6.241 -2.2 20
-1.889 2.172 -0.087 20
-1.198 -0.604 8.173 20
-3.062 -0.207 11.012 20
-3.29 1.878 9.139 20
-4.302 1.867 8.342 21
-3.962 -0.753 8.672 20
-5.028 -0.438 10.913 20
-6.008 0.588 9.425 20
-5.841 1.484 6.51 20
-5.554 1.648 4.706 20
-4.496 0.888 2.577 21
-2.932 0.642 1.093 20
-2.264 0.772 0.546 20
-2.281 1.344 0.534 20
-2.139 1.72 0.392 20
-2.05 1.304 0.118 21
-1.381 0.626 -0.309 20
-1.289 0.398 -0.332 20
-1.013 0.002 -0.294 20
-0.491 -0.521 -1.52 20
-1.395 0.619 -1.851 21
-1.766 1.855 -0.596 20
-1.717 2.195 0.071 20
-1.813 2.191 0.786 20
-1.36 1.653 0.916 20
0.119 0.673 0.307 20
1.26 0.306 -0.613 21
1.468 0.361 -1.515 20
1.14 0.289 -2.293 20
0.905 0.393 -2.853 20
0.946 0.744 -2.874 20
0.727 1.129 -2.498 21
0.384 1.357 -1.866 20
-0.518 1.536 -1.43 20
-1.179 1.231 -1.105 20
-1.286 1.043 0.612 20
-1.478 1.15 2.36 21
-1.233 1.042 1.244 20
-0.767 0.965 -0.546 20
-0.542 1.022 -1.254 20
-1.162 1.428 -1.189 20
-1.889 1.676 -0.458 20
-1.965 1.657 0.208 21
-1.758 1.39 -0.148 20
-1.528 0.936 -0.295 20
-1.076 0.519 -0.466 20
-0.849 0.405 -0.303 20
-0.913 0.666 -0.646 21
-1.07 1.084 -2.155 20
-0.892 0.566 1.311 20
-0.83 -0.009 1.447 20
-1.439 0.256 -0.089 20
-0.741 0.506 -1.266 20
-0.413 0.678 -0.422 21
-0.326 0.356 0.864 20
0.128 -0.259 0.572 20
0.393 -0.423 -0.31 20
0.339 -0.253 -0.445 20
0.279 -0.15 -0.31 21
0.161 -0.131 -0.248 20
0.086 -0.075 -0.2 20
0.047 -0.022 -0.35 20
-0.049 -0.02 -0.287 20
0.011 -0.255 -0.178 20
0.005 -0.389 0.017 21
-0.203 -0.042 0.003 20
-0.291 0.315 -0.281 20
-0.024 0.273 -0.292 20
0.089 0.121 -0.129 20
0.035 0.307 0.012 21
0.243 0.386 -0.057 20
0.18 0.321 -0.187 20
-0.034 0.352 0.152 20
0.202 0.14 -0.666 20
-0.066 0.324 -1.242 20
-0.568 0.307 0.724 21

# Completed @Sun Jan 24 21:05:22 GMT+02:00 2021
