# Accelerometer Data File
# Started @Wed Jan 06 20:58:33 GMT+02:00 2021
#
#
# sensor Vendor: BOSCH
# sensor Name: BMI160 Accelerometer Non-wakeup
# sensor Resolution: 0.0023928226m/sec^2; Max Range: 78.4532; Min Delay: 2500 microseconds
# The sensor's attributes are the result hardware and the Android capabilities.
# It means that the Android may not utilize all features provided by the hardware.
#
# Some devices and Android versions save battery too much so the device may go to sleep.
# It just happens after couple of minutes from turning off the scree and it is easy to find it out.
#
# The following file provides the data from accelerometer in the m/s^2 format.
# The diff value is just a time delta between the samples
#
#
# data format:
# so we have 4 columns with values separated by the ";"
# X;Y;Z;time_from_previous_sample(ms)

# sensor speed set to:NORMAL
# units set to: m/sec^2
# gravity  filtered out
# Accuracy: HIGH
-2.239;4.38;6.762;0
-1.775;3.884;6.617;19
-1.662;3.483;6.044;20
-1.696;3.156;5.14;20
-1.619;2.889;4.554;20
-1.588;2.572;4.318;20
-1.39;2.375;4.152;20
-1.243;2.133;3.945;20
-1.211;1.885;3.381;20
-1.019;1.745;2.82;20
-0.884;1.494;2.24;20
-1.207;1.37;1.829;20
-1.804;1.234;1.681;20
-2.068;1.137;1.909;20
-1.902;1.237;2.432;20
-0.961;0.872;1.431;20
0.336;0.491;1.514;20
0.061;0.416;2.076;20
0.836;0.146;2.029;20
1.898;-0.552;1.326;20
2.037;-0.345;1.174;20
2.705;-0.422;2.168;20
2.567;-1.558;0.798;20
3.324;-3.82;-0.22;20
0.099;-1.861;-2.702;20
0.62;-2.232;3.611;19
2.764;-3.272;8.334;20
0.467;-3.09;4.496;20
-2.338;-2.312;-0.274;20
-2.637;-2.625;-0.889;20
0.302;-1.372;1.471;20
0.667;-1.127;0.001;20
0.92;-0.161;0.588;20
-0.152;0.366;-0.238;20
-0.415;0.778;0.078;20
-0.761;1.965;0.785;20
0.819;-0.564;-0.577;20
-0.063;-2.895;-1.675;20
-0.803;-2.957;-2.299;20
-1.68;-1.519;-1.089;20
-1.7;-0.828;1.615;20
-1.26;-0.844;3.038;20
-0.768;-0.66;1.91;20
0.106;-0.342;0.639;20
1.521;0.082;-3.253;20
2.761;-0.707;-3.322;20
1.652;0.994;-1.608;20
3.452;0.271;0.03;20
3.301;-0.947;-0.675;20
4.05;-2.952;2.23;20
3.189;-1.353;4.925;20
4.69;-2.1;3.215;20
3.791;-1.228;1.596;19
1.686;-0.008;1.316;20
0.927;-0.144;0.779;20
0.907;-0.185;-1.119;20
1.284;0.474;-4.617;20
0.567;0.396;-1.315;20
0.607;0.311;1.689;20
1.155;0.067;1.116;20
1.503;0.806;1.982;20
0.747;0.683;3.46;20
0.312;-1.01;1.828;20
-0.4;-1.694;-1.353;20
-1.196;-0.788;-3.301;20
-1.785;-0.172;-2.282;20
-1.259;-1.303;-1.934;20
-0.798;-2.497;-2.527;20
0.644;-3.322;-2.852;20
1.951;-3.151;-2.636;20
1.89;-3.641;-2.578;20
2.588;-4.337;-2.835;20
4.227;-4.299;-3.961;20
5.898;-4.266;-3.901;20
8.379;-4.528;-5.238;20
6.405;-3.893;-6.688;20
3.838;-3.53;-7.09;20
1.586;-3.368;-5.722;20
0.21;-3.136;-3.763;20
-0.191;-3.573;-3.287;20
-0.376;-3.791;-3.111;20
-0.824;-4.133;-4.143;20
-1.871;-4.069;-4.834;20
-0.535;-2.457;4.331;95
4.377;-2.215;9.563;20
2.988;-1.591;8.825;20
-0.343;-0.828;5.905;20
-1.231;0.614;-1.424;20
-4.698;1.892;-8.112;20
-6.968;0.221;-6.925;20
0.821;-1.376;-1.072;20
4.932;-1.199;-0.615;20
4.255;-1.892;0.577;20
1.331;-1.748;-0.926;20
-2.203;-2.011;-0.465;20
-3.074;-0.32;-0.789;20
-3.853;1.224;-1.861;20
-4.226;0.876;-0.97;20
-3.465;0.941;-1.194;20
-5.216;1.705;-2.998;20
-4.856;0.068;-2.252;20
-0.126;-2.652;2.325;20
1.678;-3.635;2.336;20
-0.048;-2.124;-0.044;20
-3.264;0.461;-1.934;20
-5.704;-0.266;0.166;20
-3.674;-1.921;2.187;20
-1.711;-2.246;-0.277;20
-0.807;-2.446;-0.446;20
-0.743;-3.79;1.027;20
-0.294;-3.487;2.104;20
-0.236;-1.105;-0.29;20
-1.041;-1.057;-2.003;20
-1.398;-0.682;-0.138;20
0.22;0.272;1.289;20
0.683;1.805;1.663;20
-6.344;3.513;0.498;20
-5.925;4.085;-3.317;20
0.272;1.488;-2.33;20
1.334;0.748;-0.691;20
-0.422;1.053;-0.788;20
0.361;2.459;-3.641;20
3.552;5.477;-3.514;20
-0.582;4.317;6.363;20
-13.614;-4.138;0.275;20
-12.943;-8.763;2.929;20
0.909;-5.241;4.225;20
9.396;-1.828;-1.785;20
6.074;-3.025;-2.104;20
0.383;-2.226;-0.891;20
3.068;-0.419;-1.52;20
4.951;0.708;-1.107;20
2.747;-0.241;-0.05;20
0.635;1.037;-0.679;20
-3.767;4.333;0.539;20
-4.704;4.305;-0.083;20
-3.918;5.457;-0.193;20
-2.893;5.845;1.026;20
-0.195;4.965;0.132;20
0.623;3.921;-1.773;20
1.014;2.955;-2.609;20
0.951;1.666;-1.686;20
0.548;-4.166;0.202;20
1.077;-8.971;1.553;20
3.328;-19.285;2.066;20
0.302;-17.893;-0.358;20
-8.476;5.207;-5.453;20
-1.637;5.973;-0.495;20
5.058;-0.88;1.115;20
5.708;-1.188;-1.947;20
2.841;1.191;-2.539;20
0.712;1.566;-0.843;20
-0.251;1.51;0.857;20
0.092;1.187;2.309;20
0.285;1.35;2.839;20
0.35;1.414;2.052;20
0.461;1.266;1.31;20
0.544;0.727;-0.036;20
0.626;0.282;-1.63;20
0.309;0.484;-2.769;20
0.069;-0.046;-2.334;20
0.288;-1.24;-0.973;20
-0.382;0.239;-0.596;20
-0.629;0.068;-1.558;20
-0.861;-0.347;-2.189;20
-1.206;-0.177;-2.419;20
-1.56;0.985;-1.25;19
-1.811;1.164;1.688;20
-0.957;0.6;2.998;20
0.25;0.589;3.569;20
1.072;0.545;2.716;20
1.187;0.346;0.323;20
1.389;-0.683;-2.297;20
1.591;-1.818;-4.323;20
0.768;-1.858;-2.95;20
-0.653;-1.856;-1.661;20
-2.201;-1.802;-3.444;20
-2.418;-1.488;-4.54;20
-2.107;-2.602;-2.221;20
-0.402;-3.332;0.844;20
0.84;-1.302;-0.46;20
0.736;0.138;-2.826;20
0.984;-1.004;-2.768;20
4.016;-2.6;3.57;20
5.139;-2.211;6.393;20
3.736;-1.912;2.729;20
-0.275;0.691;-1.796;20
-2.027;2.066;-1.214;20
0.299;2.939;-0.182;20
1.299;4.064;-1.311;20
0.0;4.716;0.947;20
-1.658;5.657;-0.815;20
-2.965;5.285;0.171;20
-1.435;4.871;0.805;20
-1.52;4.202;-1.925;20
0.157;1.549;-2.534;20
1.48;1.159;-4.689;20
0.119;2.222;-7.327;20
-0.196;0.698;-7.482;20
0.0;0.675;-3.213;20
0.933;4.227;0.673;20
0.309;6.086;1.414;20
4.372;0.109;1.415;20
13.494;-7.083;-2.718;20
3.383;-1.564;4.225;20
-0.568;3.435;1.17;20
-0.61;1.893;4.076;20
-1.148;-4.343;10.615;20
-1.559;-8.007;5.847;20
-3.822;-9.336;0.741;20
-4.529;-8.051;-0.218;20
-3.757;-6.929;-2.943;20
-5.186;-5.473;-5.268;20
-2.052;-5.928;-2.706;20
-0.695;-6.473;-1.696;20
-2.743;-2.637;1.064;20
-1.345;0.273;-0.208;20
-0.851;3.104;-8.112;20
-0.746;6.314;-11.244;20
0.656;8.399;-5.877;20
-0.207;7.154;-2.756;20
-1.803;6.083;0.147;20
-2.019;6.617;2.547;20
-3.682;8.31;4.416;20
-1.417;4.288;-0.526;20
1.315;-5.611;-3.473;20
3.075;-15.998;0.56;20
7.995;-23.558;9.488;20
9.518;-15.45;15.555;20
4.586;-0.696;-1.467;20
4.358;-0.79;-7.482;20
-0.203;-0.495;-0.891;20
-6.761;1.95;-0.483;20
-4.366;4.054;0.524;20
1.185;7.704;7.522;20
3.542;12.834;9.143;20
2.726;16.108;8.947;20
0.498;14.793;8.106;20
-2.267;12.449;5.355;20
-2.659;9.727;1.894;20
-0.903;5.029;-1.869;20
-1.792;0.018;-13.962;20
-6.895;-16.756;-31.385;20
6.719;-15.962;9.714;20
13.086;-11.214;16.903;20
7.483;-3.349;12.257;20
-1.761;1.763;11.119;20
-3.07;-3.686;4.516;20
0.722;-12.95;1.889;20
-1.176;-13.048;3.733;20
-4.41;-10.38;0.044;20
-0.839;-7.687;-11.55;20
-1.128;-0.493;-22.972;20
-5.206;5.092;-17.605;20
-6.438;9.569;-5.352;20
-7.511;11.02;-0.671;20
-7.577;8.743;-1.028;20
-4.948;7.261;-0.104;20
-2.282;8.839;-1.721;20
-2.812;9.853;0.921;20
-0.14;9.23;-4.504;20
2.143;3.574;-5.895;20
-1.511;-7.141;3.938;20
-2.718;-25.466;12.683;20
13.67;-33.794;19.894;20
12.308;-4.662;4.264;20
6.116;2.625;-17.828;20
7.037;-2.3;-13.676;20
-2.434;0.024;-1.21;20
-6.778;2.115;-0.379;20
-4.039;4.43;5.925;20
2.036;7.933;13.758;20
4.394;15.871;8.033;20
6.72;17.589;6.708;20
3.797;12.301;5.99;20
-2.536;11.469;2.95;20
-3.171;9.277;0.622;20
-0.057;4.16;-3.561;20
-0.578;0.683;-15.183;20
-9.24;-5.188;-4.047;20
-0.95;-14.404;-9.076;20
14.111;-14.744;4.016;20
9.738;-2.854;5.262;20
-1.291;1.671;14.455;20
-5.146;-3.644;13.917;20
-0.009;-8.253;3.177;20
0.951;-12.328;2.098;20
-3.69;-13.163;2.608;20
-4.692;-6.224;-7.59;20
0.937;-2.482;-14.416;20
5.08;-4.747;-16.085;20
0.695;4.581;-6.855;20
-5.731;12.609;-5.601;20
-9.922;11.684;-6.427;20
-10.627;8.554;-1.022;20
-6.824;7.086;1.289;20
-3.188;8.354;0.55;20
-3.477;8.851;1.707;19
-0.613;6.146;-4.456;20
-0.403;-0.446;-2.913;20
-1.115;-16.239;2.913;20
6.548;-29.269;9.006;20
17.205;-18.158;15.407;20
7.473;-1.421;-3.846;20
4.13;-1.958;-8.616;20
-1.978;-2.57;-2.207;20
-6.804;0.933;-4.77;20
-5.244;3.806;-0.427;20
4.671;6.957;12.496;20
7.453;13.578;13.896;20
6.501;17.31;11.067;20
3.669;15.265;7.075;20
-1.332;12.175;4.348;20
-3.974;10.112;1.375;20
-1.386;5.488;-4.322;20
-5.223;0.435;-16.495;20
-10.062;-5.221;-1.806;20
-1.659;-8.009;-2.536;20
9.443;-14.637;-5.382;20
17.767;-16.784;0.519;20
-0.318;-1.101;10.486;20
-5.607;0.672;7.288;20
-0.821;-5.288;2.866;20
-0.637;-8.222;12.352;20
-4.163;-11.377;12.119;20
-1.388;-8.914;-8.286;20
2.88;-0.782;-33.622;20
0.865;2.313;-14.696;20
-4.56;8.748;-1.177;20
-7.39;10.533;-7.469;20
-10.471;8.087;-6.648;20
-10.847;7.065;3.698;20
-4.543;6.406;3.11;20
0.216;7.555;0.598;20
1.313;10.977;-2.141;20
2.197;6.262;-8.375;20
-0.975;-3.399;-0.419;20
-3.316;-22.445;6.843;20
7.986;-42.238;16.975;20
14.356;-16.826;14.255;20
7.063;3.733;-13.077;20
10.414;-0.85;-14.152;20
-2.814;2.528;0.321;20
-10.022;5.251;1.237;20
-1.638;6.265;5.43;20
3.58;10.593;13.226;20
5.012;16.532;11.623;20
4.482;19.805;10.021;20
2.174;15.33;8.874;20
-1.893;11.772;4.526;20
-2.103;8.195;-0.953;20
-0.724;2.889;-3.949;20
-3.892;-1.917;-20.099;20
-8.082;-12.85;-8.614;20
7.847;-22.073;-8.451;20
17.611;-16.518;4.424;20
4.387;3.208;12.206;20
-6.0;2.521;12.316;20
-3.522;-4.946;5.994;20
-2.183;-10.449;6.14;20
-4.222;-12.373;7.206;20
-4.114;-10.226;4.193;20
0.768;-7.187;-24.979;20
1.523;0.089;-28.938;20
0.306;7.451;-5.33;20
-3.587;11.828;-0.077;20
-7.461;11.717;-6.151;20
-8.737;10.274;-1.002;20
-7.503;8.815;1.919;20
-4.15;8.276;1.49;20
-2.681;8.947;-0.467;20
2.133;6.248;-10.1;20
0.999;-0.348;-5.874;20
-5.029;-15.741;2.567;20
0.33;-36.207;14.539;20
16.26;-23.693;17.815;20
12.264;-2.563;2.462;20
8.371;1.526;-12.476;20
8.588;-2.041;-7.723;20
-7.81;3.444;0.976;20
-10.629;5.17;1.518;20
1.598;8.936;10.495;20
4.041;14.814;12.026;20
2.544;17.809;10.623;20
-0.021;16.446;8.724;20
-3.986;14.116;6.944;20
-1.61;8.45;2.623;20
1.941;2.526;-2.0;20
0.807;-2.186;-18.784;20
-7.243;-4.738;-17.373;20
-0.978;-8.037;3.273;20
13.667;-17.224;-6.365;20
16.131;-12.356;8.597;20
-2.694;2.991;19.049;20
-6.059;-0.465;9.913;20
-3.075;-6.753;3.09;20
-2.341;-10.974;3.313;20
-5.153;-10.665;5.151;20
-2.775;-7.716;-8.07;20
3.236;-2.517;-27.538;20
5.082;-0.258;-16.667;20
-0.039;5.597;-1.631;20
-6.684;11.925;-5.739;20
-10.535;11.498;-6.439;20
-9.863;8.084;-0.159;20
-5.837;7.155;1.119;20
-2.306;7.783;1.874;20
-1.609;9.783;-2.618;20
1.903;4.771;-7.664;20
-0.916;-5.549;-1.523;20
-3.272;-28.884;5.568;20
12.512;-37.553;22.056;20
14.398;-8.022;9.054;20
6.458;5.586;-11.489;20
10.499;-0.502;-8.208;20
-3.615;3.439;3.435;20
-10.9;4.518;0.607;20
-2.239;6.942;5.201;20
4.666;12.634;9.569;20
4.609;15.768;9.849;20
1.899;15.56;7.773;20
-1.787;13.778;5.974;20
-1.966;10.136;2.891;20
-0.765;5.324;-0.301;20
-1.861;0.46;-15.048;20
-8.695;-2.383;-14.912;20
-3.252;-4.613;1.118;20
7.339;-12.985;-10.266;20
18.076;-15.252;-2.278;19
5.185;-4.547;15.808;20
-8.932;1.808;17.429;20
-4.835;-5.58;7.289;20
-0.107;-11.058;5.794;21
-3.433;-10.659;9.943;20
-4.181;-8.666;-4.001;19
5.688;-7.528;-29.528;20
7.723;-3.431;-20.355;20
-3.56;3.312;-2.942;20
-10.114;9.994;-4.066;20
-12.235;11.476;-9.248;20
-12.053;8.11;-4.899;20
-7.767;6.846;2.416;20
-2.273;7.774;2.206;20
2.222;8.739;0.078;20
5.335;9.855;-1.874;20
3.109;3.356;-0.981;20
-1.939;-9.123;2.061;20
-1.711;-37.19;6.925;20
18.279;-32.417;14.684;20
11.647;1.291;1.211;20
8.982;3.268;-11.497;20
5.617;-0.272;-6.698;20
-14.468;3.092;-1.938;20
-10.365;2.256;1.178;20
0.623;7.25;12.703;20
5.523;15.198;13.711;20
5.989;17.54;10.158;20
2.953;16.215;9.05;20
0.226;14.041;7.675;20
-2.411;11.548;4.512;20
-1.611;7.679;-1.313;20
-0.523;2.319;-3.989;20
-7.324;-3.55;-20.025;20
-4.384;-18.81;-17.362;20
11.858;-18.063;-8.201;20
16.526;-14.366;17.761;20
1.612;0.469;17.783;20
-6.122;2.093;3.991;20
-3.341;-5.534;2.747;20
-2.709;-11.604;3.576;20
-8.8;-12.274;8.311;20
-5.801;-8.502;-1.66;20
2.276;-3.663;-32.848;20
6.208;1.488;-24.35;20
-1.333;9.012;-2.818;20
-7.894;12.339;-5.268;20
-11.313;9.641;-4.637;20
-9.638;6.928;2.252;20
-4.875;7.559;2.301;20
-0.705;8.877;1.387;20
0.811;10.208;-0.536;20
1.124;3.39;-2.545;20
-2.187;-10.47;0.558;20
0.553;-33.16;5.101;20
18.496;-30.359;14.26;20
12.854;-5.516;1.843;20
8.335;1.16;-11.651;20
-2.846;1.233;-6.87;20
-14.557;3.559;-3.188;20
-6.03;3.725;4.093;20
4.345;10.868;14.992;20
6.394;18.625;15.909;20
6.727;18.985;10.362;20
4.019;15.319;9.447;20
-0.228;12.239;6.85;20
-1.932;9.251;3.177;20
-0.534;5.756;-2.844;20
0.265;1.574;-8.402;20
-4.211;-2.28;-15.658;20
-5.042;-5.825;1.945;20
3.229;-12.426;-8.573;20
12.901;-28.802;0.275;20
9.278;-15.237;15.076;20
-4.641;4.327;6.484;20
-4.138;-1.186;0.392;20
-1.585;-7.443;1.053;20
-5.023;-9.275;5.965;20
-5.896;-8.009;8.022;20
-0.529;-6.333;-18.84;20
3.404;-2.164;-28.751;20
0.959;10.216;-9.905;20
-6.873;15.584;-10.024;20
-11.515;9.153;-6.124;20
-10.582;6.718;6.483;20
-5.24;8.301;4.427;20
0.091;8.719;1.095;20
2.876;9.876;2.551;20
0.605;8.436;-4.126;20
-3.055;0.409;-0.143;20
-5.628;-21.896;4.221;20
7.061;-38.532;5.308;20
16.27;-16.75;9.772;20
7.968;-1.393;-6.442;20
7.338;-1.228;-8.562;20
-2.452;-0.243;-3.536;20
-12.017;3.241;-4.2;20
-2.07;3.846;5.082;20
7.001;10.656;17.596;20
7.754;17.435;13.437;20
6.334;16.761;9.93;20
2.762;14.139;8.271;20
-0.946;11.938;4.975;20
-2.377;9.778;1.736;20
-0.49;5.823;-3.59;20
-3.054;2.865;-10.024;20
-7.585;-3.397;-5.005;20
-1.272;-15.568;-20.008;20
9.183;-17.564;-5.684;20
14.926;-18.091;19.39;20
-0.956;-1.574;17.052;20
-6.311;1.433;1.879;20
-1.989;-7.543;-1.197;20
-4.228;-12.898;4.853;20
-8.887;-11.0;9.568;20
-2.071;-6.748;-12.1;20
3.893;-3.398;-33.183;20
5.414;4.39;-12.183;20
-3.218;13.73;-1.065;20
-11.653;13.743;-9.002;20
-13.886;9.172;-3.025;20
-9.737;7.541;2.192;20
-4.178;8.522;4.155;20
1.506;8.979;2.905;20
4.145;8.755;-3.081;20
1.577;3.602;-3.889;20
-2.189;-11.286;1.442;20
-1.069;-40.142;7.08;20
17.455;-32.49;13.663;20
12.256;-3.566;-1.746;19
10.942;0.125;-10.902;20
7.043;-1.301;-2.52;20
-16.324;5.675;1.924;20
-10.119;4.398;1.522;21
4.231;8.52;9.77;20
6.598;17.105;13.378;19
5.261;19.462;8.699;20
2.85;17.641;11.673;20
0.556;16.285;11.126;20
-0.995;11.84;5.663;20
-1.079;7.065;-0.387;20
0.581;2.523;-4.641;20
1.066;-3.52;-27.728;20
-9.132;-10.237;-8.697;20
-3.458;-13.46;4.51;20
11.713;-19.375;-14.235;20
15.522;-10.323;10.206;20
0.241;0.371;22.363;20
-5.202;-0.959;5.427;20
-2.783;-6.669;2.556;20
-1.866;-12.532;4.413;20
0.376;-5.029;-25.163;70
0.979;-2.674;-14.872;10
1.269;0.527;-7.012;10
-0.912;5.972;-2.876;10
-4.984;11.383;-4.626;10
-8.4;13.778;-10.098;10
-10.587;12.331;-11.43;10
-12.09;8.757;-6.354;10
-11.769;5.729;0.181;10
-10.682;5.225;3.933;10
-7.333;4.375;3.803;10
-2.055;2.795;2.539;10
-1.099;3.552;3.813;10
0.586;4.2;4.18;10
1.577;5.213;1.998;10
3.491;5.039;-4.336;10
4.731;2.071;-5.532;10
2.218;-0.647;-1.659;10
0.209;-4.605;-0.04;10
-1.458;-14.62;3.298;10
-3.91;-24.986;6.131;10
0.46;-28.838;8.101;10
12.759;-27.694;10.13;10
18.942;-22.42;10.859;10
17.458;-14.812;7.941;10
11.954;-6.77;-3.121;10
7.827;-1.479;-6.032;10
8.471;-0.635;-8.104;10
7.4;0.271;-9.433;10
0.642;2.238;-0.635;10
-8.055;4.653;-1.436;10
-18.019;8.239;-1.916;10
-17.478;6.83;-6.088;10
-9.418;3.437;-4.974;10
-2.459;3.572;3.182;10
2.629;6.091;10.52;10
3.409;10.66;17.395;10
4.668;14.786;17.535;10
5.428;17.561;12.022;10
4.975;18.129;9.252;10
4.62;16.971;9.539;10
3.393;15.938;9.49;10
1.462;15.202;9.485;10
0.292;13.003;7.261;10
-0.706;9.294;4.926;10
-2.216;6.709;4.347;10
-2.413;5.025;-0.519;10
-1.35;2.782;-4.279;10
-0.251;0.23;-6.028;10
0.737;-2.272;-7.42;10
0.672;-4.101;-9.075;10
-0.602;-4.799;-30.259;10
-5.289;-7.07;-37.222;10
-12.444;-12.113;-1.887;10
-8.438;-24.564;-14.405;10
4.655;-25.938;-11.316;10
9.75;-8.38;3.55;10
14.572;-11.151;13.54;10
13.828;-12.392;13.876;10
8.804;-5.11;24.331;10
2.433;-1.018;24.0;10
-2.893;2.487;7.028;10
-5.844;2.234;1.472;10
-5.437;-0.528;-0.632;10
-2.7;-5.438;-3.453;10
-2.077;-9.195;-2.644;10
-3.79;-10.994;0.148;10
-8.4;-12.036;4.499;10
-14.353;-10.638;8.704;10
-10.229;-7.39;-0.794;10
-1.542;-5.713;-12.656;10
3.16;-3.956;-23.071;10
6.645;-1.821;-31.348;10
9.579;0.02;-24.237;10
8.017;4.546;-8.647;10
-10.173;15.955;4.119;90
-5.581;16.457;4.238;20
-1.261;16.135;0.949;20
2.197;13.461;-4.304;20
-0.143;6.734;-0.269;20
-6.661;-13.907;3.301;20
1.112;-44.754;18.444;20
17.561;-19.825;7.066;20
10.839;5.093;-9.718;20
10.902;2.935;-6.215;20
-0.727;4.905;3.091;20
-20.217;9.401;1.527;20
-7.397;6.428;3.201;20
4.919;11.349;15.085;20
5.26;20.242;14.114;20
3.632;21.993;10.867;20
1.387;19.864;12.202;20
-0.892;15.127;10.296;20
-1.603;10.301;4.443;20
-0.55;5.739;-2.478;20
0.268;0.012;-14.2;20
-7.966;-4.839;-20.457;20
-3.696;-9.066;1.333;20
8.312;-19.93;-21.973;20
15.385;-19.52;9.389;20
1.279;-1.989;28.679;20
-5.801;1.738;5.619;20
-1.831;-5.957;-2.137;20
-2.955;-10.085;3.224;20
-9.483;-11.693;10.077;20
-5.863;-9.457;-6.45;20
0.375;-4.178;-33.343;20
5.229;1.758;-17.181;20
-1.627;11.325;-4.618;20
-10.139;12.795;-10.898;20
-13.342;8.667;-0.853;20
-10.064;7.966;2.293;20
-5.077;9.643;1.447;20
0.858;10.045;2.048;20
3.316;11.158;-1.747;20
2.635;7.459;-1.734;20
-0.406;-0.728;2.347;20
-6.596;-24.879;7.825;20
11.898;-44.554;7.276;20
18.097;-15.881;-3.053;20
9.41;-1.135;-13.592;20
-0.796;0.422;-2.064;20
-14.95;5.008;0.27;20
-9.527;4.635;1.707;20
7.101;8.599;13.713;20
8.54;17.29;16.011;20
8.315;21.859;13.791;20
8.458;16.618;10.581;20
1.498;12.522;7.251;20
-1.27;10.353;5.146;20
-0.636;7.119;0.755;20
-0.275;3.925;-5.565;20
0.189;0.771;-19.947;20
-6.068;-2.08;-3.251;20
-4.646;-12.268;2.741;20
3.583;-27.702;-8.594;20
10.574;-17.836;-4.62;20
0.602;2.244;12.623;19
-3.575;1.482;9.196;20
-3.442;-4.249;2.425;20
-4.831;-10.846;8.536;20
-7.414;-13.292;11.766;20
-4.163;-8.591;-17.978;20
4.182;-4.22;-32.22;20
5.098;2.55;-6.982;20
-4.769;12.624;-5.818;20
-11.558;12.259;-10.902;20
-12.864;8.872;-1.513;20
-8.007;8.669;2.938;20
-2.054;9.548;2.245;20
0.695;10.01;2.012;20
3.126;9.992;-2.189;20
2.559;5.021;-3.575;20
-0.883;-5.772;1.016;20
-2.549;-33.673;4.334;20
13.846;-41.126;7.516;20
13.427;-11.836;1.575;20
6.031;0.898;-14.62;20
-4.577;1.075;-2.563;20
-15.755;5.37;-0.108;20
-1.414;5.564;5.712;20
7.559;10.893;16.794;20
7.491;19.098;17.727;20
8.997;21.472;14.32;20
7.33;16.244;10.696;20
0.623;12.336;7.311;20
-1.267;9.848;3.124;20
0.105;6.442;-3.365;20
0.993;2.654;-11.602;20
-5.993;-0.376;-15.323;20
-9.402;-8.352;0.918;20
2.028;-23.842;-17.705;20
14.231;-24.303;-1.82;20
7.077;-6.508;20.777;20
-1.546;1.988;10.166;20
-2.394;-2.772;0.114;20
-3.616;-8.232;1.512;20
-9.321;-11.162;8.243;20
-7.6;-10.475;0.845;20
0.655;-4.757;-28.378;20
6.359;1.228;-22.718;20
1.987;9.627;-4.893;20
-7.96;13.653;-9.328;20
-11.886;9.828;-2.637;20
-9.934;8.96;3.561;20
-5.543;9.989;2.532;20
-1.375;10.43;2.27;20
2.537;9.943;-4.046;20
4.469;6.5;-3.182;20
0.501;-0.033;-1.445;20
-5.953;-26.576;5.554;20
9.25;-49.082;8.491;20
15.079;-18.029;2.862;20
7.841;1.266;-11.245;20
1.65;0.829;-4.715;20
-13.78;5.599;1.775;20
-8.554;5.179;1.425;20
7.319;7.195;15.216;20
8.557;16.097;16.469;20
6.794;20.537;13.235;20
5.381;18.94;11.737;20
3.213;15.479;9.283;20
1.348;10.744;6.74;20
0.435;7.199;-0.462;20
0.583;2.81;-9.246;20
-4.148;-0.732;-19.416;20
-14.168;-14.263;-15.43;20
7.302;-33.956;-13.124;20
16.513;-16.113;6.843;20
4.787;3.055;26.215;20
-3.532;3.06;11.124;20
-3.905;-3.437;-1.214;20
-2.223;-11.394;1.606;20
-9.018;-13.417;5.619;20
-8.746;-9.646;-0.907;20
-0.461;-3.975;-27.712;20
2.622;0.824;-24.628;20
2.782;7.966;-0.004;20
-4.774;15.737;-6.521;20
-10.512;12.676;-8.978;20
-10.006;8.474;1.47;20
-6.017;8.784;2.465;20
-3.674;10.321;2.309;20
1.328;9.924;-1.795;20
4.748;5.991;-3.711;20
0.052;-0.126;-1.208;20
-8.49;-21.558;6.094;20
3.634;-44.431;7.332;20
18.386;-23.924;8.323;20
10.866;-1.434;-7.656;20
3.113;0.778;-8.539;20
-10.51;4.292;1.384;20
-11.531;5.441;-0.892;20
4.075;6.551;12.131;20
10.424;14.086;19.003;20
8.588;21.514;12.972;20
8.104;19.559;12.886;20
4.616;15.82;11.173;20
1.108;10.761;5.241;20
-0.004;6.914;-0.465;20
0.006;3.163;-5.914;20
-1.153;-1.684;-36.432;20
-9.755;-5.04;-1.069;20
-7.151;-13.507;10.953;20
6.035;-26.325;-12.914;20
13.029;-15.039;4.651;20
1.425;1.569;19.942;20
-2.746;0.84;0.993;20
-1.031;-5.342;-1.94;20
-3.08;-10.122;1.924;20
-9.145;-10.599;8.148;20
-5.994;-7.401;-8.148;20
1.473;-4.347;-24.005;20
4.139;4.495;-13.737;20
-4.796;15.448;-8.935;20
-11.172;14.414;-12.255;20
-10.706;8.055;0.655;20
-5.188;6.204;3.56;20
-1.565;8.218;2.605;20
-1.274;10.369;0.805;20
3.117;9.448;-3.453;20
1.996;4.621;-2.42;20
-5.231;-6.103;1.195;20
-8.317;-37.439;12.302;20
16.846;-43.168;7.728;20
13.786;-9.203;-11.262;19
8.138;0.247;-10.332;20
-1.363;1.098;2.808;20
-14.406;6.699;0.412;20
-2.08;6.452;7.261;20
10.716;12.029;18.354;20
9.687;22.114;15.031;20
9.048;21.313;12.264;20
6.197;15.178;10.712;20
2.026;11.329;7.347;20
0.219;7.961;2.359;20
-0.897;5.17;-3.033;20
-0.908;1.503;-18.365;20
-4.931;-2.169;-21.952;20
-13.488;-9.569;13.553;20
-3.479;-22.813;-5.618;20
12.278;-22.013;-10.347;20
9.651;-2.87;6.762;20
0.002;1.818;14.233;20
-3.104;-1.704;0.898;20
-1.957;-8.193;1.166;20
-8.509;-12.128;14.179;20
-8.514;-11.107;4.553;20
0.281;-7.448;-27.938;20
3.519;0.443;-24.2;20
0.267;9.779;-5.0;20
-7.52;15.038;-12.859;20
-11.056;8.677;-4.473;20
-9.349;7.307;3.894;20
-2.951;8.797;1.775;20
-1.36;10.239;2.197;20
1.095;10.992;-0.74;20
4.111;8.92;-0.476;20
2.247;4.87;2.476;20
-2.713;-5.353;3.057;20
-8.429;-39.474;5.422;20
17.903;-42.977;-1.016;20
13.292;-6.821;-8.665;20
2.874;1.722;-7.82;20
-5.562;1.744;1.361;20
-14.235;5.823;0.155;20
2.673;6.172;11.898;20
11.062;15.369;20.382;20
10.316;22.613;14.006;20
9.392;18.485;12.157;20
4.885;12.559;7.442;20
0.382;9.682;4.704;20
-0.938;7.481;0.521;20
-1.2;4.285;-5.901;20
0.409;0.011;-24.374;20
-5.103;-4.612;-9.755;20
-9.7;-9.424;14.148;20
1.723;-20.434;-8.36;20
11.772;-19.809;-8.434;20
6.354;-2.715;12.705;20
-3.598;1.865;10.803;20
-3.238;-3.471;1.698;20
-4.676;-10.062;4.928;20
-9.73;-12.209;10.579;20
-5.775;-9.001;-10.549;20
2.065;-3.222;-31.125;20
2.294;2.25;-11.517;20
-1.166;10.653;-2.113;20
-7.765;14.385;-11.219;20
-11.193;9.934;-3.321;20
-8.771;8.18;3.092;20
-2.095;8.888;1.716;20
-1.264;10.134;1.281;20
2.334;9.403;-4.051;20
4.162;5.748;-1.878;20
0.141;-1.994;2.377;20
-5.437;-28.326;12.874;20
10.844;-46.046;7.464;20
14.943;-14.899;-5.518;20
8.595;1.334;-7.81;20
3.489;1.045;-3.698;20
-12.317;5.768;1.026;20
-14.587;6.929;1.615;20
6.496;6.546;13.9;20
11.601;14.785;16.83;20
9.27;20.173;11.633;20
7.397;18.884;11.129;20
4.234;14.331;8.05;20
0.512;9.677;3.83;20
-0.75;6.047;-2.097;20
-0.604;1.57;-14.077;20
-5.174;-3.528;-31.352;20
-12.565;-14.858;4.25;20
2.146;-20.721;-1.555;20
14.483;-12.192;-3.008;20
6.299;-0.864;16.542;20
-2.755;2.098;13.64;20
-4.616;-5.174;3.837;20
-4.76;-11.109;5.868;20
-9.165;-13.676;14.123;20
-2.619;-14.514;-9.786;20
6.149;-6.386;-37.451;20
5.752;0.265;-13.595;20
-3.071;10.561;-1.143;20
-9.654;17.178;-9.124;20
-11.287;12.614;-6.252;20
-9.886;8.752;0.282;20
-6.828;8.828;3.103;20
-3.299;9.575;2.213;20
1.76;9.48;-4.363;20
4.798;7.443;-4.795;20
3.253;2.277;-1.093;20
-5.35;-14.111;3.819;20
-7.165;-52.192;17.811;20
16.494;-32.051;2.962;20
11.029;1.185;-10.137;20
12.123;-1.048;-6.741;20
0.137;2.107;2.649;20
-16.722;9.709;1.765;20
-1.903;7.412;8.826;20
9.782;13.714;16.854;20
8.385;22.174;13.211;20
6.943;21.063;11.333;20
4.119;15.533;7.826;20
1.018;10.799;5.062;20
0.408;7.005;0.999;20
0.886;3.329;-4.966;20
1.007;-0.806;-24.013;20
-5.02;-4.91;-18.257;20
-11.044;-9.209;15.044;20
4.431;-27.562;-14.767;20
15.212;-20.915;-0.965;20
1.165;1.588;22.9;20
-4.351;4.323;7.894;19
-2.961;-3.152;1.073;20
-5.586;-6.97;4.635;20
-8.982;-8.61;7.938;20
-7.262;-8.963;-2.234;20
0.675;-5.878;-27.099;20
5.863;-2.308;-26.075;20
3.785;6.776;1.265;20
-4.802;17.231;-4.32;21
-8.353;14.193;-9.075;20
-8.622;9.02;0.229;20
-6.518;9.149;1.892;20
-2.427;9.374;1.686;19
-0.688;9.446;-3.059;20
1.893;5.054;-4.946;20
-2.105;-4.534;2.289;20
-6.644;-26.679;10.303;20
9.394;-35.435;2.692;20
15.22;-17.505;2.775;20
10.753;-3.778;-2.448;20
9.792;0.121;-2.815;20
-2.941;3.095;-1.322;20
-11.773;6.552;-0.528;20
-5.417;6.572;4.496;20
6.863;9.379;11.982;20
7.923;15.297;10.387;20
7.555;16.673;11.138;20
3.932;15.526;9.603;20
0.605;11.806;2.703;20
0.316;8.383;-1.986;20
1.09;5.081;-5.075;20
-5.386;3.777;-24.969;20
-8.071;-0.877;6.11;20
-0.83;-11.319;-5.514;20
4.915;-27.71;-6.819;20
7.815;-21.071;11.888;20
-2.965;4.345;12.514;20
-2.006;1.907;3.736;20
-2.31;-4.83;4.507;20
-3.161;-7.79;7.638;20
-6.053;-8.971;7.4;20
-4.404;-6.709;-10.257;20
-1.577;-2.716;-23.005;20
3.301;2.19;-17.279;20
-0.579;10.448;-8.546;20
-6.866;11.943;-6.65;20
-5.597;7.616;1.35;20
-3.746;7.954;2.448;20
-2.16;9.922;1.208;20
-2.631;11.601;-1.907;20
0.356;9.734;-5.299;20
0.641;4.419;-2.135;20
-3.766;-6.929;3.834;20
-7.005;-34.037;6.98;20
11.626;-36.78;6.53;20
11.787;-7.931;0.69;20
5.718;1.12;-10.865;20
-0.038;0.56;-4.714;20
-5.947;2.203;2.442;20
-5.499;4.914;2.655;20
6.379;8.791;13.999;20
10.213;14.185;14.334;20
9.778;16.753;10.896;20
6.786;14.064;8.015;20
1.261;11.082;4.203;20
-0.429;8.557;0.034;20
-0.182;5.336;-4.009;20
-1.828;2.537;-22.83;20
-8.093;-1.342;-1.461;20
-4.229;-7.63;4.482;20
1.333;-16.97;-9.955;20
9.629;-19.029;3.117;20
0.385;-1.795;15.333;20
-5.148;2.497;7.843;20
-3.633;-5.515;2.458;20
-2.916;-9.808;3.501;20
-5.757;-6.995;5.486;20
-1.24;-6.293;-5.044;20
4.995;-6.093;-18.089;20
6.056;-3.586;-18.374;20
-2.991;6.146;-5.793;20
-9.507;12.331;-3.077;20
-11.091;11.044;-6.047;20
-9.381;8.143;-2.764;20
-4.788;7.898;0.808;20
-1.867;9.4;2.408;20
-0.733;10.359;-1.242;20
3.332;6.986;-4.608;20
2.388;1.952;-1.207;20
-4.479;-12.286;6.601;20
-3.335;-43.633;18.911;20
12.512;-27.253;4.492;20
6.957;0.194;-7.407;20
9.245;-0.944;-8.93;20
1.62;0.307;-0.59;20
-9.534;6.43;2.029;20
-3.592;6.85;2.995;20
6.166;9.664;9.827;20
10.72;14.719;12.512;20
8.824;16.834;10.73;20
5.214;14.601;7.083;20
1.629;11.636;3.774;20
0.414;8.405;-0.28;20
0.498;3.871;-3.421;20
-3.201;-0.501;-29.22;20
-13.316;-3.84;6.724;20
-4.945;-11.81;-2.498;20
8.517;-14.152;-10.111;20
14.277;-11.79;1.879;20
3.613;-1.919;20.668;20
-4.254;0.532;9.083;20
-3.658;-5.87;1.4;20
-2.932;-11.813;3.763;20
-8.462;-10.729;8.923;20
-4.164;-9.22;-7.551;20
1.031;-5.485;-22.554;20
1.844;-0.859;-19.725;20
-2.102;7.362;-4.319;20
-9.129;15.146;-4.079;20
-10.661;12.519;-6.596;20
-7.104;7.762;-0.831;20
-2.58;8.413;0.788;20
-1.348;9.731;1.85;20
1.128;9.12;-2.165;20
4.372;4.675;-3.141;20
0.164;-1.979;-0.136;20
-5.919;-22.181;5.837;20
7.041;-41.744;12.437;19
13.027;-19.507;7.181;20
7.065;1.359;-9.421;20
7.21;0.125;-7.998;20
-5.471;3.155;3.21;20
-8.179;6.129;0.957;20
-1.415;7.838;4.227;20
7.679;10.713;13.497;20
8.644;15.456;12.686;20
6.544;17.714;11.37;20
3.695;15.492;8.463;20
1.109;11.122;4.553;20
0.125;7.453;-1.207;20
0.238;2.64;-4.374;20
-2.799;-2.028;-32.585;20
-11.32;-6.797;-0.747;20
-2.42;-14.782;-0.536;20
9.034;-15.086;-7.052;20
10.882;-9.281;17.674;20
1.655;1.059;19.076;20
-4.6;-0.156;0.955;20
-3.261;-9.745;2.645;20
-4.03;-15.081;5.261;20
-7.423;-9.85;2.115;20
-1.55;-4.794;-21.843;20
-0.052;-2.29;-19.135;20
1.414;1.573;-8.119;20
-4.905;12.581;-5.729;20
-9.77;14.216;-7.857;20
-10.246;9.515;-2.792;20
-6.468;7.671;0.399;20
-2.945;9.627;2.524;20
-1.605;11.115;-0.539;20
2.819;7.324;-5.703;20
2.899;1.633;-0.532;20
-5.334;-12.743;6.195;20
-1.662;-35.881;10.412;20
15.216;-27.052;8.016;20
10.646;-5.943;0.508;20
6.865;-0.095;-7.793;20
1.974;-1.413;-5.653;20
-8.694;4.522;2.612;20
-8.38;7.347;-0.11;20
3.256;7.99;9.207;20
9.739;12.246;12.917;20
8.743;16.985;10.698;20
6.683;17.08;7.951;20
4.1;13.563;5.811;20
1.241;10.53;2.599;20
0.507;6.771;-1.586;20
-0.073;2.293;-8.996;20
-5.853;-3.293;-28.664;20
-13.339;-9.623;10.384;20
2.318;-18.69;-12.762;20
14.515;-13.807;-7.271;20
9.627;-1.981;17.97;20
-4.911;2.683;20.168;20
-5.812;-3.308;5.481;20
-2.342;-9.257;2.966;20
-4.307;-11.895;3.694;20
-7.796;-9.874;4.976;20
-2.124;-7.625;-15.23;20
2.222;-5.243;-23.707;20
3.563;-0.146;-12.576;20
-2.208;10.546;-1.44;20
-8.252;16.0;-8.648;20
-10.256;11.977;-7.093;20
-7.456;7.821;0.654;20
-3.026;7.912;2.001;20
-1.658;9.82;1.562;20
2.668;8.543;-2.675;20
3.695;4.12;-2.414;20
-2.706;-6.221;1.47;20
-3.817;-29.388;7.711;20
10.504;-33.966;9.202;20
9.488;-12.585;2.038;20
7.454;-1.881;-5.441;20
5.62;-1.846;-3.767;20
-3.927;3.738;1.847;20
-8.827;7.351;-0.962;20
-3.173;7.834;5.831;20
8.141;10.258;13.751;20
9.504;15.62;10.203;20
6.773;17.506;10.439;20
3.127;15.725;9.201;20
0.274;12.44;5.151;20
-0.162;8.353;-0.432;20
1.235;3.13;-3.381;20
-3.102;-1.878;-29.367;20
-11.569;-8.349;-2.012;20
-0.587;-16.787;-7.403;20
12.768;-19.179;-6.661;20
11.399;-8.98;15.717;20
-1.585;3.566;18.886;20
-5.475;-0.615;6.166;20
-3.806;-8.051;2.466;20
-6.435;-10.381;6.609;20
-8.463;-9.524;7.985;20
-1.709;-9.852;-16.752;20
2.436;-4.126;-33.175;20
1.309;3.193;-11.386;20
-4.647;12.093;-2.628;20
-8.787;13.669;-8.518;20
-8.426;8.533;-0.826;20
-5.718;8.001;2.322;20
-2.747;9.924;1.725;20
-0.581;10.919;-1.251;20
2.802;8.249;-4.522;20
2.365;3.386;-0.877;20
-3.869;-7.255;3.136;20
-7.994;-37.178;15.971;20
15.864;-36.5;11.908;20
15.069;-5.351;-5.027;20
6.986;3.665;-13.648;20
7.189;-0.735;-2.831;20
-7.959;7.082;6.616;20
-10.757;8.439;0.633;20
1.967;7.218;8.01;20
9.714;12.427;10.648;20
7.825;16.102;9.632;20
5.24;14.862;8.091;20
1.419;12.796;5.34;20
0.568;10.048;1.981;20
1.171;5.939;-1.754;20
-1.082;1.29;-11.603;20
-9.615;-1.576;-12.644;20
-3.962;-4.487;4.396;20
2.75;-15.212;-8.702;19
8.917;-23.64;-3.539;20
3.722;-8.129;12.272;20
-4.389;4.57;11.935;20
-0.759;-2.418;3.114;20
-1.261;-6.395;3.072;20
-5.149;-7.847;9.211;20
-5.977;-9.736;7.99;20
-1.421;-10.002;-18.395;20
-0.652;-4.351;-30.286;20
0.053;5.177;-10.775;20
-4.71;13.451;-0.811;20
-8.695;13.507;-6.859;20
-7.2;8.881;-1.478;20
-4.725;7.663;0.594;20
-2.31;9.609;1.404;20
-0.51;10.888;-0.683;20
2.93;7.413;-3.322;20
0.578;0.542;-0.094;20
-5.033;-17.979;6.156;20
4.988;-34.517;6.631;20
12.921;-21.771;6.032;20
7.464;-4.938;-6.956;20
7.362;-2.407;-6.747;20
-2.913;0.674;1.565;20
-9.299;5.693;1.124;20
-5.862;6.4;1.471;20
6.066;7.217;11.784;20
10.455;12.245;12.389;20
8.228;16.876;10.675;20
6.982;15.499;9.444;20
3.486;12.274;5.231;20
0.311;9.792;2.08;20
-0.591;6.769;-1.868;20
-1.487;2.377;-11.365;20
-16.283;-7.357;-23.552;20
-0.641;-23.616;-6.013;20
13.785;-14.047;5.669;20
9.453;-4.956;4.604;20
-0.01;2.11;19.496;20
-6.276;0.219;7.521;20
-3.954;-10.23;1.875;20
-5.386;-15.207;4.507;20
-9.487;-10.888;7.338;20
-4.751;-7.412;-12.828;20
-1.134;-1.516;-31.744;20
2.182;3.584;-13.851;20
0.187;12.009;-0.3;20
-6.012;15.424;-10.778;20
-7.935;9.227;-2.484;20
-6.447;7.638;2.687;20
-2.107;8.987;2.393;20
-0.762;9.998;0.834;20
1.934;9.18;-3.528;20
3.832;5.388;-1.545;20
-1.155;-1.987;1.249;20
-14.516;-26.969;7.607;20
7.017;-47.67;13.556;20
20.766;-15.961;1.112;20
8.287;3.449;-12.544;20
8.06;0.183;-6.663;20
-2.744;2.786;0.796;20
-14.879;8.591;1.031;20
-5.365;7.627;10.047;20
7.619;10.469;17.49;20
10.179;16.875;11.051;20
8.694;17.38;9.7;20
5.573;14.008;8.116;20
1.724;10.466;3.805;20
0.538;6.431;-1.438;20
0.37;2.895;-5.442;20
-0.906;-1.074;-27.837;20
-9.823;-4.612;-0.916;20
-10.891;-14.221;1.005;20
6.55;-21.106;-6.06;20
13.439;-14.53;-0.963;20
5.603;4.24;15.593;20
-6.615;4.478;12.733;20
-4.054;-6.138;4.414;20
-3.923;-12.221;7.763;20
-8.426;-10.817;10.111;20
-2.923;-9.505;-14.02;20
3.453;-4.952;-33.151;20
0.729;0.667;-13.306;20
-3.715;10.569;0.073;20
-6.829;16.692;-7.302;20
-8.264;12.172;-5.468;20
-5.85;7.359;1.007;20
-1.943;7.349;0.55;20
-1.447;9.199;1.612;20
0.562;9.597;-1.534;20
2.554;5.987;-4.104;20
-2.472;-2.947;0.566;20
-6.625;-28.556;12.981;20
11.422;-38.895;11.72;20
12.46;-13.284;-1.397;20
6.003;0.694;-8.577;20
7.955;-2.086;-4.52;20
-1.944;2.396;2.343;20
-7.773;7.258;0.076;20
-4.495;7.69;4.285;20
6.787;8.721;12.95;20
10.09;14.672;12.401;20
7.632;16.855;9.199;20
3.596;15.07;7.449;20
0.322;12.056;4.445;20
-0.391;8.151;0.083;20
-0.453;3.986;-3.255;20
-5.532;0.547;-21.911;20
-9.534;-4.827;-1.345;20
-3.364;-14.072;-10.375;20
7.898;-21.496;-4.711;20
9.818;-11.05;5.381;20
-0.217;4.26;12.466;20
-4.346;1.354;9.101;20
-4.116;-6.231;5.325;20
-4.642;-10.284;8.779;20
-7.455;-7.604;10.316;20
-2.089;-7.294;-4.856;20
6.604;-7.261;-30.968;20
3.458;-2.113;-19.883;20
-2.863;7.393;-2.579;20
-6.494;14.202;-5.195;20
-6.987;12.226;-3.688;20
-5.478;9.011;1.199;20
-2.974;8.841;0.285;20
-3.285;10.397;-1.359;19
-2.409;9.929;-4.595;20
-0.064;4.473;-2.79;20
-3.733;-7.501;6.133;20
-4.272;-25.102;5.541;20
7.915;-29.161;5.88;20
15.937;-18.253;8.845;20
11.553;-6.032;-4.017;20
5.862;-1.373;-9.311;20
-6.223;2.014;-2.786;20
-9.07;5.411;0.256;20
-3.219;6.81;4.542;20
4.311;10.172;13.481;20
8.697;15.003;12.37;20
7.894;17.259;9.051;20
5.673;15.658;6.869;20
2.204;12.272;3.459;20
0.392;8.391;0.602;20
0.368;4.081;-1.379;20
-1.546;0.816;-11.792;20
-7.301;-0.763;-9.662;20
-7.625;-9.192;-6.988;20
2.56;-23.023;-7.85;20
11.68;-17.159;3.304;20
4.532;0.626;15.03;20
-2.328;2.292;10.81;20
-3.02;-1.799;0.799;20
-2.701;-9.592;2.623;20
-9.728;-10.588;7.714;20
-9.245;-6.069;4.081;20
-1.439;-5.354;-15.44;20
1.531;-3.612;-24.687;20
0.828;2.378;-12.805;20
-2.093;12.21;-1.946;20
-6.086;14.243;-7.738;20
-6.385;8.918;-1.193;20
-4.043;8.056;2.485;20
-2.365;8.782;1.137;20
-1.984;9.919;-1.134;20
2.056;6.512;-6.212;20
0.306;-0.537;-2.514;20
-6.366;-16.78;5.901;20
1.193;-32.414;9.584;20
15.766;-25.061;14.39;20
9.306;-6.284;-4.045;20
6.741;-1.068;-8.181;20
1.453;-1.008;-3.385;20
-7.304;5.025;4.668;20
-6.026;6.961;-1.151;20
0.759;7.519;6.675;20
8.88;10.585;13.012;20
9.022;15.563;9.876;20
6.3;15.727;9.318;20
2.825;13.833;7.459;20
0.3;10.96;3.274;20
0.296;6.79;-0.513;20
0.646;2.077;-7.08;20
-3.816;-1.577;-29.613;20
-7.52;-4.701;8.196;20
-3.286;-14.831;-7.699;20
9.171;-22.418;-3.29;20
9.476;-8.478;10.336;20
-2.509;4.382;15.16;20
-5.634;-0.436;4.173;20
-3.486;-7.811;3.512;20
-6.074;-9.956;6.58;20
-7.633;-5.646;6.937;20
1.445;-5.737;-12.098;20
2.967;-4.008;-26.1;20
0.958;-0.998;-15.809;20
-2.94;8.973;-1.801;20
-8.077;15.382;-4.346;20
-8.715;11.983;-4.06;20
-5.914;8.051;0.428;20
-2.79;8.602;1.192;20
-0.997;10.372;-0.789;20
0.762;8.74;-5.184;20
0.45;2.696;-0.175;20
-4.647;-12.783;5.081;20
-1.869;-31.346;1.343;20
10.696;-28.336;5.661;20
13.585;-11.834;8.018;20
9.275;-0.382;-2.573;20
3.149;0.682;-8.721;20
-5.085;2.933;-0.527;20
-8.91;6.294;-0.084;20
-2.345;6.38;5.492;20
8.095;8.34;14.726;20
7.79;12.435;10.884;20
5.243;15.277;8.979;20
4.995;16.006;7.857;20
3.318;12.306;4.62;20
1.052;8.369;0.952;20
0.475;4.417;-4.621;20
-4.239;1.336;-22.385;20
-12.31;-11.311;-15.425;20
1.3;-23.04;-3.37;20
12.639;-13.285;5.493;20
7.783;-2.046;13.809;20
-2.903;1.491;17.973;20
-5.036;-0.981;2.513;20
-1.675;-9.546;0.751;20
-4.839;-13.783;3.985;20
-9.098;-7.955;4.19;20
-4.831;-4.223;-12.331;20
0.939;-2.306;-20.444;20
1.027;-0.325;-16.437;20
0.118;6.509;-2.397;20
-3.319;14.63;-4.011;20
-8.323;14.211;-9.461;20
-7.536;7.99;-0.624;20
-2.994;7.39;1.828;20
-1.401;8.559;2.452;20
0.29;9.201;0.206;20
2.492;6.155;-3.93;20
-2.21;-0.718;-3.017;20
-10.414;-21.496;7.251;20
4.14;-38.211;10.501;20
18.466;-22.125;9.876;20
11.99;-3.396;-3.467;20
9.681;0.554;-8.71;20
3.789;0.32;-2.225;20
-9.585;6.988;4.611;20
-7.577;7.163;-0.687;20
0.963;7.453;6.37;20
7.186;10.56;12.233;19
6.21;14.845;8.785;20
4.843;15.376;8.281;20
1.774;14.472;7.199;20
-0.31;11.436;4.237;20
0.265;7.321;0.737;20
1.355;2.683;-3.068;20
-5.008;-0.331;-20.625;20
-9.839;-12.328;-19.988;20
3.882;-22.429;-3.566;20
14.409;-18.125;8.906;20
4.782;-3.146;19.481;20
-3.373;2.626;10.377;20
-3.531;-1.654;-1.871;20
-3.312;-9.694;1.979;20
-8.153;-11.133;6.205;20
-9.909;-5.458;5.177;20
-1.696;-3.937;-13.603;20
1.765;-1.116;-22.432;20
1.088;1.256;-15.169;20
-0.402;9.412;-4.472;20
-4.712;13.914;-6.658;20
-6.599;10.455;-1.9;20
-4.579;8.215;2.608;20
-2.097;9.468;2.739;20
-3.26;11.229;1.366;20
-0.966;9.819;-4.85;20
0.725;3.868;-3.795;20
-5.269;-7.638;2.73;20
-7.228;-31.868;5.885;20
11.063;-32.957;6.59;20
14.978;-11.834;9.055;20
10.205;-0.899;-2.875;20
9.355;-1.382;-5.548;20
-0.238;2.862;-1.276;20
-8.974;7.853;-0.161;20
-4.523;5.93;3.564;20
5.41;8.67;9.68;20
7.098;14.706;8.473;20
6.056;16.137;8.475;20
2.965;13.98;5.601;20
-0.528;11.834;2.24;20
0.067;8.001;-0.788;20
0.854;3.311;-7.619;20
-7.085;0.936;-16.714;20
-8.457;-3.55;5.406;20
0.755;-12.729;-11.485;20
8.915;-20.903;-7.814;20
9.134;-14.033;13.784;20
-2.302;2.599;16.858;20
-3.921;1.446;6.219;20
-0.657;-5.547;4.253;20
-0.283;-9.304;3.66;20
-4.558;-8.304;5.698;20
-3.915;-7.944;-4.816;20
-0.69;-4.955;-20.733;20
-2.995;0.867;-17.659;20
-2.792;6.651;-7.25;20
-5.352;12.768;-3.921;20
-7.913;11.552;-4.162;20
-6.037;8.422;1.365;20
-3.053;8.679;0.98;20
-0.965;10.426;-1.309;20
0.482;10.076;-5.415;20
0.714;4.51;-3.248;20
-2.497;-6.909;3.906;20
-2.168;-31.324;9.791;20
11.607;-31.645;14.176;20
9.144;-6.068;1.593;20
4.713;2.58;-6.889;20
10.934;-1.224;-4.135;20
3.213;2.38;0.059;20
-15.099;8.57;3.418;20
-6.815;5.717;0.086;20
5.844;7.728;4.618;20
7.032;12.054;8.929;20
6.889;12.914;8.685;20
5.105;11.014;5.281;20
0.438;10.551;2.485;20
1.409;6.077;-1.783;20
-3.635;3.141;-10.431;20
-8.368;1.136;-3.737;20
0.013;-4.179;-6.593;20
3.466;-16.026;-14.019;20
10.132;-15.622;8.692;20
4.221;-5.753;9.933;20
-3.97;-0.892;10.662;20
-4.791;-1.324;7.054;20
-4.308;-6.316;4.423;20
-4.142;-9.233;3.196;20
-1.915;-5.046;-6.628;20
1.15;-2.866;-11.918;20
3.266;-3.634;-5.946;20
-0.824;-0.515;-9.094;20
-5.694;5.238;-6.313;20
-7.565;9.283;-4.369;20
-7.737;10.89;-3.619;20
-5.597;10.484;-0.681;20
-2.383;9.975;-0.613;20
-0.737;10.077;-1.914;20
-2.599;8.48;1.53;20
-0.623;-0.986;3.959;20
3.127;-17.411;0.276;20
9.06;-29.56;-3.351;20
8.865;-15.16;2.045;20
5.18;-2.494;2.895;20
4.358;-0.302;2.469;20
-1.632;2.614;-1.347;20
-10.054;4.603;1.344;20
-7.524;4.615;-1.827;20
0.807;5.708;0.896;20
5.922;8.763;8.521;20
6.333;12.007;9.309;20
4.766;12.447;7.401;20
2.827;11.5;5.782;20
2.797;8.304;2.97;20
2.302;3.228;-2.065;20
-6.575;1.345;-10.172;20
-2.535;-0.404;-8.314;20
10.64;-12.389;-24.141;20
7.53;-19.811;15.199;20
5.678;-15.229;17.659;20
-1.715;-2.008;3.822;20
-4.663;0.774;5.518;20
-6.721;-3.672;3.763;20
-8.229;-6.323;-0.342;19
-6.425;-3.619;-0.883;20
-3.107;-1.45;-1.369;20
4.869;-5.563;-0.581;20
6.933;-5.479;-8.506;20
2.971;0.829;-14.332;20
-2.706;8.824;-10.232;20
-5.872;11.878;-8.187;20
-7.279;10.486;-2.321;20
-4.598;9.195;2.461;21
-2.331;9.567;2.157;20
-2.074;9.712;1.779;19
-2.831;8.601;-1.006;20
-0.368;3.556;-6.179;20
-2.179;-4.629;-4.248;20
-5.41;-31.007;6.904;20
8.837;-35.78;17.37;20
14.88;-8.562;3.885;20
6.776;3.075;-9.272;20
7.946;-2.596;-5.63;20
1.257;-1.939;2.926;20
-11.556;4.726;1.588;20
-8.878;6.765;-2.875;20
-0.004;6.489;3.995;20
6.012;10.012;10.663;20
7.241;13.961;9.174;20
6.017;13.265;8.032;20
2.884;11.402;4.435;20
0.056;9.688;0.044;20
-0.222;5.999;-3.564;20
-6.028;2.197;-13.765;20
-9.189;-3.541;3.698;20
-0.757;-8.497;-9.188;20
4.861;-16.094;-10.673;20
12.143;-15.226;5.724;20
5.278;-2.458;12.962;20
-5.414;3.205;11.071;20
-5.073;-1.987;3.05;20
-3.193;-9.345;6.332;20
-6.019;-10.157;5.897;20
-4.958;-5.265;-5.124;20
2.201;-4.967;-12.683;20
3.279;-4.556;-13.638;20
-1.403;1.15;-12.181;20
-3.671;8.072;-4.474;20
-5.841;12.482;-4.544;20
-6.773;11.562;-1.534;20
-3.907;9.42;0.423;20
-1.626;9.261;-0.617;20
-1.405;10.251;-0.648;20
1.969;7.018;-4.311;20
0.278;1.3;-2.472;20
-3.733;-12.052;2.591;20
-2.066;-32.494;5.958;20
10.363;-29.641;12.164;20
12.037;-8.216;5.631;20
7.936;1.713;-6.746;20
4.098;-0.632;-8.869;20
-8.246;3.151;0.041;20
-9.327;6.143;0.261;20
-1.192;6.324;4.767;20
7.216;9.486;12.286;20
7.402;14.816;10.764;20
5.83;15.639;9.054;20
3.824;13.217;5.96;20
0.688;10.474;1.818;20
0.895;7.152;-1.534;20
1.34;2.86;-5.977;20
-7.748;0.63;-16.168;20
-11.124;-8.599;-0.494;20
2.529;-20.306;-15.418;20
11.956;-15.247;4.032;20
7.119;-3.317;16.871;20
-0.635;1.44;11.756;20
-4.299;0.75;2.98;20
-1.442;-7.083;2.745;20
-4.055;-11.972;5.163;20
-10.492;-8.817;4.179;20
-5.741;-5.71;-13.199;20
1.933;-2.142;-18.605;20
2.027;0.261;-16.628;20
0.194;6.867;-2.491;20
-2.834;13.588;-1.218;20
-5.784;13.184;-5.537;20
-5.245;8.977;0.052;20
-3.306;7.809;0.435;20
-2.568;8.68;0.145;20
-1.714;8.577;-2.471;20
1.443;3.979;-6.324;20
-3.01;-5.777;-1.365;20
-6.463;-28.861;7.688;20
6.568;-32.643;12.981;20
13.296;-13.002;8.568;20
9.28;-2.511;-2.651;20
9.678;-1.52;-5.349;20
3.035;0.526;-3.22;20
-6.165;4.914;2.329;20
-5.779;6.779;0.192;20
-1.094;8.359;5.345;20
5.344;10.601;12.054;20
6.073;15.125;10.293;20
4.953;15.367;8.414;20
1.944;13.391;4.392;20
1.133;9.516;0.012;20
1.957;4.363;-1.415;20
-1.472;0.899;-17.144;20
-9.131;-2.477;-7.64;20
-2.712;-8.109;1.092;20
4.981;-17.191;-16.419;20
12.275;-14.765;7.643;20
0.449;-1.963;22.749;20
-4.767;1.888;7.536;20
-2.76;-2.859;0.134;20
-1.902;-9.565;3.591;20
-8.375;-8.468;5.918;20
-7.663;-6.511;3.434;20
0.543;-6.643;-18.266;20
1.575;-2.208;-23.758;20
0.281;3.096;-13.022;20
-1.826;10.19;0.226;20
-5.516;13.155;-2.881;20
-6.476;10.611;-1.685;20
-3.924;8.543;1.115;20
-2.816;9.113;0.251;19
-3.289;10.155;-2.744;20
-0.474;6.546;-6.12;20
-2.941;-2.343;-0.474;20
-6.62;-22.291;4.721;20
5.623;-31.395;7.64;20
12.636;-19.584;10.479;20
12.069;-8.519;6.686;20
9.679;-0.225;-5.468;20
4.489;1.278;-7.651;20
-7.928;6.658;4.139;20
-7.588;6.844;1.804;20
2.281;6.304;2.975;20
6.511;11.514;9.917;20
6.498;15.698;11.133;20
5.229;15.713;7.599;20
1.14;13.131;3.924;20
-0.818;9.623;0.099;20
1.069;4.336;-2.12;20
-2.012;0.356;-23.049;20
-9.736;-1.684;-4.348;20
-1.249;-2.141;6.021;20
6.27;-17.471;-19.436;20
6.081;-16.196;21.971;20
-6.425;0.555;30.471;20
0.137;-8.222;-15.489;20
0.742;-8.5;-16.438;20
-5.084;-2.413;0.082;20
-8.012;-0.798;7.378;20
-4.8;-3.129;9.057;20
-1.657;-4.963;7.72;20
8.75;-5.698;-23.458;20
4.484;2.51;-19.049;20
-3.876;11.139;0.924;20
-3.907;12.157;-3.745;20
-2.388;10.834;-3.512;20
-1.466;9.823;1.441;20
-2.009;9.632;-0.748;20
-5.385;7.326;-8.806;20
-1.83;0.218;-2.481;20
-0.83;-12.943;8.737;20
6.834;-24.815;19.7;20
9.432;-14.611;-1.804;20
5.79;-11.861;-9.435;20
5.066;-8.687;-1.04;20
2.764;-2.976;2.534;20
0.334;-1.055;5.654;20
-6.32;6.587;-0.319;20
-2.111;8.205;-3.099;20
0.21;7.755;2.363;20
1.265;8.98;5.212;20
1.987;10.74;4.622;20
0.027;14.785;5.587;20
-0.009;15.79;8.445;20
-0.176;14.306;7.521;20
1.043;8.82;2.498;20
0.797;3.673;-2.994;20
-3.837;1.281;-17.094;20
-9.561;-6.566;-29.053;20
3.609;-21.148;-8.832;20
15.08;-36.25;15.337;20
5.498;-11.967;10.39;20
-11.173;13.013;15.601;20
-9.905;5.848;10.725;20
-1.89;-11.941;4.338;20
-3.156;-11.876;2.971;20
-0.924;-4.046;-3.793;20
8.755;-4.771;-20.4;20
9.772;2.091;-9.549;20
6.007;3.951;-0.429;20
2.819;6.452;-3.474;20
-0.566;10.379;-1.904;20
-3.161;10.943;-0.196;20
-3.837;7.365;-1.079;20
-8.496;5.617;-5.736;20
-10.891;11.036;-9.345;20
1.005;8.087;1.517;20
7.118;2.292;6.705;20
4.578;3.522;4.461;20
-1.816;0.863;0.404;20
-5.149;-20.333;0.971;20
0.929;-36.061;22.578;20
3.809;-6.762;12.587;20
4.476;-1.658;-14.786;20
6.626;-3.986;-18.042;20
6.365;-1.477;1.643;20
2.072;3.15;7.588;20
-2.216;6.858;4.934;20
-4.208;8.707;2.621;20
-2.517;8.968;2.939;20
-0.034;7.168;2.11;20
0.343;6.074;0.942;20
0.346;5.307;-0.891;20
0.984;4.056;-1.932;20
-2.003;3.439;-9.827;20
-7.188;3.783;-11.693;20
-6.624;2.572;-0.651;20
-2.734;0.319;0.568;20
2.768;-6.749;2.288;20
6.823;-21.198;14.74;20
7.059;-6.597;7.777;20
4.734;2.278;-13.563;20
3.392;-1.472;8.77;20
0.629;-0.038;12.09;20
-2.714;-0.062;6.244;20
-6.8;-3.333;-2.542;20
-4.557;-3.314;-5.194;20
-2.715;1.117;1.389;20
-0.315;0.412;-0.417;20
0.435;3.644;-4.856;20
2.076;3.713;-3.342;20
1.879;3.954;-0.774;20
-0.678;4.625;0.743;20
-3.79;4.445;0.33;20
-4.491;2.172;-1.813;20
0.888;0.468;-0.767;20
3.188;0.93;-0.901;20
2.873;0.854;1.54;20
2.105;0.367;0.95;20
0.942;-0.535;1.183;20
-1.223;-4.026;1.677;20
-2.752;-6.702;-0.103;20
-2.309;-5.568;1.017;20
1.099;-3.392;1.342;20
4.874;-1.979;-0.652;20
6.294;-0.863;0.409;19
6.187;-2.098;-0.787;21
5.725;-1.254;-0.553;20
4.321;1.576;-0.153;19
2.265;3.994;-0.327;20
2.901;3.97;-0.204;20
4.463;2.782;0.396;20
4.23;2.78;1.479;20
0.929;3.907;4.028;20
-11.133;3.997;8.944;20
-23.445;2.707;9.869;20
-14.861;0.289;-2.461;20
-5.747;-1.664;-10.576;20
-3.484;-2.403;-3.175;21
-2.853;-2.247;0.198;20
-1.684;-3.572;0.355;19
-1.274;-3.554;-3.741;20
-1.772;-1.95;-5.215;20
0.882;0.501;-3.438;20
3.359;0.341;-1.98;20
2.568;0.266;1.71;20
0.869;2.57;6.569;20
1.593;-0.437;2.242;20
-4.115;3.258;0.373;20
-1.464;1.457;1.179;20
-1.619;2.685;2.137;20
0.064;4.275;4.736;20
2.388;2.644;5.724;20
8.233;-9.225;7.814;20
1.503;-3.203;-4.3;20
-4.155;2.499;-10.463;20
-4.673;1.59;-7.735;20
-5.547;-0.328;-4.413;20
-6.193;-0.553;0.363;20
-4.694;-2.531;5.583;20
-1.79;-3.69;10.602;20
-0.557;-2.043;13.8;20
0.354;0.164;10.773;20
1.472;0.063;6.806;20
-0.272;2.825;4.319;20
-0.844;4.556;4.087;20
0.015;3.484;4.39;20
-0.069;2.721;3.227;20
-0.931;3.167;1.701;20
-1.237;3.527;-1.004;20
-0.272;3.761;-3.633;20
2.018;2.551;-6.15;20
1.764;3.742;-4.47;20
0.564;5.515;-0.75;20
1.538;4.599;-0.55;20
4.016;1.591;-3.593;20
3.882;1.261;-6.687;20
4.401;0.777;-3.651;20
2.411;-0.026;2.159;20
-3.062;2.164;2.301;20
-2.641;4.765;-0.442;20
1.38;3.957;-0.969;20
2.581;2.552;0.884;20
0.438;2.532;4.1;20
-2.052;2.283;7.565;20
-2.562;0.867;4.232;20
-0.583;-0.465;0.202;20
-1.165;0.447;1.44;20
-2.666;0.885;1.566;20
-2.651;0.137;1.084;20
0.129;-0.01;0.559;20
1.103;0.303;-0.177;20
0.971;0.915;1.263;20
1.663;1.382;2.604;20
1.21;2.311;1.592;20
0.641;2.058;2.385;20
-0.475;1.091;2.893;20
-1.117;0.609;3.358;20
-0.182;0.419;2.841;20
1.453;0.146;0.955;20
1.887;0.502;-0.291;20
1.938;0.558;0.177;20
1.261;-0.344;-0.594;20
-0.317;-1.321;-2.443;20
-0.074;-1.642;-2.272;20
0.562;0.261;-0.141;20
1.515;2.322;2.362;20
0.156;-0.589;0.043;20
-0.087;-1.354;1.339;20
-1.474;0.139;2.255;20
-2.65;-0.659;2.053;20
0.186;-2.274;-2.776;20
5.197;-0.71;-3.645;20
2.623;1.699;2.516;20
1.429;1.527;6.054;20
1.504;1.566;4.811;20
0.077;0.894;1.227;20
-2.049;-0.035;-1.531;20
-3.066;0.948;-1.395;20
-2.167;2.248;0.888;20
1.061;1.541;0.573;20
4.064;0.988;-1.887;20
4.466;1.098;-2.25;20
2.646;1.113;-0.794;20
0.337;1.151;2.074;20
-2.718;1.712;-0.224;20
-1.599;1.047;-3.2;20
-0.98;1.38;-2.708;20
-2.042;2.682;-1.298;20
-1.221;2.205;0.327;20
-0.81;0.37;-0.044;20
-2.24;0.484;-0.168;20
-1.757;0.351;0.134;20
-0.851;0.81;0.39;20
-0.653;1.513;0.713;20
-0.629;1.918;0.698;20
-0.534;1.767;0.0;20
-0.493;1.565;-0.66;20
0.241;1.798;-0.872;20
0.825;1.929;-0.841;20
0.623;1.628;-0.839;20
0.011;2.002;0.408;20
-0.543;1.834;1.075;20
-0.59;1.103;0.702;20
-0.339;0.827;0.576;20
-1.006;1.184;0.846;20
-1.153;1.35;0.651;20
-0.675;1.286;-0.034;20
0.135;1.384;-0.947;20
0.197;1.588;-1.283;20
-0.781;1.848;-0.851;20
-1.425;1.734;-0.002;20
0.225;1.554;-0.386;19
2.624;0.985;-1.544;20
2.23;0.843;-0.829;20
1.817;0.737;-0.306;20
1.385;0.827;0.185;20
0.76;1.027;0.856;20
1.073;0.794;0.031;75
0.789;0.765;-0.053;20
0.974;0.767;-1.244;20
1.163;0.706;-0.765;20
0.713;0.624;0.044;20
0.378;0.273;0.759;20
0.793;0.374;0.633;20
0.903;0.461;0.624;20
0.87;0.343;0.708;20
0.716;0.434;0.152;20
0.233;0.461;-0.421;20
0.674;0.387;0.104;20
0.769;0.431;-0.385;20
0.55;-0.053;1.249;20
0.91;-0.121;0.888;20
0.5;0.131;0.024;19
-0.04;0.234;-0.183;20
-0.592;0.404;-0.186;20
-0.626;0.319;0.243;20
-0.081;0.108;-0.246;20
0.206;0.148;-0.396;20
0.009;0.504;-0.682;20
-0.088;0.924;-0.266;20
0.144;0.836;-0.032;20
0.258;0.638;-0.321;20
0.676;0.347;-0.929;20
0.519;0.512;-1.282;20
0.063;0.887;-0.842;20
-0.187;1.051;-0.297;20
-0.066;0.715;-0.48;20
-0.084;0.535;-0.691;20
-0.32;0.574;-0.375;20
-0.282;0.592;0.089;20
-0.256;0.53;0.174;20
-0.349;0.476;0.164;20
-0.487;0.447;-0.221;20
-0.384;0.376;-0.544;20
-0.307;0.457;-0.708;20
-0.322;0.764;-0.745;20
-0.559;1.126;-0.355;20
-0.671;1.218;-0.509;20
-1.244;1.307;-2.523;20
-0.198;0.826;-0.82;20
0.158;0.593;-0.626;20
0.224;0.742;-0.104;20
0.135;0.595;0.013;19
-0.242;0.267;0.225;20
-0.458;0.103;-0.784;20
-0.529;0.155;-0.655;20
-0.123;0.402;0.306;20
0.504;0.294;1.038;20
0.257;0.058;-0.051;20
0.007;-0.036;0.042;20
-0.03;0.155;-0.262;20
-0.091;0.182;0.033;20
0.003;0.013;0.047;20
0.099;-0.052;-0.03;20
0.066;0.021;-0.204;20
-0.084;0.085;-0.207;20
0.051;0.068;-0.352;20
0.0;0.155;-0.007;20
-0.152;0.203;0.148;20
-0.185;0.094;0.009;20
-0.266;0.144;-0.003;20
-0.408;0.201;0.107;20
-0.691;0.394;0.421;20
-0.375;0.29;0.151;20
0.684;-0.276;-0.483;20
1.985;-1.03;-0.803;20
1.718;-0.914;-0.464;20
0.939;-0.427;0.482;20
0.785;-0.541;1.324;20
0.735;-0.534;1.391;20
0.766;-0.408;1.001;20
0.296;-0.179;0.122;20
-0.571;0.095;-0.431;20
-0.681;0.229;-0.361;20
-0.705;0.446;-0.364;19
-0.216;0.436;-0.344;21
0.039;0.328;-0.312;19
0.207;0.213;-0.42;20
0.189;0.242;-0.132;20
0.357;0.144;0.252;20
0.397;0.115;-0.112;20
-0.098;0.152;-0.031;20
-0.252;-0.041;-0.196;20
-0.133;0.099;0.225;20
-0.091;0.15;0.234;20
0.103;0.125;-0.005;20
-0.103;0.23;-0.51;20
-0.02;0.117;-1.183;20
-0.075;0.114;-1.021;20
0.164;-0.157;-0.144;20
0.47;-0.22;0.457;20
0.601;-0.4;1.485;20
0.287;-0.634;1.211;20
0.008;-0.527;0.589;20
0.058;-0.419;0.215;20
0.091;-0.489;0.203;20
0.04;-0.498;0.574;20
-0.02;-0.429;0.515;20
0.172;-0.5;0.502;20
0.138;-0.399;0.161;20
0.189;-0.354;0.167;20
0.366;-0.414;0.394;20
0.309;-0.461;0.449;20
0.156;-0.56;0.449;20
0.335;-0.616;0.244;20
0.373;-0.404;0.298;20
0.224;-0.232;0.312;20
0.153;-0.409;0.314;20
-0.098;-0.221;0.42;19
-0.109;-0.022;0.579;20
0.468;-0.192;0.614;20
0.553;-0.23;0.364;20
0.259;0.002;-0.331;20
-0.171;0.239;-0.646;20
-0.309;0.269;-0.541;20
-0.277;0.343;-0.365;20
-0.165;0.167;-0.277;20
-0.313;0.172;-0.078;20
-0.427;0.344;-0.288;20
-0.184;0.304;-0.49;20
-0.002;0.266;-0.469;20
0.052;0.225;-0.142;20
-0.042;0.217;0.138;20
-0.355;0.393;-0.963;20
-0.213;0.461;0.305;20
-0.221;0.034;0.389;20
0.029;-0.077;0.187;20
0.116;-0.034;0.202;20
-0.174;0.051;-0.114;20

# Completed @Wed Jan 06 20:59:15 GMT+02:00 2021
