# Accelerometer Data File
# Started @Wed Jan 06 21:33:55 GMT+02:00 2021
#
#
# sensor Vendor: BOSCH
# sensor Name: BMI160 Accelerometer Non-wakeup
# sensor Resolution: 0.0023928226m/sec^2; Max Range: 78.4532; Min Delay: 2500 microseconds
# The sensor's attributes are the result hardware and the Android capabilities.
# It means that the Android may not utilize all features provided by the hardware.
#
# Some devices and Android versions save battery too much so the device may go to sleep.
# It just happens after couple of minutes from turning off the scree and it is easy to find it out.
#
# The following file provides the data from accelerometer in the m/s^2 format.
# The diff value is just a time delta between the samples
#
#
# data format:
# so we have 4 columns with values separated by the ";"
# X;Y;Z;time_from_previous_sample(ms)

# sensor speed set to:NORMAL
# units set to: m/sec^2
# gravity  filtered out
# Accuracy: HIGH
-1.786;6.518;6.679;0
-0.399;5.372;5.472;19
0.05;4.512;5.058;20
-0.118;4.266;4.732;20
-0.187;3.777;4.767;20
0.851;2.661;4.462;20
0.774;2.075;4.624;20
0.692;1.681;4.466;20
1.262;0.983;3.528;20
1.156;0.575;2.284;20
1.16;0.641;1.833;20
0.888;-0.072;1.404;20
-0.389;1.355;-0.025;20
0.72;0.849;1.85;20
1.39;-0.134;1.03;20
0.784;-0.033;0.464;20
0.948;0.088;1.828;20
0.367;0.22;3.283;20
-0.225;0.466;2.154;20
-0.96;0.452;0.884;20
-1.2;0.303;0.696;20
-1.216;0.538;2.199;20
-0.16;-0.474;2.778;20
-0.668;0.037;1.863;20
-0.094;-0.617;0.58;20
-0.422;-0.583;0.54;20
-0.455;-1.334;1.293;20
-0.561;-1.902;4.528;20
-1.021;-1.779;4.669;20
-1.517;-1.564;3.653;20
-2.481;-1.509;3.375;20
-2.29;-1.374;3.571;20
-1.715;-1.64;5.454;19
-0.434;-1.919;5.635;20
0.099;-1.719;5.333;20
1.373;-1.697;5.301;20
2.664;-1.357;2.379;20
2.997;-0.876;-1.549;20
2.77;-0.673;-4.18;20
2.645;-0.182;-4.722;20
2.427;-0.048;-4.804;20
2.335;0.269;-5.661;20
2.759;0.018;-5.481;20
3.358;-0.704;-2.601;20
3.61;-1.343;0.011;20
2.871;-1.244;-1.245;20
2.18;-1.208;-3.338;20
0.948;-1.146;-3.821;20
-0.444;-0.44;-2.621;20
0.264;0.078;-2.006;20
3.182;-0.437;0.222;20
4.567;-0.933;4.676;20
3.562;-2.53;13.297;20
-0.842;-3.303;13.407;20
-3.337;-1.941;8.749;20
-3.393;-1.207;2.625;20
-4.831;-0.632;-2.008;20
-4.361;-0.818;-5.015;20
-3.981;-0.476;-5.986;20
-3.975;-1.005;-5.658;20
-5.06;0.518;-4.175;20
-4.27;1.112;-3.723;20
-5.741;2.178;-2.598;20
-4.653;1.67;0.284;20
-1.815;-3.461;1.202;95
-3.434;0.411;-10.006;20
0.127;-1.979;-11.441;20
7.719;-6.69;-4.088;20
8.385;-10.462;1.977;20
5.461;-6.79;-0.723;20
0.739;-0.316;-4.906;20
4.606;-0.105;-2.786;20
11.495;-3.378;1.407;20
16.283;-3.454;2.008;20
10.761;0.991;-7.484;20
4.722;3.138;-13.71;20
6.363;-1.868;-8.803;20
6.908;-4.439;2.073;20
3.854;-0.584;19.379;20
-0.812;5.702;29.997;20
-0.36;1.365;4.105;20
2.182;-6.715;-0.349;20
1.059;-3.972;-11.141;20
0.584;-3.27;-19.069;20
2.656;-3.711;-16.243;20
8.541;-4.743;-8.274;20
13.65;-7.697;-4.614;20
5.731;-2.387;7.327;20
-6.393;1.952;-0.772;20
-18.077;6.53;-5.586;20
-11.563;5.176;-0.47;20
-5.482;3.971;1.327;20
3.704;-4.922;-0.439;20
-0.378;-1.226;-4.405;20
-2.701;-0.424;-6.45;20
-5.126;2.222;-1.472;20
-3.257;-0.492;-0.758;20
-5.29;1.615;-0.6;20
10.434;-20.005;-22.179;75
25.203;-24.123;-3.518;20
8.633;-3.768;16.958;20
12.162;-10.899;2.621;20
1.597;-5.032;1.106;20
-5.163;1.699;-3.349;20
-10.223;9.09;-5.044;20
-11.583;11.765;-5.817;20
-11.155;12.234;-1.544;20
-12.836;13.364;1.427;20
-11.703;9.308;-0.893;20
-5.863;4.941;-3.332;20
1.633;1.244;4.432;19
2.165;-0.445;8.611;20
-4.469;0.265;2.306;20
-7.678;-0.199;-5.551;20
-14.094;-10.235;-13.988;20
-4.44;-12.312;24.577;20
14.412;-13.778;-8.158;20
4.656;-7.281;-10.468;20
11.062;-6.399;12.455;20
7.914;-7.875;6.518;20
-0.096;-5.7;9.786;20
-1.896;0.108;-7.685;20
2.08;3.159;7.641;20
0.449;7.057;10.397;20
-1.644;8.655;-0.45;20
5.94;8.841;0.078;20
4.102;8.698;-1.016;20
1.451;7.123;-3.143;20
-3.389;4.922;-5.872;20
-7.275;4.938;-4.148;20
-11.774;7.06;2.47;20
-8.369;5.692;-1.197;20
-6.643;-7.521;-20.622;20
-10.39;-15.958;-6.898;20
8.629;-34.337;40.613;20
-3.731;-22.318;30.329;20
-6.774;-12.044;-3.437;20
4.6;-10.504;-27.058;20
6.578;0.246;-15.132;20
3.025;7.959;-6.577;20
-5.512;9.518;8.878;20
-6.427;12.409;-3.39;20
-8.885;17.939;-3.79;20
-6.022;16.17;-3.309;20
-2.716;11.909;-2.223;20
-1.632;9.252;-1.046;20
-0.232;6.45;0.142;20
-0.628;4.425;-2.138;20
3.583;-2.283;13.372;20
4.465;-4.098;11.56;20
-2.196;-1.952;-6.37;20
1.164;-16.097;-13.353;20
-0.294;-9.7;1.855;20
2.884;-17.139;-17.378;20
2.679;-11.267;-27.584;20
9.354;-16.665;-13.908;20
5.202;-13.591;12.509;20
3.791;-11.774;2.656;20
7.915;-9.964;47.946;20
-2.739;5.367;24.743;20
-6.436;12.799;15.547;20
0.899;11.68;10.519;20
8.053;16.772;0.442;20
5.415;1.452;-8.991;20
-3.19;5.018;-12.391;20
-10.335;6.979;-14.296;20
-11.746;10.597;-6.065;20
-5.662;4.535;3.012;20
4.466;-15.323;5.047;20
13.262;-41.076;16.513;20
1.768;-18.699;13.077;20
-2.079;-11.321;-8.914;20
-4.695;0.789;-27.678;20
0.278;8.861;-11.017;20
5.539;15.454;-2.113;20
-1.266;14.252;-3.29;20
-7.068;18.326;-5.414;20
-7.299;20.416;-4.437;20
-3.754;16.621;-5.133;20
-2.176;11.402;-3.2;20
-4.746;10.157;1.105;20
-5.403;6.461;-0.133;20
-4.023;-2.927;7.45;20
7.093;-20.478;20.387;20
3.21;-5.788;-1.878;20
-1.981;-2.446;-10.341;20
-2.969;-14.251;-11.538;20
-4.707;-6.966;-14.948;20
3.065;1.177;-8.448;20
6.92;-2.126;-28.734;20
19.732;-17.694;-11.814;20
18.417;-16.801;20.434;20
8.452;-15.436;30.643;20
-9.2;-4.997;36.278;20
-1.65;8.165;19.286;20
7.616;11.415;12.89;20
9.42;8.763;2.902;20
2.961;6.2;-14.452;20
-2.262;8.741;-7.399;20
-5.115;11.4;-4.728;20
-10.074;13.503;-2.959;20
-7.74;10.89;-2.105;20
-3.255;6.629;-0.039;20
13.191;-22.396;6.259;20
17.053;-50.471;28.06;20
-12.944;-25.889;9.697;20
-5.999;-10.009;-27.705;20
-6.727;7.206;-23.985;20
4.826;16.828;2.506;20
2.515;15.072;-11.752;20
-8.693;16.625;-8.346;20
-15.059;20.36;-10.022;20
-10.249;16.834;-4.583;20
-7.564;13.83;-3.605;20
-6.726;10.711;0.823;20
-4.906;7.851;-0.967;20
-2.777;3.733;-1.866;20
10.441;-9.096;18.112;20
12.254;-11.744;16.951;20
-0.4;0.996;-5.906;20
-2.855;-14.668;-3.117;20
-2.758;-25.786;-8.373;20
-5.274;1.369;-9.876;20
-6.368;7.493;-27.416;20
5.351;-8.644;-31.031;20
16.865;-18.574;5.476;20
21.434;-16.886;18.092;20
5.928;-12.012;57.503;20
-2.519;4.02;15.402;20
4.682;11.602;11.783;20
9.112;12.491;-1.025;20
3.77;11.334;-9.047;20
-0.176;10.88;-2.914;20
0.267;11.665;15.025;20
-4.552;10.227;-7.043;20
-9.037;11.213;-7.144;20
-7.733;8.394;-1.593;20
-0.182;2.225;-5.149;20
26.021;-32.638;-0.453;20
12.795;-43.839;26.599;20
-12.384;-21.772;7.35;20
-8.77;-7.525;-21.258;20
-4.754;7.494;-21.458;20
3.732;14.498;-0.944;20
-5.901;14.834;-8.009;20
-13.762;14.942;-4.752;20
-15.015;17.078;-7.288;20
-12.241;16.796;-4.644;20
-9.258;13.719;0.725;19
-9.625;11.316;4.159;20
-7.584;7.132;1.913;20
-2.03;0.003;-1.849;20
8.348;-9.422;7.816;20
15.665;-11.196;24.164;20
2.919;-0.744;-3.867;20
0.273;-14.137;-11.568;20
-2.766;-23.058;-6.756;20
-2.601;0.05;-10.596;20
-3.104;5.835;-15.285;20
2.352;-2.807;-24.849;20
13.268;-14.148;1.147;20
17.31;-12.407;8.522;20
16.192;-13.463;17.69;20
-4.408;-1.409;45.385;20
-0.927;8.818;11.447;20
8.89;11.147;-3.224;20
6.21;11.684;-6.425;20
2.507;11.225;-4.371;20
2.818;13.334;6.733;20
-4.721;13.373;8.624;20
-6.864;7.761;-9.983;20
-6.271;5.653;-3.005;20
0.246;0.714;-8.612;20
28.463;-36.946;6.095;20
1.837;-30.668;14.886;20
-13.87;-21.934;13.597;20
-10.336;-15.583;-11.19;20
-9.065;5.67;-23.787;20
4.3;14.13;0.483;20
2.38;16.71;-5.383;20
-10.662;14.145;-6.88;20
-14.394;16.088;-5.233;20
-11.759;15.824;-5.163;20
-8.546;14.841;-1.209;20
-8.408;12.241;2.613;20
-7.843;7.715;1.745;20
-1.019;0.31;1.558;20
9.792;-7.022;14.631;20
11.241;-9.125;17.769;20
2.993;-18.077;-0.571;20
-2.423;-25.145;-12.164;20
-8.865;1.31;-15.324;20
-8.279;8.424;-26.559;20
1.546;-1.65;-18.493;20
13.119;-10.948;0.414;20
18.385;-14.418;4.919;20
19.347;-12.645;14.007;20
5.139;-6.564;44.467;20
0.352;8.1;6.718;20
2.816;11.543;6.694;20
5.159;14.3;-4.463;20
1.65;14.835;-4.174;20
2.12;11.4;-1.425;20
4.011;8.84;20.052;20
-7.428;9.409;-11.672;20
-9.557;8.243;-3.818;20
-6.346;4.917;-1.022;20
0.628;0.708;-5.266;20
24.113;-28.14;-7.598;20
18.395;-44.251;14.127;20
-10.77;-18.982;12.984;20
-10.451;-13.286;-2.344;20
-9.154;2.047;-24.583;20
-3.822;10.624;-4.654;20
1.737;16.554;2.232;20
-2.507;13.372;-6.683;20
-11.557;11.828;-4.846;20
-12.723;13.311;-4.506;20
-12.632;13.929;-3.575;20
-10.722;11.722;2.519;20
-8.244;8.54;0.751;20
-1.905;1.315;2.388;20
6.029;-2.966;8.743;20
9.246;-2.924;20.398;20
1.543;1.598;-2.001;20
-3.186;1.156;-14.089;20
-5.852;-19.8;-14.412;20
1.584;-21.535;-12.4;20
1.631;-1.619;-14.171;20
4.667;-5.087;-16.694;20
11.794;-11.259;-2.031;20
14.421;-9.868;12.169;20
18.202;-11.567;38.883;20
4.491;-1.682;23.01;20
0.339;6.566;-4.75;20
0.198;13.494;1.779;20
5.124;13.442;5.705;20
2.805;11.327;-3.372;20
2.646;9.234;0.193;20
4.712;8.622;27.443;20
-8.368;8.477;-12.855;20
-9.161;6.831;-8.417;20
-2.586;1.207;-9.384;20
7.107;-9.71;-8.662;20
21.505;-41.388;12.338;20
-7.569;-21.861;17.669;20
-5.581;-20.782;3.297;20
-10.346;-3.658;-17.786;20
-2.947;9.437;-14.793;20
7.543;14.166;2.239;20
0.649;15.645;-8.057;20
-10.724;10.275;-4.934;20
-13.452;12.022;-4.172;20
-13.194;13.357;-3.535;20
-12.694;14.623;0.623;20
-11.425;12.306;2.644;20
-9.51;8.745;-0.947;20
-5.514;3.527;-2.25;20
5.519;-3.91;2.82;20
10.662;-5.355;12.46;20
10.32;-9.34;15.414;20
6.01;-28.045;-7.38;20
-2.22;-19.449;-15.312;20
-5.221;5.826;-22.006;20
-3.21;4.114;-23.921;20
7.8;-7.392;-4.317;20
14.964;-11.177;10.927;20
13.975;-6.337;10.835;20
10.572;-8.043;36.842;20
-1.311;1.884;12.982;20
-0.959;9.212;9.394;20
4.118;11.367;5.597;20
3.501;11.456;-5.346;20
2.124;12.014;-7.152;20
1.54;11.903;2.709;20
-0.851;10.631;18.918;20
-7.698;7.986;-14.92;20
-6.218;5.146;-6.436;20
-1.367;0.455;-8.192;20
19.43;-24.261;7.142;20
19.681;-43.087;8.634;20
-10.381;-22.669;13.845;20
-8.261;-17.815;-5.263;20
-9.31;4.289;-21.954;20
-0.765;13.833;-3.733;19
6.295;15.126;-6.537;20
-7.341;11.094;-7.529;20
-14.187;11.91;-3.044;20
-14.627;13.045;-3.628;20
-10.278;12.551;-0.438;20
-10.855;13.425;2.13;20
-10.722;10.591;2.431;20
-8.298;6.484;-2.886;20
-0.858;-1.582;-1.234;20
11.031;-7.91;8.827;21
9.288;-6.4;18.899;20
7.058;-14.694;-1.227;19
3.43;-23.744;-12.923;20
-4.897;-2.353;-13.114;20
-4.027;5.362;-16.373;20
4.671;-2.196;-24.033;20
13.111;-11.286;-1.01;20
17.422;-9.445;10.943;20
17.376;-10.229;9.566;20
-1.582;-5.684;41.222;20
-4.262;5.859;13.16;20
-0.261;10.149;11.773;20
4.084;11.809;-0.56;20
2.673;10.248;-7.82;20
0.845;9.474;-4.32;20
3.001;12.352;16.511;20
-7.19;11.818;-5.518;20
-8.085;8.031;-9.598;20
-5.496;5.224;-3.732;20
-0.508;1.255;-5.283;20
29.364;-34.289;8.51;20
11.952;-35.812;9.633;20
-5.793;-22.122;8.302;20
-7.836;-9.965;-9.188;20
-10.527;7.313;-17.295;20
-0.629;12.299;-7.63;20
1.713;10.324;-3.146;20
-10.833;9.568;-5.291;20
-15.131;12.47;-4.141;20
-13.744;13.882;-2.265;20
-10.803;13.791;0.74;20
-9.743;12.604;1.661;20
-9.045;10.512;0.725;20
-6.229;5.725;-2.002;20
4.494;-2.973;1.394;20
10.2;-5.57;16.223;20
7.982;-6.068;12.607;20
7.51;-24.349;1.599;20
-0.202;-22.755;-16.725;20
-7.293;1.567;-17.095;20
-6.104;6.493;-19.8;20
4.404;-3.837;-17.784;20
12.215;-9.471;-0.818;20
14.368;-7.889;8.838;20
18.434;-10.861;12.159;20
0.768;-5.183;41.218;20
-1.98;6.039;7.672;20
-0.803;10.401;10.314;20
4.168;12.333;-0.724;20
1.802;12.273;-6.032;20
1.914;10.586;-3.918;20
3.298;11.398;10.981;20
-4.374;9.825;8.526;20
-7.916;6.022;-12.568;20
-4.137;2.991;-8.763;20
3.276;-4.639;-5.866;20
32.166;-43.554;8.076;20
-0.482;-26.053;9.482;20
-7.862;-22.591;11.265;20
-8.086;-9.444;-14.144;20
-7.302;9.115;-18.008;20
3.081;16.259;0.205;20
2.835;14.402;-10.528;20
-8.829;10.103;-5.527;20
-13.574;11.404;-4.433;20
-13.073;13.004;-4.376;20
-11.883;14.465;-0.733;20
-12.011;14.548;1.585;20
-9.311;9.403;2.15;20
-6.926;4.729;-0.323;20
3.758;-4.48;1.256;20
11.939;-8.762;18.755;20
7.589;-7.356;10.155;20
5.799;-24.092;1.813;20
-0.793;-21.212;-13.513;20
-9.423;3.071;-18.467;20
-5.478;6.173;-24.851;20
4.625;-5.024;-17.953;20
13.821;-11.856;5.248;20
17.325;-8.258;12.634;20
15.667;-5.177;15.991;20
4.79;-3.134;35.712;20
-0.491;6.851;2.061;20
-2.529;10.511;12.793;20
2.506;11.742;3.257;20
1.442;10.511;-7.305;20
0.701;9.43;-3.907;20
1.679;9.897;9.697;20
-6.003;10.501;11.264;20
-7.219;6.373;-16.048;20
-1.768;2.102;-12.527;20
6.653;-7.771;-10.288;20
29.189;-42.272;18.277;20
-5.277;-19.668;10.968;20
-6.447;-21.612;7.558;20
-6.78;-8.316;-14.525;20
-8.376;7.085;-22.094;20
-1.434;12.141;-0.312;20
1.773;11.793;-3.299;20
-7.442;8.933;-5.856;20
-13.859;12.535;-3.909;20
-12.714;14.195;-2.13;20
-9.712;14.635;-1.657;20
-9.963;14.223;0.304;20
-7.002;9.561;-1.718;20
-3.845;4.184;1.337;20
6.38;-3.427;5.369;20
8.486;-4.885;16.019;20
11.082;-11.915;20.957;20
7.128;-25.986;-8.868;20
-0.588;-13.5;-13.314;20
-10.143;7.599;-17.692;20
-4.831;4.891;-19.763;20
6.746;-3.037;-11.775;20
9.968;-5.658;-2.573;20
15.36;-8.093;-0.499;20
15.872;-11.114;9.163;20
4.07;-12.284;37.767;20
-2.104;3.112;16.207;20
2.262;6.035;5.033;20
3.368;12.427;4.056;20
2.697;13.506;-0.063;20
3.66;10.279;-2.249;20
3.506;9.65;4.34;20
-1.438;10.653;8.947;20
-8.906;7.448;-10.16;20
-5.852;3.007;-10.24;20
0.362;-2.349;-7.131;20
16.768;-23.41;4.756;20
3.523;-23.789;9.114;20
-1.863;-19.311;10.077;20
-1.954;-13.542;-3.932;20
-6.419;0.364;-19.225;20
-2.891;8.855;-4.752;19
4.447;11.677;-3.575;20
-2.65;8.678;-9.153;20
-12.794;7.496;-0.764;20
-15.524;10.711;-0.396;20
-15.019;12.517;0.348;20
-12.848;13.287;2.202;21
-10.921;10.807;0.744;20
-7.721;6.635;-1.163;19
-0.051;-0.122;0.596;20
10.625;-4.636;12.093;20
5.387;-3.298;6.41;20
6.728;-15.754;1.303;20
6.254;-26.59;-15.234;20
-1.66;-7.144;-9.132;20
-3.577;5.607;-14.563;20
-0.713;2.552;-23.905;20
12.272;-7.849;-3.509;20
21.184;-7.595;10.78;20
18.005;-7.815;12.018;20
4.517;-9.476;35.684;20
-3.393;0.877;7.737;20
-4.6;8.002;10.392;20
0.396;11.45;11.229;20
0.78;10.956;-5.176;20
1.373;10.59;-5.109;20
1.798;12.329;8.415;20
-5.956;10.977;2.16;20
-7.973;6.152;-7.287;20
-6.24;5.312;-5.281;20
-0.128;1.27;-5.905;20
26.097;-29.219;-1.053;20
15.142;-35.204;4.345;20
-10.295;-15.663;13.031;20
-7.765;-12.36;-0.417;20
-9.276;2.173;-20.049;20
-5.112;10.144;-12.054;20
4.443;12.255;4.748;20
-2.026;8.453;-7.539;20
-11.914;8.652;-2.682;20
-12.588;10.675;0.056;20
-11.321;12.081;-2.37;20
-12.279;13.022;-0.849;20
-9.731;10.43;0.151;20
-4.001;4.562;0.959;20
4.46;-0.151;7.147;20
7.538;-1.363;10.259;20
2.407;0.662;-0.243;20
2.376;-6.222;-4.169;20
6.528;-34.972;-0.261;20
0.315;-12.162;-12.548;20
-3.459;4.977;-16.356;20
-1.545;3.679;-24.202;20
9.729;-7.166;-1.331;20
16.661;-6.104;11.493;20
13.479;-3.714;6.837;20
8.816;-6.914;23.492;20
-4.215;-0.641;18.765;20
-3.175;5.958;12.88;20
3.621;8.762;10.341;20
3.274;9.437;-5.672;20
1.792;10.598;-8.644;20
-1.742;13.098;-4.112;20
-1.106;13.521;18.665;20
-5.202;7.388;-6.451;20
-5.1;4.718;-9.212;20
-1.531;1.461;-8.733;20
20.79;-22.312;2.33;20
21.244;-38.459;1.14;20
-9.048;-18.818;12.554;20
-9.087;-15.044;4.339;20
-7.494;-2.607;-15.763;20
-9.217;8.939;-17.101;20
0.219;13.559;3.966;20
1.212;9.448;-6.218;20
-9.826;7.759;-4.365;20
-12.551;10.106;-2.024;20
-11.979;12.255;-1.154;20
-13.37;13.704;-0.745;20
-12.278;11.679;1.283;20
-8.733;7.014;2.476;20
-0.681;0.403;-0.261;20
7.205;-3.438;10.548;20
10.617;-6.504;24.082;20
7.411;-14.969;-5.37;20
14.202;-14.07;-1.974;105
17.333;-10.347;6.053;20
14.996;-11.275;9.121;20
-2.269;-7.491;29.473;20
-4.845;3.897;3.44;20
0.908;8.259;0.17;20
3.893;11.479;3.236;20
3.342;10.599;-7.648;20
3.075;9.256;-10.768;20
-0.504;11.112;-7.089;20
-3.032;10.106;15.01;20
-7.651;5.012;-6.713;20
-4.51;3.114;-16.662;20
1.554;-1.362;-7.51;20
23.924;-28.765;1.782;20
15.432;-37.371;3.691;20
-10.886;-18.463;11.57;20
-9.662;-11.604;0.323;20
-7.538;2.461;-26.539;20
-4.669;11.089;-11.035;20
2.258;12.336;1.849;20
-1.123;7.545;-6.989;20
-11.322;6.745;-5.0;20
-13.525;10.564;-2.571;20
-11.418;13.644;-2.137;20
-12.456;15.74;-1.287;20
-10.007;12.25;-0.035;20
-4.052;4.656;1.886;20
6.703;-3.542;6.214;20
10.719;-6.234;17.668;20
3.598;-3.731;1.875;20
3.307;-20.062;2.804;20
-0.138;-23.728;-11.843;20
-5.559;-1.421;-17.307;20
-5.853;7.182;-22.424;20
1.493;-1.34;-20.968;20
12.772;-9.771;1.092;20
15.884;-7.444;4.98;20
15.807;-6.495;11.245;20
8.78;-6.798;34.698;20
-2.454;2.881;17.915;20
-2.409;8.554;6.732;20
2.453;11.226;5.397;20
2.579;12.578;-3.151;20
2.935;10.327;-6.43;20
1.579;10.098;-1.943;20
-2.877;12.007;9.944;20
-7.537;7.282;1.152;20
-5.438;2.819;-14.414;20
0.581;-0.963;-11.125;20
20.657;-24.455;0.158;20
15.015;-35.747;10.398;20
-11.447;-19.678;18.267;20
-9.313;-17.115;2.612;20
-8.222;-1.854;-21.232;20
-4.927;9.695;-19.275;20
3.246;14.318;7.221;20
3.239;13.235;-3.028;20
-7.64;7.876;-5.803;20
-12.936;8.645;-2.966;20
-12.947;12.642;-1.388;20
-12.381;15.148;-1.084;20
-10.862;13.64;-1.13;20
-7.478;8.309;-0.077;20
-2.77;2.539;1.132;20
8.165;-3.988;10.848;20
8.455;-3.24;17.65;20
3.513;-4.005;-4.156;20
9.015;-27.466;-2.255;20
1.613;-20.44;-14.15;20
-3.538;3.053;-14.216;20
-1.117;5.666;-19.032;20
7.732;-3.676;-13.711;20
14.231;-8.088;3.264;20
14.694;-5.225;11.6;20
10.213;-7.423;18.555;20
-5.216;-4.225;28.423;20
-5.567;4.059;7.449;20
-0.295;7.911;4.928;20
3.23;11.54;5.502;20
3.293;11.927;-5.324;20
2.989;10.866;-4.367;20
2.436;10.728;8.077;20
-3.796;9.983;8.714;20
-8.685;4.819;-10.251;20
-4.277;1.925;-11.932;20
4.293;-5.114;-4.055;20
30.25;-38.097;5.495;20
7.572;-33.08;10.652;19
-12.569;-16.504;12.847;20
-9.307;-8.19;-15.677;20
-7.919;6.366;-18.165;20
-1.041;13.713;1.344;20
2.919;14.984;-5.401;20
-6.519;10.381;-5.745;20
-14.071;10.348;-3.01;20
-14.03;12.139;-2.701;20
-11.905;12.833;-0.738;20
-10.835;12.374;-0.669;20
-8.234;8.127;0.411;20
-5.94;4.017;0.357;20
2.462;-2.586;0.707;20
10.759;-5.816;17.849;20
8.11;-5.728;10.704;20
7.961;-20.675;-1.365;20
1.723;-22.107;-13.773;20
-6.236;0.502;-15.755;20
-3.116;6.206;-19.964;20
6.41;-3.177;-17.459;20
13.698;-9.593;-0.052;20
15.497;-6.609;9.212;20
14.316;-4.631;13.681;20
2.584;-4.698;30.638;20
-4.021;2.823;11.53;20
-3.653;8.118;7.628;20
-0.25;10.874;11.254;20
2.443;10.759;-2.176;20
2.716;8.254;-7.905;20
1.246;9.552;-4.311;20
-2.772;12.514;13.515;20
-7.041;7.63;1.076;20
-5.626;3.769;-13.329;20
-1.156;0.999;-10.336;20
18.752;-18.982;1.614;20
28.857;-43.108;3.486;20
-8.751;-20.073;13.897;20
-13.402;-15.011;6.723;20
-8.976;-2.327;-17.711;20
-8.076;10.588;-16.181;20
-0.902;14.201;-0.411;20
2.248;12.714;-1.67;20
-6.224;7.72;-3.918;20
-13.139;8.996;-2.873;20
-12.67;11.028;-1.07;20
-11.334;12.456;-1.601;20
-11.074;12.593;-2.187;20
-7.414;8.242;0.202;20
-2.929;2.884;0.585;20
7.282;-3.673;4.26;20
8.104;-3.151;14.877;20
4.717;-4.332;3.25;20
9.085;-24.537;1.495;20
1.649;-21.767;-14.042;20
-3.051;1.388;-13.636;20
-2.863;8.431;-19.43;20
6.262;-3.038;-15.827;20
13.934;-8.152;6.583;20
16.391;-3.766;13.628;20
11.632;-5.839;12.645;20
-0.799;-5.69;25.784;20
-4.774;3.861;7.471;20
-1.988;8.272;7.061;20
1.597;11.069;11.039;20
3.147;9.876;-3.678;20
3.477;8.974;-9.351;20
-0.343;12.083;-4.693;20
-2.019;12.925;16.858;20
-5.756;6.001;-4.001;20
-4.113;2.106;-15.058;20
2.343;-3.487;-6.075;20
23.728;-27.153;4.841;20
14.504;-33.486;1.408;20
-11.086;-19.006;11.917;20
-8.893;-12.199;-0.952;20
-8.456;2.294;-15.949;20
-5.588;10.538;-6.832;20
1.742;11.983;0.17;20
-2.515;9.215;-4.169;20
-11.801;7.75;-1.84;20
-13.67;10.198;-0.912;20
-12.604;12.912;0.5;20
-12.957;14.37;0.989;20
-10.484;11.202;-1.004;20
-6.6;5.67;-0.093;20
-0.807;-0.693;-1.248;20
7.75;-5.222;9.007;20
11.543;-7.837;22.51;20
8.727;-14.868;-8.106;20
5.163;-21.08;-16.005;20
-5.017;-5.435;-9.56;20
-3.659;5.659;-13.675;20
1.056;2.945;-19.588;20
10.046;-6.668;-5.338;20
14.041;-7.897;5.338;20
15.101;-5.994;9.252;20
9.594;-8.527;21.946;20
-3.854;-1.811;24.514;20
-1.853;6.293;4.427;20
-0.53;10.96;4.547;20
1.047;13.762;3.085;20
3.501;10.683;-3.278;20
2.866;7.594;-4.052;20
0.154;9.433;2.663;20
-4.569;10.652;12.236;20
-6.492;4.283;-9.503;20
-1.753;0.524;-14.007;20
9.669;-10.909;-3.26;20
27.864;-39.005;0.758;20
-1.562;-25.228;11.408;20
-12.68;-17.828;13.275;20
-9.516;-9.593;-11.342;20
-7.855;6.196;-22.271;20
-0.335;13.888;3.809;20
2.705;15.808;-5.094;20
-3.823;10.347;-6.001;20
-12.437;8.753;-3.178;20
-14.07;11.537;-2.11;20
-11.927;12.875;0.142;20
-12.255;14.244;0.111;20
-10.613;10.61;1.501;20
-6.613;4.745;-0.009;20
2.585;-2.828;1.692;20
12.425;-7.366;21.364;20
7.241;-5.933;10.199;20
6.383;-16.649;-9.329;20
3.934;-22.25;-10.953;20
-7.096;-1.482;-14.402;20
-2.743;5.37;-18.703;20
5.292;-1.211;-15.902;20
11.263;-7.234;1.189;20
15.811;-8.826;5.537;20
14.79;-5.553;11.421;20
6.574;-3.986;24.879;20
-2.288;-0.326;20.8;20
-2.281;6.172;-3.028;20
-3.797;9.927;2.67;20
-0.848;13.069;12.665;20
2.91;9.811;1.005;20
3.285;6.525;-7.022;19
0.501;8.257;-1.73;20
-3.765;10.982;12.844;20
-7.541;5.747;-3.609;20
-0.621;-0.336;-17.634;20
9.642;-10.562;-6.238;20
24.461;-32.285;2.776;20
1.53;-22.388;9.28;20
-9.378;-18.408;13.535;20
-6.591;-10.968;-9.853;20
-8.204;4.418;-24.11;20
-2.41;9.764;1.273;20
2.0;11.483;-0.985;20
-4.626;8.981;-5.056;20
-12.076;8.167;-1.508;20
-14.052;12.528;-1.731;20
-14.452;15.885;-0.74;20
-11.325;14.788;-0.041;20
-7.487;10.148;-0.313;20
-4.944;5.052;1.6;20
0.07;-0.294;1.905;20
7.792;-4.24;13.794;20
7.388;-4.888;15.845;20
7.816;-18.479;-6.91;20
7.664;-27.331;-12.044;20
-4.244;-1.627;-14.371;20
-3.407;8.549;-17.41;20
3.049;2.964;-19.025;20
11.941;-5.146;-2.174;20
16.779;-7.628;6.442;20
14.243;-6.928;10.994;20
3.042;-8.402;18.997;20
-12.577;-4.179;26.598;20
-4.651;4.793;7.426;20
2.031;8.024;3.381;20
3.33;10.962;1.805;20
4.159;11.263;-7.406;20
2.734;10.007;-4.281;20
2.592;9.442;8.317;20
-3.282;10.306;14.498;20
-7.199;3.787;-10.049;20
0.456;-2.151;-16.232;20
9.607;-13.007;-5.705;20
15.938;-30.159;2.686;20
-2.56;-25.558;16.11;20
-4.912;-19.786;11.144;20
-6.514;-4.813;-19.723;20
-5.231;8.713;-16.33;20
1.8;13.322;8.291;20
5.308;13.117;-4.593;20
-2.899;8.828;-8.183;20
-11.841;7.329;-2.841;20
-13.325;10.392;-2.771;20
-13.459;13.762;-0.46;20
-13.79;14.897;-0.242;20
-9.479;9.928;0.031;20
-5.776;4.746;-1.428;20
0.822;-0.578;2.2;20
10.381;-4.378;18.624;20
8.25;-5.067;16.235;20
3.437;-15.385;-0.867;20
4.317;-24.92;-14.289;20
-3.929;-5.672;-15.883;20
-4.691;6.467;-19.191;20
5.039;-0.709;-24.589;20
12.085;-6.644;-0.853;20
16.214;-7.245;5.309;20
14.75;-5.656;12.233;20
5.669;-6.276;24.793;20
-6.459;-3.23;24.025;20
-3.847;4.535;5.201;20
-3.009;8.721;7.216;20
-1.756;12.702;4.233;20
1.603;11.817;-3.619;20
3.0;8.572;-4.622;20
2.016;8.554;2.338;20
-3.359;9.507;12.916;20
-9.357;5.626;-5.629;20
-2.555;0.952;-16.344;20
6.953;-5.569;-8.716;20
29.93;-33.839;3.683;20
5.427;-24.371;8.646;20
-11.912;-14.707;13.611;20
-7.609;-12.846;-6.217;20
-10.018;1.587;-25.956;20
-3.186;9.107;1.186;20
3.095;12.112;7.003;20
0.31;10.978;-8.611;20
-7.884;8.317;-2.783;20
-12.203;10.788;0.071;20
-14.068;14.157;-1.554;20
-11.713;14.033;-1.364;20
-7.833;9.941;-1.661;20
-3.836;4.195;-0.676;20
1.497;-1.236;1.29;20
7.358;-4.585;12.618;20
5.904;-1.145;11.75;20
1.787;-3.945;-5.684;20
4.997;-22.094;-1.021;20
-0.786;-13.315;-13.238;20
-3.074;3.51;-14.805;20
1.65;2.891;-19.911;20
11.279;-5.753;-11.528;20
15.366;-7.204;2.706;20
14.854;-4.992;9.41;20
9.089;-7.778;16.552;20
-8.15;-7.953;31.555;20
-6.682;2.142;11.208;20
0.664;6.494;-0.667;20
1.467;11.223;0.483;20
2.357;14.016;1.564;20
3.814;10.534;-1.974;20
2.537;7.314;-1.971;20
-0.928;9.532;6.664;20
-8.588;9.072;8.88;20
-5.308;1.523;-13.387;20
3.637;-4.53;-13.331;20
22.467;-27.089;-4.515;20
15.367;-34.092;4.764;20
-9.398;-16.594;18.286;20
-8.957;-12.417;-1.399;20
-10.208;-0.011;-22.172;20
-6.167;9.414;-6.997;20
2.674;12.563;4.516;20
3.875;12.949;-4.608;20
-7.208;10.061;-5.519;20
-13.282;9.637;-1.049;20
-14.112;12.235;-1.188;20
-14.773;14.071;-0.567;20
-11.023;10.734;2.19;20
-6.016;5.372;1.288;20
-1.327;0.795;1.478;20
5.913;-3.596;8.725;20
8.629;-2.719;18.608;20
1.71;-1.164;-8.629;20
4.324;-16.081;-10.771;20
5.319;-24.032;-6.348;19
0.508;-3.178;-9.997;20
-0.157;4.648;-10.606;20
2.935;1.315;-17.755;20
14.095;-6.419;-4.505;20
17.226;-6.21;10.477;20
13.121;-4.93;12.793;20
1.364;-6.565;24.05;20
-5.399;-0.208;16.488;20
-3.382;6.176;1.882;20
-2.009;10.936;7.705;20
1.328;11.528;5.483;20
3.286;7.719;-4.645;20
1.444;7.818;-4.549;20
-1.444;11.863;4.457;20
-6.163;8.65;3.895;20
-3.911;2.025;-14.291;20
3.469;-3.323;-9.608;20
18.656;-20.033;3.574;20
14.175;-27.609;0.045;20
-8.538;-18.719;8.621;20
-9.361;-17.534;7.778;20
-6.634;-5.202;-17.762;20
-3.683;7.093;-12.543;20
0.112;12.132;8.502;20
-0.43;11.796;-6.005;20
-6.872;7.406;-4.544;20
-12.263;8.112;-0.504;20
-15.35;12.971;0.108;20
-14.022;14.953;0.213;20
-10.824;13.069;-0.391;20
-5.443;7.19;-1.747;20
0.236;1.137;0.822;20
6.691;-3.247;10.247;20
10.334;-5.434;21.716;20
4.648;-6.764;-8.052;20
4.42;-17.923;-9.599;20
-2.211;-13.417;-6.902;20
-5.131;3.386;-13.373;20
1.254;1.847;-19.573;20
9.724;-5.117;-12.743;20
13.473;-7.482;-0.437;20
15.662;-6.108;10.366;20
12.259;-6.733;19.607;20
-0.718;-5.725;27.162;20
-3.798;2.373;5.823;20
-1.767;6.4;1.252;20
-0.279;11.922;4.684;20
0.274;13.724;1.616;20
1.52;9.322;-2.025;20
1.642;6.956;3.97;20
-1.089;8.956;11.276;20
-10.835;7.224;-6.331;20
-3.436;0.258;-12.821;20
6.761;-8.611;-8.908;20
18.602;-27.884;-5.277;20
6.71;-27.264;10.067;20
-2.521;-15.951;16.695;20
-4.899;-9.867;-6.257;20
-7.979;1.571;-24.41;20
-3.786;9.673;-1.267;20
0.757;14.08;4.975;20
0.778;12.135;-7.069;20
-8.453;8.188;-4.534;20
-13.318;9.219;-2.28;20
-14.966;12.805;-2.192;20
-14.312;13.827;-1.736;20
-9.563;10.825;0.608;20
-4.741;4.778;0.299;20
0.661;-0.662;3.139;20
11.331;-4.934;23.039;20
8.4;-4.231;10.721;20
0.594;-9.159;-9.851;20
4.202;-25.915;-5.901;20
-4.77;-8.545;-9.099;20
-5.623;4.884;-14.569;20
3.182;0.752;-22.24;20
8.651;-3.811;-11.511;20
12.917;-7.017;2.816;20
15.631;-5.522;9.031;20
11.907;-6.36;23.37;20
2.817;-4.394;26.63;20
-0.555;4.177;-1.076;20
-0.081;7.353;-3.087;20
-0.274;12.63;12.933;20
1.525;11.982;4.163;20
1.573;7.862;-5.553;20
-0.231;8.05;2.743;20
-5.981;11.023;11.7;20
-9.324;5.238;-5.466;20
-3.901;0.909;-14.377;20
4.021;-5.005;-7.821;20
21.14;-26.21;-0.399;20
8.27;-26.495;6.839;20
-7.363;-15.608;14.358;20
-5.505;-12.852;-1.405;20
-7.852;0.389;-25.782;20
-3.915;8.456;-2.925;20
1.908;11.168;6.333;20
1.629;9.76;-8.116;20
-7.404;6.585;-4.862;20
-11.86;7.851;0.289;20
-14.628;13.56;0.421;20
-14.879;15.356;0.756;20
-9.918;10.981;-0.469;20
-5.806;5.364;-0.461;20
-2.244;0.727;0.515;20
6.336;-4.463;7.173;20
8.373;-5.463;21.155;20
3.931;-8.931;-1.389;20
4.006;-19.516;-8.087;20
-3.814;-9.351;-13.601;20
-4.933;2.855;-14.917;20
2.273;0.426;-22.588;20
10.434;-5.891;-7.339;20
14.582;-7.143;0.497;20
15.476;-4.939;6.12;20
13.65;-6.569;17.516;20
2.68;-5.239;31.902;20
-1.888;4.08;6.913;20
-0.696;7.154;0.674;20
-1.478;12.632;6.033;20
0.872;13.447;3.011;20
3.796;7.61;-3.979;20
0.983;6.213;-2.484;20
-2.594;9.761;9.673;20
-9.773;8.614;4.644;20
-3.634;0.186;-16.777;20
5.79;-7.369;-12.282;20
21.171;-27.008;-0.578;20
6.157;-26.049;7.887;20
-7.307;-22.269;17.033;20
-7.796;-15.562;-4.776;19
-9.86;1.014;-23.527;20
-4.828;10.243;-1.189;20
0.729;15.163;4.386;20
0.818;13.823;-7.97;20
-7.57;9.877;-4.051;20
-12.696;11.022;-2.466;20
-15.133;14.788;-3.446;20
-12.492;14.262;-1.355;20
-7.864;9.304;1.694;20
-6.213;4.961;-0.176;20
-2.188;-0.066;1.32;20
9.424;-6.243;14.587;20
9.129;-4.474;16.276;20
3.158;-7.95;-6.694;20
6.555;-25.284;-5.585;20
-2.463;-12.209;-14.185;20
-4.541;4.799;-16.451;20
1.958;1.689;-21.478;20
11.455;-6.898;-4.084;20
15.238;-7.758;7.082;20
13.951;-3.557;12.294;20
8.305;-4.178;22.269;20
-1.451;-1.487;25.225;20
-1.659;5.691;-0.699;20
-1.872;9.183;1.407;20
-2.763;13.476;12.067;20
0.832;10.632;-0.653;20
1.98;7.503;-7.72;20
-1.485;8.795;-2.588;20
-3.855;10.306;15.314;20
-6.455;4.927;-2.539;20
-1.192;0.2;-20.785;20
9.141;-9.534;-4.853;20
26.339;-31.136;4.973;20
4.783;-21.744;4.959;20
-9.928;-17.564;12.112;20
-8.038;-13.227;-5.22;20
-9.813;1.696;-25.481;20
-4.988;8.152;0.841;20
1.482;11.183;5.423;20
-0.942;10.161;-6.222;20
-9.32;8.68;-1.904;20
-13.36;11.356;-0.416;20
-15.288;15.084;-1.058;20
-13.011;14.682;0.64;20
-7.859;9.497;-0.455;20
-4.353;4.241;-0.942;20
0.642;-0.569;0.766;20
8.186;-4.535;13.42;20
6.882;-4.47;11.157;20
6.461;-13.94;-7.847;20
7.55;-25.943;-6.629;20
-3.171;-6.17;-10.843;20
-4.246;6.843;-15.907;20
1.345;2.571;-22.272;20
11.699;-5.843;-2.851;20
15.882;-6.673;9.539;20
13.227;-2.863;9.837;20
9.483;-7.444;17.859;20
-3.872;-2.2;27.225;20
-3.467;5.978;4.168;20
-0.356;8.826;5.034;20
0.61;11.975;5.503;20
2.189;10.064;-4.293;20
1.755;8.152;-6.345;20
-2.378;9.555;-0.72;20
-5.745;10.402;14.495;20
-6.022;3.094;-7.254;20
0.254;-1.386;-18.79;20
13.345;-14.306;-1.496;20
23.784;-32.833;3.704;20
-3.949;-20.322;11.585;20
-10.328;-19.165;10.047;20
-8.601;-7.226;-15.729;20
-7.933;7.682;-16.48;20
-0.663;12.06;5.498;20
3.828;13.273;-3.272;20
-2.351;10.163;-7.237;20
-9.687;7.391;-2.669;20
-11.403;9.298;-1.081;20
-13.408;12.755;0.641;20
-13.869;13.256;1.269;20
-10.469;8.923;0.211;20
-5.944;3.794;-0.292;20
2.896;-2.246;0.1;20
9.429;-5.281;16.68;20
7.928;-8.03;14.053;20
6.911;-16.694;-8.296;20
2.951;-17.376;-9.608;20
-7.21;2.022;-14.455;20
-4.532;6.114;-17.651;20
7.524;-3.236;-19.493;20
13.907;-8.846;-1.292;20
17.012;-7.222;4.694;20
14.323;-4.701;11.238;20
4.204;-7.523;28.655;20
-5.882;-1.034;20.801;20
-1.687;5.534;2.333;20
-0.139;9.094;3.007;20
-0.002;13.568;5.466;20
2.033;11.36;-2.64;20
2.994;7.33;-4.95;20
-0.726;8.471;-1.217;20
-5.595;11.39;12.508;20
-6.874;4.148;-4.685;20
0.873;-2.333;-17.165;20
13.404;-15.346;-2.52;20
20.084;-30.86;0.474;20
-2.062;-22.328;10.859;20
-7.328;-17.899;10.743;20
-8.736;-6.711;-12.467;20
-9.264;6.211;-23.632;20
-2.76;11.273;4.243;20
3.979;12.444;3.166;20
-1.474;9.309;-5.718;20
-10.929;8.046;-3.305;20
-13.156;11.473;-1.191;20
-14.55;15.343;0.367;20
-12.826;14.494;1.678;20
-8.555;8.599;-0.041;20
-4.938;3.526;-1.818;20
3.489;-2.025;4.087;20
8.301;-3.791;15.702;20
5.205;-5.199;1.153;20
7.546;-21.194;-3.644;20
4.191;-24.531;-11.408;20
-4.014;-0.883;-15.641;20
-3.109;6.526;-15.608;20
5.002;-0.358;-15.837;20
12.72;-6.221;0.335;20
15.246;-5.685;10.627;20
13.871;-4.425;12.793;20
4.627;-5.737;31.691;20
-3.984;2.226;13.357;19
-2.035;7.549;-1.021;20
-0.883;10.974;8.387;20
0.966;11.709;2.808;20
1.356;9.361;-8.681;20
-0.439;8.345;-4.029;20
-2.395;9.567;8.974;20
-7.55;7.929;13.012;20
-5.678;1.615;-16.701;20
2.965;-2.631;-16.353;20
22.624;-23.492;1.779;20
18.88;-31.51;4.134;20
-9.184;-15.415;8.99;20
-9.602;-16.594;6.273;20
-9.985;-6.568;-17.292;20
-7.124;6.289;-13.502;20
0.016;11.636;7.908;20
3.214;14.631;-0.669;20
-1.763;11.26;-8.025;20
-9.081;7.726;-0.487;20
-13.097;9.857;0.192;20
-14.816;11.989;-0.408;20
-12.864;11.333;0.66;20
-9.595;7.24;-0.703;20
-3.901;1.555;-1.273;20
3.437;-2.739;3.055;20
9.546;-3.56;22.966;20
7.015;-4.539;2.976;20
3.636;-12.036;-13.342;20
3.876;-20.004;-11.255;20
-2.758;-2.625;-13.307;20
-1.075;6.045;-16.161;20
7.507;-1.214;-12.409;20
12.974;-6.245;-0.69;20
15.337;-5.668;8.407;20
13.085;-4.633;12.068;20
2.776;-7.432;30.549;20
-4.318;1.16;14.337;20
-0.518;6.061;-4.1;20
-0.641;10.661;2.583;20
-0.931;14.107;6.197;20
1.591;10.118;-1.073;20
2.059;5.62;-3.493;20
-1.487;7.708;4.438;20
-8.018;9.746;8.586;20
-5.12;1.321;-13.001;20
4.536;-5.938;-14.053;20
20.325;-24.062;1.454;20
11.23;-25.784;3.861;20
-8.606;-15.486;11.616;20
-7.478;-15.849;3.814;20
-9.11;-3.888;-18.258;20
-7.319;7.422;-16.499;20
0.917;9.778;10.332;20
4.779;10.727;-2.034;20
-3.033;8.516;-7.005;20
-10.646;8.193;-1.415;20
-13.104;12.0;0.364;20
-15.165;15.077;0.004;20
-12.237;12.931;1.535;20
-7.96;7.445;-0.707;20
-4.019;2.496;-1.514;20
5.401;-3.127;4.667;20
9.349;-4.444;23.407;20
7.459;-7.803;-1.706;20
8.337;-22.634;-7.936;20
1.091;-15.299;-6.849;20
-8.236;5.857;-17.19;20
-4.495;5.748;-20.677;20
9.113;-4.679;-8.019;20
11.509;-7.005;0.306;20
13.777;-7.645;2.121;20
13.221;-4.776;12.77;20
4.722;-3.771;25.323;20
-1.885;0.023;17.431;20
-1.638;5.671;-0.743;20
-1.265;8.208;5.541;20
-1.43;13.025;10.746;20
1.549;10.395;-2.005;20
2.287;6.893;-7.655;20
-1.891;9.399;-4.227;20
-2.926;10.725;17.191;20
-6.324;3.874;-5.388;20
0.133;-1.956;-21.467;20
11.315;-12.99;0.326;20
21.925;-28.952;5.666;20
-2.572;-17.648;5.451;20
-11.678;-19.038;11.112;20
-7.682;-12.604;-9.002;20
-7.713;4.534;-19.513;20
-1.526;10.376;-0.142;20
2.748;13.165;0.973;20
1.061;10.512;-5.533;20
-6.806;6.382;-1.953;20
-12.067;8.344;-0.21;20
-13.376;11.118;0.509;20
-13.093;12.764;0.975;20
-10.337;10.5;1.395;20
-2.495;2.95;0.223;20
6.149;-2.301;8.382;20
7.401;-2.252;22.677;20
1.773;-4.502;-2.092;20
0.96;-16.67;-8.811;20
1.142;-18.521;-9.319;20
-5.532;-0.409;-14.316;20
-1.372;2.565;-19.169;20
6.043;-3.227;-16.618;20
12.204;-6.83;-1.609;20
14.588;-5.474;6.696;20
14.048;-3.191;13.018;20
5.414;-3.724;27.127;20
-0.204;-1.722;16.664;20
0.551;5.543;-4.237;20
-2.002;9.009;1.442;20
-3.298;12.679;12.138;20
1.132;10.432;0.024;20
2.049;7.459;-7.342;20
0.074;7.802;-1.38;20
-3.149;10.215;12.695;20
-6.482;4.771;-2.208;20
0.622;-2.08;-20.36;20
13.772;-15.079;-5.563;20
23.336;-33.018;3.948;20
-4.497;-16.448;6.149;20
-10.27;-14.9;8.272;20
-7.988;-9.167;-5.66;20
-9.992;3.235;-22.68;20
-5.047;8.146;-4.503;20
1.12;9.125;7.657;20
-0.509;10.2;-6.198;20
-7.04;9.42;-1.963;20
-12.15;10.903;-0.007;19
-13.962;13.905;-1.608;20
-11.665;13.76;0.735;20
-7.56;8.495;2.18;20
-2.781;2.441;1.821;20
2.569;-2.112;3.323;20
9.431;-5.363;27.025;20
7.555;-7.957;2.224;20
5.286;-17.704;-18.642;20
0.868;-14.336;-4.828;20
-6.915;2.481;-12.501;20
-3.084;3.835;-20.877;20
7.177;-3.41;-13.656;20
12.593;-6.169;1.293;20
14.014;-4.347;6.355;20
12.306;-3.52;12.586;20
3.814;-7.725;23.481;20
-3.944;-2.402;18.563;20
-0.214;5.142;2.272;20
0.94;8.357;0.769;20
-0.073;13.231;4.814;20
1.589;12.431;-1.923;20
2.189;8.5;-4.473;20
-1.093;9.094;-0.136;20
-4.112;10.498;11.937;20
-4.38;2.86;-7.517;20
3.713;-5.737;-14.36;20
14.82;-17.465;-0.174;20
14.153;-23.016;-2.192;20
-2.993;-16.728;4.945;20
-7.536;-17.407;9.359;20
-6.571;-8.634;-9.216;20
-7.499;4.955;-15.514;20
-2.756;9.198;3.118;20
1.468;10.275;-1.257;20
-0.208;8.189;-5.486;20
-7.869;5.945;-1.678;20
-11.717;8.614;-1.363;20
-13.342;13.02;-0.201;20
-14.47;15.29;1.177;20
-12.156;11.605;0.71;20
-6.546;4.824;1.186;20
1.754;-1.526;2.001;20
9.008;-4.435;24.19;20
9.742;-9.014;12.44;20
5.408;-15.767;-19.635;20
1.907;-17.786;-10.971;20
-6.979;-1.405;-9.503;20
-3.142;4.254;-15.119;20
4.488;-0.407;-16.82;20
10.936;-6.444;-4.177;20
15.437;-9.195;2.908;20
15.316;-5.671;10.68;20
8.479;-4.735;22.858;20
-2.264;-3.324;28.189;20
-2.089;4.185;1.897;20
-0.175;7.716;-7.11;20
-2.941;12.651;8.101;20
0.093;12.427;12.131;20
2.556;7.176;-5.039;20
-1.081;7.565;-8.748;20
-5.947;10.497;0.392;20
-6.913;7.018;14.055;20
-3.087;1.07;-15.111;20
6.151;-4.857;-13.803;20
20.858;-22.552;6.314;20
10.745;-22.593;2.707;20
-8.007;-16.209;11.162;20
-7.118;-15.942;3.976;20
-6.417;-2.98;-21.209;20
-5.973;7.329;-10.893;20
0.968;9.677;7.602;20
3.348;9.749;-6.505;20
-1.474;5.926;-3.189;20
-9.364;5.807;-0.443;20
-12.862;9.394;-0.528;20
-14.437;12.879;0.934;20
-13.931;13.742;1.101;20
-10.598;9.292;0.42;20
-2.145;2.384;1.395;20
7.309;-0.212;13.829;20
5.769;-0.008;8.932;20
1.997;-3.407;-9.949;20
8.343;-21.911;-1.749;20
3.645;-17.514;-13.233;20
-0.314;-2.631;-13.139;20
1.628;2.682;-18.317;20
6.217;-1.485;-11.412;20
12.885;-6.618;3.268;20
13.89;-5.976;5.989;20
10.019;-4.749;17.142;20
-2.376;-5.947;29.138;20
-4.219;-1.049;11.891;20
-1.988;5.687;-6.437;20
-0.739;9.93;-0.442;20
-0.637;13.943;10.627;20
2.418;10.3;1.29;20
1.29;8.714;-7.868;20
-1.714;10.999;1.523;20
-2.019;9.013;15.793;20
-4.391;2.228;-10.529;20
1.887;-2.951;-18.119;20
14.94;-16.451;0.53;20
20.425;-27.44;-0.027;20
-3.4;-16.853;7.982;20
-10.095;-16.444;10.498;20
-7.559;-8.275;-14.756;20
-8.588;5.099;-15.305;20
-3.2;10.248;3.086;20
1.589;10.894;-1.005;20
-1.031;8.054;-3.964;20
-8.099;5.502;-1.482;20
-11.978;7.572;0.202;20
-13.887;11.316;0.844;20
-14.016;13.144;2.667;20
-12.177;10.575;2.534;20
-4.329;2.895;0.144;20
3.817;-1.915;3.2;20
9.446;-3.578;23.475;20
9.572;-9.185;1.386;20
6.841;-15.797;-18.929;20
2.888;-16.231;-10.333;20
-6.163;0.983;-12.676;20
-3.141;5.608;-17.089;20
5.028;-1.825;-12.252;20
11.608;-7.153;0.735;20
15.38;-7.414;4.18;20
14.146;-4.771;13.11;20
4.933;-3.529;25.953;20
-3.564;1.006;19.701;19
-2.852;5.614;-0.971;20
-2.718;8.661;0.953;20
-3.472;12.646;3.887;20
-1.84;12.634;-1.86;20
0.559;9.167;-0.739;20
0.361;6.539;-0.13;20
-4.389;8.407;1.132;20
-7.337;6.445;0.325;20
1.442;-1.041;-10.118;20
18.558;-17.96;-14.153;20
23.698;-36.719;-6.929;20
-9.07;-13.292;6.476;20
-6.748;-12.526;7.486;20
-5.905;-10.124;1.855;20
-7.024;-3.299;-3.082;20
-8.208;5.606;-8.939;20
-0.247;8.376;-4.622;20
0.458;7.569;-2.549;20
-3.252;8.183;1.704;20
-6.165;11.064;-4.058;20
-8.601;14.927;0.241;20
-13.297;17.509;1.176;20
-11.381;13.544;-0.974;20
-6.633;7.522;-0.409;20
-0.541;3.327;1.151;20
6.697;0.185;14.187;20
15.721;-4.058;26.502;20
14.655;-7.257;-1.564;20
5.523;-22.908;-23.305;20
2.304;-35.053;-11.469;20
-8.308;2.114;-1.174;20
-10.877;11.678;-8.777;20
-2.744;-0.892;-11.155;20
6.483;-7.376;-3.673;20
6.986;-4.437;2.206;20
4.651;0.774;5.454;20
8.2;2.676;9.889;20
5.774;4.319;13.259;20
-3.015;7.491;8.689;20
-5.958;10.302;1.292;20
-2.206;9.071;-0.852;20
-2.934;6.818;-0.763;20
-4.919;5.076;1.249;20
-2.67;3.238;5.209;20
-1.952;3.68;4.373;20
-2.49;4.366;-0.261;20
-1.103;2.523;-3.414;20
4.172;-2.659;-4.42;20
10.421;-12.761;-5.24;20
17.99;-33.473;-9.232;20
-7.398;-12.44;-0.694;20
-9.752;4.405;0.832;20
-1.014;-3.224;0.266;20
-4.413;-5.308;4.365;20
-1.497;-0.702;5.472;20
0.924;2.769;-0.606;20
-0.972;5.622;-9.896;20
-1.204;6.977;-3.611;20
-1.194;6.492;1.374;20
-2.534;5.347;1.249;20
-4.861;7.288;-1.126;20
-4.845;7.367;-3.792;20
-3.101;5.305;-3.307;20
-0.732;4.119;0.192;20
4.577;0.831;5.481;20
12.941;-2.343;13.118;20
12.63;-3.501;11.912;20
4.515;-4.565;4.154;20
-2.366;-7.589;-6.443;20
-6.439;-12.299;-8.08;20
-1.837;-9.623;-6.325;20
1.14;-4.961;0.087;20
0.812;-2.38;-4.02;20
0.809;-0.436;-10.443;20
5.206;2.167;-9.899;20
4.116;4.378;-4.134;20
1.772;1.293;0.375;20
0.209;2.955;4.494;20
-8.612;5.266;10.424;20
-12.599;4.011;8.26;20
-11.609;6.048;1.318;20
-3.838;2.065;-4.839;20
2.925;-0.083;-8.677;20
8.395;-0.308;-5.813;20
10.423;-0.048;-0.174;20
10.109;-0.826;3.626;20
8.3;-1.442;4.382;20
5.968;-1.526;-0.751;20
4.489;-1.759;-0.24;20
2.361;-1.185;2.293;20
0.314;-0.363;1.777;20
-1.127;0.597;0.383;20
-2.15;1.387;0.12;20
-3.319;2.757;0.893;20
-3.746;2.632;0.698;20
-3.904;2.529;0.488;20
-3.928;2.638;0.963;20
-5.585;3.34;3.074;20
-6.402;3.588;11.958;20
-1.016;-0.983;15.792;20
-1.23;-2.805;1.937;20
-2.344;0.068;-1.738;20
0.138;3.267;0.132;20
1.679;3.199;5.187;20
-0.166;2.985;4.252;20
-1.466;3.382;2.275;20
-0.785;2.863;-1.272;20
-0.282;3.008;0.34;20
-0.596;2.72;3.546;20
-0.787;2.51;4.416;20
-0.408;3.044;2.37;20
-0.503;3.908;-0.418;20
-0.576;3.86;-0.689;20
-0.647;3.821;-0.053;20
-0.516;3.471;-0.151;20
0.35;2.803;-1.509;20
2.042;2.309;-1.259;20
4.008;1.94;1.451;20
3.97;1.86;3.373;20
2.301;1.715;3.547;20
1.441;1.658;2.595;20
1.549;1.969;1.307;20
1.239;2.543;0.26;20
0.322;2.509;-1.971;20
3.469;-1.482;-1.181;20
4.832;-3.36;2.893;20
1.703;-0.877;5.531;20
-0.492;0.646;6.116;20
-1.431;0.745;4.138;19
-2.842;0.893;-0.682;20
-4.034;1.082;-1.194;21
-3.256;0.9;1.189;20
-2.111;0.342;2.568;20
-1.88;0.5;3.117;20
0.428;-0.864;1.805;20
1.741;-1.358;0.976;19
0.647;-0.215;3.478;20
-2.55;2.886;4.713;20
-4.284;2.837;-0.553;85
-3.799;2.924;-0.626;20
-3.935;3.082;-1.134;20
-4.121;3.137;-1.372;20
-4.224;3.115;-1.126;20
-4.236;3.11;-0.772;20
-4.167;2.978;-0.228;20
-3.871;2.851;-0.008;20
-3.594;2.662;-0.343;20
-3.281;2.496;-0.852;20
-3.138;2.49;-1.104;20
-3.151;2.478;-1.127;20
-2.473;2.522;-0.713;20
-1.518;2.287;0.549;20
-1.182;1.935;1.505;20
-1.304;1.772;1.21;19
-0.917;1.544;0.45;20
-0.157;0.94;-0.271;20
-0.365;-0.42;0.795;20
-1.44;-1.031;2.964;20
-0.342;-2.426;3.648;20
0.616;-2.085;2.32;20
1.599;-1.791;-2.168;20
8.298;-1.952;-3.031;20
8.441;0.958;-1.196;20
-2.837;1.331;-0.26;20
-2.565;-0.07;0.665;20
-0.831;0.164;-0.88;20
0.183;0.036;-1.883;20
0.447;0.263;-1.104;20
-0.441;0.318;-0.56;20
-0.424;0.323;-1.222;20
0.163;0.324;-1.429;20
0.302;0.397;-1.363;20
0.181;0.394;-0.043;20
0.224;0.165;0.697;20
0.558;0.147;0.779;20
0.496;0.302;1.257;20
0.568;0.583;1.216;20
0.725;0.872;0.83;20
0.719;0.956;0.322;20
0.387;0.469;0.996;20
0.308;0.088;1.045;20
0.446;0.22;0.027;20
0.351;0.813;-0.13;20
0.311;0.871;-0.311;20
0.676;0.444;-0.536;20
0.539;-0.228;0.322;20
-0.503;-0.314;2.25;19
-0.595;-0.629;2.395;20
0.065;-0.803;0.998;20
1.642;-0.885;0.08;20
1.398;-0.457;0.446;20
1.274;-0.455;0.382;20
0.761;-0.063;-0.441;20
0.555;0.198;-0.949;20
0.437;0.359;-0.797;20
0.715;0.301;-0.356;20
0.913;0.195;-0.131;20
0.609;0.084;-0.147;20
0.223;0.146;-0.399;20
0.081;0.361;-0.757;20
0.157;0.648;-1.234;20
0.275;0.852;-1.624;20
0.319;1.006;-1.607;20
0.087;0.927;-1.481;20
-0.04;0.682;-2.045;20
0.196;0.468;-0.686;20
-0.269;0.512;1.492;20
0.113;0.603;1.307;20
-0.064;0.686;0.211;20
0.015;0.786;-0.026;20
0.387;0.762;-0.761;20
0.045;0.871;-0.802;20
-0.301;0.644;0.536;20
-0.353;0.349;1.724;20
-0.606;0.194;1.709;20
-0.771;0.09;0.797;20
-0.963;0.033;0.037;20
-1.124;-0.044;-0.045;20
-1.097;0.155;0.241;19
-1.013;0.14;0.615;20
-1.109;-0.442;0.868;20
-1.271;-0.835;0.878;20
-1.349;-1.079;0.955;20
-1.578;-1.057;0.808;20
-1.255;-1.101;0.591;20
-0.272;-1.186;0.069;20
-0.257;-1.183;-0.231;20
-0.429;-1.186;0.168;20
-0.326;-0.948;0.484;20
0.064;-0.755;0.33;20
0.825;-0.529;-0.602;20
1.271;-0.128;-1.544;20
0.817;0.289;-1.742;20
0.668;0.518;-1.507;20
0.569;0.76;-1.242;20
0.397;0.741;-1.315;20
0.192;0.636;-1.385;20
-0.156;0.582;-1.204;20
-0.21;0.489;-0.298;20
0.322;0.408;-1.314;20
0.644;0.078;-0.248;20
0.042;0.121;1.158;20
-0.271;0.294;1.541;20
0.052;0.465;1.245;20
0.955;0.479;-0.124;20
0.445;0.865;-1.997;20
1.187;0.623;-1.257;20
1.104;0.371;0.469;20
0.771;-0.193;2.089;20
0.494;-0.582;2.965;20
0.364;-0.186;2.452;19
0.49;0.202;1.223;20
0.316;-0.132;0.218;20
0.503;-0.519;-0.563;20
0.457;-1.122;0.388;20
0.253;-1.609;1.405;20
0.364;-1.63;1.644;20
0.728;-1.502;1.573;20
0.674;-1.123;0.303;20
-0.014;-0.712;-1.303;20
-0.525;-0.467;-1.61;20
-0.572;-0.356;-0.859;20
-0.375;-0.458;-0.537;20
-0.425;-0.396;-0.981;20
-0.638;-0.263;-1.078;20
-0.915;-0.042;-0.955;20
-0.876;0.214;-0.507;20
-0.531;0.367;-0.787;20
-0.014;0.473;-1.064;20
0.301;0.554;-1.305;20
0.054;0.653;-1.03;20
-0.446;0.653;-0.019;20
-0.734;0.525;0.844;20
-0.574;0.442;1.131;20
-0.45;0.361;1.06;20
-0.357;0.414;0.928;20
-0.089;0.576;0.447;20
0.03;0.73;-0.156;20
-0.247;0.748;-0.466;20
-0.414;0.683;-0.109;20
-0.209;0.757;0.485;20
0.141;0.406;-1.109;19
-1.189;-0.543;2.671;20
-1.327;-1.145;4.626;20
-0.447;-1.542;4.18;20

# Completed @Wed Jan 06 21:34:31 GMT+02:00 2021
