# Accelerometer Data File
# Started @Wed Jan 06 22:05:59 GMT+02:00 2021
#
#
# sensor Vendor: BOSCH
# sensor Name: BMI160 Accelerometer Non-wakeup
# sensor Resolution: 0.0023928226m/sec^2; Max Range: 78.4532; Min Delay: 2500 microseconds
# The sensor's attributes are the result hardware and the Android capabilities.
# It means that the Android may not utilize all features provided by the hardware.
#
# Some devices and Android versions save battery too much so the device may go to sleep.
# It just happens after couple of minutes from turning off the scree and it is easy to find it out.
#
# The following file provides the data from accelerometer in the m/s^2 format.
# The diff value is just a time delta between the samples
#
#
# data format:
# so we have 4 columns with values separated by the ";"
# X;Y;Z;time_from_previous_sample(ms)

# sensor speed set to:NORMAL
# units set to: m/sec^2
# gravity  filtered out
# Accuracy: HIGH
-0.649;3.337;8.158;0
-0.579;2.964;7.226;19
-0.626;2.721;6.413;20
-0.733;2.622;5.479;20
-0.747;2.662;4.818;20
-0.557;2.204;4.547;20
-0.374;1.836;4.202;20
-0.145;1.363;4.114;20
0.13;0.978;4.049;20
0.035;0.933;3.671;20
-0.037;0.958;3.134;20
-0.03;0.961;2.582;20
0.078;0.819;2.454;20
0.349;0.534;2.679;20
0.452;0.428;2.298;20
0.325;0.627;1.536;20
0.426;0.599;0.889;20
0.475;0.436;0.499;20
0.162;0.431;1.022;20
-0.05;0.733;0.68;20
-0.177;0.905;0.319;20
0.231;0.549;0.32;20
0.583;0.12;0.832;20
0.693;-0.274;0.779;20
0.384;0.095;0.543;20
-0.011;0.397;0.777;20
0.125;0.074;1.236;20
0.495;-0.254;1.041;20
0.716;-0.436;1.303;20
0.652;-0.322;1.342;20
0.453;-0.006;0.941;20
0.241;-0.054;-0.019;20
-0.791;0.361;-1.341;20
-0.555;0.266;-1.098;20
0.001;-0.414;-0.72;20
-0.121;-0.362;0.717;20
-1.222;0.433;1.337;20
-1.122;-0.137;0.71;19
-0.656;-0.383;0.11;20
-0.612;-0.3;0.389;20
-0.512;-0.229;0.549;20
-0.338;-0.385;0.772;20
-0.487;-0.23;0.764;20
-0.912;-0.296;0.774;20
-1.233;-0.572;0.72;20
-1.414;-0.946;-0.006;20
-0.056;-1.994;-2.335;20
-0.789;-2.52;-4.213;20
-1.978;-3.49;-0.801;20
0.559;-4.332;3.389;20
1.679;-4.644;3.316;20
1.958;-3.523;0.405;20
2.822;-3.098;-1.183;20
2.857;-2.736;-1.927;20
1.57;-1.595;-1.876;20
2.513;-1.633;-1.792;20
4.737;-2.537;-1.432;20
5.314;-3.46;-1.483;20
4.872;-2.155;-1.674;20
3.331;-1.452;-3.044;20
1.649;-0.344;-9.841;20
2.963;-2.923;-5.662;20
5.432;-3.846;0.678;20
5.996;-4.405;2.662;20
2.963;-3.698;5.115;105
1.543;-2.996;3.355;20
1.79;-3.067;3.412;20
0.869;-2.06;5.969;20
-0.978;-1.0;2.759;20
-0.512;-1.583;-1.854;20
0.47;-1.992;-4.271;20
1.488;-3.25;-5.702;20
1.934;-3.475;-6.93;20
1.874;-3.03;-7.395;20
2.206;-3.02;-7.435;20
2.516;-2.611;-7.104;20
3.47;-1.987;-4.252;20
1.413;-0.264;-1.033;20
0.25;0.102;0.391;20
1.111;-1.173;-0.484;20
-0.153;-1.883;-3.796;20
-5.37;2.586;-1.718;20
-4.99;1.447;2.931;20
-1.423;-1.922;0.814;20
4.992;-7.63;-5.743;20
0.972;-4.312;-6.13;20
-3.962;0.249;0.926;20
-0.162;-1.405;0.096;20
-1.603;-1.745;-1.26;20
-1.483;-0.428;-0.735;20
-3.362;0.731;-0.707;20
-0.768;-2.78;0.083;20
2.884;-4.982;0.159;20
-1.292;-1.124;0.509;20
-1.797;1.238;-2.182;20
0.085;1.459;-5.174;20
-0.572;1.606;-2.863;20
-0.385;1.034;0.562;20
1.252;-2.13;3.953;20
1.444;-4.358;6.813;20
4.124;-4.773;12.753;20
6.053;-6.678;6.456;20
-2.817;-4.094;-11.93;20
-10.849;1.226;-8.962;20
-7.06;3.749;-1.654;20
-1.648;3.734;-1.881;20
1.886;2.845;-0.986;20
2.249;2.463;0.379;20
-1.105;4.602;1.107;20
0.244;4.497;1.815;20
-0.707;4.77;1.545;20
-2.229;5.849;-0.089;20
0.004;4.628;-1.301;20
0.795;3.585;-2.822;20
1.804;1.521;-2.678;20
0.393;1.96;10.025;20
8.714;-8.903;0.299;20
-0.769;-5.546;0.519;20
-3.685;-2.878;6.241;20
-0.035;-3.263;-0.363;20
0.323;-2.197;1.087;20
0.256;-3.209;0.545;20
1.33;-4.707;-3.985;20
-1.421;-1.893;-4.474;20
-5.511;-0.218;-4.193;20
-10.867;3.162;-5.748;20
-9.735;0.83;-6.497;20
-7.99;-1.51;-7.527;20
-4.382;-3.217;-5.381;20
6.663;-6.013;11.039;20
7.309;-4.627;8.626;20
-1.199;-0.745;0.028;20
-4.289;3.031;-0.888;20
-2.763;5.552;-3.742;20
-2.379;5.831;-5.463;20
-4.659;4.821;-8.091;20
-6.31;3.892;-6.158;20
-2.497;2.981;1.17;20
2.251;1.319;1.321;20
6.504;-4.334;-2.823;20
3.419;-8.477;-4.899;20
-2.413;-7.888;-4.551;20
-3.217;-3.469;-2.236;20
-3.281;-2.096;-0.227;20
-2.778;-2.177;12.879;20
0.0;-4.307;12.18;20
1.504;-3.685;-3.284;20
2.481;-1.798;-1.159;20
3.555;-0.603;4.775;20
3.163;0.506;4.842;20
1.863;2.047;4.442;20
1.42;1.307;2.78;20
-0.357;-0.679;-1.835;20
-1.695;-2.223;-0.487;20
-1.277;-5.528;3.881;20
-4.155;-4.018;-2.267;20
-5.568;-2.182;-6.999;20
-6.022;-4.45;-7.129;20
1.282;-8.813;-2.574;20
7.568;-7.819;14.505;20
0.248;-2.389;4.174;20
-3.643;1.799;-3.18;20
-1.431;6.217;-1.454;20
1.24;7.654;-1.983;20
-0.78;9.56;-2.268;20
-2.47;11.163;-3.587;20
-3.59;12.125;-2.642;20
-3.962;13.23;-1.138;20
-1.817;12.334;-1.076;19
0.791;10.012;-0.912;20
1.538;7.971;-0.109;20
3.611;5.389;4.113;20
7.322;0.637;4.172;20
5.391;-7.963;11.766;20
-8.373;-7.402;-8.145;20
-13.603;-15.606;-11.497;20
-9.108;-15.818;-2.071;20
4.222;0.063;-1.592;20
7.086;-2.439;-7.871;20
5.523;-10.417;-10.854;20
5.922;-15.675;-4.955;20
-2.552;-9.356;27.411;20
-10.142;-2.987;16.449;20
-1.983;-0.623;-4.124;20
6.442;1.417;6.089;20
10.797;4.936;11.712;20
11.285;7.392;5.298;20
5.849;8.151;-4.042;20
2.021;8.405;-5.988;20
1.653;8.231;4.538;20
1.214;7.209;14.816;20
-1.873;3.772;-9.114;20
-1.393;-3.814;-12.76;20
-4.8;-16.702;-11.536;20
-18.773;-31.309;6.793;20
-8.88;-21.738;17.212;20
-3.001;-1.077;-5.252;20
-3.376;4.346;-7.642;20
5.067;2.376;-1.583;20
5.442;5.715;-4.376;20
0.394;10.65;-5.738;20
-4.234;14.125;-5.031;20
-4.473;15.677;-4.364;20
-4.027;17.673;-6.42;20
-1.814;18.499;-7.382;20
0.16;14.321;-2.125;20
1.097;8.812;3.214;20
1.757;4.934;3.035;20
0.594;0.318;14.063;20
3.934;-6.995;11.96;20
0.956;-18.061;-3.704;20
-16.688;-27.642;-15.712;20
-4.349;-16.077;-7.253;20
7.787;4.446;-2.507;20
6.314;4.079;-7.872;20
3.697;-5.396;-15.25;20
3.459;-16.302;-10.547;20
2.8;-17.397;6.036;20
-3.468;-8.105;48.374;20
-0.383;1.046;11.11;20
7.504;5.05;-2.442;20
10.593;8.773;16.902;20
9.458;7.324;7.414;20
4.813;7.017;-11.671;20
2.506;9.092;-6.556;20
1.459;9.888;-2.167;20
-1.303;11.993;15.37;20
-1.261;8.105;-4.951;20
1.846;0.193;-10.357;20
2.942;-18.632;-6.074;20
-13.713;-40.076;15.335;20
-20.588;-21.956;12.715;20
-6.868;-2.955;-6.172;20
-0.582;4.575;-4.375;20
10.285;4.212;-3.429;20
7.883;7.215;-7.674;20
-2.716;11.631;-8.323;20
-5.781;14.971;-6.68;20
-5.499;18.222;-6.368;20
-5.039;19.146;-6.753;20
-2.03;17.111;-4.161;20
0.196;12.53;-1.013;20
0.517;8.698;2.213;20
1.043;5.147;1.557;20
-0.024;0.01;9.811;20
3.097;-6.447;10.768;20
-1.303;-19.094;3.478;20
-21.033;-35.008;-16.71;20
-2.528;-15.799;-6.415;20
8.379;6.108;-2.777;20
10.374;2.044;-14.115;20
12.887;-11.781;-17.636;20
7.336;-17.758;-3.371;20
-1.085;-9.86;43.092;20
-2.888;-3.447;24.762;20
-2.352;4.729;-7.965;20
0.291;10.465;6.719;20
8.491;9.059;17.398;20
9.83;6.542;-3.414;20
5.954;7.561;-7.842;20
3.564;8.985;1.132;20
2.704;8.989;19.823;20
-1.099;7.868;-5.089;20
-1.033;5.255;-12.924;20
2.002;-3.033;-9.454;20
4.628;-31.153;-9.269;20
-12.896;-40.989;13.94;20
-18.632;-16.134;19.773;20
-6.927;-2.148;-9.836;20
-3.619;7.526;-10.747;20
10.067;7.347;-2.439;20
7.899;10.342;-7.648;20
-5.494;14.174;-9.349;20
-6.376;16.044;-6.72;20
-5.538;19.221;-6.99;20
-5.413;19.86;-5.834;20
-3.162;16.068;-1.247;20
-1.457;10.886;2.969;20
-0.589;7.566;3.329;20
-2.354;4.072;5.834;20
0.165;-1.511;8.277;20
5.711;-3.052;0.244;20
3.247;-17.323;-0.338;20
-11.194;-41.475;-1.692;20
-4.708;-16.853;-8.107;20
6.438;7.465;-4.843;20
6.697;5.457;-10.279;20
7.733;-6.521;-19.44;20
6.47;-15.872;-15.976;19
1.951;-14.492;11.32;20
-3.409;-7.295;53.586;20
-2.272;1.501;7.882;20
4.819;6.818;-3.465;20
11.537;8.905;20.136;20
11.524;6.587;-0.642;20
6.896;7.981;-11.021;20
2.449;10.352;-1.437;20
0.238;10.677;22.442;20
-2.584;8.667;-2.305;20
-2.549;7.386;-13.828;20
0.389;1.808;-8.877;20
6.22;-18.448;-16.594;20
-5.786;-46.763;11.052;20
-18.305;-24.41;31.84;20
-5.078;-6.179;-4.725;20
-4.49;5.188;-15.44;20
6.265;7.282;-4.688;20
6.84;12.213;-5.45;20
-3.929;15.954;-9.126;20
-7.257;16.959;-6.51;20
-6.693;19.898;-7.114;20
-6.207;21.162;-5.152;20
-4.077;17.045;-0.004;20
-1.451;10.414;3.762;20
-0.318;6.63;3.082;20
-1.696;2.302;4.757;20
1.948;-2.761;5.588;20
5.991;-7.448;-2.988;20
2.906;-25.343;6.432;20
-10.519;-32.411;-1.202;20
-4.006;-8.753;-9.458;20
3.911;8.801;-5.106;20
4.262;6.442;-10.427;20
8.076;-8.217;-18.782;20
8.704;-19.121;-19.079;20
5.816;-17.327;9.003;20
0.368;-7.678;56.374;20
-1.485;1.753;10.371;20
1.023;10.079;-5.0;20
8.335;11.826;18.074;20
10.321;8.718;-2.439;20
6.868;9.034;-9.42;20
4.991;9.59;2.518;20
2.694;8.892;22.302;20
-2.604;8.266;-7.041;20
-2.514;5.911;-12.498;20
2.883;-1.953;-11.621;20
8.696;-23.831;-13.288;20
-6.096;-39.212;15.058;20
-17.816;-21.271;21.292;20
-6.635;-9.656;-4.379;20
-3.147;2.576;-19.992;20
2.054;8.773;-1.392;20
5.119;14.741;-3.497;20
-1.648;15.653;-8.597;20
-8.572;15.041;-5.597;20
-9.256;18.526;-6.419;20
-8.574;20.638;-4.471;20
-5.272;16.838;1.46;20
-2.27;10.506;4.229;20
-1.911;7.67;3.064;20
-4.523;4.521;4.539;20
0.4;-1.585;4.007;20
6.257;-5.296;3.333;20
9.621;-30.616;10.577;20
-11.513;-39.785;-9.827;20
-7.962;-6.544;-9.704;20
4.145;9.498;-5.004;20
4.335;6.845;-11.433;20
7.73;-5.78;-22.388;20
10.154;-17.114;-14.993;20
6.938;-15.747;9.77;20
3.456;-6.044;57.313;20
-0.254;2.743;18.6;20
1.241;11.22;-5.881;20
6.836;11.484;7.051;20
8.645;9.708;-0.339;20
4.687;10.298;-3.772;20
3.537;9.57;7.084;20
0.911;9.148;11.322;20
-3.431;9.201;-9.655;20
-3.157;7.33;-8.735;20
1.825;0.222;-9.907;20
14.292;-25.778;-12.327;20
3.527;-48.858;23.072;20
-18.388;-22.152;22.08;20
-7.63;-5.561;-9.603;20
-3.885;4.31;-15.18;20
3.188;9.036;-4.969;20
4.089;15.16;-4.994;20
-4.078;15.085;-8.218;20
-10.589;14.055;-3.966;20
-9.26;16.183;-4.511;20
-9.807;19.62;-2.644;20
-5.978;17.279;3.471;20
-2.217;11.629;3.523;20
-1.922;8.284;0.357;20
-2.842;4.64;-0.601;20
2.492;-2.179;4.592;20
7.005;-6.221;2.533;20
10.175;-30.668;-1.857;20
-2.346;-36.177;-1.522;20
-1.898;-9.375;-5.044;20
0.865;9.402;-5.44;20
0.742;9.592;-6.546;20
5.633;-2.638;-15.483;20
6.708;-12.58;-20.894;20
5.884;-16.986;-4.325;20
4.604;-11.762;41.01;20
-1.246;0.708;36.549;20
2.92;6.965;-3.659;20
8.824;11.143;5.069;20
8.651;11.311;2.296;20
4.393;10.56;-8.208;20
3.078;9.965;0.844;20
3.686;8.112;20.676;20
-3.585;8.409;-2.135;20
-5.445;7.245;-11.753;19
-1.623;2.392;-11.317;20
6.028;-11.832;-14.933;20
8.232;-44.712;4.139;20
-17.422;-29.858;33.371;20
-14.598;-11.779;8.563;20
-2.893;-0.707;-23.107;20
1.494;6.833;-9.29;20
7.284;12.654;-0.793;20
2.531;13.922;-7.178;20
-8.029;11.697;-5.526;20
-8.507;13.561;-3.876;20
-10.715;17.806;-5.134;20
-9.594;19.026;-0.244;20
-4.836;15.091;2.143;20
-2.324;10.276;2.012;20
-2.63;7.293;0.742;20
-2.065;2.271;1.047;20
4.278;-2.816;3.516;20
6.556;-8.47;2.333;20
7.487;-40.32;8.791;20
-3.219;-32.47;-8.338;20
1.015;1.207;-8.981;20
2.196;10.439;-4.614;20
4.45;4.615;-14.82;20
9.185;-7.166;-22.147;20
10.826;-14.4;-8.756;20
8.238;-13.529;19.012;20
-3.295;-5.571;49.318;20
-8.966;2.154;16.137;20
-3.087;10.103;-2.348;20
4.517;11.326;10.418;20
7.284;9.374;-0.641;20
4.376;10.14;-6.581;20
2.466;10.544;-1.495;20
1.514;11.797;11.559;20
-0.823;10.382;1.066;20
-1.061;6.761;-11.025;20
3.325;-0.531;-9.491;20
17.625;-25.557;-4.816;20
7.556;-45.132;15.542;20
-21.459;-21.778;13.854;20
-14.675;-11.061;-2.81;20
-5.304;2.734;-15.854;20
1.794;10.304;-5.714;20
7.841;11.128;-2.316;20
-2.469;11.545;-9.19;20
-11.708;11.583;-5.661;20
-9.595;12.244;-4.75;20
-9.101;15.601;-3.414;20
-7.182;18.342;0.973;20
-2.782;13.459;3.676;20
-1.587;9.977;1.543;20
-2.064;7.962;0.252;20
0.215;2.772;5.854;20
4.352;-2.121;3.511;20
5.295;-15.607;4.055;20
-0.738;-44.048;-6.864;20
-3.805;-18.899;-10.088;20
3.299;6.712;-6.611;20
5.549;6.847;-7.873;20
7.554;-2.698;-17.947;20
12.382;-13.786;-19.71;20
13.916;-16.68;6.771;20
-1.285;-7.117;54.469;20
-7.821;0.301;18.968;20
-2.086;8.914;-6.77;20
4.738;12.13;12.624;20
9.113;10.567;1.2;20
6.082;10.629;-9.946;20
3.818;10.101;-0.515;20
4.812;8.382;18.79;20
-1.615;9.758;2.03;20
-4.756;7.4;-10.068;20
-1.277;2.126;-10.568;20
7.318;-12.183;-18.458;20
11.948;-42.204;-7.816;20
-15.095;-28.134;33.558;20
-16.212;-17.725;15.777;20
-9.83;-4.694;-17.274;20
-2.09;6.556;-11.606;20
5.323;9.07;-6.459;20
6.058;14.62;-4.385;20
-1.148;14.436;-5.723;20
-8.913;11.6;-3.142;20
-9.469;13.814;-4.759;20
-10.887;18.094;-2.75;20
-8.088;17.421;0.533;20
-3.856;12.19;1.746;20
-2.302;8.315;-0.211;20
-1.69;4.295;1.624;20
4.353;-2.317;9.747;20
5.36;-4.058;2.626;20
6.396;-22.111;9.152;20
-1.593;-41.338;-7.127;20
-2.992;-11.454;-10.526;20
3.149;7.88;-6.886;20
4.268;5.889;-17.26;20
7.862;-4.491;-27.223;20
10.628;-11.545;-5.608;20
11.256;-12.917;19.648;20
-2.507;-7.62;53.435;20
-5.992;-0.101;14.235;20
-2.411;10.0;-4.509;20
4.814;11.637;12.639;20
7.76;9.962;-0.538;20
3.231;10.462;-7.611;20
2.323;9.901;1.216;20
2.994;10.107;14.599;20
-2.166;9.955;-5.761;20
-2.184;6.256;-11.064;20
2.666;-1.4;-10.932;20
15.24;-27.542;-6.603;20
7.111;-43.282;17.703;20
-16.144;-22.086;17.511;19
-13.784;-10.421;-3.216;20
-7.166;3.489;-21.459;21
0.494;10.957;-5.073;20
6.067;14.419;-2.14;20
-3.107;14.202;-7.493;19
-10.225;13.842;-5.782;20
-8.515;14.726;-4.473;20
-10.25;18.016;-3.967;20
-7.705;16.262;1.465;20
-4.188;11.259;5.061;20
-3.582;9.023;3.817;20
-5.179;6.077;-0.664;20
2.093;-1.466;1.747;20
7.219;-5.702;5.707;20
15.263;-30.537;14.289;20
-2.065;-35.553;-7.481;20
-4.215;-8.558;-10.579;20
0.998;9.387;-7.839;20
1.692;8.59;-15.558;20
5.901;-3.0;-25.771;20
8.428;-11.824;-12.136;20
10.537;-15.594;7.199;20
6.357;-13.735;38.477;20
-8.082;-1.825;38.674;20
-4.096;8.882;-3.825;20
4.758;11.945;8.139;20
9.029;10.223;8.075;20
5.576;9.793;-10.397;20
2.407;10.418;-6.55;20
1.787;10.624;5.86;20
0.528;11.444;16.625;20
-2.861;8.174;-11.99;20
0.904;2.432;-12.667;20
9.622;-12.684;-13.157;20
16.128;-43.892;10.965;20
-14.479;-28.734;21.11;20
-21.225;-18.074;9.558;20
-10.082;-2.897;-18.266;20
-2.992;10.062;-13.98;20
6.949;13.65;1.107;20
9.406;12.787;-4.295;20
-5.56;11.651;-8.173;20
-10.374;11.6;-4.861;20
-10.462;15.086;-4.946;20
-11.44;18.825;-1.77;20
-5.965;15.198;2.806;20
-1.917;9.168;3.571;20
-2.066;6.572;0.511;20
-1.549;3.392;1.891;20
3.4;-1.396;4.168;20
5.964;-8.498;-1.299;20
7.875;-36.389;2.838;20
-1.578;-30.475;-6.621;20
-0.81;2.651;-7.002;20
2.29;10.315;-8.139;20
4.409;0.709;-17.725;20
10.112;-9.597;-17.99;20
11.044;-12.505;-2.194;20
7.984;-11.313;29.261;20
-6.012;-3.709;44.723;20
-3.24;3.959;1.356;20
2.24;11.143;2.729;20
8.025;10.841;14.383;20
7.815;8.774;-6.29;20
3.925;9.652;-8.388;20
1.6;10.183;-1.101;20
0.354;11.917;16.351;20
-4.303;9.926;-6.181;20
-2.685;5.665;-11.304;20
1.509;-1.228;-9.854;20
15.348;-29.005;2.735;20
7.144;-47.132;17.42;20
-21.428;-21.398;11.603;20
-15.059;-8.274;-5.312;20
-4.878;3.966;-17.013;20
4.327;10.982;-3.929;20
8.381;13.945;-4.937;20
-2.671;12.001;-7.811;20
-9.486;11.745;-3.651;20
-10.32;14.807;-5.255;20
-12.186;18.175;-3.326;20
-8.537;17.578;1.758;20
-3.995;11.685;4.007;20
-2.205;7.407;2.813;20
-5.427;6.322;-1.626;20
2.249;-1.424;1.64;20
5.559;-4.589;2.847;20
6.2;-20.487;1.112;20
6.854;-38.721;1.861;20
-0.341;-12.505;-9.488;20
0.96;8.122;-7.763;20
3.181;6.021;-13.858;20
8.531;-5.815;-22.458;20
12.889;-12.615;-7.652;20
11.546;-12.365;15.187;20
-4.745;-7.623;48.474;20
-6.495;-1.206;15.008;20
0.861;8.29;-3.288;20
6.744;12.196;13.149;20
8.219;9.896;0.291;20
4.976;9.4;-9.141;20
1.385;10.538;-3.719;20
0.906;12.274;14.859;20
-4.496;10.432;0.099;20
-3.214;4.92;-16.114;20
1.584;-1.42;-11.942;20
15.064;-25.752;4.781;20
7.473;-42.227;17.156;20
-17.258;-25.217;10.247;20
-13.895;-13.043;-4.398;20
-4.516;3.067;-16.803;20
3.215;11.595;-4.787;20
7.1;15.935;-4.776;20
-1.64;13.695;-6.317;20
-9.966;12.724;-4.225;20
-9.888;14.095;-5.655;20
-12.426;16.997;-4.151;20
-10.105;17.619;1.702;20
-6.143;13.669;2.444;20
-3.977;8.943;2.025;19
-6.392;6.706;1.331;20
-0.445;-0.285;1.625;20
6.502;-4.84;5.582;20
13.02;-19.82;18.809;20
4.784;-38.893;-10.73;20
-2.64;-16.663;-13.033;20
-0.271;6.037;-10.084;20
1.622;8.389;-12.937;20
6.576;-0.766;-19.398;20
11.728;-11.861;-7.326;20
14.734;-15.306;8.133;20
8.06;-10.363;34.554;20
-10.71;-3.357;37.281;20
-10.152;5.13;-2.467;20
-0.024;11.792;-0.888;20
7.189;11.947;11.37;20
5.884;10.047;-2.497;20
3.928;9.008;-5.837;20
3.941;9.429;6.966;20
0.349;11.278;8.479;20
-4.111;9.175;-11.635;20
-1.197;3.717;-11.201;20
4.61;-5.465;-11.488;20
24.158;-42.358;11.82;20
-1.211;-32.191;9.472;20
-18.616;-18.451;10.829;20
-12.682;-8.523;-6.918;20
-3.747;4.914;-18.866;20
3.291;11.572;-2.354;20
3.727;15.386;-6.182;20
-6.521;14.009;-5.57;20
-10.894;14.471;-3.539;20
-8.626;15.128;-5.783;20
-9.85;16.946;-1.794;20
-8.425;15.642;1.666;20
-5.347;11.395;3.388;20
-5.784;9.523;1.372;20
-4.727;4.819;-2.544;20
3.491;-3.233;0.706;20
8.021;-6.336;6.511;20
16.605;-28.842;19.42;20
2.826;-33.904;-3.968;20
-3.899;-8.752;-13.128;20
-1.304;8.134;-9.774;20
-0.305;8.847;-15.512;20
4.785;-0.792;-21.946;20
9.118;-11.945;-12.59;20
11.348;-15.349;7.511;20
12.763;-13.391;21.787;20
-5.449;-3.791;48.045;20
-8.554;5.274;6.973;20
-1.533;11.583;0.127;20
6.855;10.655;11.955;20
5.892;9.566;-3.176;20
3.388;8.381;-7.204;20
2.116;8.946;1.794;20
0.362;9.987;10.794;20
-3.672;10.23;-10.856;20
-2.921;6.03;-11.702;20
3.476;-2.858;-9.32;20
25.601;-39.503;9.854;20
2.073;-36.807;16.747;20
-22.974;-18.759;8.792;20
-11.837;-7.911;-12.921;20
-3.222;6.686;-14.365;20
3.742;13.796;-2.856;20
3.464;17.022;-5.561;20
-4.787;13.743;-4.791;20
-9.023;12.964;-3.215;20
-10.77;14.257;-4.78;20
-11.019;15.653;-0.166;20
-8.165;14.847;0.507;20
-4.989;10.835;0.2;20
-3.305;7.32;-0.641;20
-3.045;4.563;-2.03;20
3.226;-2.11;2.603;20
6.116;-6.655;3.683;20
15.326;-30.929;17.074;20
4.793;-30.794;-7.168;20
-2.14;-4.868;-12.984;20
-1.784;9.73;-11.175;20
1.287;5.347;-18.827;20
7.537;-5.829;-11.124;20
12.559;-11.334;-3.535;20
14.524;-11.975;9.702;20
3.131;-7.147;29.812;20
-11.158;-2.612;30.464;20
-7.891;4.819;-0.434;20
-0.239;11.189;6.841;20
5.909;11.008;12.028;20
5.221;9.34;-6.756;20
3.161;9.156;-6.222;20
2.701;9.514;4.551;20
0.801;11.331;7.427;20
-3.763;8.868;-10.381;20
0.135;2.486;-12.711;20
7.167;-8.701;-8.024;20
23.541;-42.585;11.682;20
-3.72;-28.405;10.148;20
-18.392;-17.451;10.998;20
-11.439;-7.951;-12.939;20
-6.77;5.964;-14.644;20
1.971;12.247;0.764;20
3.201;15.526;-7.254;20
-5.185;13.661;-4.579;20
-10.059;13.685;-2.735;20
-11.761;15.723;-4.255;20
-11.059;16.77;-3.073;20
-6.932;13.793;-0.041;20
-3.389;8.805;1.558;20
-2.567;6.486;-0.285;20
-0.754;2.578;-0.584;20
6.008;-4.876;5.005;20
14.064;-15.567;15.968;20
12.549;-27.051;0.929;20
-1.341;-17.594;-6.161;19
-3.393;-1.454;-9.462;20
-2.669;8.127;-9.344;20
-0.173;3.541;-16.253;20
3.834;-6.917;-20.714;20
8.021;-14.042;-5.849;20
11.791;-14.104;8.927;20
6.82;-10.303;22.119;20
-7.622;-0.849;41.935;20
-1.143;7.414;1.858;20
5.587;11.358;1.23;20
5.938;13.128;5.725;20
3.62;11.66;-5.691;20
3.184;8.901;-2.569;20
4.466;7.81;13.533;20
-2.357;9.48;4.742;20
-7.645;8.112;-12.908;20
-3.72;3.459;-12.277;20
3.921;-6.105;-11.146;20
20.835;-40.668;2.14;20
-4.028;-30.274;26.208;20
-15.023;-18.17;16.031;20
-8.821;-7.632;-17.386;20
-4.496;5.611;-22.165;20
3.865;10.724;3.673;20
5.251;15.731;-5.242;20
-0.622;12.903;-7.147;20
-9.194;11.395;-2.627;20
-11.213;12.886;-5.253;20
-12.759;15.62;-2.66;20
-10.498;15.298;0.338;20
-5.528;10.454;3.176;20
-4.094;6.541;1.696;20
-3.475;2.237;-0.292;20
4.344;-4.68;5.133;20
8.053;-6.728;12.09;20
8.349;-18.421;7.004;20
4.132;-29.909;-6.851;20
-3.895;-7.586;-10.641;20
-1.701;7.254;-7.738;20
0.143;5.85;-18.496;20
6.032;-5.76;-24.904;20
11.142;-12.301;-8.684;20
12.61;-11.223;9.924;20
8.697;-10.399;29.467;20
-5.896;-4.316;42.517;20
-2.489;6.112;-0.525;20
2.449;11.789;2.56;20
5.36;11.891;14.054;20
5.839;9.169;-7.237;20
2.466;9.699;-8.197;20
0.632;10.583;-3.204;20
-1.707;13.084;8.475;20
-5.632;9.803;-1.56;20
-0.464;2.575;-13.229;20
7.972;-9.231;-6.76;20
26.458;-45.049;13.48;20
-3.054;-28.792;9.567;20
-16.765;-17.042;7.722;20
-10.929;-6.634;-13.013;20
-6.921;6.617;-12.863;20
-0.162;12.41;0.416;20
3.91;13.819;-4.403;20
-2.827;10.563;-4.359;20
-9.989;10.544;-2.487;20
-12.566;13.687;-4.024;20
-12.344;16.257;-1.625;20
-9.234;15.336;1.167;20
-5.381;10.905;2.419;20
-5.938;8.545;0.7;20
-5.032;4.724;-2.967;20
2.486;-1.34;1.716;20
6.709;-4.921;6.911;20
12.756;-24.248;6.881;20
10.926;-36.018;-3.872;20
-0.378;-9.872;-9.459;20
-1.494;9.378;-9.455;20
-0.07;7.718;-15.512;20
7.579;-4.6;-14.161;20
12.312;-11.02;-5.132;20
12.079;-9.405;5.571;20
6.115;-7.884;21.647;20
-7.998;-3.017;38.42;20
-6.64;4.565;5.037;20
1.118;9.895;6.015;20
5.238;10.988;6.597;20
3.54;10.027;-7.459;20
2.871;9.703;-4.13;20
2.155;9.899;4.468;20
0.536;11.585;7.386;20
-3.581;10.006;-8.182;20
-1.179;3.723;-12.135;20
5.205;-5.059;-8.366;20
26.548;-40.046;12.638;20
2.942;-31.798;6.465;20
-18.268;-19.542;11.245;20
-13.921;-11.997;-6.042;20
-5.147;4.291;-14.751;20
1.528;12.645;-2.61;20
4.37;14.763;-6.245;20
-4.036;11.584;-5.593;20
-11.489;10.93;-1.45;20
-12.511;13.484;-3.97;20
-12.931;15.527;-0.108;20
-9.68;14.705;3.026;20
-6.099;11.284;-0.264;20
-5.584;8.803;-1.063;20
-5.222;5.737;-1.015;20
-1.588;0.407;-1.455;20
5.878;-4.425;3.0;20
12.638;-16.981;11.897;20
16.011;-37.575;-0.563;20
-1.019;-14.147;-8.805;20
-1.743;3.357;-12.213;19
0.207;7.553;-9.829;20
4.017;1.317;-15.398;20
11.735;-8.694;-9.025;20
14.614;-10.746;0.27;20
12.31;-10.18;10.059;20
-3.807;-5.894;38.238;20
-11.989;0.287;19.432;20
-4.846;7.834;-2.222;20
2.689;12.883;10.849;20
6.081;11.691;3.398;20
5.287;9.248;-6.223;20
3.525;8.905;-2.381;20
1.653;10.511;8.484;20
-4.347;10.176;0.914;20
-3.99;5.875;-13.147;20
1.765;-0.809;-12.361;20
16.18;-21.369;2.593;20
19.35;-41.789;9.832;20
-8.882;-22.389;8.428;20
-14.718;-15.567;5.438;20
-8.984;-3.172;-17.272;20
-5.591;9.452;-8.508;20
1.459;14.712;-1.616;20
2.225;13.816;-6.055;20
-8.009;11.24;-2.084;20
-12.378;13.662;-5.627;20
-13.208;15.549;-3.066;20
-11.037;15.29;0.547;20
-7.575;12.392;0.214;20
-6.695;9.288;0.645;20
-6.37;6.917;-0.561;20
-0.281;1.081;-0.524;20
6.564;-4.243;4.117;20
7.906;-7.182;3.449;20
17.144;-30.375;14.921;20
6.347;-27.528;-7.101;20
-3.12;-2.353;-12.667;20
-1.596;8.827;-10.018;20
-0.214;5.443;-17.162;20
7.643;-6.798;-13.565;20
11.993;-9.839;-3.46;20
11.527;-9.024;5.75;20
8.878;-9.844;15.041;20
-9.662;-2.851;40.313;20
-10.097;4.054;9.697;20
-0.384;9.955;8.014;20
5.703;10.565;10.416;20
6.038;8.642;-11.041;20
3.16;9.822;-7.007;20
1.677;11.008;0.436;20
0.869;12.176;14.309;20
-2.78;8.58;-7.919;20
-0.398;3.36;-13.524;20
5.253;-3.802;-8.418;20
24.892;-34.649;5.725;20
6.464;-32.602;5.739;20
-19.701;-22.314;17.038;20
-17.285;-16.447;-1.348;20
-6.027;3.203;-19.014;20
0.635;14.93;-2.575;20
4.161;19.105;-5.032;20
-1.189;13.885;-6.167;20
-9.838;11.138;-3.017;20
-12.071;12.764;-4.652;20
-12.127;13.851;-0.325;20
-9.181;13.492;2.227;20
-6.635;10.64;0.851;20
-6.362;8.373;-2.487;20
-4.447;4.806;-2.779;20
2.738;-2.092;0.792;20
8.109;-7.714;9.781;20
17.543;-24.443;18.756;20
4.802;-24.329;-11.424;20
-4.331;-6.05;-10.122;20
-0.785;5.981;-11.218;20
1.653;4.378;-17.305;20
7.458;-5.282;-15.081;20
12.729;-11.672;-6.961;20
12.661;-12.191;6.129;20
8.433;-11.28;17.136;20
-11.584;-4.07;43.545;20
-8.777;5.115;7.711;20
1.858;9.967;2.794;20
5.54;12.83;7.478;20
5.238;11.236;-8.27;20
4.229;9.675;-3.754;20
3.69;9.031;7.059;20
0.492;10.182;10.021;20
-5.895;9.289;-8.379;20
-3.141;3.455;-12.107;20
4.837;-4.793;-12.091;20
23.368;-35.316;2.911;20
3.573;-30.437;12.382;20
-13.354;-20.125;17.215;20
-11.452;-13.866;-6.934;20
-8.209;3.502;-20.362;20
0.107;10.428;-0.192;20
2.574;16.586;-5.181;20
1.137;12.196;-6.416;20
-8.102;8.917;-1.585;20
-13.382;12.801;-5.603;20
-12.525;15.179;-2.403;20
-10.041;15.722;1.436;20
-7.504;13.081;0.31;20
-5.134;9.045;-1.333;20
-5.27;6.882;-1.786;20
-0.694;0.827;2.037;20
8.481;-8.277;14.282;20
15.371;-23.558;27.178;20
5.186;-31.24;-17.593;20
-3.628;-10.921;-14.042;19
-4.716;8.185;-11.866;20
-0.79;7.8;-15.442;21
5.635;-1.954;-18.487;19
13.54;-12.172;-5.145;20
15.073;-11.966;3.684;20
13.557;-11.377;20.31;20
-5.339;-4.595;46.408;20
-7.187;3.34;6.371;20
-3.334;10.694;-7.106;20
-0.083;14.372;15.59;20
5.7;11.214;2.82;20
4.371;9.157;-9.168;20
2.789;8.614;-1.402;20
3.336;8.551;11.656;20
-2.936;10.041;-0.92;20
-5.301;6.083;-12.763;20
2.019;-1.74;-13.617;20
18.951;-24.376;-1.497;20
15.712;-37.484;8.416;20
-10.768;-19.819;15.09;20
-14.831;-20.168;5.164;20
-10.517;-4.776;-21.177;20
-3.536;8.58;-4.785;20
2.161;15.389;-0.613;20
3.064;16.519;-9.327;20
-3.311;10.027;-1.351;20
-11.771;10.05;-5.797;20
-13.183;12.141;-5.211;20
-12.635;14.579;-1.3;20
-10.451;14.934;0.525;20
-7.191;11.169;0.425;20
-6.136;8.167;-1.873;20
-2.043;3.653;-1.238;20
7.852;-4.818;5.228;20
9.906;-8.885;17.662;20
13.919;-23.847;8.812;20
6.348;-29.092;-15.363;20
-3.116;-5.003;-10.255;20
-1.399;8.469;-6.689;20
0.549;5.25;-14.715;20
7.076;-5.161;-16.588;20
12.398;-10.129;-6.361;20
12.18;-9.972;8.229;20
7.892;-9.637;20.068;20
-7.44;-1.914;41.218;20
-4.939;6.408;5.217;20
1.696;11.336;3.554;20
4.608;12.24;9.751;20
3.631;9.528;-7.874;20
1.533;9.446;-6.056;20
0.702;9.435;-0.131;20
0.619;11.575;11.424;20
-3.588;8.873;-7.575;20
-0.614;2.161;-14.374;20
11.781;-13.92;-3.119;20
24.782;-41.654;9.27;20
-3.79;-21.91;5.221;20
-14.407;-17.093;10.606;20
-12.664;-10.199;-8.46;20
-7.306;4.077;-19.644;20
-0.116;12.819;3.747;20
1.706;15.72;-5.239;20
-4.621;10.933;-3.631;20
-10.793;9.887;-4.637;20
-12.734;12.428;-3.852;20
-11.92;14.522;-0.347;20
-9.533;14.355;0.167;20
-6.704;11.268;0.174;20
-6.155;8.656;-2.61;20
-1.378;3.657;0.599;20
5.882;-3.212;5.215;20
5.483;-6.679;7.624;20
13.727;-32.628;18.848;20
3.944;-30.171;-15.26;20
-3.327;-1.589;-12.98;20
-2.02;9.18;-7.372;20
-0.796;7.156;-21.991;20
7.943;-4.713;-16.78;20
12.972;-8.989;2.043;20
15.057;-9.224;11.698;20
9.326;-10.255;27.383;20
-7.437;-1.867;34.635;20
-3.879;7.292;-0.951;20
1.956;11.711;6.943;20
4.468;11.842;3.317;20
2.904;10.994;-6.258;20
2.206;9.696;-1.739;20
1.134;9.677;5.857;20
-3.407;10.855;2.544;20
-5.334;6.895;-12.385;20
0.073;0.512;-12.222;20
14.334;-17.139;-2.447;20
22.776;-40.611;12.14;20
-9.228;-20.57;13.312;20
-16.032;-19.988;8.98;20
-9.582;-5.541;-15.149;20
-4.099;9.166;-16.165;20
2.916;12.934;2.624;20
4.308;11.831;-6.233;20
-5.188;8.024;-2.453;20
-12.34;7.711;-2.607;20
-13.408;10.967;-2.758;20
-12.065;13.988;1.279;20
-10.386;14.465;2.559;20
-8.321;11.399;-0.714;20
-6.72;8.246;-3.803;20
-3.275;4.743;-3.421;20
4.226;-1.157;2.532;20
7.954;-4.79;6.209;20
15.595;-22.759;11.323;20
11.659;-30.918;-7.2;20
0.257;-7.381;-11.07;20
-1.484;8.505;-10.94;20
0.211;7.73;-11.271;20
7.986;-3.248;-11.791;20
13.672;-9.018;-6.125;19
12.596;-8.67;6.012;20
7.456;-7.738;16.82;20
-8.943;-3.892;34.72;20
-8.907;3.033;10.31;20
-0.763;9.639;7.418;20
3.096;11.368;6.739;20
3.383;9.828;-7.003;20
2.331;9.449;-4.718;20
1.773;9.815;1.045;20
-1.081;11.875;6.29;20
-4.891;8.618;-4.12;20
-1.622;2.42;-12.028;20
4.049;-4.565;-8.943;20
24.29;-33.608;11.421;20
7.631;-30.997;10.391;20
-12.778;-20.61;11.286;20
-11.14;-13.573;-2.547;20
-6.423;3.89;-20.158;20
-1.532;12.127;-7.147;20
6.714;11.531;-0.034;20
-1.179;9.183;-5.334;20
-12.201;8.89;-1.605;20
-13.831;11.867;-2.971;20
-12.551;13.59;-1.378;20
-10.701;13.881;1.527;20
-9.085;11.759;0.404;20
-7.498;8.259;-2.805;20
-6.25;5.62;-4.4;20
-0.895;0.248;-2.455;20
7.358;-5.594;4.309;20
12.165;-11.923;16.546;20
14.683;-25.904;7.145;20
0.415;-17.111;-13.689;20
-3.974;0.227;-10.956;20
-0.977;7.065;-10.041;20
3.432;0.781;-17.43;20
10.701;-8.614;-14.206;20
12.466;-9.827;1.637;20
14.585;-9.894;9.232;20
3.507;-7.99;39.365;20
-6.545;2.005;19.078;20
0.117;8.796;-4.791;20
3.074;13.121;8.879;20
4.974;12.565;3.688;20
4.451;8.995;-7.119;20
2.585;7.691;-0.202;20
0.524;8.221;10.183;20
-6.316;9.534;-0.582;20
-6.678;6.062;-15.462;20
-0.933;0.668;-11.63;20
14.617;-17.922;-2.885;20
21.997;-40.451;13.898;20
-8.787;-20.238;15.694;20
-12.712;-18.624;5.915;20
-10.136;-6.368;-18.895;20
-5.643;8.361;-12.422;20
2.828;12.857;3.367;20
1.696;14.66;-7.278;20
-8.442;11.329;-3.719;20
-13.447;11.466;-3.526;20
-14.251;13.618;-2.305;20
-11.662;13.843;0.456;20
-8.743;11.937;-0.244;20
-7.642;9.047;-0.843;20
-7.277;7.085;-1.852;20
-3.117;2.71;-2.423;20
5.404;-3.506;2.777;20
8.94;-6.394;9.282;20
15.797;-23.448;7.159;20
11.382;-29.205;-1.919;20
-0.768;-7.356;-9.473;20
-2.539;7.798;-8.349;20
-0.819;6.304;-9.84;20
5.717;-3.581;-21.539;20
11.732;-9.544;-12.855;20
10.709;-8.736;4.146;20
7.398;-10.132;18.918;20
-8.57;-4.574;42.802;20
-5.111;4.9;13.653;20
4.047;10.065;10.218;20
6.492;10.999;2.304;20
4.804;9.847;-10.738;20
2.094;10.357;-4.208;20
-0.111;12.171;0.468;20
-3.571;13.418;6.139;20
-5.68;7.404;-7.565;20
-2.9;3.135;-9.95;20
5.48;-5.461;-3.821;20
30.282;-39.977;14.027;20
3.415;-28.511;10.975;20
-17.698;-19.343;9.207;20
-11.155;-11.376;-9.163;20
-3.181;5.647;-14.29;20
2.006;14.202;-0.423;20
1.711;15.606;-7.193;20
-2.883;9.688;-4.187;20
-11.99;7.892;-0.967;20
-14.961;10.408;-4.023;20
-13.18;12.372;-0.507;20
-11.284;13.254;2.596;20
-8.295;10.713;0.245;20
-5.463;7.283;-4.099;20
-4.024;4.989;-4.315;20
2.854;-0.754;0.467;20
7.725;-5.331;5.941;20
15.988;-19.185;20.447;20
11.462;-26.176;-5.228;20
-2.826;-8.275;-13.342;20
-2.753;5.373;-11.787;20
0.255;5.637;-14.778;20
7.827;-3.983;-15.01;20
12.247;-9.308;-6.386;19
12.393;-7.698;5.398;20
9.884;-7.666;12.089;20
-7.585;-6.364;37.327;20
-8.446;2.416;10.942;20
-0.761;8.58;0.909;20
3.784;11.878;10.546;20
5.984;10.863;-1.833;20
5.015;8.668;-7.093;20
1.227;8.45;-2.163;20
0.859;10.236;10.773;20
-5.765;10.775;0.369;20
-4.095;4.295;-12.963;20
3.958;-3.949;-9.437;20
22.304;-30.236;2.251;20
9.427;-29.383;5.005;20
-6.921;-20.068;13.126;20
-8.365;-17.058;1.896;20
-9.37;-0.218;-14.762;20
-4.427;9.427;-7.156;20
1.584;12.887;-0.65;20
-0.665;13.002;-6.621;20
-5.529;8.577;-2.947;20
-12.149;8.746;-3.556;20
-14.806;12.944;-3.323;20
-13.429;15.228;-0.992;20
-9.76;13.585;-0.177;20
-7.51;9.952;-0.543;20
-6.095;6.456;-0.873;20
-2.279;1.699;-0.182;20
5.806;-5.378;3.69;20
8.675;-8.546;10.77;20
17.149;-27.752;14.259;20
5.293;-24.028;-7.88;20
-4.316;-1.295;-13.316;20
-2.624;8.557;-11.4;20
-1.585;6.022;-19.214;20
9.106;-6.157;-13.75;20
12.745;-9.045;-3.753;20
12.701;-8.334;9.453;20
8.454;-10.428;15.655;20
-7.709;-4.921;37.916;20
-3.762;4.888;12.281;20
3.467;10.374;6.972;20
4.416;11.065;2.627;20
2.773;10.168;-9.784;20
0.566;10.539;-2.821;20
1.081;10.615;6.688;20
-3.342;11.778;4.958;20
-6.106;7.343;-12.4;20
-1.216;1.611;-12.322;20
10.81;-13.645;0.898;20
27.19;-42.052;12.571;20
-1.811;-22.582;7.836;20
-12.714;-17.577;6.035;20
-10.865;-6.226;-18.237;20
-5.811;9.326;-8.044;20
0.23;14.801;0.473;20
0.282;12.512;-8.3;20
-6.508;9.297;-2.855;20
-12.648;10.982;-3.731;20
-12.867;12.751;-3.151;20
-11.132;13.886;-0.05;20
-9.876;13.492;0.613;20
-8.358;10.299;1.311;20
-6.181;6.447;-0.249;20
-1.889;1.061;-1.985;20
6.702;-5.719;6.31;20
13.106;-14.169;22.34;20
17.219;-29.396;2.757;20
-0.583;-14.196;-13.064;20
-4.948;2.006;-12.978;20
-2.614;7.258;-13.284;20
2.973;1.166;-18.117;20
10.593;-8.412;-9.603;20
14.229;-9.436;-1.461;20
13.936;-7.938;9.893;20
8.368;-8.38;12.911;20
-12.494;-1.537;37.864;20
-9.874;5.592;8.416;20
0.452;9.724;6.899;20
4.861;11.153;8.745;20
5.878;8.893;-9.133;20
4.335;8.858;-7.797;20
1.48;10.236;-0.193;20
-1.849;10.689;14.563;20
-6.455;7.048;-6.852;20
-1.648;1.878;-16.414;20
8.433;-9.919;-7.826;20
27.67;-42.607;7.224;20
-1.86;-25.156;12.359;20
-13.173;-19.82;13.078;20
-12.074;-11.403;-13.078;20
-8.973;6.508;-21.314;20
1.502;13.403;3.363;20
4.126;15.867;-5.152;20
-4.025;12.465;-5.922;20
-11.358;12.2;-3.255;20
-12.669;14.242;-3.258;20
-13.071;15.573;-0.875;20
-11.645;14.932;0.885;20
-7.674;10.588;1.982;20
-6.072;6.891;-1.098;20
-3.561;2.754;-3.879;20
4.543;-4.329;0.22;20
11.205;-9.335;17.711;20
18.549;-24.08;15.556;20
8.171;-24.334;-9.434;20
-6.022;-5.44;-6.13;20
-5.222;6.667;-15.404;20
-1.125;6.072;-15.849;20
6.174;-3.171;-16.726;20
10.822;-9.46;-5.451;19
13.424;-7.591;7.966;20
13.804;-7.843;8.269;20
3.104;-6.906;33.393;21
-7.912;2.061;21.454;20
-3.581;8.486;3.176;19
0.689;11.527;10.289;20
2.878;10.355;0.331;20
2.659;8.485;-7.293;20
0.955;8.285;-2.111;20
-0.554;10.171;6.481;20
-5.265;10.314;2.28;20
-3.667;4.261;-14.323;20
3.697;-3.162;-10.356;20
22.728;-29.103;4.46;20
12.496;-30.019;4.389;20
-7.242;-17.872;9.212;20
-11.177;-15.992;5.301;20
-8.582;-2.27;-19.004;20
-4.915;9.93;-5.776;20
0.467;13.557;1.352;20
0.876;11.369;-8.951;20
-7.197;8.689;-2.015;20
-12.938;10.98;-3.769;20
-13.6;14.086;-1.842;20
-12.634;15.517;-0.353;20
-9.172;12.909;0.181;20
-7.174;9.076;-0.55;20
-4.65;5.502;-1.18;20
1.21;-0.149;-0.15;20
6.138;-4.159;6.925;20
8.795;-10.252;11.273;20
17.654;-31.976;8.546;20
1.006;-17.621;-10.465;20
-4.525;2.532;-15.546;20
-2.873;8.624;-12.812;20
4.405;0.627;-15.42;20
11.441;-7.485;-8.598;20
13.171;-7.185;3.784;20
13.19;-6.912;7.918;20
3.191;-7.937;24.952;20
-9.519;-1.736;27.596;20
-2.74;6.014;2.919;20
2.106;11.176;8.688;20
4.34;11.567;4.889;20
3.477;9.283;-6.459;20
1.607;8.378;-4.394;20
-0.325;10.091;3.036;20
-5.66;11.175;3.948;20
-4.34;4.642;-13.725;20
2.113;-2.022;-12.329;20
21.686;-27.805;4.156;20
14.574;-33.555;9.863;20
-9.196;-18.366;10.673;20
-12.379;-17.331;3.634;20
-10.165;-1.677;-19.825;20
-5.207;10.175;-10.39;20
3.016;12.641;2.28;20
2.044;11.332;-5.517;20
-8.06;8.601;-3.107;20
-13.431;11.292;-3.385;20
-13.196;14.153;-1.093;20
-12.305;15.831;-0.507;20
-10.408;14.132;0.036;20
-6.847;9.179;-0.764;20
-5.475;5.906;-1.369;20
-1.365;0.424;-1.258;20
7.594;-6.208;6.559;20
14.572;-14.901;19.111;20
18.024;-30.533;0.174;20
-0.108;-13.229;-8.919;20
-4.601;2.387;-10.219;20
-4.452;7.764;-13.626;20
2.762;1.188;-16.806;20
8.844;-7.176;-12.529;20
13.33;-9.789;-0.001;20
14.763;-7.62;9.032;20
8.722;-7.313;18.964;20
-4.847;-2.136;32.64;20
-6.275;6.424;5.743;20
-3.028;10.848;9.918;20
1.756;11.367;9.73;20
3.874;8.864;-8.058;20
2.01;8.255;-5.575;20
1.104;8.747;0.878;20
-2.468;11.104;8.765;20
-5.084;7.303;-9.962;20
-0.005;0.618;-14.523;20
10.054;-12.879;-2.628;20
20.43;-32.891;7.01;20
-4.262;-18.303;9.019;20
-10.862;-19.64;10.603;20
-8.398;-10.958;-9.038;20
-5.118;6.063;-14.568;20
1.414;12.093;0.865;20
3.894;13.192;-5.171;20
-0.394;7.796;-4.335;20
-10.774;5.732;-2.61;20
-13.595;8.798;-3.375;20
-13.251;12.928;0.566;20
-11.695;14.826;-0.895;20
-8.147;11.843;-2.871;20
-5.72;8.71;-3.241;20
-2.8;5.646;2.802;20
5.792;-1.013;7.612;20
8.108;-8.435;20.178;20
7.83;-20.969;1.193;20
6.995;-28.591;-17.328;20
0.326;-5.169;-14.248;20
-0.823;8.384;-12.146;20
3.392;2.923;-21.504;20
11.808;-7.941;-5.86;20
14.65;-8.617;7.573;19
11.613;-5.476;12.186;21
-0.948;-8.068;30.59;20
-10.162;-2.123;23.942;19
0.68;6.341;-0.621;20
3.466;12.218;7.156;20
3.643;13.301;6.337;20
4.083;10.121;-10.062;20
0.92;9.124;-3.56;20
-1.444;9.406;2.21;20
-5.818;10.821;5.792;20
-5.866;5.304;-10.634;20
0.082;-0.326;-13.04;20
13.309;-16.713;-1.503;20
22.565;-37.888;12.843;20
-4.207;-21.332;11.591;20
-9.881;-19.011;5.305;20
-9.122;-7.835;-11.515;20
-7.356;6.433;-15.73;20
-1.019;12.501;0.201;20
3.844;13.381;-3.563;20
-2.438;8.365;-5.061;20
-12.795;8.289;-4.199;20
-14.51;12.391;-2.47;20
-13.619;15.427;-0.05;20
-12.572;15.947;-1.427;20
-8.833;11.125;-0.693;20
-6.113;6.8;-0.975;20
-3.257;3.195;-0.438;20
5.342;-3.881;4.162;20
10.672;-9.083;15.457;20
18.545;-27.403;7.28;20
8.067;-24.268;-10.158;20
-4.577;-2.531;-8.372;20
-5.184;7.389;-12.83;20
-1.74;5.272;-18.437;20
6.024;-3.656;-13.8;20
11.4;-9.62;-0.81;20
13.582;-7.804;6.885;20
11.029;-7.608;15.148;20
0.436;-4.946;36.128;20
-1.929;4.946;8.099;20
0.337;10.981;7.692;20
3.089;12.395;9.502;20
2.396;10.34;-7.658;20
0.721;8.963;-5.042;20
0.054;8.481;3.192;20
-4.107;10.625;3.778;20
-7.59;8.36;-8.683;20
-2.836;2.966;-9.282;20
5.479;-5.774;-4.601;20
28.685;-38.564;10.639;20
3.445;-28.492;13.805;20
-12.6;-19.593;8.63;20
-9.719;-10.502;-7.075;20
-5.705;6.007;-18.797;20
-0.025;13.78;-4.007;20
5.073;14.416;-4.055;20
-0.719;9.035;-5.087;20
-12.581;8.194;-4.091;20
-15.917;10.432;-3.322;20
-13.933;11.284;0.907;20
-11.539;12.497;0.131;20
-10.264;11.158;-1.028;20
-8.908;7.895;-3.222;20
-4.139;3.88;-1.839;20
3.747;-2.306;2.738;20
6.623;-4.876;7.477;20
12.09;-14.463;9.829;20
15.95;-28.643;1.622;20
1.971;-14.16;-9.934;20
-3.305;5.401;-16.178;20
-1.129;8.563;-18.177;20
8.594;-2.08;-11.267;20
13.084;-7.187;-4.464;20
12.746;-6.138;4.536;20
9.733;-7.305;11.415;20
-9.362;-7.866;32.66;20
-8.296;-0.116;17.778;20
2.299;7.165;2.901;20
4.484;12.636;10.441;20
5.027;12.545;-1.459;20
4.132;10.303;-5.964;20
1.472;8.721;-0.943;20
-1.539;10.041;3.261;20
-7.0;9.485;-1.32;20
-4.047;3.382;-10.717;20
2.476;-3.203;-9.369;20
22.724;-29.966;2.672;20
10.466;-34.594;16.175;20
-11.533;-22.518;17.908;20
-11.307;-16.327;-5.066;20
-8.915;2.138;-19.485;20
-3.423;12.501;-10.163;20
4.764;15.117;2.328;20
3.421;11.462;-4.777;20
-9.071;9.29;-2.934;20
-14.522;11.523;-5.174;20
-13.585;12.872;-2.393;20
-12.149;14.361;0.1;20
-10.231;13.145;-1.877;20
-7.084;8.817;-1.405;20
-5.22;5.857;-1.775;20
-1.626;1.33;-1.356;20
6.815;-6.063;5.399;20
15.352;-15.467;24.399;20
18.9;-30.15;2.698;20
0.438;-14.199;-12.257;20
-4.083;0.414;-11.133;20
-3.015;7.509;-10.666;20
-0.141;3.263;-18.87;20
8.125;-6.16;-15.657;20
12.131;-8.847;-6.143;20
13.746;-8.555;9.592;19
10.634;-9.612;21.079;20
-6.152;-3.229;36.861;20
-7.21;5.415;11.834;20
-1.821;10.164;10.426;20
1.887;11.386;7.148;20
3.44;9.714;-8.382;20
2.055;8.866;-6.977;20
0.47;9.469;-2.87;21
-2.724;12.478;6.281;20
-5.362;9.109;-4.233;19
-0.807;3.213;-11.871;20
11.014;-11.226;-6.982;20
32.313;-46.023;5.39;20
-4.136;-22.634;8.934;20
-15.563;-17.4;13.368;20
-11.372;-10.943;-3.909;20
-10.989;4.634;-25.541;20
-4.839;12.37;-2.768;20
1.193;15.777;3.219;20
-1.745;13.041;-7.255;20
-8.659;11.567;-2.519;20
-11.605;13.187;-0.769;20
-11.434;14.369;-3.117;20
-9.734;13.171;-3.523;20
-5.732;9.625;-0.008;20
-3.837;6.703;-0.598;20
-2.285;3.674;-0.614;20
6.0;-3.288;5.669;20
10.766;-7.883;18.553;20
20.889;-25.832;15.208;20
10.7;-30.932;-12.61;20
-7.653;-5.023;-7.54;20
-6.398;9.449;-11.848;20
-5.616;8.25;-16.434;20
1.438;-1.47;-17.218;20
7.001;-7.689;-0.302;20
10.421;-7.429;2.783;20
10.196;-5.462;6.344;20
4.004;-1.427;20.167;20
-4.228;3.113;27.24;20
-3.717;6.41;8.323;20
-3.011;9.357;0.684;20
-3.609;11.799;3.201;20
-1.111;11.165;-2.401;20
-0.258;10.288;-4.375;20
-0.948;9.235;-1.425;20
-0.508;6.514;2.605;20
-3.765;4.193;1.511;20
-0.467;0.389;-11.284;20
15.858;-12.785;-20.37;20
30.916;-44.686;-9.578;20
-7.424;-23.813;7.169;20
-16.48;-8.834;13.7;20
-9.824;-2.994;0.177;20
-8.175;3.494;0.2;20
-7.196;8.942;0.128;20
-1.839;5.549;-6.274;20
1.688;3.877;-2.626;20
-0.078;7.818;-3.344;20
-3.144;10.294;-2.193;20
-5.77;11.5;-0.785;20
-6.746;11.81;-0.681;20
-5.791;10.696;-0.503;20
-4.291;8.554;-1.865;20
-1.137;5.44;2.672;20
6.744;0.767;13.382;20
11.317;0.181;23.947;20
10.959;-1.084;-4.264;20
22.579;-30.878;-2.641;20
1.97;-22.953;-14.168;20
-6.919;-5.652;-1.137;20
-16.543;5.729;-1.051;20
-15.462;5.809;-9.604;20
2.712;-5.721;-7.792;20
7.505;-6.143;-5.396;20
3.6;0.259;-0.531;20
1.535;5.647;4.486;20
1.799;6.453;4.516;20
2.37;3.482;1.848;20
1.283;3.493;-0.434;20
0.601;3.866;1.907;20
-1.379;3.794;7.716;20
-0.405;4.174;4.853;20
1.133;3.674;2.158;20
1.8;2.96;-0.254;20
0.577;2.659;-2.708;20
-0.819;2.184;-2.335;20
-0.985;1.778;1.269;20
-0.177;1.1;3.363;20
0.525;-1.307;0.967;20
1.676;-2.541;-0.489;20
2.847;-4.654;-2.671;20
0.217;-5.15;-4.569;20
-2.171;-6.088;-5.308;20
-3.545;-6.501;-3.408;20
-5.174;-0.498;-0.696;20
-3.596;6.239;-3.345;20
1.458;-2.827;-1.896;20
-3.846;-5.813;0.63;20
-5.143;-3.53;9.337;20
-3.846;-2.808;6.976;20
-2.288;-2.847;-0.527;20
-2.109;-1.475;-5.922;20
0.666;-1.994;-8.749;20
1.788;-0.085;-6.022;20
3.842;2.74;-4.508;20
4.54;3.887;-5.392;20
6.272;5.189;1.802;20
7.329;4.448;5.254;20
4.677;4.555;4.819;19
-4.724;5.054;5.413;20
-7.923;6.381;5.969;20
-3.455;6.077;2.6;20
-1.43;6.017;0.941;20
-2.768;5.694;-0.97;20
-1.825;4.96;-0.487;20
0.053;4.175;0.246;20
0.703;3.171;1.336;21
0.504;1.44;2.761;20
2.385;-0.262;5.538;19
3.567;-3.39;-1.987;20
3.864;-9.445;-16.11;20
6.75;-13.186;0.296;20
6.105;-13.926;3.175;20
4.453;-10.052;-9.351;20
-2.192;-5.405;-1.448;20
-10.176;-1.422;0.067;20
-9.165;-0.29;3.143;20
-1.459;-2.022;12.074;20
-0.255;-0.889;9.133;20
-1.344;-1.028;2.075;20
-0.929;-0.917;-3.422;20
-0.478;-0.073;-6.967;20
1.151;0.576;-3.105;20
3.696;0.609;5.99;20
4.23;0.686;8.03;20
3.861;2.053;0.776;20
5.197;3.489;-4.762;20
6.687;4.599;-4.678;20
6.454;4.392;-1.039;20
4.293;3.428;0.354;20
2.259;2.626;-1.459;20
0.645;2.187;-3.655;20
-0.591;1.75;-5.01;20
-1.569;2.257;-3.937;20
-1.975;2.742;-1.0;20
-1.853;2.242;0.455;20
-2.228;1.696;0.365;20
-2.79;1.195;-0.356;20
-3.009;1.228;0.109;20
-2.712;1.789;1.916;20
-2.322;2.517;3.602;20
-3.796;3.848;7.196;20
-5.68;4.011;17.096;20
2.008;0.408;6.25;20
1.038;2.504;4.432;20
0.266;3.262;11.552;20
-1.679;2.005;5.594;20
-2.188;2.85;-0.139;20
-2.282;3.278;-1.408;20
-2.646;3.765;2.606;20
-0.829;2.971;8.188;20
0.266;2.145;9.096;20
0.349;2.047;6.451;20
-0.15;2.513;3.587;20
-1.528;3.007;1.245;20
-2.55;3.425;-0.715;20
-2.12;3.552;-0.941;20
-1.231;3.238;0.443;20
-0.701;3.142;1.141;20
-1.439;3.139;1.531;20
-2.518;3.168;1.673;20
-2.24;3.094;0.857;20
-1.059;2.964;-0.897;20
-0.705;2.933;-1.182;20
-1.255;2.939;0.457;20
-2.1;2.656;1.77;20
-1.734;2.211;1.647;20
-0.888;1.938;0.939;20
-0.69;1.943;0.61;20
-0.646;2.057;0.443;20
-0.291;2.071;0.125;20
0.117;2.008;-0.111;20
0.748;1.66;-1.378;84
0.609;1.583;-0.779;21
0.851;0.839;0.077;19
0.909;0.477;0.369;20
0.715;0.189;0.616;20
0.326;-0.069;0.931;20
-0.293;-0.127;1.271;20
-0.219;0.246;0.59;20
0.591;0.486;-0.556;20
3.041;0.257;-0.867;20
1.439;1.382;-0.676;20
0.806;1.351;0.393;20
0.007;0.791;0.286;20
-0.268;0.649;0.375;20
-0.203;0.384;0.247;20
-0.177;0.415;0.006;20
-0.149;0.594;-0.387;20
-0.366;0.545;-0.574;20
-0.636;0.417;-0.21;20
-0.439;0.306;0.477;20
-0.133;0.214;0.958;20
-0.229;0.131;0.844;20
-0.693;0.311;0.455;20
-0.579;0.382;0.343;20
-0.22;0.299;0.041;20
-0.422;0.551;-0.463;20
-0.378;0.611;-0.549;20
-0.357;0.59;-0.188;20
-0.291;0.542;0.002;20
-0.304;0.558;0.033;20
-0.23;0.627;0.2;20
-0.135;0.683;0.215;20
-0.03;0.689;0.102;20
0.053;0.605;-0.142;20
0.004;0.583;-0.446;20
-0.048;0.606;-0.805;20
0.094;0.606;-0.721;20
0.357;0.517;-0.59;20
0.392;0.492;-0.529;20
0.241;0.553;-0.392;20
0.309;0.477;-0.026;20
0.16;0.514;-0.02;20
0.1;0.613;-2.077;20
0.173;0.688;-0.747;20
0.757;0.204;0.798;20
0.24;0.307;1.494;20
0.066;0.461;0.851;20
0.075;0.396;-0.814;20
-0.246;0.539;-1.743;20
-0.024;0.43;-1.483;20
-0.129;0.212;-1.178;20
-0.141;0.015;-0.279;19
-0.119;-0.09;0.469;20
-0.178;-0.094;0.418;20
-0.271;-0.135;0.304;20
-0.016;-0.35;0.13;20
0.425;-0.575;-0.26;20
0.533;-0.091;0.508;20
0.168;0.278;0.23;20
0.049;0.212;0.172;20
-0.343;0.333;0.609;20
-0.499;0.172;0.329;20
-0.556;0.247;0.496;20
-0.649;0.225;0.219;20
-0.473;-0.024;-0.172;20
-0.496;-0.09;0.078;20
-0.702;-0.054;0.141;20
-0.637;-0.229;0.069;20
-0.624;-0.305;0.004;20
-0.607;-0.384;0.207;20
-0.566;-0.436;0.473;20
-0.551;-0.426;0.531;20
-0.667;-0.4;0.545;20
-0.705;-0.341;0.539;20
-0.593;-0.234;0.42;20
-0.427;-0.171;0.235;20
-0.262;-0.187;0.217;20
-0.036;-0.236;0.249;20
0.216;-0.224;0.286;20
0.425;-0.148;-0.005;20
0.44;-0.021;-0.357;20
0.458;0.083;-0.428;20
0.356;0.14;-0.361;20
0.454;0.157;-0.203;20
0.493;0.199;-0.146;20
0.369;0.192;-0.153;20
0.209;0.167;-0.178;20
0.237;0.115;-0.117;20
0.302;0.098;0.0;20
0.226;0.129;0.054;20
0.248;0.191;-0.096;20
0.315;0.266;-0.323;20
0.215;0.278;-0.243;20
0.179;0.251;-0.093;20
0.175;0.192;-0.376;20
0.055;0.155;-0.694;20
0.11;0.064;-0.351;20
0.205;0.087;0.92;20
0.253;0.187;1.81;20
-0.027;0.162;-0.072;20
-0.244;0.157;-0.56;19
0.019;-0.057;-1.093;21
0.244;-0.34;-1.618;19
0.538;-0.268;-0.617;20
0.257;-0.279;0.256;20
-0.27;-0.289;0.735;20
-0.426;-0.083;-0.079;20

# Completed @Wed Jan 06 22:06:36 GMT+02:00 2021
