# Accelerometer Data File
# Started @Wed Jan 06 21:33:09 GMT+02:00 2021
#
#
# sensor Vendor: BOSCH
# sensor Name: BMI160 Accelerometer Non-wakeup
# sensor Resolution: 0.0023928226m/sec^2; Max Range: 78.4532; Min Delay: 2500 microseconds
# The sensor's attributes are the result hardware and the Android capabilities.
# It means that the Android may not utilize all features provided by the hardware.
#
# Some devices and Android versions save battery too much so the device may go to sleep.
# It just happens after couple of minutes from turning off the scree and it is easy to find it out.
#
# The following file provides the data from accelerometer in the m/s^2 format.
# The diff value is just a time delta between the samples
#
#
# data format:
# so we have 4 columns with values separated by the ";"
# X;Y;Z;time_from_previous_sample(ms)

# sensor speed set to:NORMAL
# units set to: m/sec^2
# gravity  filtered out
# Accuracy: HIGH
-2.019;3.944;8.098;0
-1.906;3.485;7.648;19
-1.35;2.906;6.858;20
-0.567;2.114;6.025;20
-0.123;1.552;5.402;20
-0.018;1.287;4.742;20
0.133;1.216;4.081;20
0.414;0.964;3.574;20
0.581;0.694;3.254;20
0.343;0.644;3.075;20
-0.804;0.919;3.376;20
-1.147;1.672;3.279;20
-0.938;1.297;2.135;20
0.077;0.715;1.896;20
-0.128;0.582;2.03;20
0.011;0.346;2.398;20
0.227;0.086;1.689;20
0.107;0.205;1.096;20
0.446;-0.126;1.25;20
0.955;-0.373;1.392;20
1.189;-0.323;1.1;20
0.829;0.072;0.446;20
0.547;0.309;0.419;20
0.765;0.048;0.662;20
0.848;-0.102;1.109;20
0.719;-0.31;1.236;20
0.357;-0.431;1.295;20
0.025;-0.418;1.671;20
-1.314;0.472;0.43;19
-1.284;0.281;-0.845;20
-0.556;-0.385;-0.402;20
-0.98;0.406;0.981;20
-1.437;0.604;1.114;20
-1.018;0.232;0.076;20
-0.531;-0.134;-0.247;20
-0.733;-0.423;-0.073;20
-1.46;-0.911;0.491;20
-2.276;-0.681;0.207;20
-0.762;-1.037;-0.088;20
-2.631;-0.042;-0.377;20
-0.795;-0.203;-1.184;20
2.181;-2.883;1.05;20
3.19;-3.311;2.123;20
2.56;-2.212;0.586;20
3.186;-2.15;-0.756;20
4.926;-2.769;-1.455;20
5.811;-2.677;-1.888;20
5.379;-2.194;-1.908;20
5.109;-1.605;-1.612;20
3.802;-0.928;-1.983;20
2.872;-0.626;-1.916;20
2.656;-0.458;-1.552;20
2.238;0.305;-6.897;20
1.963;-1.227;-5.784;20
3.475;-2.947;-4.061;20
2.658;-2.802;-2.501;20
0.896;-1.725;-2.028;20
0.596;-2.334;-0.212;20
4.045;-3.494;2.72;105
4.32;-4.08;0.503;20
5.623;-4.347;1.863;20
5.376;-3.337;7.427;20
3.322;-1.634;8.049;20
2.208;-0.638;3.354;20
1.691;-0.917;1.6;20
0.541;-0.912;0.841;20
-2.084;-0.226;-0.857;20
-4.609;0.292;-2.919;20
-5.528;0.153;-5.238;20
-7.388;-0.513;-4.983;20
-5.677;-3.4;-4.894;20
5.844;-8.814;-9.353;20
11.432;-9.155;-10.983;20
5.445;-2.841;-5.987;20
1.181;1.728;-0.966;20
0.459;1.545;0.065;20
1.164;0.01;0.88;20
0.942;-0.253;1.143;20
-1.721;-0.663;-0.811;20
-4.216;-1.088;-5.855;20
-2.415;-1.775;-5.752;20
-2.503;-2.302;-1.096;20
-2.956;-7.102;-4.142;20
-3.792;-6.377;-0.257;20
-1.692;-5.594;0.063;20
-0.288;-4.992;-2.417;20
-1.455;-1.058;-1.47;20
-3.951;5.521;-3.141;20
-2.788;5.143;-0.046;20
0.547;2.236;-1.052;20
-1.997;1.687;-0.468;20
-2.09;1.658;2.273;20
-1.181;0.535;-0.271;20
0.139;-1.303;-2.989;20
-0.589;1.136;-2.323;20
-2.596;4.155;1.125;20
-2.647;1.678;-0.173;20
-3.917;-4.896;-2.949;20
-4.267;-21.887;4.888;20
0.99;-18.607;-0.172;20
-1.083;-1.176;-11.055;20
-3.755;2.912;-5.321;20
-2.739;4.166;0.77;20
-1.262;4.696;2.045;20
-0.248;2.094;-0.819;20
0.194;-0.294;-5.131;20
-0.236;-3.324;-6.092;20
-4.199;-6.6;3.715;20
-2.438;-5.302;11.547;20
3.158;-2.094;13.04;20
2.064;0.885;7.351;20
-0.696;-0.182;1.245;20
-0.471;-2.265;-3.891;20
-0.993;-0.168;-3.325;20
-0.997;1.642;0.809;20
-1.331;0.947;1.658;20
-1.575;-1.197;-6.005;20
-2.263;-3.787;-9.825;20
-0.488;-7.563;-8.594;20
7.235;-14.449;20.009;20
-3.908;-8.022;8.02;20
-8.835;1.614;-6.364;20
-4.47;6.118;-0.721;20
0.038;6.882;-2.426;20
0.381;7.91;-3.543;20
-0.309;8.473;-2.094;20
-0.886;8.697;-2.124;20
-1.867;10.882;0.231;20
-1.872;13.237;0.999;20
-1.073;12.28;0.082;20
1.078;9.092;-0.671;20
2.774;6.673;-0.88;20
4.784;3.645;5.567;20
6.712;-1.739;9.385;20
-1.918;-4.422;-7.798;20
-8.884;-8.951;-0.628;20
-13.099;-16.428;0.258;20
-6.558;-12.254;-5.664;20
2.515;-0.117;-3.079;20
6.446;0.144;-5.673;20
4.637;-4.24;-9.832;20
5.215;-10.958;-14.159;20
7.453;-14.912;-6.971;20
-0.18;-8.899;22.06;20
-9.501;-3.915;29.17;20
0.415;-2.83;6.475;20
9.062;1.096;10.518;20
10.369;5.708;6.705;20
7.12;8.149;0.504;20
2.89;8.207;-6.953;20
0.63;9.359;-10.604;19
2.02;10.383;2.981;20
1.148;8.969;11.579;20
-5.555;5.151;-9.829;20
-3.891;-1.661;-6.867;20
1.594;-18.22;3.094;20
-4.22;-35.614;11.613;20
-16.233;-15.946;3.839;20
-0.391;-3.42;-4.807;20
3.657;2.28;-1.774;20
5.357;7.308;-2.14;20
4.428;9.71;-6.861;20
-1.813;10.257;-8.287;20
-6.53;11.344;-3.462;20
-7.74;13.489;-1.611;20
-9.3;16.467;-1.721;20
-4.621;13.966;-1.176;20
-1.393;9.946;-1.27;20
-0.624;6.489;-1.703;20
1.184;2.986;0.159;20
5.272;-0.546;3.849;20
4.869;-7.776;0.517;20
-4.598;-14.71;-0.651;20
-10.598;-19.567;-9.125;20
1.62;-9.351;-7.051;20
7.096;0.091;-5.86;20
9.055;-4.458;-12.201;20
6.878;-10.268;-11.005;20
4.608;-13.405;-1.181;20
2.616;-11.465;26.169;20
-4.108;-6.386;33.222;20
2.03;3.151;1.346;20
8.187;8.787;3.926;20
11.137;8.104;15.191;20
8.87;5.209;-6.123;20
3.561;7.818;-10.241;20
-0.837;10.518;-6.692;20
-4.002;13.136;10.986;20
-6.055;10.55;8.135;20
-1.888;4.625;-12.92;20
-0.097;-0.403;-7.102;20
6.819;-28.37;1.56;20
-5.273;-49.529;17.858;20
-9.864;-17.717;4.402;20
-1.573;-0.604;-12.61;20
-2.992;8.657;-5.952;20
4.419;10.721;-2.804;20
1.155;12.872;-8.906;20
-8.489;15.399;-7.254;20
-7.869;16.674;-4.597;20
-7.239;18.683;-7.785;20
-6.043;17.994;-1.89;20
-3.013;12.749;2.012;20
-2.317;8.449;1.641;20
-1.894;5.007;2.182;20
1.57;-1.821;12.163;20
7.887;-6.793;4.645;20
9.03;-11.704;-0.26;20
-5.707;-20.115;0.912;20
-9.765;-22.564;-8.373;20
1.49;-3.429;-8.286;20
3.372;5.457;-11.567;20
4.947;-0.924;-19.501;20
4.075;-11.615;-9.919;20
4.765;-16.598;2.481;20
7.595;-14.436;20.869;20
-3.098;-4.118;41.147;20
2.329;6.292;5.483;20
7.786;10.313;0.012;20
10.222;9.027;4.918;20
6.653;7.708;-3.285;20
2.355;9.011;-3.847;20
-0.113;10.413;-0.65;20
-4.683;11.831;20.281;20
-4.631;8.568;-10.929;20
-0.559;4.05;-13.074;20
3.198;-3.669;-6.991;20
10.262;-34.602;2.678;20
-9.278;-42.691;20.533;20
-9.829;-17.811;3.34;20
-2.557;0.035;-15.156;20
-0.734;10.621;-5.129;20
7.345;13.47;-1.837;20
-1.482;15.986;-7.895;20
-9.657;15.084;-6.831;20
-8.868;16.1;-6.677;20
-8.87;18.89;-7.619;20
-7.345;17.109;-0.411;20
-4.685;11.095;3.372;20
-4.337;7.4;2.511;20
-2.588;3.467;5.399;20
5.153;-4.663;7.998;20
13.695;-11.163;7.377;20
6.01;-6.515;-3.467;20
-5.611;-13.146;-1.51;20
-8.066;-23.816;-5.485;20
0.805;-6.451;-11.189;20
2.758;3.425;-10.615;20
3.536;-2.406;-16.494;20
4.551;-11.16;-9.722;20
5.782;-14.957;3.249;20
6.638;-12.588;26.446;20
-0.465;-3.954;39.05;20
1.327;6.804;3.912;20
8.445;10.888;0.127;20
9.801;9.937;2.529;20
5.469;8.704;-6.211;20
1.599;9.647;-4.898;20
-0.401;11.183;6.856;20
-4.024;11.225;16.851;20
-4.16;7.724;-18.099;20
0.293;2.388;-13.017;20
6.9;-11.728;-6.345;20
7.566;-42.364;20.436;20
-16.161;-30.398;13.839;20
-8.627;-14.177;-6.738;20
-3.47;0.831;-12.985;20
-0.234;10.249;-2.662;20
6.847;12.919;-4.711;20
-3.001;15.195;-7.305;20
-9.764;15.418;-4.941;20
-9.258;17.463;-6.87;20
-7.983;18.466;-6.489;20
-5.043;14.961;-0.422;20
-2.978;10.649;2.788;20
-2.579;7.234;1.341;20
0.795;2.842;5.969;20
7.529;-4.744;9.268;20
11.415;-8.154;2.688;20
2.87;-7.319;2.954;20
-8.293;-20.877;1.057;20
-6.993;-21.355;-14.342;20
2.368;-1.075;-10.219;19
0.883;4.544;-14.035;20
4.768;-7.234;-14.645;20
4.655;-13.513;-2.015;20
7.583;-14.257;8.657;20
3.492;-7.957;38.737;20
-3.035;0.631;22.37;20
2.668;7.995;-3.262;20
8.804;10.777;5.374;20
8.842;8.535;1.553;20
4.532;8.809;-5.252;20
-0.01;10.289;-5.456;20
-0.013;11.071;18.742;20
-4.311;9.252;3.212;20
-2.487;5.949;-18.398;20
2.549;0.193;-10.399;20
10.176;-20.96;-5.696;20
1.033;-44.664;20.903;20
-15.754;-25.775;8.57;20
-2.485;-9.216;-12.008;20
-3.502;5.093;-7.998;20
0.915;12.494;-2.126;20
1.691;14.302;-6.214;20
-7.282;14.542;-8.292;20
-9.728;15.74;-4.778;20
-9.581;18.6;-6.482;20
-7.266;18.797;-4.482;20
-3.795;14.08;3.291;20
-2.174;9.792;3.708;20
-1.717;6.092;0.129;20
2.216;-0.93;9.386;20
6.582;-4.983;9.159;20
9.382;-7.708;0.275;20
-0.293;-13.319;-0.144;20
-10.002;-30.159;-3.885;20
-2.644;-14.656;-12.207;20
0.407;5.878;-12.519;20
2.511;1.455;-14.561;20
4.908;-8.758;-12.87;20
3.617;-13.171;1.718;20
8.958;-12.856;23.86;20
1.788;-4.853;38.021;20
-0.332;4.346;8.3;20
6.677;10.267;-0.07;20
10.532;8.872;2.51;20
7.51;8.407;-3.809;20
1.98;10.541;-4.532;20
0.098;11.688;5.676;20
-2.645;10.938;22.371;20
-4.202;8.143;-14.981;20
-1.13;5.089;-13.349;20
2.335;-0.768;-9.386;20
10.736;-27.947;1.939;20
-5.804;-42.063;20.506;20
-16.178;-19.514;3.898;20
-0.568;-5.062;-9.648;20
-1.498;6.322;-8.647;20
4.556;10.161;-2.849;20
-0.224;12.603;-6.02;20
-10.119;13.897;-8.204;20
-10.42;14.855;-4.089;20
-10.576;17.608;-5.806;20
-7.686;16.593;-2.114;20
-3.539;11.715;4.247;20
-1.353;8.183;3.499;20
0.789;6.056;7.023;20
7.822;-1.508;6.295;20
8.614;-6.266;-4.913;20
4.057;-12.843;11.143;20
-10.12;-24.332;-4.68;20
-7.633;-18.413;-15.039;20
3.566;2.413;-11.062;20
3.235;2.184;-14.947;20
6.156;-9.507;-14.399;20
7.384;-16.469;-2.356;20
9.627;-13.224;18.942;20
-0.711;-5.643;41.393;20
-3.656;2.246;12.299;20
3.101;10.841;-2.198;20
9.559;9.766;8.024;20
8.728;7.867;-1.261;20
3.556;9.469;-4.698;20
0.376;10.268;-4.112;20
0.295;11.671;6.185;20
-3.741;11.547;13.231;20
-2.459;8.073;-10.26;20
0.901;3.753;-8.711;20
6.511;-7.459;-10.2;20
11.431;-45.246;10.876;20
-17.863;-35.075;14.594;20
-14.926;-14.669;-2.482;20
-3.8;0.233;-8.805;20
-2.347;10.629;-5.706;20
8.059;9.484;-6.002;20
-2.125;12.0;-6.864;20
-11.579;15.494;-7.768;20
-7.757;16.001;-4.323;20
-5.918;17.6;-6.16;20
-5.637;17.25;-2.735;20
-2.529;12.002;4.538;20
-0.952;8.596;6.667;20
0.017;4.005;8.175;20
4.023;-2.582;5.031;20
7.062;-4.747;-4.784;20
4.277;-5.698;0.479;20
-1.475;-19.844;3.133;20
-5.809;-30.61;-11.484;20
3.134;-6.168;-9.281;20
2.6;3.793;-9.341;20
2.245;-0.392;-9.01;20
7.014;-6.978;-5.427;20
8.259;-12.666;-0.842;20
3.479;-9.918;22.219;20
-3.676;-0.876;34.56;20
0.929;4.771;5.136;20
9.628;8.008;-0.27;20
11.147;7.102;-1.526;20
5.088;8.828;-2.507;20
-0.147;10.655;-1.647;20
0.757;11.336;20.217;20
-1.349;8.995;-1.292;20
-1.783;5.672;-13.85;20
1.272;0.437;-8.923;20
8.4;-21.171;-5.642;20
1.465;-47.025;11.949;20
-18.276;-19.681;6.175;20
-7.402;-5.019;-5.189;20
-4.385;5.009;-5.625;20
0.586;11.668;-4.304;20
2.194;12.366;-5.137;20
-7.139;14.777;-7.697;20
-9.526;18.122;-5.934;20
-8.551;19.458;-6.039;19
-5.249;15.49;-1.16;20
-2.7;11.043;3.526;20
-2.471;8.294;5.25;20
-1.441;5.349;11.339;20
4.948;-1.734;3.052;21
5.591;-3.969;-7.396;20
2.201;-6.48;-1.508;19
-5.708;-24.958;-5.6;20
-5.376;-28.123;-4.579;20
7.764;-4.222;-5.902;20
3.158;3.855;-10.471;20
1.665;-0.615;-9.988;20
7.63;-7.896;-5.424;20
10.431;-13.766;0.926;20
4.768;-7.34;33.116;21
-0.499;1.551;26.066;20
-0.13;7.993;2.995;19
5.68;10.376;6.044;20
9.344;6.624;-0.275;20
4.667;7.979;-5.003;20
0.804;9.436;-1.491;20
-1.772;11.364;6.628;20
-4.775;10.866;9.108;20
-2.443;6.699;-9.659;20
1.981;1.6;-9.23;20
7.132;-10.798;-12.41;20
9.202;-45.33;7.513;20
-15.899;-26.141;13.812;20
-11.433;-8.295;3.486;20
-1.306;-0.776;-8.191;20
-3.368;7.815;-8.722;20
4.54;10.127;-3.585;20
-1.426;10.335;-4.682;20
-10.301;12.188;-7.102;20
-9.351;14.604;-4.044;20
-8.478;17.423;-4.207;20
-5.781;16.133;1.391;20
-2.12;11.558;5.044;20
0.064;8.856;5.67;20
8.205;1.367;10.178;20
7.555;-5.073;-5.288;20
0.439;-6.271;-3.789;20
-3.303;-20.196;1.696;20
-5.37;-28.079;-7.588;20
2.119;-2.767;-9.586;20
1.874;7.536;-9.841;20
2.056;-0.377;-13.615;20
5.375;-11.552;-8.515;20
9.682;-16.496;0.554;20
3.925;-9.592;32.412;20
-6.573;-0.837;35.449;20
-0.85;5.011;-2.555;20
7.972;9.865;-4.091;20
12.063;9.685;5.434;20
8.047;9.037;-5.176;20
2.135;10.371;-2.617;20
0.798;9.981;4.901;20
2.777;7.607;23.363;20
-2.475;6.159;-11.203;20
0.645;2.139;-12.06;20
5.957;-7.112;-13.501;20
11.288;-35.448;-4.625;20
-11.638;-32.187;13.173;20
-18.425;-13.577;11.562;20
-7.213;-5.64;-3.714;20
-8.523;5.442;-17.93;20
-1.83;11.316;-5.454;20
5.516;11.228;3.798;20
-4.076;12.636;-5.873;20
-9.585;14.475;-5.756;20
-8.426;16.764;-3.41;20
-6.494;17.801;-2.666;20
-2.68;12.912;2.354;20
-0.65;8.581;3.334;20
-0.855;5.916;7.185;20
4.018;-1.315;11.341;20
10.252;-7.53;-0.364;20
9.013;-13.279;4.209;20
-6.938;-19.971;-4.162;20
-9.805;-15.081;-10.823;20
0.708;1.811;-9.644;20
2.773;3.943;-11.806;20
3.8;-4.35;-16.457;20
5.613;-13.48;-10.124;20
6.559;-15.269;1.126;20
5.357;-12.248;31.112;20
-4.347;-1.822;40.594;20
-1.961;6.64;-1.832;20
2.6;12.463;-6.913;20
8.655;11.547;8.817;20
8.781;8.614;-0.008;20
6.031;8.17;-4.25;20
2.365;9.207;3.765;20
0.593;9.563;18.117;20
-5.109;9.029;-5.787;20
-2.658;5.895;-11.648;20
3.788;-2.069;-10.921;20
14.199;-30.56;-15.715;20
-1.63;-44.365;11.186;20
-16.558;-16.276;17.602;20
-8.379;-4.309;2.221;20
-6.172;1.298;-13.251;20
-4.66;8.942;-13.315;20
3.69;12.36;2.092;20
3.762;11.656;-2.305;20
-7.694;13.612;-8.122;20
-8.604;15.588;-4.125;20
-6.843;16.438;-4.256;20
-5.087;15.337;-1.153;20
-3.047;11.872;5.015;20
-2.217;8.871;2.106;20
1.857;3.015;7.587;20
7.729;-3.961;9.221;20
7.245;-5.462;-2.549;20
1.937;-11.782;5.921;20
-6.634;-31.186;-5.603;20
-4.179;-17.12;-13.707;20
2.872;4.333;-5.978;20
1.725;4.602;-14.491;20
2.891;-5.96;-16.619;20
5.689;-11.922;-3.806;20
9.076;-11.855;10.378;20
7.334;-8.613;38.663;20
-3.022;0.231;23.253;20
1.653;8.547;-4.147;20
5.645;11.855;5.639;20
7.687;9.139;7.727;20
5.952;7.779;-4.668;20
2.811;8.413;-4.733;20
-0.158;10.67;-6.278;19
-4.051;12.627;15.738;20
-5.461;8.183;2.878;20
0.989;2.541;-13.568;20
5.944;-5.98;-12.483;20
15.176;-39.827;-0.58;21
-11.088;-36.823;18.126;20
-19.908;-12.155;9.576;19
-5.259;-3.264;-10.943;20
-4.613;6.731;-10.164;20
6.379;8.08;-0.968;20
4.929;9.553;-3.326;20
-6.571;11.118;-6.463;20
-8.971;12.843;-4.348;20
-8.794;15.687;-3.967;20
-8.053;17.652;-2.671;21
-4.412;15.234;1.773;20
-1.591;10.321;2.531;19
-1.141;6.902;0.221;20
0.137;2.452;4.468;20
4.961;-3.132;5.366;20
7.239;-6.344;-3.907;20
4.032;-16.714;3.606;20
-3.147;-28.586;-0.576;20
-2.131;-10.793;-13.211;20
1.341;5.89;-9.44;20
3.175;1.955;-11.206;20
5.438;-8.196;-10.534;20
7.289;-11.608;-4.403;20
8.665;-12.653;9.478;20
-0.697;-5.752;41.063;20
-5.632;1.933;15.232;20
-0.95;8.6;-6.308;20
6.549;11.221;6.716;20
10.596;7.976;7.655;20
7.042;7.256;-6.655;20
1.804;9.149;-4.129;20
-0.574;10.694;-0.332;20
-2.617;11.244;18.651;20
-3.582;6.396;-7.206;20
1.745;0.819;-13.98;20
7.766;-11.809;-13.726;20
10.616;-46.283;6.016;20
-17.303;-28.109;16.459;20
-15.612;-10.558;6.879;20
-4.2;-2.034;-14.457;20
-2.573;7.217;-6.235;20
5.426;11.204;0.124;20
3.906;11.957;-5.348;20
-6.459;12.281;-7.105;20
-8.894;14.839;-4.353;20
-8.852;16.863;-4.784;20
-7.376;17.477;-1.367;20
-3.883;13.804;4.18;20
-1.77;9.554;3.109;20
-2.078;6.695;1.843;20
2.814;-0.595;5.492;20
8.054;-6.22;-1.94;20
9.23;-14.321;4.281;20
-2.968;-25.876;6.069;20
-6.675;-19.531;-14.072;20
0.649;0.865;-10.882;20
-1.072;7.915;-6.924;20
3.514;-1.851;-11.251;20
7.06;-11.305;-9.681;20
7.126;-12.352;-1.853;20
9.031;-12.102;18.308;20
-1.649;-3.264;39.703;20
-4.86;4.28;5.373;20
-0.325;10.309;-7.176;20
5.34;11.276;10.833;20
9.622;8.092;5.203;20
6.974;7.455;-6.842;20
2.726;8.986;-3.696;20
0.355;10.905;9.841;20
-2.661;9.56;12.223;20
-2.882;5.153;-12.852;20
2.222;-0.441;-13.013;20
9.86;-18.8;-11.016;20
6.048;-46.187;7.755;20
-17.069;-20.679;12.488;20
-12.71;-7.864;4.97;20
-4.924;-1.765;-11.782;20
-3.273;5.846;-8.021;20
5.953;8.646;0.255;20
2.805;11.432;-4.414;20
-5.945;11.772;-5.634;20
-7.065;12.621;-3.178;20
-7.906;16.145;-4.902;20
-7.754;18.353;-2.083;20
-3.837;14.625;3.344;20
-1.66;10.301;3.074;20
-2.164;7.251;1.576;20
1.466;0.373;5.886;20
6.796;-4.859;3.396;20
7.608;-9.72;0.195;20
2.371;-22.779;6.305;20
-5.296;-20.764;-7.788;20
-0.875;-3.855;-13.352;20
-0.328;6.577;-9.859;20
2.028;0.272;-9.403;20
7.085;-10.025;-10.237;20
6.387;-12.304;-2.754;20
9.5;-12.3;9.24;20
-0.493;-6.109;34.495;20
-7.41;0.044;17.847;20
-0.205;7.342;-7.186;20
7.153;9.384;4.589;20
9.719;9.39;11.682;20
6.117;8.563;-4.54;20
2.672;9.058;-5.146;20
1.383;10.293;2.807;20
-0.88;10.797;16.831;20
-3.452;6.779;-7.542;20
0.766;1.403;-14.159;20
6.653;-10.32;-12.349;20
11.992;-43.654;4.305;20
-12.312;-27.918;9.788;20
-16.929;-10.017;5.939;20
-6.809;-3.878;-6.418;20
-3.91;3.77;-10.026;20
4.442;9.067;-0.88;20
4.725;12.675;-4.873;20
-5.311;12.833;-6.667;20
-8.708;12.78;-4.297;20
-8.031;14.13;-3.494;20
-7.631;15.984;-4.557;20
-4.695;14.795;0.639;20
-2.339;11.101;4.779;20
-3.245;9.292;3.663;19
-3.147;4.567;4.312;20
2.712;-1.107;5.519;20
7.363;-6.933;6.625;20
6.715;-23.558;7.862;20
-7.581;-30.844;-14.858;20
-1.274;-10.189;-12.775;20
2.026;6.486;-7.155;20
3.393;3.403;-9.999;20
7.726;-7.656;-13.729;20
6.011;-10.799;-2.1;20
10.625;-10.993;11.654;20
2.215;-4.959;36.233;20
-6.724;0.32;19.493;20
0.32;7.056;-9.683;20
6.883;10.06;2.017;20
8.847;9.36;11.144;20
7.589;7.993;-4.77;20
3.779;9.279;-6.421;20
-0.168;11.654;-3.953;20
-1.462;11.732;19.861;20
-3.176;6.603;0.615;20
0.956;0.971;-15.115;20
6.759;-9.961;-13.951;20
11.756;-44.238;2.992;20
-13.455;-30.772;11.763;20
-16.989;-11.5;7.294;20
-5.206;-4.345;-6.452;20
-5.341;6.292;-9.131;20
2.979;9.753;-2.22;20
3.71;10.722;-4.309;20
-3.691;10.726;-5.603;20
-8.871;12.693;-4.926;20
-7.607;14.468;-3.338;20
-6.389;16.311;-4.639;20
-4.959;15.758;0.177;20
-2.96;12.414;4.135;20
-3.567;9.784;3.329;20
-1.024;3.319;5.56;20
6.759;-4.381;8.427;20
11.751;-12.004;9.059;20
2.849;-16.2;-3.234;20
-7.105;-25.484;-13.155;20
-1.662;-9.966;-8.77;20
0.61;5.774;-5.603;20
0.544;1.463;-8.863;20
4.028;-8.941;-12.698;20
3.465;-10.767;-6.364;20
6.133;-10.684;4.961;20
5.422;-6.388;37.754;20
-1.548;1.476;22.697;20
1.273;8.281;-6.293;20
8.426;9.846;0.907;20
12.93;8.021;9.994;20
9.147;7.523;-10.123;20
4.02;9.888;-10.814;20
-0.853;11.516;0.628;20
0.234;9.733;32.934;20
-2.417;3.186;-4.862;20
0.73;-1.747;-22.005;20
5.249;-14.609;-15.242;20
1.426;-38.157;-0.565;20
-19.887;-21.136;16.704;20
-13.073;-11.304;12.14;20
-4.147;-4.933;-12.318;20
-4.754;6.682;-14.926;20
3.866;10.229;2.847;20
6.646;10.504;-0.446;20
-3.055;10.665;-6.078;20
-7.974;11.051;-3.62;20
-7.435;13.422;-3.828;20
-7.7;16.098;-5.665;20
-6.288;15.277;-0.274;20
-3.893;11.686;4.875;20
-2.915;9.183;2.822;20
0.95;3.095;9.236;20
5.464;-3.132;10.73;20
7.889;-14.036;12.507;20
-1.249;-26.756;-11.676;20
-8.295;-21.249;-14.995;20
0.664;-0.141;-8.459;20
1.99;6.904;-11.718;20
4.253;-0.973;-14.17;20
8.288;-10.357;-5.776;20
10.264;-11.24;2.372;20
9.255;-11.675;29.528;20
-5.017;-6.258;36.574;20
-4.366;3.488;-4.565;20
4.4;9.131;-10.579;20
5.577;12.036;15.162;20
8.505;10.416;6.889;20
5.796;8.982;-9.658;20
3.283;9.244;-6.849;20
0.706;11.338;3.825;20
-2.44;9.949;21.507;20
-2.017;3.371;-12.205;20
3.118;-2.989;-16.234;20
10.102;-24.219;-5.614;20
0.807;-37.15;6.073;20
-17.549;-16.955;6.429;20
-11.749;-10.508;2.369;20
-4.335;-2.825;-5.277;20
-3.458;5.759;-7.114;20
3.105;9.09;-0.937;20
2.833;11.341;-3.01;20
-3.499;11.177;-3.703;20
-8.802;13.809;-5.098;20
-8.874;17.3;-4.849;20
-6.419;17.823;-3.722;20
-3.415;13.852;1.658;20
-1.635;9.018;3.219;20
-2.455;5.643;1.325;20
1.272;-1.091;6.492;20
7.808;-5.99;2.859;20
10.477;-11.302;4.5;20
0.316;-19.889;10.158;20
-9.903;-19.965;-12.095;20
-3.262;-4.21;-13.77;20
1.33;5.47;-7.915;20
2.318;-0.095;-9.892;20
6.344;-9.308;-13.501;20
6.074;-10.768;-3.758;20
8.911;-9.597;9.119;20
4.096;-7.093;37.595;20
-5.55;0.753;24.491;20
2.233;7.413;-12.652;20
6.039;10.19;-0.01;20
8.431;9.939;14.445;19
6.702;8.218;-4.735;20
3.501;8.742;-7.187;20
-0.539;10.959;-0.46;20
-2.014;11.348;18.148;20
-2.994;6.076;-4.343;20
1.211;0.301;-15.517;20
7.325;-13.188;-10.431;20
6.351;-37.665;4.586;20
-14.631;-22.357;10.759;20
-14.021;-13.346;8.663;20
-4.097;-7.399;-6.229;20
-6.061;4.093;-11.591;20
-0.621;7.854;-5.827;20
5.58;8.644;2.202;20
-0.306;9.936;-2.849;20
-7.783;11.061;-3.961;20
-8.227;14.666;-4.304;20
-7.447;17.384;-4.04;20
-4.564;16.051;0.681;20
-1.352;11.559;2.424;20
-1.51;8.327;-0.159;20
2.062;2.585;6.212;20
6.441;-2.659;5.181;20
3.779;-4.314;-2.548;20
2.83;-16.187;9.167;20
-4.088;-27.508;-5.945;20
-2.431;-11.129;-14.078;20
2.037;5.589;-9.141;20
2.059;1.898;-10.581;20
7.058;-7.633;-11.731;20
7.637;-8.924;-2.218;20
9.016;-8.372;9.444;20
1.864;-7.699;34.088;20
-7.727;-3.63;21.551;20
-1.293;4.827;-7.785;20
5.26;9.001;-3.979;20
7.084;10.79;14.525;20
7.932;8.669;0.719;20
5.019;8.645;-9.196;20
0.719;11.092;-4.091;20
0.291;11.964;15.983;20
-1.807;7.243;5.248;20
0.072;1.571;-14.748;20
5.094;-7.436;-11.954;20
12.652;-38.378;0.134;20
-9.826;-29.202;4.571;20
-19.781;-10.326;8.352;20
-7.411;-5.473;-0.81;20
-6.409;2.471;-11.867;20
-2.767;8.159;-3.749;20
3.239;8.242;2.412;20
0.686;8.672;-3.65;20
-5.392;8.866;-4.238;20
-7.242;12.112;-2.854;20
-5.976;15.646;-3.375;20
-5.198;16.393;-1.046;20
-2.768;13.154;3.29;20
-1.208;9.699;1.385;20
1.924;4.575;6.996;20
7.046;-2.015;6.892;20
2.135;-1.753;-6.471;20
0.522;-7.358;-1.206;20
0.416;-28.265;-0.967;20
-2.714;-20.017;-8.334;20
1.62;0.508;-6.798;20
0.893;4.187;-5.756;20
4.93;-3.083;-9.74;20
7.563;-8.352;-7.733;20
6.969;-8.784;0.316;20
7.136;-8.611;18.312;20
-3.078;-4.128;31.406;20
-5.454;2.774;4.761;20
2.634;7.94;-5.681;20
7.409;9.209;8.348;20
8.455;8.234;5.901;20
4.574;8.245;-6.091;20
0.84;9.911;-6.536;20
0.021;11.244;9.089;20
-2.257;9.022;13.277;20
-1.027;2.6;-12.923;20
3.73;-4.786;-13.562;20
10.93;-30.599;1.253;20
-5.469;-31.97;4.268;20
-18.142;-12.651;5.696;20
-8.437;-6.302;-0.537;20
-3.447;-0.247;-9.952;20
-2.016;6.561;-0.279;20
3.286;7.662;-2.086;20
1.722;8.86;-4.415;20
-5.387;9.513;-1.757;20
-8.046;12.19;-2.711;20
-7.427;15.716;-5.068;20
-5.949;16.376;-2.056;20
-3.17;13.255;2.116;20
-1.219;9.323;2.314;20
-0.504;5.534;5.39;20
5.712;-1.083;6.116;20
7.807;-4.681;-6.587;20
3.137;-6.735;-0.48;20
-0.196;-19.532;7.628;20
-4.184;-19.555;-10.64;20
1.698;-3.584;-11.133;20
1.718;3.405;-5.826;20
2.624;-1.99;-7.772;20
5.773;-8.699;-8.246;20
4.708;-10.162;-2.497;20
4.063;-8.613;13.904;20
-4.074;-4.837;33.892;20
-4.447;0.965;7.975;20
2.764;7.038;-8.721;20
7.158;9.236;4.792;20
8.867;8.694;8.159;20
5.094;7.736;-4.52;20
0.671;9.759;-4.594;20
1.49;10.404;9.697;20
0.448;7.411;13.44;20
-1.997;3.41;-12.785;20
1.558;-1.861;-12.841;20
7.806;-21.934;-1.652;20
0.126;-38.131;6.371;20
-15.119;-16.303;2.857;20
-8.381;-6.652;0.627;20
-4.335;-2.022;-6.741;20
-7.922;7.447;-8.176;20
-0.639;9.766;0.239;19
2.69;10.695;-2.214;20
-3.284;12.543;-3.047;20
-5.851;13.927;-2.093;20
-3.914;13.306;-2.078;20
-3.277;11.521;1.415;20
-1.854;9.228;4.272;20
-0.701;6.908;7.855;20
3.167;0.295;6.739;20
6.565;-6.003;-3.014;20
1.564;-0.17;-3.22;20
-3.401;-1.326;2.108;20
-3.652;-15.759;-0.959;20
-3.051;-12.542;-10.133;20
0.355;-1.418;-7.997;20
0.106;2.239;-7.885;20
1.482;-0.023;-8.862;20
4.3;-3.701;-8.927;20
4.032;-7.272;-2.215;20
5.871;-10.436;1.582;20
5.038;-11.458;25.391;20
-0.068;-4.791;24.489;20
4.138;3.102;-5.143;20
7.363;6.209;-5.228;20
8.019;8.912;11.92;20
7.015;8.155;4.504;20
2.105;8.71;-6.251;20
-1.298;10.653;-3.509;20
-0.665;10.59;13.259;20
-0.569;4.846;0.463;20
3.142;-4.003;-12.925;20
6.84;-19.623;-6.019;20
-3.222;-26.61;1.966;20
-15.137;-15.172;1.821;20
-8.436;-10.57;3.621;20
-3.034;-5.731;-2.169;20
-8.453;4.459;-8.75;20
-2.47;7.801;-5.368;20
5.93;5.777;3.167;20
0.238;7.678;-1.454;20
-6.651;10.364;-3.999;20
-7.595;14.739;-4.182;20
-7.926;17.855;-4.102;20
-5.523;16.662;0.731;20
-1.853;12.308;3.01;20
-0.087;7.655;3.462;20
4.627;1.405;11.088;20
7.445;-4.034;3.746;20
2.376;-6.056;-0.627;20
-1.105;-17.388;4.499;20
-5.66;-22.328;-12.417;20
-2.067;-6.002;-10.129;20
-0.06;4.961;-11.826;20
1.303;-0.506;-8.481;20
6.343;-6.921;-6.594;20
5.842;-8.63;-2.052;20
7.44;-9.526;3.834;20
3.658;-9.516;25.63;20
-7.198;-3.683;30.576;20
-0.159;5.069;-5.854;20
6.33;8.147;-8.403;20
7.881;9.883;11.596;20
8.499;7.911;3.623;20
3.93;8.17;-6.92;20
0.23;10.397;-2.962;20
0.983;10.688;19.24;20
-1.152;6.491;-0.25;20
1.084;0.01;-15.843;20
7.126;-13.603;-10.608;20
4.497;-33.468;1.307;20
-14.351;-20.773;6.542;20
-13.185;-11.587;6.0;20
-3.939;-6.425;-4.096;20
-5.664;4.211;-14.451;20
-4.897;10.114;-2.308;20
4.36;8.289;3.152;20
1.518;8.183;-2.785;20
-6.27;9.663;-2.89;20
-7.632;13.191;-3.353;20
-6.481;16.02;-3.872;20
-4.733;15.158;-0.414;20
-2.259;11.382;3.011;20
-1.505;7.594;2.908;20
4.446;1.014;12.453;20
7.977;-5.25;7.109;20
3.74;-8.543;0.523;20
-3.476;-15.224;-4.657;20
-6.556;-18.647;-9.374;20
-2.11;-1.935;-9.728;20
0.443;3.725;-11.08;20
4.196;-2.916;-11.308;20
6.033;-9.297;-9.615;20
6.307;-11.53;-1.935;20
8.632;-11.388;8.836;20
0.154;-7.793;43.653;20
-4.521;0.837;14.503;20
4.146;7.469;-15.424;20
6.541;9.852;1.683;20
8.088;11.133;15.891;20
6.595;8.416;-4.077;20
2.06;8.721;-6.806;20
0.84;9.524;3.213;20
1.194;8.056;18.986;20
-1.104;3.928;-9.775;20
3.071;-4.07;-13.676;20
7.479;-22.904;-2.648;20
-2.586;-28.173;-0.205;20
-15.11;-15.438;3.99;20
-10.197;-10.703;6.614;20
-2.168;-5.405;-6.204;20
-4.226;4.763;-11.521;20
0.894;8.404;0.688;20
3.245;9.528;-1.605;20
-2.835;9.67;-1.625;20
-8.295;11.704;-3.722;20
-8.558;15.464;-5.517;20
-6.978;17.344;-4.581;20
-4.799;15.803;0.196;20
-2.021;11.021;3.447;20
-1.344;7.576;1.164;20
1.725;1.549;7.475;20
8.516;-6.623;6.76;20
10.672;-17.005;7.08;20
-4.274;-19.233;-5.134;20
-7.619;-14.839;-7.815;20
-0.165;-0.482;-10.554;19
-0.813;6.173;-13.619;20
3.642;-2.769;-11.66;20
5.886;-10.98;-9.431;20
8.555;-13.907;-0.317;20
8.926;-11.844;16.679;20
-4.774;-6.516;44.213;20
-6.14;1.905;6.39;20
5.426;7.54;-15.342;20
6.651;11.018;6.028;20
8.666;10.832;13.79;20
7.294;7.858;-6.103;20
3.133;8.991;-6.84;20
0.804;10.524;6.656;20
-1.499;9.706;17.248;20
-2.923;5.109;-9.555;20
1.452;-0.639;-13.623;20
7.322;-16.721;-9.033;20
2.44;-37.309;2.944;20
-15.65;-19.812;9.322;20
-11.597;-9.725;6.857;20
-3.916;-3.867;-7.151;20
-4.684;5.658;-14.946;20
2.335;8.384;0.872;20
3.911;10.519;-0.348;20
-0.932;10.407;-3.439;20
-6.972;10.875;-3.134;20
-7.605;13.489;-4.58;20
-6.888;15.859;-4.687;20
-4.961;15.118;1.438;20
-2.572;11.742;4.597;20
-1.981;7.823;3.846;20
2.436;0.215;9.875;20
7.038;-4.512;3.621;20
6.632;-8.099;0.831;20
1.237;-20.287;6.571;20
-6.688;-20.319;-11.71;20
-2.389;-3.595;-14.499;20
1.245;6.187;-14.601;20
0.98;0.086;-10.377;20
6.048;-8.407;-5.78;20
8.049;-10.678;0.195;20
7.473;-10.716;6.984;20
-2.786;-8.594;38.685;20
-5.855;-1.48;17.927;20
2.987;5.691;-12.504;20
6.2;9.194;-6.082;20
6.686;11.683;11.907;20
6.692;8.79;3.334;20
3.455;7.92;-4.374;20
1.357;9.609;3.119;20
1.827;8.963;15.825;20
-1.479;4.736;-7.767;20
1.232;-1.569;-12.697;20
6.962;-18.01;-4.004;20
2.184;-33.597;1.099;20
-14.043;-18.479;2.443;20
-12.596;-7.384;4.88;20
-1.574;-3.295;-8.157;20
-3.003;4.536;-8.175;20
1.2;8.511;1.726;20
3.991;9.895;-3.535;20
-3.339;10.389;-1.972;20
-7.209;10.989;-2.948;20
-7.37;14.346;-3.076;20
-7.031;16.093;-3.46;20
-5.052;13.736;1.225;20
-2.882;10.517;2.952;20
-1.885;6.432;4.382;20
3.371;-0.568;11.692;20
6.473;-4.707;1.373;20
5.759;-10.005;0.196;20
-0.756;-20.699;-3.703;20
-5.934;-16.671;-11.525;20
0.229;-0.346;-12.037;20
0.215;4.414;-9.872;20
2.791;-3.969;-10.937;20
7.294;-11.418;-4.895;20
8.212;-10.278;3.549;20
8.018;-10.749;15.295;20
-4.309;-6.614;39.861;20
-1.959;3.405;1.69;20
6.15;8.633;-10.316;20
6.536;10.918;10.403;20
6.988;8.976;6.346;20
4.681;7.024;-5.11;20
0.923;8.913;-5.412;20
0.074;10.76;13.971;20
-3.009;8.149;6.852;20
-1.372;3.537;-16.299;20
3.419;-3.96;-12.302;20
9.864;-29.131;2.35;20
-5.542;-33.236;6.541;20
-16.783;-13.947;7.168;20
-7.292;-6.501;-1.892;20
-4.458;0.89;-14.543;20
-2.865;8.338;-4.165;20
4.011;9.647;2.119;20
1.048;10.763;-4.629;20
-6.493;10.683;-3.144;20
-7.832;12.529;-3.155;20
-6.721;15.853;-4.83;20
-5.801;16.29;0.432;20
-3.091;12.261;5.082;20
-1.967;8.634;2.754;20
0.047;3.064;4.769;20
6.32;-3.345;5.428;20
7.456;-7.592;0.877;20
3.026;-19.171;6.556;20
-5.16;-22.167;-8.086;20
-2.775;-6.937;-12.982;20
-0.106;6.441;-11.048;20
0.423;2.684;-8.867;20
5.908;-5.757;-10.33;20
7.432;-10.679;-5.061;20
9.296;-11.784;3.531;20
5.971;-9.983;29.202;20
-5.17;-2.833;31.394;20
-1.096;5.154;-6.8;20
4.752;8.61;-7.862;20
5.465;10.474;14.532;20
5.666;9.166;4.216;20
3.198;8.333;-5.497;20
0.265;9.71;-2.875;20
0.036;10.08;16.91;19
-3.041;6.372;-0.036;20
-0.273;1.663;-15.195;20
6.2;-9.116;-11.177;20
10.963;-39.207;0.064;20
-12.248;-26.561;6.774;20
-16.096;-8.356;8.267;20
-5.946;-3.332;-6.975;20
-3.013;2.944;-15.962;20
0.683;8.436;1.824;20
3.452;10.751;-0.944;20
-0.102;10.952;-4.396;20
-6.474;10.316;-2.508;20
-7.741;12.389;-1.494;20
-6.449;14.576;-4.061;20
-5.554;14.416;1.21;20
-3.371;11.627;4.953;20
-2.04;8.425;6.147;20
0.448;2.731;7.872;20
5.035;-2.525;1.979;20
4.175;-4.319;-2.607;20
3.615;-16.973;1.71;20
-1.525;-26.506;-9.602;20
-1.5;-8.441;-10.33;20
1.842;4.364;-9.279;20
0.996;2.91;-8.865;20
5.331;-5.644;-8.517;20
7.049;-9.383;-1.381;20
8.655;-10.042;5.438;20
3.062;-8.417;28.081;20
-5.218;-3.421;24.671;20
-0.406;5.018;-8.411;20
5.541;8.117;-8.469;20
6.349;9.914;13.727;20
7.728;8.34;8.547;20
5.017;6.788;-6.42;20
1.042;8.903;-6.48;20
-1.077;11.158;9.681;20
-2.946;8.186;13.512;20
-0.108;1.525;-13.876;20
6.133;-9.454;-13.544;20
7.684;-30.147;-3.698;20
-10.678;-23.368;5.847;20
-12.59;-13.033;7.748;20
-4.695;-7.357;-0.546;20
-4.508;-0.087;-14.485;20
-3.447;6.572;-6.69;20
3.018;7.131;5.532;20
0.694;9.276;-2.708;20
-5.243;9.825;-2.528;20
-7.729;12.021;-2.176;20
-8.678;16.446;-5.153;20
-7.332;17.599;-1.085;20
-4.057;13.808;3.47;20
-1.611;8.868;1.491;20
-0.193;4.211;4.261;20
6.899;-4.607;11.236;20
12.761;-13.182;5.365;20
2.462;-18.689;0.435;20
-8.218;-13.181;-9.4;20
-5.003;-3.302;-7.591;20
-2.399;4.392;-14.871;20
0.074;0.516;-13.746;20
2.811;-7.084;-7.89;20
6.874;-12.274;-4.048;20
7.62;-10.896;1.849;20
5.269;-8.319;24.121;20
-2.589;-4.805;36.809;20
0.702;2.893;-6.543;20
6.845;7.913;-14.038;20
5.176;10.427;9.468;20
7.346;10.434;11.08;20
5.372;8.183;-4.358;20
1.804;8.206;-3.087;20
-0.538;9.959;1.198;20
-1.217;9.224;19.962;20
-2.572;3.94;-5.16;20
2.901;-3.735;-13.841;20
10.232;-23.932;-11.599;20
-3.523;-36.132;0.928;20
-18.407;-18.121;11.089;20
-8.817;-7.726;6.132;20
-4.756;-0.835;-11.157;20
-5.446;7.996;-13.863;20
2.852;8.77;3.45;20
6.036;7.995;2.042;20
-1.33;9.642;-4.855;20
-6.669;10.694;-2.475;20
-6.595;12.688;-3.003;20
-6.062;15.507;-3.574;20
-5.333;14.853;2.349;20
-3.502;11.274;4.389;20
-1.664;6.449;4.541;20
5.088;-0.751;6.128;20
7.5;-3.91;2.473;20
3.671;-7.697;9.243;20
-2.046;-18.759;-5.111;20
-5.185;-17.288;-15.231;20
1.145;-1.503;-13.878;20
2.846;2.734;-13.206;20
3.654;-4.364;-8.626;20
8.217;-10.266;-1.239;20
8.739;-8.875;8.167;20
3.456;-6.845;24.121;20
-4.995;-5.809;25.391;20
-5.994;1.849;1.321;20
2.609;6.793;-9.717;20
4.343;9.302;2.799;20
5.303;10.89;10.668;20
4.622;9.228;-0.192;20
2.469;9.152;-3.258;20
3.363;8.955;10.649;20
1.116;7.242;5.203;20
-1.989;4.075;-9.875;20
2.372;-3.843;-9.939;20
8.542;-22.717;-2.624;20
0.671;-27.355;-0.831;20
-11.656;-13.512;3.222;20
-8.803;-9.501;5.869;20
-3.412;-4.786;-4.669;20
-4.013;3.091;-14.531;20
-1.106;7.46;-1.319;20
2.871;8.486;2.028;20
0.34;9.123;-2.585;20
-5.327;9.411;-1.382;19
-7.325;11.876;-1.502;20
-7.852;14.403;-2.747;20
-6.023;13.427;2.287;20
-3.681;10.439;4.337;20
-2.151;6.226;5.66;20
4.044;-1.605;5.411;20
5.987;-3.672;-2.205;20
2.211;-3.915;-0.665;20
-0.312;-13.622;2.863;20
-4.064;-17.108;-10.662;20
-1.021;-4.533;-12.413;20
2.967;1.999;-12.114;20
2.716;-1.576;-8.548;20
5.885;-7.033;-5.365;20
8.377;-8.132;1.356;20
8.958;-7.726;9.523;20
2.243;-7.46;30.994;20
-5.095;-2.385;17.068;20
0.896;5.291;-10.257;20
4.467;7.605;0.066;20
4.631;9.382;12.87;20
3.771;9.041;-0.114;20
1.818;8.924;-5.322;20
1.039;9.795;-3.725;20
3.753;8.235;18.62;20
0.445;3.682;-0.833;20
1.276;-1.939;-15.501;20
5.997;-15.547;-5.444;20
4.962;-31.378;-0.678;20
-11.884;-19.681;1.5;20
-14.697;-10.342;6.086;20
-5.289;-5.211;-4.51;20
-3.926;2.596;-14.36;20
-1.435;8.149;2.311;20
2.702;10.462;-0.105;20
0.742;9.86;-3.62;20
-6.349;9.786;-1.975;20
-7.374;11.922;-2.122;20
-7.046;14.574;-2.943;20
-6.223;14.322;2.717;20
-3.77;10.538;4.571;20
-2.072;6.647;5.185;20
3.02;0.394;2.569;20
6.758;-3.004;-0.505;20
2.361;-3.169;2.811;20
0.445;-13.42;1.73;20
-2.554;-20.411;-11.309;20
-1.645;-5.764;-12.198;20
2.944;3.073;-13.227;20
3.251;-2.574;-9.974;20
5.865;-9.463;-3.257;20
9.538;-10.623;5.198;20
7.33;-7.965;19.853;20
-2.636;-5.56;27.721;20
-6.553;0.169;7.513;20
2.344;5.844;-9.98;20
4.319;9.067;2.062;20
5.306;10.467;10.9;20
4.622;8.782;-0.443;20
2.435;8.264;-4.324;20
3.159;9.175;8.15;20
1.384;8.167;10.403;20
-1.539;3.873;-12.672;20
2.665;-3.643;-12.0;20
9.08;-22.266;-1.092;20
1.906;-29.342;-0.228;20
-11.973;-15.723;1.284;20
-10.297;-7.416;2.432;20
-3.235;-2.52;-5.898;20
-3.718;4.999;-11.59;20
0.061;8.412;1.753;20
2.03;9.069;-1.48;20
-4.015;8.85;-3.081;20
-8.511;10.918;-2.604;20
-8.624;14.764;-3.898;20
-6.619;15.844;-1.672;20
-4.743;13.906;4.344;20
-3.357;9.933;4.334;20
-3.394;4.53;4.547;20
3.736;-2.381;7.372;20
10.433;-7.356;7.467;20
6.003;-13.271;-1.51;20
-4.311;-19.181;-8.808;20
-6.053;-11.358;-9.529;20
-0.888;2.928;-14.317;20
0.463;2.622;-9.35;20
4.164;-5.258;-7.494;20
7.176;-9.932;-2.308;20
7.654;-7.909;5.338;20
6.469;-7.118;16.606;20
-3.344;-5.964;38.805;20
-1.706;1.951;0.865;20
7.847;7.956;-17.093;20
6.695;10.097;3.016;20
7.367;9.512;9.465;20
4.754;8.487;-2.368;20
1.61;9.04;-4.266;20
1.384;9.917;14.899;20
-2.643;7.306;5.952;20
-1.591;1.351;-14.516;20
4.243;-8.29;-13.099;20
8.331;-31.388;-0.936;20
-7.053;-29.928;5.191;20
-15.133;-13.802;9.322;20
-7.232;-6.359;-1.535;20
-5.304;2.305;-16.716;20
-1.494;9.029;-2.898;20
5.185;10.789;4.191;20
2.133;11.691;-2.98;20
-5.218;10.587;-3.314;20
-7.309;11.602;-3.189;20
-6.809;14.512;-4.627;20
-6.197;15.428;-2.31;20
-4.842;13.008;3.286;20
-3.476;8.428;3.214;20
-2.96;2.676;5.557;20
4.532;-3.675;9.479;20
9.701;-10.295;14.475;20
2.392;-18.715;-2.423;20
-6.886;-18.208;-14.452;20
-5.511;-4.195;-10.545;20
-1.073;4.901;-13.175;20
3.903;-0.223;-13.483;20
6.965;-7.995;-8.797;19
9.688;-12.193;0.697;20
12.088;-11.316;8.522;20
2.747;-8.195;35.505;20
-6.137;-3.052;22.859;20
1.663;5.35;-13.484;20
4.705;9.036;-2.11;20
4.709;11.041;15.912;20
5.704;9.628;1.355;20
3.351;9.2;-10.038;20
2.252;10.591;-4.067;20
1.88;11.33;21.753;20
-2.528;7.44;0.17;20
-2.254;3.252;-12.635;20
2.102;-3.632;-9.377;20
9.842;-27.42;0.494;20
-0.789;-36.52;1.738;20
-17.466;-15.683;7.107;20
-8.076;-7.309;3.005;20
-0.615;-0.832;-10.618;20
1.194;7.05;-3.513;20
3.618;11.776;-3.08;20
1.564;11.342;-4.867;20
-6.256;9.311;-3.048;20
-9.356;10.316;-2.925;20
-8.088;11.406;-5.232;20
-8.215;13.893;-3.51;20
-6.887;13.692;4.591;20
-4.413;10.831;5.882;20
-3.57;7.232;3.584;20
3.374;-1.097;2.743;20
7.361;-3.943;-1.498;20
4.967;-5.739;-0.125;20
1.465;-19.049;1.928;20
-2.365;-23.931;-8.83;20
-0.056;-3.553;-11.785;20
2.223;5.638;-12.059;20
3.546;-3.139;-13.576;20
6.242;-10.825;-4.129;20
10.307;-10.221;8.755;20
6.978;-7.207;27.746;20
-2.049;-4.938;20.524;20
-2.573;1.74;-0.869;20
3.867;8.392;-5.251;20
6.509;9.562;13.689;20
8.158;7.877;7.002;20
3.406;7.805;-5.948;20
0.653;9.577;-8.841;20
-0.326;11.918;4.434;20
-3.275;9.762;17.836;20
-2.244;3.318;-10.462;20
2.869;-3.926;-14.127;20
10.541;-28.159;-0.55;20
-1.718;-38.218;5.075;20
-17.147;-16.662;7.113;20
-6.258;-8.146;1.047;20
-1.521;0.108;-12.997;20
0.833;8.626;-1.731;20
3.51;11.803;-4.203;20
-2.168;10.739;-3.845;20
-9.244;11.472;-4.403;20
-8.721;13.203;-3.952;20
-9.298;16.667;-5.908;20
-8.928;17.874;-0.007;20
-5.802;14.771;5.326;20
-3.572;10.466;3.825;20
-5.369;6.062;-0.318;20
0.499;-1.953;-0.519;20
9.624;-8.167;3.848;20
13.252;-26.042;15.418;20
-6.611;-27.34;-9.556;20
-2.662;-10.636;-13.787;20
1.221;5.926;-14.761;20
1.357;5.275;-15.206;20
2.7;-4.617;-7.176;20
9.802;-12.367;4.575;20
12.825;-9.776;17.091;20
6.226;-6.404;25.084;20
-2.205;-2.71;16.744;20
-2.575;5.836;-5.269;20
2.908;9.478;0.735;20
6.707;9.339;12.248;20
7.265;8.524;-1.174;20
3.261;8.971;-7.057;20
1.598;10.573;-6.692;20
0.216;11.667;21.564;20
-4.093;6.574;5.131;20
-1.439;1.678;-16.589;20
4.969;-8.531;-13.65;20
11.231;-38.283;1.07;20
-9.933;-32.478;7.362;20
-16.834;-13.626;7.732;20
-6.081;-5.028;-3.945;20
-4.472;4.423;-16.641;20
0.465;9.675;0.823;20
4.859;11.154;-1.501;20
-0.813;11.856;-5.341;20
-7.736;12.253;-2.259;20
-7.773;14.505;-3.186;20
-6.694;17.707;-4.842;20
-5.184;16.846;1.688;20
-3.033;12.495;5.59;20
-2.202;7.539;3.09;20
-0.979;0.906;4.161;20
5.905;-5.076;4.26;20
13.656;-11.601;8.808;20
2.843;-20.942;2.919;20
-7.91;-22.216;-8.486;20
-5.161;-5.323;-11.408;20
-2.989;8.135;-14.374;20
1.168;1.098;-13.426;20
4.253;-9.659;-7.185;20
8.312;-14.085;-0.115;20
8.666;-9.712;9.44;20
3.99;-2.86;35.468;20
-4.292;1.638;20.064;20
-1.2;6.905;-9.865;20
3.834;14.215;-5.897;20
4.057;16.605;1.964;20
4.931;9.014;6.75;20
4.897;5.545;1.728;20
0.943;6.473;-3.478;20
-2.063;7.322;0.019;19
-5.325;6.232;8.171;20
-4.383;1.163;-5.825;20
0.331;-7.186;-11.637;20
7.279;-30.816;-13.442;20
-4.833;-34.493;4.022;20
-12.827;-6.188;14.791;20
-5.102;-0.867;-0.032;20
-0.237;0.243;-5.393;20
1.562;3.942;-4.534;20
3.312;4.865;-1.116;20
7.997;5.491;-5.642;20
3.33;7.507;-2.972;20
-5.882;9.085;0.3;20
-5.503;10.615;0.77;20
-4.231;13.242;-2.725;20
-4.612;13.651;-0.771;20
-3.471;11.247;0.762;20
-1.805;8.604;6.669;20
4.217;5.398;7.472;20
12.001;-0.96;20.81;20
4.887;-1.068;-6.756;20
-2.5;-30.25;-14.566;20
-8.25;-35.954;-12.947;20
-12.366;5.701;-12.731;20
-3.696;4.734;-4.25;20
8.895;-10.629;-3.823;20
6.977;-7.639;1.694;20
4.214;0.29;1.96;20
3.273;0.348;3.553;20
0.309;-0.066;13.51;20
-2.515;3.003;10.553;20
-1.679;7.157;5.905;20
3.412;9.341;0.908;20
2.488;11.046;-2.442;20
0.413;11.884;1.029;20
1.638;11.129;4.477;20
2.627;6.142;3.542;20
0.422;1.138;1.502;20
-1.273;2.193;0.498;20
0.85;-1.633;-2.569;20
3.13;-7.532;-5.331;20
6.092;-18.233;-6.326;20
7.27;-23.557;2.388;20
-3.016;-10.962;2.507;20
-11.497;-3.873;1.737;20
-7.788;-1.144;-2.437;20
-4.724;4.916;-3.558;20
-2.115;5.334;-2.756;20
0.467;4.768;-4.304;20
0.552;5.138;0.663;20
-1.365;6.5;0.858;20
-2.393;7.353;-1.991;20
-1.308;6.564;-2.842;20
-0.496;5.56;0.365;20
-0.695;4.806;2.493;20
0.549;4.398;-0.511;20
4.666;0.395;8.913;20
11.641;-7.647;21.977;20
4.083;-5.739;6.758;20
-5.727;-6.038;-18.229;20
-5.965;-6.898;-21.003;20
-8.945;2.065;2.201;20
0.068;2.059;7.629;20
2.985;0.691;-7.532;20
3.816;-1.587;-7.1;20
4.603;-2.168;-0.2;20
4.354;-2.179;-1.668;20
0.35;0.78;-3.888;20
-0.57;-1.065;-1.263;20
-0.828;4.06;1.277;20
1.464;0.657;3.23;20
1.328;-2.64;5.843;20
-2.344;-2.292;3.637;20
-5.46;-1.924;1.245;20
-5.636;-2.59;1.467;20
-1.213;-4.562;5.934;20
0.807;-5.259;1.637;20
3.039;-4.175;-4.649;20
4.975;-1.681;-10.052;20
7.03;-1.533;-9.513;20
4.792;-2.511;-5.787;20
-2.152;-1.21;3.814;20
-5.481;2.407;11.825;20
-4.907;3.453;6.637;20
-2.096;2.2;6.036;20
1.715;0.012;9.278;20
2.507;0.386;3.472;20
2.976;2.488;0.486;20
2.629;4.462;0.344;20
1.331;5.107;0.844;20
-0.191;5.014;0.626;20
-1.205;4.661;0.135;20
-1.559;4.284;-0.122;20
-1.431;3.709;-0.4;20
-1.406;3.482;-0.593;20
-1.408;3.496;-0.493;20
-2.144;4.024;-1.261;20
-9.553;6.763;-4.284;20
-6.64;3.435;7.639;20
-6.207;2.834;10.318;20
3.453;1.387;4.812;20
2.838;2.705;2.501;20
3.38;2.696;-1.761;20
2.395;3.301;0.316;20
-3.27;4.286;3.749;20
-5.782;4.873;3.273;20
-5.058;4.25;4.659;20
-0.796;3.37;3.907;20
3.545;2.321;1.112;20
4.904;2.229;2.018;20
4.325;2.237;2.716;20
2.226;2.203;2.754;20
0.111;2.405;2.921;20
0.891;2.275;2.284;20
2.516;2.077;1.284;20
1.841;2.1;1.183;20
0.883;2.865;2.539;20
0.739;2.513;2.436;20
0.559;2.152;1.77;20
0.728;2.374;2.179;20
-0.254;1.492;1.847;20
-0.02;0.959;1.468;20
0.915;0.883;0.211;20
0.45;1.01;-0.557;19
0.097;1.185;-0.73;20
-0.153;1.478;-0.581;20
0.01;1.649;-0.834;20
0.138;1.407;-0.664;20
-0.051;1.743;-0.656;20
0.522;1.398;-0.616;20
1.132;1.189;0.188;20
1.473;1.411;0.724;20
1.63;1.533;0.966;20
0.988;1.817;1.24;20
0.491;2.021;1.217;20
0.338;1.847;-0.566;65
1.317;1.019;0.43;20
0.829;0.981;0.827;20
0.137;0.846;0.816;20
-0.554;0.966;0.666;20
-0.68;0.983;0.206;20
-0.611;1.019;-0.173;20
-0.21;0.826;-0.304;20
0.189;0.503;-0.782;20
0.445;0.309;-1.107;20
2.16;-0.301;1.673;20
0.227;0.175;1.781;20
-0.763;0.165;1.401;20
-1.062;0.543;-0.052;20
-0.73;0.568;-0.666;20
-0.684;0.671;-1.222;20
-0.488;0.665;-1.421;19
-0.597;0.66;-1.239;20
-0.943;0.732;-0.484;20
-1.161;0.712;-0.011;20
-1.103;0.702;0.282;20
-0.451;0.651;0.451;20
0.074;0.701;0.262;20
-0.099;0.663;-0.157;20
-0.594;0.684;-0.317;20
-0.392;0.804;-0.14;20
-0.178;0.783;-0.389;20
-0.07;0.581;-0.747;20
-0.157;0.714;-0.536;20
-0.447;0.662;-0.52;20
-0.285;0.493;-0.395;20
0.019;0.473;-0.513;20
0.109;0.532;-0.679;20
0.299;0.699;-0.634;20
0.431;0.828;-0.43;20
0.42;0.939;-0.534;20
0.823;1.048;-0.371;20
0.928;0.747;0.023;20
0.91;0.505;0.0;20
1.272;0.316;-0.412;20
1.246;0.271;-0.398;20
0.892;0.333;-0.148;20
0.455;0.532;-0.053;20
0.104;0.68;0.064;20
-0.157;0.836;-0.357;20
-0.251;0.915;-0.749;20
-0.304;0.8;-0.559;20
-0.062;0.64;-0.091;20
0.057;0.433;-1.236;20
0.359;0.406;-0.832;20
0.527;0.277;0.118;19
0.229;0.449;1.301;20
0.18;0.338;1.274;20
0.23;0.295;-0.185;20
-0.119;0.317;-1.879;20
0.375;0.142;-1.745;20
0.293;-0.05;0.229;20
-0.649;-0.079;1.222;20
-0.918;-0.205;1.54;20
-1.094;-0.252;1.308;20
-0.991;-0.431;0.373;20
-0.718;-0.446;-0.421;20
-0.561;-0.378;-0.712;20
-0.543;-0.319;-0.714;20
-0.526;-0.334;0.043;20
-0.456;-0.253;0.763;20
-0.259;-0.271;0.684;20
-0.218;-0.219;0.139;20
-0.345;-0.24;-0.043;20
-0.385;-0.241;0.428;20
-0.462;-0.301;0.974;20
-0.454;-0.341;0.736;20
-0.529;-0.297;0.523;20
-0.367;-0.353;0.597;20
-0.177;-0.328;0.269;20
-0.052;-0.293;0.228;20
-0.173;-0.149;0.084;20
-0.159;-0.071;-0.425;20
0.355;0.0;-0.504;20
0.491;0.076;-0.653;20
0.359;0.102;-0.581;20
0.216;0.082;-0.168;20
0.073;-0.004;0.16;20
0.205;0.011;0.331;20
0.332;0.075;0.045;20
0.263;0.176;0.012;20
0.208;0.268;-0.083;19
0.287;0.297;-0.026;20
0.285;0.264;0.23;20
0.133;0.206;-0.445;20
0.411;0.219;-1.625;20
0.437;-0.051;0.324;20
0.061;-0.014;1.045;20
0.023;0.036;0.918;20

# Completed @Wed Jan 06 21:33:45 GMT+02:00 2021
